590.806904857487,7.902971825397283e-15
590.906904857487,8.350457016633377e-15
591.006904857487,8.822875413230652e-15
591.106904857487,9.321593046756405e-15
591.2069048574871,9.848049478446024e-15
591.3069048574871,1.040376168408124e-14
591.4069048574871,1.0990328140124397e-14
591.5069048574871,1.1609433121319569e-14
591.6069048574872,1.226285122047713e-14
591.7069048574872,1.2952452101691666e-14
591.8069048574872,1.3680205498796912e-14
591.9069048574872,1.444818647144991e-14
592.0069048574873,1.5258580931842177e-14
592.1069048574873,1.6113691455683834e-14
592.2069048574873,1.7015943391775432e-14
592.3069048574873,1.7967891285185365e-14
592.4069048574873,1.8972225629795636e-14
592.5069048574874,2.0031779966744608e-14
592.6069048574874,2.1149538346115693e-14
592.7069048574874,2.232864317006051e-14
592.8069048574874,2.357240343644806e-14
592.9069048574875,2.488430340305139e-14
593.0069048574875,2.6268011693273708e-14
593.1069048574875,2.7727390865430826e-14
593.2069048574875,2.926650746868516e-14
593.3069048574876,3.088964260984769e-14
593.4069048574876,3.260130305644659e-14
593.5069048574876,3.440623290268703e-14
593.6069048574876,3.630942582622568e-14
593.7069048574876,3.831613796503438e-14
593.8069048574877,4.04319014450411e-14
593.9069048574877,4.2662538590724134e-14
594.0069048574877,4.501417685238866e-14
594.1069048574877,4.749326448547784e-14
594.2069048574878,5.01065870189825e-14
594.3069048574878,5.286128455178447e-14
594.4069048574878,5.5764869917649195e-14
594.5069048574878,5.88252477615262e-14
594.6069048574878,6.205073457187308e-14
594.7069048574879,6.545007971584809e-14
594.8069048574879,6.903248752647027e-14
594.9069048574879,7.280764049318389e-14
595.0069048574879,7.678572360972207e-14
595.106904857488,8.097744993573714e-14
595.206904857488,8.53940874313476e-14
595.306904857488,9.004748712657552e-14
595.406904857488,9.495011269057716e-14
595.506904857488,1.0011507146867354e-13
595.6069048574881,1.0555614705837929e-13
595.7069048574881,1.11287833499034e-13
595.8069048574881,1.1732537115313802e-13
595.9069048574881,1.2368478436120765e-13
596.0069048574882,1.3038292095580154e-13
596.1069048574882,1.374374937244317e-13
596.2069048574882,1.448671239152722e-13
596.3069048574882,1.5269138688401022e-13
596.4069048574883,1.6093085998478415e-13
596.5069048574883,1.6960717281300878e-13
596.6069048574883,1.787430599129037e-13
596.7069048574883,1.8836241606785283e-13
596.8069048574883,1.9849035429720686e-13
596.9069048574884,2.0915326668895504e-13
597.0069048574884,2.203788882036808e-13
597.1069048574884,2.321963635915458e-13
597.2069048574884,2.446363175706518e-13
597.3069048574885,2.5773092842198165e-13
597.4069048574885,2.7151400516335116e-13
597.5069048574885,2.860210684723414e-13
597.6069048574885,3.012894355359931e-13
597.7069048574886,3.173583090133428e-13
597.8069048574886,3.3426887030539293e-13
597.9069048574886,3.520643773361342e-13
598.0069048574886,3.7079026705760476e-13
598.1069048574886,3.904942629017481e-13
598.2069048574887,4.112264874121009e-13
598.3069048574887,4.330395802990048e-13
598.4069048574887,4.559888221732245e-13
598.5069048574887,4.801322642245103e-13
598.6069048574888,5.055308641238497e-13
598.7069048574888,5.322486284408497e-13
598.8069048574888,5.603527618810121e-13
598.9069048574888,5.899138236615504e-13
599.0069048574888,6.210058913588397e-13
599.1069048574889,6.537067325758159e-13
599.2069048574889,6.880979847933695e-13
599.3069048574889,7.24265343786311e-13
599.4069048574889,7.622987610017381e-13
599.506904857489,8.022926503155596e-13
599.606904857489,8.443461046017998e-13
599.706904857489,8.885631225687662e-13
599.806904857489,9.350528463368223e-13
599.906904857489,9.83929810253627e-13
600.0069048574891,1.0353142014651981e-12
600.1069048574891,1.0893321327842526e-12
600.2069048574891,1.1461159284216886e-12
600.3069048574891,1.2058044231722434e-12
600.4069048574892,1.2685432756719136e-12
600.5069048574892,1.3344852963723308e-12
600.6069048574892,1.4037907909057836e-12
600.7069048574892,1.476627919544994e-12
600.8069048574893,1.5531730734927413e-12
600.9069048574893,1.6336112687691797e-12
601.0069048574893,1.718136558498854e-12
601.1069048574893,1.806952464434817e-12
601.2069048574893,1.9002724285944408e-12
601.3069048574894,1.99832028592001e-12
601.4069048574894,2.1013307589175897e-12
601.5069048574894,2.209549975269773e-12
601.6069048574894,2.3232360094615615e-12
601.7069048574895,2.4426594495043723e-12
601.8069048574895,2.568103989890941e-12
601.9069048574895,2.6998670519634955e-12
602.0069048574895,2.838260432929183e-12
602.1069048574896,2.983610984810956e-12
602.2069048574896,3.136261324678495e-12
602.3069048574896,3.2965705775617334e-12
602.4069048574896,3.464915153511655e-12
602.5069048574896,3.6416895603359684e-12
602.6069048574897,3.8273072536039e-12
602.7069048574897,4.0222015255836935e-12
602.8069048574897,4.226826434848351e-12
602.9069048574897,4.441657778360128e-12
603.0069048574898,4.667194107923032e-12
603.1069048574898,4.903957792973417e-12
603.2069048574898,5.152496131764425e-12
603.3069048574898,5.413382513088121e-12
603.4069048574898,5.687217630771352e-12
603.5069048574899,5.974630753277701e-12
603.6069048574899,6.276281050847123e-12
603.7069048574899,6.592858982710505e-12
603.8069048574899,6.925087747023031e-12
603.90690485749,7.27372479627452e-12
604.00690485749,7.639563421052074e-12
604.10690485749,8.02343440515287e-12
604.20690485749,8.426207755172532e-12
604.30690485749,8.848794507826923e-12
604.4069048574901,9.292148618404102e-12
604.5069048574901,9.757268933886613e-12
604.6069048574901,1.0245201254434033e-11
604.7069048574901,1.0757040487071674e-11
604.8069048574902,1.129393289559401e-11
604.9069048574902,1.1857078450859586e-11
605.0069048574902,1.2447733285830536e-11
605.1069048574902,1.306721225989205e-11
605.2069048574903,1.3716891637178988e-11
605.3069048574903,1.4398211883832324e-11
605.4069048574903,1.511268058931704e-11
605.5069048574903,1.5861875517145358e-11
605.6069048574903,1.664744779057271e-11
605.7069048574904,1.747112521906781e-11
605.8069048574904,1.8334715771595123e-11
605.9069048574904,1.9240111203005024e-11
606.0069048574904,2.0189290840081878e-11
606.1069048574905,2.118432553407781e-11
606.2069048574905,2.2227381786836724e-11
606.3069048574905,2.3320726057911896e-11
606.4069048574905,2.446672926038137e-11
606.5069048574906,2.5667871453388246e-11
606.6069048574906,2.692674673975587e-11
606.7069048574906,2.8246068377380227e-11
606.8069048574906,2.962867411344942e-11
606.9069048574906,3.107753175092013e-11
607.0069048574907,3.2595744957058336e-11
607.1069048574907,3.418655932425927e-11
607.2069048574907,3.585336869377397e-11
607.3069048574907,3.7599721753404986e-11
607.4069048574908,3.942932892068177e-11
607.5069048574908,4.1346069523498754e-11
607.6069048574908,4.335399929067749e-11
607.7069048574908,4.545735816542651e-11
607.8069048574908,4.7660578455194645e-11
607.9069048574909,4.996829333195521e-11
608.0069048574909,5.238534569753192e-11
608.1069048574909,5.491679742915931e-11
608.2069048574909,5.756793902108458e-11
608.306904857491,6.034429963865231e-11
608.406904857491,6.325165760197428e-11
608.506904857491,6.629605131696568e-11
608.606904857491,6.948379067224802e-11
608.706904857491,7.282146892115387e-11
608.8069048574911,7.631597506883127e-11
608.9069048574911,7.997450678525013e-11
609.0069048574911,8.380458386573594e-11
609.1069048574911,8.781406226150763e-11
609.2069048574912,9.201114870360445e-11
609.3069048574912,9.640441594448978e-11
609.4069048574912,1.0100281864260255e-10
609.5069048574912,1.0581570991610064e-10
609.6069048574913,1.1085285859309917e-10
609.7069048574913,1.1612446718675926e-10
609.8069048574913,1.216411906247075e-10
609.9069048574913,1.274141557634235e-10
610.0069048574913,1.3345498171942888e-10
610.1069048574914,1.397758010503498e-10
610.2069048574914,1.4638928182023645e-10
610.3069048574914,1.533086505848396e-10
610.4069048574914,1.6054771633394628e-10
610.5069048574915,1.6812089542932232e-10
610.6069048574915,1.7604323757829406e-10
610.7069048574915,1.8433045288455919e-10
610.8069048574915,1.9299894001943018e-10
610.9069048574916,2.0206581555837183e-10
611.0069048574916,2.1154894452943074e-10
611.1069048574916,2.2146697222195424e-10
611.2069048574916,2.318393573058461e-10
611.3069048574916,2.426864063135396e-10
611.4069048574917,2.5402930953887853e-10
611.5069048574917,2.65890178409149e-10
611.6069048574917,2.7829208438868536e-10
611.7069048574917,2.9125909947465595e-10
611.8069048574918,3.048163383480093e-10
611.9069048574918,3.189900022448798e-10
612.0069048574918,3.3380742461629466e-10
612.1069048574918,3.4929711864657723e-10
612.2069048574918,3.6548882670346565e-10
612.3069048574919,3.8241357179579485e-10
612.4069048574919,4.001037111174225e-10
612.5069048574919,4.1859299175899407e-10
612.6069048574919,4.379166086723077e-10
612.706904857492,4.5811126497513173e-10
612.806904857492,4.792152346876982e-10
612.906904857492,5.012684279954222e-10
613.006904857492,5.243124591360396e-10
613.106904857492,5.483907170129166e-10
613.2069048574921,5.735484386401418e-10
613.3069048574921,5.99832785528903e-10
613.4069048574921,6.272929231287502e-10
613.5069048574921,6.559801034415259e-10
613.6069048574922,6.859477509300947e-10
613.7069048574922,7.172515518486131e-10
613.8069048574922,7.49949547125562e-10
613.9069048574922,7.841022289358345e-10
614.0069048574923,8.197726411029891e-10
614.1069048574923,8.570264834780651e-10
614.2069048574923,8.959322204466722e-10
614.3069048574923,9.365611937216509e-10
614.4069048574923,9.789877395843475e-10
614.5069048574924,1.023289310743399e-09
614.6069048574924,1.0695466029862697e-09
614.7069048574924,1.117843686804917e-09
614.8069048574924,1.1682681441837072e-09
614.9069048574925,1.2209112107444846e-09
615.0069048574925,1.2758679234506742e-09
615.1069048574925,1.3332372740796735e-09
615.2069048574925,1.3931223686803223e-09
615.3069048574926,1.4556305932399101e-09
615.4069048574926,1.520873785793493e-09
615.5069048574926,1.588968415216314e-09
615.6069048574926,1.660035766949091e-09
615.7069048574926,1.7342021359145646e-09
615.8069048574927,1.8115990268930495e-09
615.9069048574927,1.892363362634347e-09
616.0069048574927,1.9766376999929868e-09
616.1069048574927,2.064570454384238e-09
616.2069048574928,2.1563161328686878e-09
616.3069048574928,2.2520355761841056e-09
616.4069048574928,2.3518962100545563e-09
616.5069048574928,2.456072306118451e-09
616.6069048574929,2.5647452528290338e-09
616.7069048574929,2.6781038366935252e-09
616.8069048574929,2.7963445342295767e-09
616.9069048574929,2.919671815031393e-09
617.0069048574929,3.0482984563511716e-09
617.106904857493,3.1824458696159854e-09
617.206904857493,3.32234443931462e-09
617.306904857493,3.4682338747040725e-09
617.406904857493,3.6203635748010325e-09
617.506904857493,3.778993007139839e-09
617.6069048574931,3.9443921007947135e-09
617.7069048574931,4.1168416541817865e-09
617.8069048574931,4.296633758173622e-09
617.9069048574931,4.484072235077819e-09
618.0069048574932,4.6794730940494185e-09
618.1069048574932,4.8831650035275715e-09
618.2069048574932,5.09548978130536e-09
618.3069048574932,5.316802902864544e-09
618.4069048574933,5.547474028626587e-09
618.5069048574933,5.787887550794545e-09
618.6069048574933,6.0384431604833685e-09
618.7069048574933,6.299556435858982e-09
618.8069048574934,6.571659452031456e-09
618.9069048574934,6.8552014134730844e-09
619.0069048574934,7.150649309756909e-09
619.1069048574934,7.458488595439429e-09
619.2069048574934,7.779223894937845e-09
619.3069048574935,8.113379733280983e-09
619.4069048574935,8.46150129364279e-09
619.5069048574935,8.824155202596791e-09
619.6069048574935,9.201930344062339e-09
619.7069048574936,9.595438702944057e-09
619.8069048574936,1.0005316239501389e-08
619.9069048574936,1.0432223795516936e-08
620.0069048574936,1.0876848033369822e-08
620.1069048574936,1.1339902409155367e-08
620.2069048574937,1.1822128181030392e-08
620.3069048574937,1.232429545400264e-08
620.4069048574937,1.2847204262421739e-08
620.5069048574937,1.3391685691471557e-08
620.6069048574938,1.3958603039005115e-08
620.7069048574938,1.454885301910752e-08
620.8069048574938,1.51633670088174e-08
620.9069048574938,1.5803112339484484e-08
621.0069048574939,1.6469093634285816e-08
621.1069048574939,1.716235419347826e-08
621.2069048574939,1.7883977429008204e-08
621.3069048574939,1.8635088350159324e-08
621.4069048574939,1.9416855101966327e-08
621.506904857494,2.023049055818441e-08
621.606904857494,2.1077253970655552e-08
621.706904857494,2.1958452676976616e-08
621.806904857494,2.2875443868431187e-08
621.906904857494,2.3829636420212733e-08
622.0069048574941,2.482249278602749e-08
622.1069048574941,2.5855530959235245e-08
622.2069048574941,2.693032650275237e-08
622.3069048574941,2.804851465001185e-08
622.4069048574942,2.9211792479347486e-08
622.5069048574942,3.042192116424492e-08
622.6069048574942,3.1680728301976864e-08
622.7069048574942,3.299011032321979e-08
622.8069048574943,3.4352034985331093e-08
622.9069048574943,3.576854395204786e-08
623.0069048574943,3.7241755462454533e-08
623.1069048574943,3.877386709215691e-08
623.2069048574944,4.036715860968823e-08
623.3069048574944,4.2023994931267956e-08
623.4069048574944,4.374682917713138e-08
623.5069048574944,4.5538205832743677e-08
623.6069048574944,4.7400764018319086e-08
623.7069048574945,4.933724087016393e-08
623.8069048574945,5.1350475037476313e-08
623.9069048574945,5.344341029834283e-08
624.0069048574945,5.561909929878624e-08
624.1069048574946,5.7880707418835746e-08
624.2069048574946,6.023151676971374e-08
624.3069048574946,6.267493032635316e-08
624.4069048574946,6.521447619958981e-08
624.5069048574946,6.785381205250244e-08
624.6069048574947,7.059672966550986e-08
624.7069048574947,7.344715965497314e-08
624.8069048574947,7.64091763501869e-08
624.9069048574947,7.948700283379801e-08
625.0069048574948,8.268501615083533e-08
625.1069048574948,8.600775269168843e-08
625.2069048574948,8.945991375452809e-08
625.3069048574948,9.304637129283519e-08
625.4069048574949,9.677217385385717e-08
625.5069048574949,1.0064255271399282e-07
625.6069048574949,1.0466292821727657e-07
625.7069048574949,1.0883891632332077e-07
625.8069048574949,1.1317633537125055e-07
625.906904857495,1.1768121306636766e-07
626.006904857495,1.223597936964661e-07
626.106904857495,1.2721854558492947e-07
626.206904857495,1.3226416878794186e-07
626.306904857495,1.3750360304336046e-07
626.4069048574951,1.4294403597901572e-07
626.5069048574951,1.4859291158841696e-07
626.6069048574951,1.5445793898209064e-07
626.7069048574951,1.6054710142299143e-07
626.8069048574952,1.668686656546877e-07
626.9069048574952,1.734311915312537e-07
627.0069048574952,1.8024354195806352e-07
627.1069048574952,1.8731489315294537e-07
627.2069048574953,1.9465474523740808e-07
627.3069048574953,2.0227293316794844e-07
627.4069048574953,2.1017963801769905e-07
627.5069048574953,2.1838539861899418e-07
627.6069048574954,2.2690112357771252e-07
627.7069048574954,2.3573810367055161e-07
627.8069048574954,2.449080246367174e-07
627.9069048574954,2.544229803758171e-07
628.0069048574954,2.642954865640783e-07
628.1069048574955,2.745384947013417e-07
628.2069048574955,2.8516540660163677e-07
628.3069048574955,2.961900893404768e-07
628.4069048574955,3.0762689067239477e-07
628.5069048574956,3.194906549325923e-07
628.6069048574956,3.3179673943696156e-07
628.7069048574956,3.445610313951263e-07
628.8069048574956,3.577999653515493e-07
628.9069048574956,3.7153054117014806e-07
629.0069048574957,3.8577034257829636e-07
629.1069048574957,4.00537556286496e-07
629.2069048574957,4.158509917004593e-07
629.3069048574957,4.3173010124277585e-07
629.4069048574958,4.481950013018134e-07
629.5069048574958,4.652664938259354e-07
629.6069048574958,4.829660885816641e-07
629.7069048574958,5.01316026094831e-07
629.8069048574959,5.203393012943255e-07
629.9069048574959,5.40059687878533e-07
630.0069048574959,5.605017634250927e-07
630.1069048574959,5.816909352651485e-07
630.2069048574959,6.036534671438101e-07
630.306904857496,6.264165066891077e-07
630.406904857496,6.500081137123254e-07
630.506904857496,6.744572893631501e-07
630.606904857496,6.997940061637115e-07
630.706904857496,7.260492389462039e-07
630.8069048574961,7.532549967193796e-07
630.9069048574961,7.81444355489934e-07
631.0069048574961,8.106514920653245e-07
631.1069048574961,8.409117188654406e-07
631.2069048574962,8.72261519771004e-07
631.3069048574962,9.047385870375236e-07
631.4069048574962,9.38381859304121e-07
631.5069048574962,9.732315607274992e-07
631.6069048574963,1.009329241271919e-06
631.7069048574963,1.0467178181868907e-06
631.8069048574963,1.0854416187051037e-06
631.9069048574963,1.125546423993857e-06
632.0069048574964,1.1670795143941242e-06
632.1069048574964,1.2100897159822102e-06
632.2069048574964,1.2546274484898513e-06
632.3069048574964,1.300744774619425e-06
632.4069048574964,1.3484954507918878e-06
632.5069048574965,1.3979349793659633e-06
632.6069048574965,1.4491206623680223e-06
632.7069048574965,1.5021116567730704e-06
632.8069048574965,1.5569690313782456e-06
632.9069048574966,1.6137558253111468e-06
633.0069048574966,1.672537108216477e-06
633.1069048574966,1.7333800421653595e-06
633.2069048574966,1.7963539453328623e-06
633.3069048574966,1.8615303574903059e-06
633.4069048574967,1.9289831073599864e-06
633.5069048574967,1.9987883818811874e-06
633.6069048574967,2.0710247974373703e-06
633.7069048574967,2.145773473095679e-06
633.8069048574968,2.2231181059110672e-06
633.9069048574968,2.303145048348619e-06
634.0069048574968,2.3859433878787707e-06
634.1069048574968,2.471605028801503e-06
634.2069048574969,2.5602247763568543e-06
634.3069048574969,2.6519004231803265e-06
634.4069048574969,2.7467328381632734e-06
634.5069048574969,2.8448260577795166e-06
634.6069048574969,2.9462873799409936e-06
634.706904857497,3.051227460446604e-06
634.806904857497,3.1597604120898107e-06
634.906904857497,3.272003906492133e-06
635.006904857497,3.3880792787311e-06
635.106904857497,3.5081116348327435e-06
635.2069048574971,3.6322299622003358e-06
635.3069048574971,3.7605672430526066e-06
635.4069048574971,3.893260570946325e-06
635.5069048574971,4.030451270459741e-06
635.6069048574972,4.172285020115025e-06
635.7069048574972,4.318911978619697e-06
635.8069048574972,4.470486914508591e-06
635.9069048574972,4.627169339269753e-06
636.0069048574973,4.7891236440393974e-06
636.1069048574973,4.956519239953076e-06
636.2069048574973,5.129530702241735e-06
636.3069048574973,5.308337918163575e-06
636.4069048574974,5.493126238864217e-06
636.5069048574974,5.684086635259995e-06
636.6069048574974,5.881415858040897e-06
636.7069048574974,6.085316601891618e-06
636.8069048574974,6.295997674031824e-06
636.9069048574975,6.513674167177976e-06
637.0069048574975,6.738567637031923e-06
637.1069048574975,6.970906284403114e-06
637.2069048574975,7.210925142073807e-06
637.3069048574976,7.458866266518687e-06
637.4069048574976,7.714978934592694e-06
637.5069048574976,7.979519845302963e-06
637.6069048574976,8.252753326783425e-06
637.7069048574976,8.534951548592616e-06
637.8069048574977,8.826394739457982e-06
637.9069048574977,9.127371410592175e-06
638.0069048574977,9.438178584709502e-06
638.1069048574977,9.759122030872858e-06
638.2069048574978,1.0090516505304757e-05
638.3069048574978,1.0432685998297499e-05
638.4069048574978,1.0785963987361451e-05
638.5069048574978,1.1150693696752215e-05
638.6069048574979,1.1527228363520215e-05
638.7069048574979,1.1915931510229375e-05
638.8069048574979,1.231717722449422e-05
638.9069048574979,1.2731350445487264e-05
639.006904857498,1.3158847257571454e-05
639.106904857498,1.3600075191216025e-05
639.206904857498,1.4055453531355905e-05
639.306904857498,1.4525413633358683e-05
639.406904857498,1.5010399246766105e-05
639.5069048574981,1.5510866846978992e-05
639.6069048574981,1.6027285975059816e-05
639.7069048574981,1.656013958582756e-05
639.8069048574981,1.7109924404424926e-05
639.9069048574981,1.767715129153986e-05
640.0069048574982,1.8262345617467143e-05
640.1069048574982,1.8866047645198908e-05
640.2069048574982,1.9488812922736322e-05
640.3069048574982,2.013121268481789e-05
640.4069048574983,2.0793834264263377e-05
640.5069048574983,2.1477281513136117e-05
640.6069048574983,2.2182175233929122e-05
640.7069048574983,2.2909153620984288e-05
640.8069048574984,2.365887271235862e-05
640.9069048574984,2.443200685235249e-05
641.0069048574984,2.5229249164921445e-05
641.1069048574984,2.605131203819476e-05
641.2069048574984,2.689892762032812e-05
641.3069048574985,2.7772848326922165e-05
641.4069048574985,2.8673847360241396e-05
641.5069048574985,2.960271924047265e-05
641.6069048574985,3.056028034926555e-05
641.7069048574986,3.154736948580183e-05
641.8069048574986,3.2564848435643304e-05
641.9069048574986,3.3613602552613726e-05
642.0069048574986,3.4694541353971955e-05
642.1069048574986,3.5808599129139536e-05
642.2069048574987,3.695673556224913e-05
642.3069048574987,3.813993636878333e-05
642.4069048574987,3.935921394657906e-05
642.5069048574987,4.061560804147713e-05
642.6069048574988,4.191018642789754e-05
642.7069048574988,4.324404560462968e-05
642.8069048574988,4.4618311506128264e-05
642.9069048574988,4.6034140229608334e-05
643.0069048574989,4.74927187782433e-05
643.1069048574989,4.8995265820765154e-05
643.2069048574989,5.0543032467778466e-05
643.3069048574989,5.2137303065100745e-05
643.406904857499,5.377939600444324e-05
643.506904857499,5.547066455175779e-05
643.606904857499,5.721249769357156e-05
643.706904857499,5.9006321001642006e-05
643.806904857499,6.085359751626671e-05
643.9069048574991,6.275582864858564e-05
644.0069048574991,6.471455510222093e-05
644.1069048574991,6.673135781460068e-05
644.2069048574991,6.880785891832002e-05
644.3069048574991,7.094572272289647e-05
644.4069048574992,7.314665671727988e-05
644.5069048574992,7.541241259348375e-05
644.6069048574992,7.774478729170795e-05
644.7069048574992,8.014562406732783e-05
644.8069048574993,8.261681358012827e-05
644.9069048574993,8.51602950061676e-05
645.0069048574993,8.777805717265845e-05
645.1069048574993,9.047213971626057e-05
645.2069048574994,9.32446342651787e-05
645.3069048574994,9.609768564547177e-05
645.4069048574994,9.903349311197711e-05
645.5069048574994,0.00010205431160426081
645.6069048574994,0.0001051624530280081
645.7069048574995,0.00010836028756227533
645.8069048574995,0.00011165024499302744
645.9069048574995,0.00011503481607338371
646.0069048574995,0.00011851655391101387
646.1069048574996,0.00012209807538311174
646.2069048574996,0.00012578206257939317
646.3069048574996,0.00012957126427356262
646.4069048574996,0.00013346849742369618
646.5069048574996,0.00013747664870199488
646.6069048574997,0.00014159867605437033
646.7069048574997,0.000145837610290317
646.8069048574997,0.00015019655670354284
646.9069048574997,0.0001546786967238259
647.0069048574998,0.00015928728960057132
647.1069048574998,0.00016402567411854456
647.2069048574998,0.00016889727034626376
647.3069048574998,0.0001739055814175373
647.4069048574999,0.00017905419534663017
647.5069048574999,0.0001843467868775591
647.6069048574999,0.0001897871193680056
647.7069048574999,0.00019537904670834905
647.8069048575,0.00020112651527631975
647.9069048575,0.00020703356592778504
648.0069048575,0.00021310433602416619
648.1069048575,0.0002193430614970048
648.2069048575,0.00022575407895019753
648.3069048575001,0.00023234182780040378
648.4069048575001,0.00023911085245616225
648.5069048575001,0.00024606580453622693
648.6069048575001,0.00025321144512765727
648.7069048575001,0.00026055264708418153
648.8069048575002,0.00026809439736537387
648.9069048575002,0.00027584179941716975
649.0069048575002,0.0002838000755942537
649.1069048575002,0.0002919745696248632
649.2069048575003,0.00030037074911854004
649.3069048575003,0.00030899420811736675
649.4069048575003,0.0003178506696912364
649.5069048575003,0.0003269459885776957
649.6069048575004,0.0003362861538668949
649.7069048575004,0.00034587729173220515
649.8069048575004,0.0003557256682070334
649.9069048575004,0.0003658376920083878
650.0069048575004,0.0003762199174077397
650.1069048575005,0.00038687904714972154
650.2069048575005,0.0003978219354192139
650.3069048575005,0.00040905559085736197
650.4069048575005,0.00042058717962707183
650.5069048575006,0.00043242402852852236
650.6069048575006,0.0004445736281652476
650.7069048575006,0.00045704363616132064
650.8069048575006,0.00046984188043018815
650.9069048575006,0.0004829763624956909
651.0069048575007,0.000496455260865813
651.1069048575007,0.0005102869344596817
651.2069048575007,0.0005244799260883766
651.3069048575007,0.0005390429659900444
651.4069048575008,0.0005539849754198816
651.5069048575008,0.0005693150702954827
651.6069048575008,0.0005850425648980937
651.7069048575008,0.0006011769756302704
651.8069048575009,0.0006177280248304773
651.9069048575009,0.000634705644645112
652.0069048575009,0.0006521199809584806
652.1069048575009,0.0006699813973812064
652.206904857501,0.0006883004792975768
652.306904857501,0.0007070880379723166
652.406904857501,0.0007263551147172627
652.506904857501,0.00074611298511842
652.606904857501,0.0007663731633238819
652.7069048575011,0.0007871474063930459
652.8069048575011,0.0008084477187076204
652.9069048575011,0.0008302863564448309
653.0069048575011,0.0008526758321132982
653.1069048575011,0.0008756289191519957
653.2069048575012,0.0008991586565927262
653.3069048575012,0.0009232783537865128
653.4069048575012,0.000948001595194326
653.5069048575012,0.0009733422452425246
653.6069048575013,0.0009993144532434047
653.7069048575013,0.001025932658381223
653.8069048575013,0.0010532115947640523
653.9069048575013,0.0010811662965418236
654.0069048575014,0.0011098121030908932
654.1069048575014,0.0011391646642654471
654.2069048575014,0.0011692399457160683
654.3069048575014,0.0012000542342757489
654.4069048575014,0.0012316241434136468
654.5069048575015,0.0012639666187568342
654.6069048575015,0.0012970989436803253
654.7069048575015,0.0013310387449655678
654.8069048575015,0.0013658039985276875
654.9069048575016,0.0014014130352116296
655.0069048575016,0.0014378845466574168
655.1069048575016,0.0014752375912347028
655.2069048575016,0.0015134916000467495
655.3069048575016,0.0015526663830039708
655.4069048575017,0.0015927821349671694
655.5069048575017,0.0016338594419605496
655.6069048575017,0.0016759192874545921
655.7069048575017,0.0017189830587188211
655.8069048575018,0.0017630725532445347
655.9069048575018,0.0018082099852374744
656.0069048575018,0.0018544179921804523
656.1069048575018,0.0019017196414658683
656.2069048575019,0.0019501384370980998
656.3069048575019,0.0019996983264656347
656.4069048575019,0.0020504237071828964
656.5069048575019,0.00210233943400158
656.606904857502,0.0021554708257913633
656.706904857502,0.0022098436725898024
656.806904857502,0.0022654842427212215
656.906904857502,0.00232241928998432
657.006904857502,0.0023806760609082524
657.1069048575021,0.002440282302076888
657.2069048575021,0.0025012662675209024
657.3069048575021,0.0025636567261773796
657.4069048575021,0.002627482969416489
657.5069048575021,0.002692774818634859
657.6069048575022,0.002759562632915185
657.7069048575022,0.0028278773167515667
657.8069048575022,0.00289775032784011
657.9069048575022,0.00296921368493415
658.0069048575023,0.0030422999757636253
658.1069048575023,0.00311704236501789
658.2069048575023,0.003193474602391335
658.3069048575023,0.003271631030691164
658.4069048575024,0.0033515465940064985
658.5069048575024,0.003433256845938169
658.6069048575024,0.0035167979578882643
658.7069048575024,0.0036022067274086703
658.8069048575024,0.003689520586607685
658.9069048575025,0.003778777610613785
659.0069048575025,0.0038700165260955616
659.1069048575025,0.00396327671983684
659.2069048575025,0.0040585982473659386
659.3069048575026,0.004156021841637909
659.4069048575026,0.004255588921768705
659.5069048575026,0.004357341601820024
659.6069048575026,0.004461322699633654
659.7069048575026,0.0045675757457139905
659.8069048575027,0.004676144992157458
659.9069048575027,0.004787075421627442
660.0069048575027,0.0049004127563733275
660.1069048575027,0.005016203467292145
660.2069048575028,0.005134494783031399
660.3069048575028,0.005255334699131431
660.4069048575028,0.0053787719872057565
660.5069048575028,0.005504856204157686
660.6069048575029,0.005633637701431585
660.7069048575029,0.005765167634296884
660.8069048575029,0.005899497971163183
660.9069048575029,0.00603668150292447
661.006904857503,0.006176771852330561
661.106904857503,0.0063198234833838005
661.206904857503,0.0064658917107590285
661.306904857503,0.006615032709244655
661.406904857503,0.006767303523202729
661.5069048575031,0.006922762076045886
661.6069048575031,0.007081467179728828
661.7069048575031,0.00724347854425206
661.8069048575031,0.0074088567871755506
661.9069048575032,0.007577663443139877
662.0069048575032,0.007749960973392348
662.1069048575032,0.00792581277531562
662.2069048575032,0.008105283191956207
662.3069048575032,0.008288437521550156
662.4069048575033,0.00847534202704328
662.5069048575033,0.008666063945603113
662.6069048575033,0.00886067149811981
662.7069048575033,0.009059233898692936
662.8069048575034,0.009261821364101506
662.9069048575034,0.009468505123253864
663.0069048575034,0.009679357426614701
663.1069048575034,0.00989445155560579
663.2069048575034,0.010113861831977454
663.3069048575035,0.0103376636271473
663.4069048575035,0.010565933371503092
663.5069048575035,0.010798748563666272
663.6069048575035,0.011036187779712667
663.7069048575036,0.011278330682346929
663.8069048575036,0.011525258030027167
663.9069048575036,0.011777051686035994
664.0069048575036,0.012033794627494477
664.1069048575037,0.012295570954315082
664.2069048575037,0.012562465898089898
664.3069048575037,0.012834565830910144
664.4069048575037,0.013111958274113178
664.5069048575037,0.013394731906952808
664.6069048575038,0.013682976575189017
664.7069048575038,0.013976783299592796
664.8069048575038,0.014276244284362078
664.9069048575038,0.014581452925444344
665.0069048575039,0.014892503818761721
665.1069048575039,0.015209492768334044
665.2069048575039,0.015532516794295652
665.3069048575039,0.01586167414080125
665.406904857504,0.016197064283816315
665.506904857504,0.016538787938787523
665.606904857504,0.016886947068188322
665.706904857504,0.017241644888935155
665.806904857504,0.017602985879669394
665.9069048575041,0.01797107578790017
666.0069048575041,0.018346021637003124
666.1069048575041,0.018727931733070333
666.2069048575041,0.01911691567160604
666.3069048575042,0.019513084344063503
666.4069048575042,0.01991654994421756
666.5069048575042,0.020327425974367763
666.6069048575042,0.02074582725136702
666.7069048575042,0.021171869912470283
666.8069048575043,0.02160567142099796
666.9069048575043,0.02204735057180873
667.0069048575043,0.02249702749657645
667.1069048575043,0.0229548236688652
667.2069048575044,0.023420861908997635
667.3069048575044,0.0238952663887104
667.4069048575044,0.024378162635591453
667.5069048575044,0.024869677537293338
667.6069048575044,0.025369939345516984
667.7069048575045,0.025879077679759898
667.8069048575045,0.02639722353082342
667.9069048575045,0.026924509264072832
668.0069048575045,0.027461068622444715
668.1069048575046,0.02800703672919536
668.2069048575046,0.028562550090384713
668.3069048575046,0.02912774659708967
668.4069048575046,0.029702765527340514
668.5069048575047,0.030287747547774732
668.6069048575047,0.0308828347150024
668.7069048575047,0.0314881704766764
668.8069048575047,0.032103899672261876
668.9069048575047,0.032730168533498714
669.0069048575048,0.0333671246845507
669.1069048575048,0.03401491714183549
669.2069048575048,0.03467369631352904
669.3069048575048,0.03534361399873802
669.4069048575049,0.03602482338633483
669.5069048575049,0.03671747905344794
669.6069048575049,0.03742173696360216
669.7069048575049,0.038137754464502245
669.806904857505,0.038865690285453405
669.906904857505,0.039605704534413116
670.006904857505,0.04035795869466717
670.106904857505,0.041122615621124445
670.206904857505,0.04189983953622366
670.3069048575051,0.042689796025446175
670.4069048575051,0.04349265203242844
670.5069048575051,0.044308575853667986
670.6069048575051,0.04513773713281675
670.7069048575052,0.04598030685455566
670.8069048575052,0.046836457338043834
670.9069048575052,0.04770636222993711
671.0069048575052,0.048590196496969024
671.1069048575052,0.049488136418088455
671.2069048575053,0.05040035957614802
671.3069048575053,0.05132704484913692
671.4069048575053,0.05226837240095249
671.5069048575053,0.05322452367170441
671.6069048575054,0.05419568136754556
671.7069048575054,0.05518202945002393
671.8069048575054,0.05618375312494966
671.9069048575054,0.057201038830771114
672.0069048575054,0.05823407422645508
672.1069048575055,0.05928304817886442
672.2069048575055,0.060348150749628626
672.3069048575055,0.061429573181500996
672.4069048575055,0.06252750788419711
672.5069048575056,0.06364214841970978
672.6069048575056,0.06477368948709405
672.7069048575056,0.06592232690671862
672.8069048575056,0.06708825760397667
672.9069048575057,0.0682716795924524
673.0069048575057,0.06947279195653788
673.1069048575057,0.0706917948334952
673.2069048575057,0.07192888939495884
673.3069048575057,0.07318427782787458
673.4069048575058,0.07445816331486906
673.5069048575058,0.07575075001404619
673.6069048575058,0.07706224303820608
673.7069048575058,0.0783928484334821
673.8069048575059,0.07974277315739128
673.9069048575059,0.08111222505629505
674.0069048575059,0.0825014128422656
674.1069048575059,0.08391054606935443
674.206904857506,0.08533983510925933
674.306904857506,0.0867894911263856
674.406904857506,0.08825972605229973
674.506904857506,0.08975075255957007
674.606904857506,0.09126278403499338
674.7069048575061,0.092796034552203
674.8069048575061,0.09435071884365574
674.9069048575061,0.09592705227199627
675.0069048575061,0.09752525080079438
675.1069048575062,0.09914553096465449
675.2069048575062,0.10078810983869413
675.3069048575062,0.10245320500738987
675.4069048575062,0.10414103453278876
675.5069048575062,0.10585181692208327
675.6069048575063,0.10758577109454846
675.7069048575063,0.10934311634784054
675.8069048575063,0.11112407232365448
675.9069048575063,0.11292885897274037
676.0069048575064,0.11475769651927858
676.1069048575064,0.11661080542461143
676.2069048575064,0.11848840635033232
676.3069048575064,0.1203907201207315
676.4069048575064,0.12231796768459913
676.5069048575065,0.12427037007638461
676.6069048575065,0.1262481483767146
676.7069048575065,0.12825152367226808
676.8069048575065,0.1302807170150116
676.9069048575066,0.13233594938079374
677.0069048575066,0.1344174416273018
677.1069048575066,0.13652541445138136
677.2069048575066,0.1386600883457203
677.3069048575067,0.14082168355490066
677.4069048575067,0.14301042003081832
677.5069048575067,0.14522651738747563
677.6069048575067,0.14747019485514742
677.7069048575067,0.1497416712339247
677.8069048575068,0.15204116484663915
677.9069048575068,0.15436889349117117
678.0069048575068,0.15672507439214647
678.1069048575068,0.1591099241520232
678.2069048575069,0.16152365870157642
678.3069048575069,0.16396649324978213
678.4069048575069,0.16643864223310723
678.5069048575069,0.1689403192642092
678.606904857507,0.17147173708005173
678.706904857507,0.17403310748944167
678.806904857507,0.17662464131999253
678.906904857507,0.17924654836452136
679.006904857507,0.18189903732688534
679.1069048575071,0.18458231576726422
679.2069048575071,0.18729659004689603
679.3069048575071,0.1900420652722729
679.4069048575071,0.1928189452388053
679.5069048575072,0.19562743237396082
679.6069048575072,0.19846772767988805
679.7069048575072,0.20134003067553113
679.8069048575072,0.2042445393382459
679.9069048575072,0.20718145004492522
680.0069048575073,0.21015095751264323
680.1069048575073,0.21315325473882793
680.2069048575073,0.21618853294097176
680.3069048575073,0.21925698149589024
680.4069048575074,0.22235878787854002
680.5069048575074,0.22549413760040452
680.6069048575074,0.22866321414746146
680.7069048575074,0.23186619891774074
680.8069048575074,0.23510327115848542
680.9069048575075,0.2383746079029281
681.0069048575075,0.2416803839066929
681.1069048575075,0.2450207715838383
681.2069048575075,0.24839594094255082
681.3069048575076,0.25180605952050394
681.4069048575076,0.2552512923198954
681.5069048575076,0.25873180174217664
681.6069048575076,0.2622477475224869
681.7069048575077,0.2657992866638079
681.8069048575077,0.2693865733708526
681.9069048575077,0.27300975898370267
682.0069048575077,0.27666899191120964
682.1069048575077,0.2803644175641757
682.2069048575078,0.28409617828832845
682.3069048575078,0.2878644132971069
682.4069048575078,0.29166925860427284
682.5069048575078,0.29551084695636665
682.6069048575079,0.29938930776502115
682.7069048575079,0.30330476703915255
682.8069048575079,0.3072573473170446
682.9069048575079,0.3112471675983442
683.006904857508,0.31527434327598486
683.106904857508,0.319338986068057
683.206904857508,0.3234412039496433
683.306904857508,0.32758110108463634
683.406904857508,0.33175877775755835
683.5069048575081,0.335974330305402
683.6069048575081,0.34022785104951003
683.7069048575081,0.34451942822751475
683.8069048575081,0.34884914592535643
683.9069048575082,0.3532170840093988
684.0069048575082,0.3576233180586649
684.1069048575082,0.36206791929721055
684.2069048575082,0.36655095452665765
684.3069048575082,0.37107248605890675
684.4069048575083,0.37563257164905145
684.5069048575083,0.3802312644285131
684.6069048575083,0.3848686128384203
684.7069048575083,0.3895446605632512
684.8069048575084,0.39425944646476346
684.9069048575084,0.3990130045162306
685.0069048575084,0.40380536373700926
685.1069048575084,0.4086365481274575
685.2069048575084,0.41350657660422807
685.3069048575085,0.4184154629359576
685.4069048575085,0.42336321567937496
685.5069048575085,0.42834983811585176
685.6069048575085,0.4333753281884166
685.7069048575086,0.4384396784392578
685.8069048575086,0.44354287594773556
685.9069048575086,0.448684902268929
686.0069048575086,0.45386573337273844
686.1069048575087,0.45908533958356984
686.2069048575087,0.4643436855206209
686.3069048575087,0.46964073003879575
686.4069048575087,0.4749764261702694
686.5069048575087,0.480350721066727
686.6069048575088,0.48576355594230053
686.7069048575088,0.4912148660172282
686.8069048575088,0.4967045804622568
686.9069048575088,0.5022326223438172
687.0069048575089,0.5077989085699888
687.1069048575089,0.5134033498372826
687.2069048575089,0.5190458505782665
687.3069048575089,0.5247263089100506
687.406904857509,0.5304446165836656
687.506904857509,0.5362006589343495
687.606904857509,0.5419943148327722
687.706904857509,0.5478254566372178
687.806904857509,0.5536939501467515
687.9069048575091,0.5595996545553915
688.0069048575091,0.5655424224073125
688.1069048575091,0.5715220995531006
688.2069048575091,0.5775385251070877
688.3069048575092,0.5835915314057839
688.4069048575092,0.5896809439674334
688.5069048575092,0.5958065814527175
688.6069048575092,0.6019682556266255
688.7069048575092,0.6081657713215182
688.8069048575093,0.6143989264014057
688.9069048575093,0.6206675117274607
689.0069048575093,0.6269713111247942
689.1069048575093,0.6333101013505077
689.2069048575094,0.6396836520630524
689.3069048575094,0.6460917257929115
689.4069048575094,0.6525340779146289
689.5069048575094,0.6590104566202061
689.6069048575094,0.6655206028938858
689.7069048575095,0.6720642504883482
689.8069048575095,0.6786411259023335
689.9069048575095,0.6852509483597187
690.0069048575095,0.6918934297900603
690.1069048575096,0.698568274810632
690.2069048575096,0.7052751807099678
690.3069048575096,0.7120138374329354
690.4069048575096,0.7187839275673593
690.5069048575097,0.7255851263322058
690.6069048575097,0.7324171015673571
690.7069048575097,0.7392795137249838
690.8069048575097,0.7461720158625397
690.9069048575097,0.7530942536373928
691.0069048575098,0.7600458653031107
691.1069048575098,0.7670264817074154
691.2069048575098,0.7740357262918247
691.3069048575098,0.7810732150929973
691.4069048575099,0.788138556745792
691.5069048575099,0.7952313524880629
691.6069048575099,0.8023511961671977
691.7069048575099,0.8094976742484189
691.80690485751,0.8166703658248582
691.90690485751,0.823868842629418
692.00690485751,0.8310926690484328
692.10690485751,0.838341402137144
692.20690485751,0.8456145916369963
692.3069048575101,0.8529117799947697
692.4069048575101,0.8602325023835589
692.5069048575101,0.8675762867256057
692.6069048575101,0.8749426537170001
692.7069048575102,0.8823311168542526
692.8069048575102,0.8897411824627536
692.9069048575102,0.8971723497271226
693.0069048575102,0.9046241107234554
693.1069048575102,0.9120959504534796
693.2069048575103,0.9195873468806227
693.3069048575103,0.9270977709679968
693.4069048575103,0.9346266867183096
693.5069048575103,0.9421735512157025
693.6069048575104,0.9497378146695223
693.7069048575104,0.9573189204600304
693.8069048575104,0.9649163051860496
693.9069048575104,0.9725293987145545
694.0069048575104,0.9801576242322051
694.1069048575105,0.9878003982988248
694.2069048575105,0.9954571309028263
694.3069048575105,1.003127225518579
694.4069048575105,1.0108100791657262
694.5069048575106,1.0185050824704405
694.6069048575106,1.0262116197286266
694.7069048575106,1.0339290689710576
694.8069048575106,1.0416568020304513
694.9069048575107,1.0493941846104755
695.0069048575107,1.0571405763566835
695.1069048575107,1.0648953309293692
695.2069048575107,1.0726577960783406
695.3069048575107,1.0804273137196012
695.4069048575108,1.0882032200139375
695.5069048575108,1.095984845447397
695.6069048575108,1.1037715149136562
695.7069048575108,1.1115625477982647
695.8069048575109,1.119357258064756
695.9069048575109,1.1271549543426165
696.0069048575109,1.1349549400171
696.1069048575109,1.1427565133208741
696.206904857511,1.1505589674274928
696.306904857511,1.158361590546671
696.406904857511,1.1661636660213597
696.506904857511,1.173964472426595
696.606904857511,1.1817632836701173
696.7069048575111,1.1895593690947348
696.8069048575111,1.1973519935824217
696.9069048575111,1.2051404176601306
697.0069048575111,1.2129238976073018
697.1069048575112,1.2207016855650514
697.2069048575112,1.2284730296470183
697.3069048575112,1.2362371740518514
697.4069048575112,1.243993359177315
697.5069048575112,1.2517408217359918
697.6069048575113,1.259478794872563
697.7069048575113,1.26720650828264
697.8069048575113,1.2749231883331285
697.9069048575113,1.2826280581840972
698.0069048575114,1.2903203379121295
698.1069048575114,1.2979992446351336
698.2069048575114,1.305663992638582
698.3069048575114,1.3133137935031578
698.4069048575114,1.3209478562337782
698.5069048575115,1.3285653873899723
698.6069048575115,1.3361655912175756
698.7069048575115,1.3437476697817263
698.8069048575115,1.3513108231011208
698.9069048575116,1.3588542492835083
699.0069048575116,1.366377144662387
699.1069048575116,1.373878703934878
699.2069048575116,1.38135812030074
699.3069048575117,1.388814585602492
699.4069048575117,1.3962472904666197
699.5069048575117,1.4036554244458215
699.6069048575117,1.4110381761622688
699.7069048575117,1.4183947334518425
699.8069048575118,1.4257242835093118
699.9069048575118,1.4330260130344226
700.0069048575118,1.440299108378854
700.1069048575118,1.447542755694016
700.2069048575119,1.4547561410796412
700.3069048575119,1.4619384507331443
700.4069048575119,1.4690888710997023
700.5069048575119,1.4762065890230254
700.606904857512,1.4832907918967757
700.706904857512,1.4903406678165971
700.806904857512,1.4973554057327174
700.906904857512,1.504334195603081
701.006904857512,1.511276228546977
701.1069048575121,1.5181806969991183
701.2069048575121,1.5250467948641333
701.3069048575121,1.5318737176714297
701.4069048575121,1.538660662730389
701.5069048575122,1.545406829285849
701.6069048575122,1.5521114186738367
701.7069048575122,1.5587736344775054
701.8069048575122,1.5653926826832356
701.9069048575122,1.5719677718368577
702.0069048575123,1.5784981131999554
702.1069048575123,1.584982920906203
702.2069048575123,1.591421412117697
702.3069048575123,1.5978128071812392
702.4069048575124,1.6041563297845245
702.5069048575124,1.6104512071121944
702.6069048575124,1.616696670001709
702.7069048575124,1.6228919530989956
702.8069048575124,1.6290362950138317
702.9069048575125,1.6351289384749133
703.0069048575125,1.6411691304845701
703.1069048575125,1.647156122473083
703.2069048575125,1.6530891704525554
703.3069048575126,1.6589675351702977
703.4069048575126,1.6647904822616824
703.5069048575126,1.6705572824024228
703.6069048575126,1.6762672114602322
703.7069048575127,1.6819195506458189
703.8069048575127,1.6875135866631774
703.9069048575127,1.6930486118591235
704.0069048575127,1.698523924372039
704.1069048575127,1.703938828279777
704.2069048575128,1.709292633746683
704.3069048575128,1.7145846571696937
704.4069048575128,1.7198142213234662
704.5069048575128,1.7249806555044958
704.6069048575129,1.7300832956741792
704.7069048575129,1.7351214846007805
704.8069048575129,1.740094572000261
704.9069048575129,1.745001914675922
705.006904857513,1.7498428766568292
705.106904857513,1.7546168293349702
705.206904857513,1.759323151601104
705.306904857513,1.7639612299792682
705.406904857513,1.76853045875989
705.5069048575131,1.773030240131478
705.6069048575131,1.7774599843108378
705.7069048575131,1.781819109671784
705.8069048575131,1.7861070428723023
705.9069048575132,1.7903232189801275
706.0069048575132,1.794467081596694
706.1069048575132,1.7985380829794255
706.2069048575132,1.8025356841623228
706.3069048575132,1.8064593550748156
706.4069048575133,1.8103085746588392
706.5069048575133,1.8140828309840995
706.6069048575133,1.817781621361494
706.7069048575133,1.8214044524546498
706.8069048575134,1.8249508403895474
706.9069048575134,1.8284203108621921
707.0069048575134,1.8318123992443045
707.1069048575134,1.835126650686992
707.2069048575135,1.8383626202223742
707.3069048575135,1.8415198728631237
707.4069048575135,1.8445979836998991
707.5069048575135,1.8475965379966341
707.6069048575135,1.850515131283653
707.7069048575136,1.8533533694485855
707.8069048575136,1.8561108688250538
707.9069048575136,1.8587872562790968
708.0069048575136,1.8613821692933132
708.1069048575137,1.8638952560486903
708.2069048575137,1.8663261755040963
708.3069048575137,1.8686745974734085
708.4069048575137,1.870940202700255
708.5069048575137,1.8731226829303467
708.6069048575138,1.875221740981371
708.7069048575138,1.8772370908104352
708.8069048575138,1.8791684575790273
708.9069048575138,1.881015577715482
709.0069048575139,1.8827781989749264
709.1069048575139,1.88445608049669
709.2069048575139,1.886048992859158
709.3069048575139,1.887556718132053
709.406904857514,1.888979049926126
709.506904857514,1.890315793440242
709.606904857514,1.891566765505846
709.706904857514,1.892731794628792
709.806904857514,1.893810721028528
709.9069048575141,1.8948033966746152
710.0069048575141,1.8957096853205788
710.1069048575141,1.8965294625350744
710.2069048575141,1.89726261573036
710.3069048575142,1.8979090441880675
710.4069048575142,1.8984686590822635
710.5069048575142,1.898941383499791
710.6069048575142,1.899327152457887
710.7069048575142,1.8996259129190707
710.8069048575143,1.899837623803297
710.9069048575143,1.89996225599737
711.0069048575143,1.8999995126502869
711.1069048575143,1.8998831811692523
711.2069048575144,1.8995624550347503
711.3069048575144,1.8990374377613835
711.4069048575144,1.8983082987737214
711.5069048575144,1.8973752733151845
711.6069048575145,1.8962386623215504
711.7069048575145,1.8948988322591904
711.8069048575145,1.8933562149281482
711.9069048575145,1.8916113072302145
712.0069048575145,1.8896646709021716
712.1069048575146,1.8875169322144036
712.2069048575146,1.885168781635107
712.3069048575146,1.8826209734603447
712.4069048575146,1.879874325410227
712.5069048575147,1.8769297181915208
712.6069048575147,1.8737880950270132
712.7069048575147,1.8704504611519825
712.8069048575147,1.8669178832781537
712.9069048575147,1.8631914890255366
713.0069048575148,1.8592724663225721
713.1069048575148,1.855162062775034
713.2069048575148,1.8508615850041503
713.3069048575148,1.8463723979544449
713.4069048575149,1.8416959241718032
713.5069048575149,1.8368336430523031
713.6069048575149,1.8317870900623623
713.7069048575149,1.8265578559307802
713.806904857515,1.821147585813269
713.906904857515,1.8155579784300842
714.006904857515,1.8097907851773944
714.106904857515,1.8038478092130352
714.206904857515,1.7977309045173147
714.3069048575151,1.7914419749295625
714.4069048575151,1.7849829731611115
714.5069048575151,1.7783558997854394
714.6069048575151,1.771562802206193
714.7069048575152,1.7646057736038436
714.8069048575152,1.7574869518617295
714.9069048575152,1.7502085184722596
715.0069048575152,1.742772697424055
715.1069048575152,1.7351817540708296
715.2069048575153,1.7274379939828084
715.3069048575153,1.7195437617814975
715.4069048575153,1.7115014399586344
715.5069048575153,1.703313447680143
715.6069048575154,1.6949822395759377
715.7069048575154,1.6865103045164187
715.8069048575154,1.6779001643765097
715.9069048575154,1.669154372788099
716.0069048575155,1.66027551388174
716.1069048575155,1.6512662010184815
716.2069048575155,1.642129075512689
716.3069048575155,1.6328668053467346
716.4069048575155,1.6234820838784212
716.5069048575156,1.6139776285420169
716.6069048575156,1.6043561795437695
716.7069048575156,1.594620498552774
716.8069048575156,1.584773367388062
716.9069048575157,1.5748175867027805
717.0069048575157,1.5647559746663255
717.1069048575157,1.5545913656452908
717.2069048575157,1.5443266088840861
717.3069048575157,1.5339645671860795
717.4069048575158,1.5235081155961054
717.5069048575158,1.5129601400851806
717.6069048575158,1.5023235362382554
717.7069048575158,1.4916012079458263
717.8069048575159,1.4807960661002264
717.9069048575159,1.4699110272973945
718.0069048575159,1.4589490125449234
718.1069048575159,1.44791294597717
718.206904857516,1.4368057535782046
718.306904857516,1.4256303619133581
718.406904857516,1.4143896968701213
718.506904857516,1.4030866824091341
718.606904857516,1.3917242393259848
718.7069048575161,1.380305284024538
718.8069048575161,1.3688327273024796
718.9069048575161,1.3573094731497672
719.0069048575161,1.3457384175606486
719.1069048575162,1.3341224473598996
719.2069048575162,1.3224644390439193
719.3069048575162,1.3107672576372957
719.4069048575162,1.299033755565449
719.5069048575162,1.2872667715439292
719.6069048575163,1.2754691294849452
719.7069048575163,1.2636436374216606
719.8069048575163,1.2517930864507985
719.9069048575163,1.23992024969406
720.0069048575164,1.2280278812788503
720.1069048575164,1.21611871533879
720.2069048575164,1.2041954650344586
720.3069048575164,1.192260821594815
720.4069048575165,1.1803174533797007
720.5069048575165,1.1683680049638288
720.6069048575165,1.1564150962426283
720.7069048575165,1.1444613215603037
720.8069048575165,1.132509248860443
720.9069048575166,1.120561418859488
721.0069048575166,1.1086203442433629
721.1069048575166,1.0966885088875347
721.2069048575166,1.0847683671007595
721.3069048575167,1.0728623428927468
721.4069048575167,1.060972829265955
721.5069048575167,1.049102187531712
721.6069048575167,1.0372527466508294
721.7069048575167,1.0254268025988669
721.8069048575168,1.0136266177561748
721.9069048575168,1.001854420322827
722.0069048575168,0.9901124037585384
722.1069048575168,0.9784027262476344
722.2069048575169,0.9667275101891313
722.3069048575169,0.9550888417119532
722.4069048575169,0.9434887702153048
722.5069048575169,0.9319293079341926
722.606904857517,0.9204124295300704
722.706904857517,0.9089400717065672
722.806904857517,0.8975141328502366
722.906904857517,0.886136472696249
723.006904857517,0.8748089120189295
723.1069048575171,0.8635332323470293
723.2069048575171,0.8523111757035977
723.3069048575171,0.841144444370309
723.4069048575171,0.8300347006760778
723.5069048575172,0.8189835668097866
723.6069048575172,0.8079926246569245
723.7069048575172,0.7970634156599318
723.8069048575172,0.7861974407020196
723.9069048575172,0.7753961600142266
724.0069048575173,0.7646609931054577
724.1069048575173,0.7539933187152351
724.2069048575173,0.7433944747888827
724.3069048575173,0.7328657584748449
724.4069048575174,0.722408426143838
724.5069048575174,0.7120236934295102
724.6069048575174,0.7017127352902823
724.7069048575174,0.6914766860920271
724.8069048575175,0.6813166397112335
724.9069048575175,0.6712336496582944
725.0069048575175,0.6612287292205442
725.1069048575175,0.6513028516246655
725.2069048575175,0.6414569502180734
725.3069048575176,0.6316919186688777
725.4069048575176,0.6220086111840193
725.5069048575176,0.6124078427451608
725.6069048575176,0.6028903893619157
725.7069048575177,0.5934569883419842
725.8069048575177,0.5841083385777636
725.9069048575177,0.574845100848992
726.0069048575177,0.5656678981409845
726.1069048575177,0.5565773159780061
726.2069048575178,0.547573902771334
726.3069048575178,0.5386581701815484
726.4069048575178,0.5298305934945925
726.5069048575178,0.521091612011137
726.6069048575179,0.5124416294487844
726.7069048575179,0.5038810143566453
726.8069048575179,0.49541010054181644
726.9069048575179,0.4870291875072892
727.006904857518,0.47873854090081963
727.106904857518,0.4705383929742867
727.206904857518,0.4624289430530672
727.306904857518,0.4544103580149579
727.406904857518,0.44648277277817283
727.5069048575181,0.43864629079794915
727.6069048575181,0.43090098457129344
727.7069048575181,0.4232468961494022
727.8069048575181,0.41568403765729733
727.9069048575182,0.40821239182021407
728.0069048575182,0.4008319124962835
728.1069048575182,0.39354252521506206
728.2069048575182,0.38634412772145077
728.3069048575182,0.37923659052456526
728.4069048575183,0.37221975745111197
728.5069048575183,0.3652934462028348
728.6069048575183,0.3584574489176024
728.7069048575183,0.3517115327337071
728.8069048575184,0.3450554403569576
728.9069048575184,0.33848889063014875
729.0069048575184,0.3320115791045001
729.1069048575184,0.32562317861266077
729.2069048575185,0.3193233398428848
729.3069048575185,0.31311169191398586
729.4069048575185,0.30698784295069065
729.5069048575185,0.3009513806590153
729.6069048575185,0.29500187290129476
729.7069048575186,0.2891388682705064
729.8069048575186,0.283361896663534
729.9069048575186,0.2776704698530259
730.0069048575186,0.27206408205751087
730.1069048575187,0.266542210509442
730.2069048575187,0.2611043160208462
730.3069048575187,0.2557498435462678
730.4069048575187,0.2504782227427004
730.5069048575187,0.2452888685262103
730.6069048575188,0.24018118162496563
730.7069048575188,0.23515454912838962
730.8069048575188,0.2302083450321691
730.9069048575188,0.22534193077885575
731.0069048575189,0.22055465579380726
731.1069048575189,0.21584585801622394
731.2069048575189,0.2112148644250451
731.3069048575189,0.2066609915594797
731.406904857519,0.20218354603395106
731.506904857519,0.19778182504724978
731.606904857519,0.19345511688569136
731.706904857519,0.1892027014200899
731.806904857519,0.18502385059636342
731.9069048575191,0.18091782891959757
732.0069048575191,0.17688389393140277
732.1069048575191,0.17292129668040707
732.2069048575191,0.16902928218573837
732.3069048575192,0.165207089893355
732.4069048575192,0.16145395412509406
732.5069048575192,0.15776910452031545
732.6069048575192,0.15415176647002643
732.7069048575192,0.15060116154338035
732.8069048575193,0.1471165079064523
732.9069048575193,0.14369702073320068
733.0069048575193,0.14034191260853288
733.1069048575193,0.13705039392340052
733.2069048575194,0.13382167326185723
733.3069048575194,0.13065495778002026
733.4069048575194,0.1275494535768829
733.5069048575194,0.12450436605693509
733.6069048575195,0.12151890028455214
733.7069048575195,0.11859226133012385
733.8069048575195,0.11572365460789848
733.9069048575195,0.11291228620552593
734.0069048575195,0.11015736320528899
734.1069048575196,0.10745809399701982
734.2069048575196,0.1048136885827032
734.3069048575196,0.10222335887277584
734.4069048575196,0.09968631897413611
734.5069048575197,0.09720178546988406
734.6069048575197,0.09476897769081874
734.7069048575197,0.0923871179787232
734.8069048575197,0.09005543194147501
734.9069048575197,0.08777314870002359
735.0069048575198,0.08553950112728158
735.1069048575198,0.08335372607898235
735.2069048575198,0.08121506461655903
735.3069048575198,0.07912276222210791
735.4069048575199,0.07707606900549979
735.5069048575199,0.07507423990370915
735.6069048575199,0.07311653487243545
735.7069048575199,0.07120221907009301
735.80690485752,0.06933056303425042
735.90690485752,0.06750084285060447
736.00690485752,0.06571234031457626
736.10690485752,0.0639643430856201
736.20690485752,0.06225614483433949
736.3069048575201,0.060587045382507386
736.4069048575201,0.05895635083608964
736.5069048575201,0.05736337371137414
736.6069048575201,0.055807433054310365
736.7069048575202,0.05428785455316528
736.8069048575202,0.05280397064460571
736.9069048575202,0.05135512061331638
737.0069048575202,0.049940650685267665
737.1069048575202,0.04855991411474632
737.2069048575203,0.04721227126526499
737.3069048575203,0.04589708968446816
737.4069048575203,0.04461374417315219
737.5069048575203,0.04336161684851908
737.6069048575204,0.042140097201784556
737.7069048575204,0.040948582150261086
737.8069048575204,0.03978647608403857
737.9069048575204,0.03865319090738434
738.0069048575205,0.0375481460749858
738.1069048575205,0.03647076862315937
738.2069048575205,0.03542049319614842
738.3069048575205,0.03439676206763453
738.4069048575205,0.03339902515758552
738.5069048575206,0.03242674004456386
738.6069048575206,0.03147937197361851
738.7069048575206,0.030556393859883797
738.8069048575206,0.02965728628800767
738.9069048575207,0.028781537507531565
739.0069048575207,0.027928643424343588
739.1069048575207,0.027098107588325968
739.2069048575207,0.02628944117731699
739.3069048575207,0.02550216297750681
739.4069048575208,0.024735799360385714
739.5069048575208,0.023989884256362157
739.6069048575208,0.023263959125167634
739.7069048575208,0.022557572923162742
739.8069048575209,0.021870282067659893
739.9069048575209,0.021201650398374537
740.0069048575209,0.0205512491361174
740.1069048575209,0.019918656838837406
740.206904857521,0.01930345935512472
740.306904857521,0.01870524977528113
740.406904857521,0.018123628380063733
740.506904857521,0.017558202587206355
740.606904857521,0.01700858689582175
740.7069048575211,0.016474402828785508
740.8069048575211,0.01595527887320151
740.9069048575211,0.015450850419046468
741.0069048575211,0.014960759696090238
741.1069048575212,0.014484655709185697
741.2069048575212,0.014022194172021342
741.3069048575212,0.013573037439427109
741.4069048575212,0.013136854438322729
741.5069048575212,0.012713320597395562
741.6069048575213,0.012302117775593428
741.7069048575213,0.011902934189515877
741.8069048575213,0.011515464339785553
741.9069048575213,0.011139408936479288
742.0069048575214,0.010774474823696999
742.1069048575214,0.010420374903344066
742.2069048575214,0.01007682805820152
742.3069048575214,0.009743559074356093
742.4069048575215,0.009420298563060363
742.5069048575215,0.00910678288209152
742.6069048575215,0.00880275405667519
742.7069048575215,0.008507959700038849
742.8069048575215,0.008222152933657797
742.9069048575216,0.007945092307254317
743.0069048575216,0.007676541718609239
743.1069048575216,0.0074162703332431145
743.2069048575216,0.007164052504022115
743.3069048575217,0.006919667690742592
743.4069048575217,0.00668290037974569
743.5069048575217,0.006453540003612217
743.6069048575217,0.006231380860985909
743.7069048575217,0.0060162220365715694
743.8069048575218,0.005807867321352826
743.9069048575218,0.005606125133072517
744.0069048575218,0.005410808437017197
744.1069048575218,0.00522173466714535
744.2069048575219,0.0050387256475974565
744.3069048575219,0.004861607514624364
744.4069048575219,0.00469021063896889
744.5069048575219,0.004524369548733979
744.606904857522,0.004363922852769172
744.706904857522,0.0042087131646058075
744.806904857522,0.004058587026969634
744.906904857522,0.003913394836898376
745.006904857522,0.003772990771490051
745.1069048575221,0.00363723271430676
745.2069048575221,0.0035059821824570464
745.3069048575221,0.0033791042543787502
745.4069048575221,0.0032564674983429224
745.5069048575222,0.003137943901698085
745.6069048575222,0.0030234088008728862
745.7069048575222,0.0029127408121540285
745.8069048575222,0.002805821763255042
745.9069048575222,0.0027025366256904675
746.0069048575223,0.0026027734479688153
746.1069048575223,0.002506423289616517
746.2069048575223,0.0024133801560441708
746.3069048575223,0.002323540934265156
746.4069048575224,0.002236805329475885
746.5069048575224,0.002153075802505792
746.6069048575224,0.002072257508144374
746.7069048575224,0.0019942582343515786
746.8069048575225,0.0019189883423569654
746.9069048575225,0.0018463607076522482
747.0069048575225,0.0017762906618809498
747.1069048575225,0.0017086959356280818
747.2069048575225,0.0016434966021120724
747.3069048575226,0.0015806150217803111
747.4069048575226,0.001519975787809005
747.5069048575226,0.0014615056725073982
747.6069048575226,0.001405133574625604
747.7069048575227,0.0013507904675648347
747.8069048575227,0.001298409348488018
747.9069048575227,0.0012479251883283423
748.0069048575227,0.0011992748826926225
748.1069048575227,0.0011523972036558607
748.2069048575228,0.0011072327524428791
748.3069048575228,0.0010637239129923782
748.4069048575228,0.0010218148063983093
748.5069048575228,0.0009814512462230196
748.6069048575229,0.0009425806946761835
748.7069048575229,0.0009051522196531554
748.8069048575229,0.0008691164526259384
748.9069048575229,0.00083442554737969
749.006904857523,0.000801033139587261
749.106904857523,0.0007688943072140013
749.206904857523,0.0007379655317447203
749.306904857523,0.0007082046602244364
749.406904857523,0.0006795708681042831
749.5069048575231,0.0006520246228836676
749.6069048575231,0.0006255276485395788
749.7069048575231,0.0006000428907337021
749.8069048575231,0.0005755344827878314
749.9069048575232,0.0005519677124178603
750.0069048575232,0.0005293089892164816
750.1069048575232,0.0005075258128745854
750.2069048575232,0.0004865867421311896
750.3069048575233,0.0004664613644416293
750.4069048575233,0.000447120266353626
750.5069048575233,0.00042853500458075235
750.6069048575233,0.0004106780777627434
750.7069048575233,0.00039352289890200415
750.8069048575234,0.00037704376846566033
750.9069048575234,0.00036121584814238387
751.0069048575234,0.000346015135243258
751.1069048575234,0.0003314184377358706
751.2069048575235,0.00031740334990083504
751.3069048575235,0.000303948228599931
751.4069048575235,0.00029103217014506035
751.5069048575235,0.0002786349877572139
751.6069048575235,0.0002667371896046974
751.7069048575236,0.00025531995740985924
751.8069048575236,0.0002443651256136298
751.9069048575236,0.00023385516108720948
752.0069048575236,0.00022377314338029893
752.1069048575237,0.0002141027454953379
752.2069048575237,0.00020482821517725413
752.3069048575237,0.00019593435670833427
752.4069048575237,0.00018740651319786592
752.5069048575238,0.00017923054935631958
752.6069048575238,0.00017139283474389494
752.7069048575238,0.00016388022748336923
752.8069048575238,0.00015668005842727842
752.9069048575238,0.00014978011576955005
753.0069048575239,0.00014316863009183133
753.1069048575239,0.00013683425983484663
753.2069048575239,0.00013076607718524419
753.3069048575239,0.00012495355436849528
753.406904857524,0.00011938655033853562
753.506904857524,0.00011405529785495635
753.606904857524,0.00010895039093866919
753.706904857524,0.00010406277269710746
753.806904857524,9.938372351013831e-05
753.9069048575241,9.490484956800042e-05
754.0069048575241,9.061807175270577e-05
754.1069048575241,8.651561485447633e-05
754.2069048575241,8.25899971149251e-05
754.3069048575242,7.883402008881415e-05
754.4069048575242,7.524075881636634e-05
754.5069048575242,7.180355229824006e-05
754.6069048575242,6.851599426540782e-05
754.7069048575243,6.537192423632062e-05
754.8069048575243,6.236541885387615e-05
754.9069048575243,5.9490783494841286e-05
755.0069048575243,5.6742544144519014e-05
755.1069048575243,5.411543952958608e-05
755.2069048575244,5.1604413502160676e-05
755.3069048575244,4.920460766829857e-05
755.4069048575244,4.69113542542474e-05
755.5069048575244,4.472016920392563e-05
755.6069048575245,4.262674550122519e-05
755.7069048575245,4.062694671086892e-05
755.8069048575245,3.871680073168638e-05
755.9069048575245,3.6892493756302404e-05
756.0069048575245,3.515036443136215e-05
756.1069048575246,3.348689821254436e-05
756.2069048575246,3.189872190874333e-05
756.3069048575246,3.038259840992422e-05
756.4069048575246,2.8935421593282966e-05
756.5069048575247,2.7554211402463783e-05
756.6069048575247,2.6236109094709585e-05
756.7069048575247,2.4978372650942114e-05
756.8069048575247,2.377837234388549e-05
756.9069048575248,2.2633586459465448e-05
757.0069048575248,2.154159716683236e-05
757.1069048575248,2.050008653246899e-05
757.2069048575248,1.950683267395762e-05
757.3069048575248,1.8559706049091046e-05
757.4069048575249,1.7656665876121327e-05
757.5069048575249,1.6795756681046405e-05
757.6069048575249,1.5975104967942387e-05
757.7069048575249,1.5192916008450467e-05
757.806904857525,1.4447470746630542e-05
757.906904857525,1.3737122815494473e-05
758.006904857525,1.3060295661628527e-05
758.106904857525,1.2415479774412716e-05
758.206904857525,1.1801230016438408e-05
758.3069048575251,1.1216163051818973e-05
758.4069048575251,1.0658954869179269e-05
758.5069048575251,1.0128338396199327e-05
758.6069048575251,9.62310120267438e-06
758.7069048575252,9.142083289140128e-06
758.8069048575252,8.684174958195204e-06
758.9069048575252,8.248314765735723e-06
759.0069048575252,7.833487549396367e-06
759.1069048575253,7.43872253157209e-06
759.2069048575253,7.063091494470746e-06
759.3069048575253,6.705707024722348e-06
759.4069048575253,6.365720825144271e-06
759.5069048575253,6.04232209133353e-06
759.6069048575254,5.734735950827101e-06
759.7069048575254,5.442221962640325e-06
759.8069048575254,5.164072675059569e-06
759.9069048575254,4.899612239631031e-06
760.0069048575255,4.648195079351323e-06
760.1069048575255,4.409204609126947e-06
760.2069048575255,4.182052006630863e-06
760.3069048575255,3.966175031743114e-06
760.4069048575255,3.7610368928199233e-06
760.5069048575256,3.566125158091719e-06
760.6069048575256,3.380950710545069e-06
760.7069048575256,3.205046744696721e-06
760.8069048575256,3.0379678037192595e-06
760.9069048575257,2.8792888554288037e-06
761.0069048575257,2.728604405693499e-06
761.1069048575257,2.5855276478695065e-06
761.2069048575257,2.4496896469174302e-06
761.3069048575258,2.320738556896977e-06
761.4069048575258,2.1983388705816215e-06
761.5069048575258,2.082170699977267e-06
761.6069048575258,1.971929086570349e-06
761.7069048575258,1.8673233401709925e-06
761.8069048575259,1.768076405255445e-06
761.9069048575259,1.6739242537501982e-06
762.0069048575259,1.5846153032365816e-06
762.1069048575259,1.4999098595903128e-06
762.206904857526,1.4195795831050775e-06
762.306904857526,1.3434069771824877e-06
762.406904857526,1.2711848987035e-06
762.506904857526,1.2027160892275348e-06
762.606904857526,1.1378127261963388e-06
762.7069048575261,1.0762959933489405e-06
762.8069048575261,1.0179956695827954e-06
762.9069048575261,9.627497355239297e-07
763.0069048575261,9.104039970956887e-07
763.1069048575262,8.608117254017488e-07
763.2069048575262,8.138333122641418e-07
763.3069048575262,7.693359407814371e-07
763.4069048575262,7.271932702957217e-07
763.5069048575263,6.872851351798621e-07
763.6069048575263,6.494972568784737e-07
763.7069048575263,6.137209686574051e-07
763.8069048575263,5.798529525370751e-07
763.9069048575263,5.477949879049254e-07
764.0069048575264,5.174537113214379e-07
764.1069048575264,4.887403870528171e-07
764.2069048575264,4.6157068788126327e-07
764.3069048575264,4.358644857611993e-07
764.4069048575265,4.115456519064355e-07
764.5069048575265,3.8854186590949104e-07
764.6069048575265,3.667844335097847e-07
764.7069048575265,3.4620811264251833e-07
764.8069048575265,3.2675094741450937e-07
764.9069048575266,3.08354109667266e-07
765.0069048575266,2.9096174780106155e-07
765.1069048575266,2.745208425467696e-07
765.2069048575266,2.5898106938476797e-07
765.3069048575267,2.4429466732228647e-07
765.4069048575267,2.3041631375222615e-07
765.5069048575267,2.1730300512768579e-07
765.6069048575267,2.049139431972335e-07
765.7069048575268,1.9321042655636785e-07
765.8069048575268,1.8215574728062293e-07
765.9069048575268,1.7171509241542476e-07
766.0069048575268,1.6185545010707418e-07
766.1069048575268,1.5254552016816802e-07
766.2069048575269,1.437556288793695e-07
766.3069048575269,1.3545764783769074e-07
766.4069048575269,1.276249166694118e-07
766.5069048575269,1.2023216943339951e-07
766.606904857527,1.1325546454793718e-07
766.706904857527,1.0667211808125336e-07
766.806904857527,1.004606402527072e-07
766.906904857527,9.460067499812996e-08
767.006904857527,8.90729424590855e-08
767.1069048575271,8.385918426182907e-08
767.2069048575271,7.89421114575323e-08
767.3069048575271,7.430535500089062e-08
767.4069048575271,6.993341864956542e-08
767.5069048575272,6.5811634172024e-08
767.6069048575272,6.192611875625469e-08
767.7069048575272,5.8263734516549814e-08
767.8069048575272,5.4812050000061156e-08
767.9069048575273,5.155930359918036e-08
768.0069048575273,4.849436877994571e-08
768.1069048575273,4.560672104067226e-08
768.2069048575273,4.2886406518820374e-08
768.3069048575273,4.0324012167785866e-08
768.4069048575274,3.791063742880639e-08
768.5069048575274,3.563786732654326e-08
768.6069048575274,3.349774692012713e-08
768.7069048575274,3.1482757044537684e-08
768.8069048575275,2.9585791280152707e-08
768.9069048575275,2.7800134091130902e-08
769.0069048575275,2.6119440076007534e-08
769.1069048575275,2.4537714276476136e-08
769.2069048575275,2.3049293492817243e-08
769.3069048575276,2.164882855681165e-08
769.4069048575276,2.0331267515250212e-08
769.5069048575276,1.90918396793332e-08
769.6069048575276,1.7926040497327987e-08
769.7069048575277,1.6829617209850923e-08
769.8069048575277,1.5798555249039e-08
769.9069048575277,1.4829065344698758e-08
770.0069048575277,1.3917571302260056e-08
770.1069048575278,1.3060698419022947e-08
770.2069048575278,1.2255262506777146e-08
770.3069048575278,1.1498259490390194e-08
770.4069048575278,1.0786855553409697e-08
770.5069048575278,1.0118377803111832e-08
770.6069048575279,9.490305428748891e-09
770.7069048575279,8.900261328012153e-09
770.8069048575279,8.34600417793184e-09
770.9069048575279,7.825420927585842e-09
771.006904857528,7.336519691087296e-09
771.106904857528,6.877423020368442e-09
771.206904857528,6.446361538278198e-09
771.306904857528,6.041667913463097e-09
771.406904857528,5.661771159412263e-09
