414.6305041763156,0.09355112089116861
414.7305041763156,0.09685272935998995
414.8305041763156,0.10031094770992338
414.93050417631565,0.1039340613046379
415.0305041763157,0.10773071217789389
415.1305041763157,0.11170988682481554
415.2305041763157,0.115880896028079
415.33050417631574,0.12025334487531807
415.43050417631576,0.12483709079670176
415.5305041763158,0.12964218708347972
415.6305041763158,0.13467880894020276
415.73050417631583,0.13995715867922146
415.83050417631586,0.14548734619424575
415.9305041763159,0.15127924036469248
416.0305041763159,0.15734228656712354
416.1305041763159,0.1636852850383151
416.23050417631595,0.17031612449481862
416.33050417631597,0.17724146523277398
416.430504176316,0.1844663659976394
416.530504176316,0.19199384934040786
416.63050417631604,0.19982440110701977
416.73050417631606,0.20795540131212883
416.8305041763161,0.21638048612391303
416.9305041763161,0.2250888442467291
417.03050417631613,0.23406445584560107
417.13050417631615,0.24328528849300338
417.2305041763162,0.25272247254197466
417.3305041763162,0.2623394878131998
417.4305041763162,0.2720914042888021
417.53050417631624,0.2819242310947895
417.63050417631626,0.2917744395045795
417.7305041763163,0.3015687356344553
417.8305041763163,0.3112241650912727
417.93050417631633,0.32064863284934286
418.03050417631636,0.32974191467194347
418.1305041763164,0.33839721922859406
418.2305041763164,0.34650333116376075
418.3305041763164,0.3539473245320534
418.43050417631645,0.3606177849337673
418.53050417631647,0.3664084213991027
418.6305041763165,0.3712218919629667
418.7305041763165,0.37497361811738034
418.83050417631654,0.3775953316947951
418.93050417631656,0.3790380908925343
419.0305041763166,0.3792753233354431
419.1305041763166,0.37831465950316345
419.23050417631663,0.37617827505640394
419.33050417631665,0.37290579172652966
419.4305041763167,0.3685566052654051
419.5305041763167,0.36320725358011996
419.6305041763167,0.35694817647928806
419.73050417631674,0.3498801121821527
419.83050417631677,0.3421103806569475
419.9305041763168,0.3337492831926374
420.0305041763168,0.32490680754724766
420.13050417631683,0.31568977650067304
420.23050417631686,0.30619952270432244
420.3305041763169,0.29653012116117305
420.4305041763169,0.286767167271806
420.5305041763169,0.2769870557062098
420.63050417631695,0.26725669398159785
420.73050417631697,0.25763357362629674
420.830504176317,0.24816611936037491
420.930504176317,0.23889424061386136
421.03050417631704,0.22985001774376745
421.13050417631706,0.2210584655924314
421.2305041763171,0.21253832804869485
421.3305041763171,0.20430286795815047
421.43050417631713,0.1963606263993559
421.53050417631715,0.1887161336396583
421.6305041763172,0.18137056088547404
421.7305041763172,0.17432230728743028
421.8305041763172,0.16756752068822978
421.93050417631724,0.16110055349685473
422.03050417631727,0.15491435703785067
422.1305041763173,0.14900081895270384
422.2305041763173,0.14335104889571168
422.33050417631733,0.13795561801769324
422.43050417631736,0.13280475768906164
422.5305041763174,0.12788852267555206
422.6305041763174,0.12319692361924912
422.7305041763174,0.1187200332495528
422.83050417631745,0.11444807029305239
422.93050417631747,0.11037146459547172
423.0305041763175,0.10648090653111608
423.1305041763175,0.10276738336681694
423.23050417631754,0.09922220487438398
423.33050417631756,0.09583702015058908
423.4305041763176,0.0926038273068309
423.5305041763176,0.08951497743037154
423.63050417631763,0.08656317399294093
423.73050417631765,0.08374146868759229
423.8305041763177,0.08104325450777003
423.9305041763177,0.07846225674043356
424.0305041763177,0.0759925224247017
424.13050417631774,0.07362840872599966
424.23050417631777,0.07136457059050673
424.3305041763178,0.0691959479734939
424.4305041763178,0.06711775287584912
424.53050417631783,0.0651254563739115
424.63050417631786,0.06321477578710989
424.7305041763179,0.06138166209447662
424.8305041763179,0.059622287683723796
424.9305041763179,0.05793303449424526
425.03050417631795,0.05631048259729575
425.13050417631797,0.05475139924199766
425.230504176318,0.053252728384129734
425.330504176318,0.051811580705361744
425.43050417631804,0.05042522412328943
425.53050417631806,0.04909107478694255
425.6305041763181,0.04780668854808992
425.7305041763181,0.04656975289540371
425.83050417631813,0.04537807933616575
425.93050417631815,0.044229596208533103
426.0305041763182,0.04312234190628689
426.1305041763182,0.04205445849735335
426.2305041763182,0.041024185717112534
426.33050417631824,0.04002985531752048
426.43050417631827,0.03906988575330164
426.5305041763183,0.03814277718686552
426.6305041763183,0.03724710679412457
426.73050417631833,0.03638152435400375
426.83050417631836,0.03554474810510794
426.9305041763184,0.0347355608537299
427.0305041763184,0.033952806318121004
427.1305041763184,0.03319538569469447
427.23050417631845,0.032462254432577185
427.33050417631847,0.03175241920366126
427.4305041763185,0.031064935056024784
427.5305041763185,0.03039890273928836
427.63050417631854,0.029753466191145023
427.73050417631856,0.02912781017494582
427.8305041763186,0.028521158058838644
427.9305041763186,0.02793276972754342
428.03050417631863,0.027361939618402827
428.13050417631865,0.026807994873873784
428.2305041763187,0.026270293603121858
428.3305041763187,0.025748223245849133
428.4305041763187,0.025241199031927133
428.53050417631874,0.024748662530820427
428.63050417631877,0.024270080285175914
428.7305041763188,0.023804942523317083
428.8305041763188,0.023352761945724543
428.93050417631883,0.02291307258090394
429.03050417631886,0.022485428706341414
429.1305041763189,0.02206940383052707
429.2305041763189,0.021664589732287878
429.3305041763189,0.021270595553916135
429.43050417631895,0.020887046944807676
429.53050417631897,0.020513585252536923
429.630504176319,0.020149866758494964
429.730504176319,0.019795561955402226
429.83050417631904,0.019450354864180654
429.93050417631906,0.01911394238783188
430.0305041763191,0.01878603370011872
430.1305041763191,0.01846634966698804
430.23050417631913,0.01815462229880441
430.33050417631915,0.01785059423158635
430.4305041763192,0.017554018235551704
430.5305041763192,0.01726465674938495
430.6305041763192,0.01698228143873935
430.73050417631924,0.016706672777579534
430.83050417631927,0.016437619651057236
430.9305041763193,0.01617491897869383
431.0305041763193,0.015918375356719215
431.13050417631933,0.015667800718487338
431.23050417631936,0.015423014011954799
431.3305041763194,0.015183840893270803
431.4305041763194,0.014950113435584566
431.5305041763194,0.014721669852230264
431.63050417631945,0.014498354233500176
431.73050417631947,0.014280016296264023
431.8305041763195,0.014066511145736652
431.9305041763195,0.013857699048737683
432.03050417631954,0.013653445217825537
432.13050417631956,0.0134536196057245
432.2305041763196,0.013258096709497564
432.3305041763196,0.013066755383949614
432.43050417631963,0.01287947866377537
432.53050417631965,0.012696153593994593
432.6305041763197,0.012516671068243222
432.7305041763197,0.012340925674513767
432.8305041763197,0.012168815547961447
432.93050417631974,0.01200024223041416
433.03050417631977,0.011835110536244822
433.1305041763198,0.011673328424283673
433.2305041763198,0.011514806875466153
433.33050417631983,0.011359459775928792
433.43050417631986,0.011207203805281453
433.5305041763199,0.01105795832979916
433.6305041763199,0.010911645300290799
433.7305041763199,0.010768189154415098
433.83050417631995,0.01062751672322685
433.93050417631997,0.010489557141747829
434.03050417632,0.010354241763368058
434.13050417632,0.010221504077893306
434.23050417632004,0.010091279633064486
434.33050417632006,0.009963505959383877
434.4305041763201,0.009838122498091694
434.5305041763201,0.009715070532144715
434.63050417632013,0.009594293120056432
434.73050417632015,0.00947573503246542
434.8305041763202,0.009359342691305476
434.9305041763202,0.00924506411145757
435.0305041763202,0.009132848844769802
435.13050417632024,0.009022647926337245
435.23050417632027,0.00891441382293911
435.3305041763203,0.008808100383535735
435.4305041763203,0.008703662791732849
435.53050417632033,0.00860105752012511
435.63050417632036,0.008500242286435287
435.7305041763204,0.008401176011369617
435.8305041763204,0.00830381877811369
435.9305041763204,0.008208131793396982
436.03050417632045,0.008114077350057583
436.13050417632047,0.008021618791042037
436.2305041763205,0.00793072047477828
436.3305041763205,0.007841347741862688
436.43050417632054,0.007753466883004997
436.53050417632056,0.0076670451081776066
436.6305041763206,0.0075820505169182
436.7305041763206,0.007498452069737115
436.83050417632063,0.007416219560583092
436.93050417632065,0.007335323590323237
437.0305041763207,0.00725573554119504
437.1305041763207,0.007177427552190279
437.2305041763207,0.007100372495332441
437.33050417632074,0.0070245439528110725
437.43050417632077,0.006949916194938128
437.5305041763208,0.0068764641588929505
437.6305041763208,0.006804163428224068
437.73050417632084,0.006732990213077332
437.83050417632086,0.0066629213311214
437.9305041763209,0.006593934189142744
438.0305041763209,0.00652600676528367
438.1305041763209,0.006459117591897956
438.23050417632095,0.006393245738999883
438.33050417632097,0.006328370798283415
438.430504176321,0.006264472867689376
438.530504176321,0.006201532536499372
438.63050417632104,0.006139530870936147
438.73050417632106,0.006078449400250923
438.8305041763211,0.006018270103279121
438.9305041763211,0.00595897539544663
439.03050417632113,0.005900548116209559
439.13050417632115,0.005842971516911111
439.2305041763212,0.005786229249039954
439.3305041763212,0.005730305352875018
439.4305041763212,0.005675184246502401
439.53050417632124,0.005620850715190528
439.63050417632127,0.005567289901110422
439.7305041763213,0.005514487293388325
439.8305041763213,0.0054624287184785805
439.93050417632134,0.00541110033084507
440.03050417632136,0.005360488603940044
440.1305041763214,0.005310580321469574
440.2305041763214,0.005261362568935367
440.3305041763214,0.0052128227254430014
440.43050417632145,0.005164948455767106
440.5305041763215,0.005117727702664376
440.6305041763215,0.005071148679425624
440.7305041763215,0.0050251998626585056
440.83050417632154,0.004979869985292763
440.93050417632156,0.004935148029800295
441.0305041763216,0.004891023221622519
441.1305041763216,0.00484748502279789
441.23050417632163,0.00480452312578264
441.33050417632165,0.004762127447458153
441.4305041763217,0.004720288123318524
441.5305041763217,0.004678995501832225
441.6305041763217,0.004638240138971943
441.73050417632174,0.004598012792906901
441.83050417632177,0.0045583044188522255
441.9305041763218,0.0045191061640700485
442.0305041763218,0.004480409363017344
442.13050417632184,0.004442205532635538
442.23050417632186,0.0044044863677772834
442.3305041763219,0.004367243736765804
442.4305041763219,0.0043304696770824855
442.5305041763219,0.00429415639117853
442.63050417632195,0.0042582962424065765
442.730504176322,0.004222881751068462
442.830504176322,0.004187905590575297
442.930504176322,0.004153360583716292
443.03050417632204,0.004119239699032806
443.13050417632206,0.004085536047294281
443.2305041763221,0.004052242878072785
443.3305041763221,0.004019353576413076
443.43050417632213,0.003986861659595125
443.53050417632215,0.003954760773986208
443.6305041763222,0.003923044691979775
443.7305041763222,0.0038917073090183303
443.8305041763222,0.003860742640697773
443.93050417632224,0.0038301448199506154
444.03050417632227,0.0037999080943056846
444.1305041763223,0.0037700268232219157
444.2305041763223,0.0037404954754939965
444.33050417632234,0.0037113086267276376
444.43050417632236,0.0036824609568823765
444.5305041763224,0.0036539472478798454
444.6305041763224,0.003625762381275525
444.7305041763224,0.003597901335992095
444.83050417632245,0.0035703591861124973
444.9305041763225,0.003543131098730961
445.0305041763225,0.0035162123318602323
445.1305041763225,0.003489598232393372
445.23050417632254,0.0034632842341184656
445.33050417632256,0.0034372658557847396
445.4305041763226,0.0034115386992185173
445.5305041763226,0.0033860984474876014
445.63050417632263,0.0033609408631126467
445.73050417632265,0.003336061786324159
445.8305041763227,0.0033114571333638146
445.9305041763227,0.0032871228948287957
446.0305041763227,0.0032630551340579366
446.13050417632275,0.0032392499855584465
446.23050417632277,0.003215703653472088
446.3305041763228,0.003192412410079651
446.4305041763228,0.003169372594342672
446.53050417632284,0.003146580610481315
446.63050417632286,0.0031240329265874132
446.7305041763229,0.0031017260732716877
446.8305041763229,0.003079656642344164
446.9305041763229,0.0030578212855268965
447.03050417632295,0.003036216713198063
447.130504176323,0.0030148396931665984
447.230504176323,0.002993687049476493
447.330504176323,0.0029727556612399652
447.43050417632304,0.0029520424614986967
447.53050417632306,0.002931544436112377
447.6305041763231,0.002911258622673807
447.7305041763231,0.0028911821094498415
447.83050417632313,0.0028713120343474754
447.93050417632315,0.002851645583904388
448.0305041763232,0.002832179992303297
448.1305041763232,0.0028129125404094783
448.2305041763232,0.002793840554830836
448.33050417632325,0.0027749614069999154
448.43050417632327,0.002756272512277293
448.5305041763233,0.0027377713290757566
448.6305041763233,0.002719455358004748
448.73050417632334,0.0027013221410345243
448.83050417632336,0.0026833692606795133
448.9305041763234,0.0026655943392003933
449.0305041763234,0.002647995037824366
449.1305041763234,0.0026305690559831943
449.23050417632345,0.002613314130568507
449.3305041763235,0.002596228035203955
449.4305041763235,0.0025793085795337706
449.5305041763235,0.0025625536085273136
449.63050417632354,0.0025459610017991904
449.73050417632356,0.002529528672944566
449.8305041763236,0.0025132545688892607
449.9305041763236,0.002497136669254275
450.03050417632363,0.0024811729857343737
450.13050417632365,0.0024653615614903665
450.2305041763237,0.002449700470554764
450.3305041763237,0.0024341878172504444
450.4305041763237,0.002418821735622037
450.53050417632375,0.0024036003888796838
450.63050417632377,0.002388521968854886
450.7305041763238,0.0023735846954681316
450.8305041763238,0.002358786816208013
450.93050417632384,0.0023441266056215596
451.03050417632386,0.002329602364815499
451.1305041763239,0.002315212420968198
451.2305041763239,0.002300955126851998
451.3305041763239,0.0022868288603657256
451.43050417632395,0.0022728320240770973
451.530504176324,0.0022589630447748107
451.630504176324,0.002245220373030067
451.730504176324,0.002231602482767312
451.83050417632404,0.0022181078708439694
451.93050417632406,0.0022047350566389524
452.0305041763241,0.0021914825816497494
452.1305041763241,0.002178349009097875
452.23050417632413,0.0021653329235424915
452.33050417632415,0.0021524329305020085
452.4305041763242,0.0021396476560834776
452.5305041763242,0.0021269757466195844
452.6305041763242,0.002114415868313084
452.73050417632425,0.002101966706888483
452.83050417632427,0.002089626967250819
452.9305041763243,0.0020773953731513615
453.0305041763243,0.0020652706668600734
453.13050417632434,0.002053251608844692
453.23050417632436,0.0020413369774562582
453.3305041763244,0.0020295255686209636
453.4305041763244,0.0020178161955381533
453.5305041763244,0.002006207688384369
453.63050417632445,0.0019946988940232626
453.7305041763245,0.001983288675721285
453.8305041763245,0.0019719759128689813
453.9305041763245,0.001960759500707801
454.03050417632454,0.0019496383500622759
454.13050417632456,0.0019386113870774502
454.2305041763246,0.001927677552961459
454.3305041763246,0.0019168358037331178
454.43050417632463,0.0019060851099744365
454.53050417632465,0.001895424456587925
454.6305041763247,0.0018848528425586051
454.7305041763247,0.0018743692807206111
454.8305041763247,0.0018639727975282847
454.93050417632475,0.0018536624328316647
455.03050417632477,0.001843437239656275
455.1305041763248,0.0018332962839871178
455.2305041763248,0.0018232386445567776
455.33050417632484,0.0018132634126375553
455.43050417632486,0.0018033696918375328
455.5305041763249,0.0017935565979004969
455.6305041763249,0.001783823258509626
455.7305041763249,0.0017741688130948725
455.83050417632495,0.001764592412643949
455.930504176325,0.0017550932195168527
456.030504176325,0.0017456704072638459
456.130504176325,0.0017363231604468163
456.23050417632504,0.0017270506744639605
456.33050417632506,0.001717852155377699
456.4305041763251,0.0017087268197457748
456.5305041763251,0.0016996738944554547
456.63050417632513,0.0016906926165607768
456.73050417632516,0.0016817822331227732
456.8305041763252,0.0016729420010526178
456.9305041763252,0.0016641711869576196
457.0305041763252,0.0016554690669900248
457.13050417632525,0.001646834926698551
457.23050417632527,0.0016382680608826063
457.3305041763253,0.001629767773449139
457.4305041763253,0.0016213333772720575
457.53050417632534,0.0016129641940541754
457.63050417632536,0.0016046595541916212
457.7305041763254,0.0015964187966406743
457.8305041763254,0.0015882412687869651
457.9305041763254,0.001580126326317003
458.03050417632545,0.0015720733330919735
458.1305041763255,0.0015640816610237721
458.2305041763255,0.0015561506899532185
458.3305041763255,0.0015482798075304098
458.43050417632554,0.001540468409097179
458.53050417632556,0.0015327158975716008
458.6305041763256,0.001525021683334521
458.7305041763256,0.0015173851841180537
458.83050417632563,0.001509805824896021
458.93050417632566,0.0015022830377762846
459.0305041763257,0.001494816261894943
459.1305041763257,0.0014874049433123487
459.2305041763257,0.001480048534910916
459.33050417632575,0.001472746496294679
459.43050417632577,0.001465498293690571
459.5305041763258,0.0014583033998513874
459.6305041763258,0.0014511612939604036
459.73050417632584,0.0014440714615376073
459.83050417632586,0.0014370333943475287
459.9305041763259,0.0014300465903086218
460.0305041763259,0.0014231105534041788
460.1305041763259,0.0014162247935947383
460.23050417632595,0.001409388826731971
460.330504176326,0.0014026021744740025
460.430504176326,0.0013958643642021508
460.530504176326,0.0013891749289390563
460.63050417632604,0.001382533407268165
460.73050417632606,0.0013759393432545585
460.8305041763261,0.001369392286367084
460.9305041763261,0.0013628917914017772
461.03050417632613,0.0013564374184065408
461.13050417632616,0.001350028732607069
461.2305041763262,0.0013436653043339781
461.3305041763262,0.0013373467089511349
461.4305041763262,0.0013310725267851535
461.53050417632625,0.0013248423430560377
461.63050417632627,0.0013186557478089547
461.7305041763263,0.0013125123358471128
461.8305041763263,0.0013064117066657226
461.93050417632634,0.0013003534643870251
462.03050417632636,0.0012943372176963698
462.1305041763264,0.0012883625797793126
462.2305041763264,0.0012824291682597259
462.33050417632643,0.0012765366051388995
462.43050417632645,0.0012706845167356074
462.5305041763265,0.001264872533627137
462.6305041763265,0.0012591002905912466
462.7305041763265,0.0012533674265490487
462.83050417632654,0.0012476735845087913
462.93050417632656,0.0012420184115105321
463.0305041763266,0.0012364015585716783
463.1305041763266,0.0012308226806333842
463.23050417632663,0.0012252814365077867
463.33050417632666,0.0012197774888260706
463.4305041763267,0.0012143105039873379
463.5305041763267,0.0012088801521082783
463.6305041763267,0.001203486106973618
463.73050417632675,0.0011981280459873371
463.83050417632677,0.0011928056501246443
463.9305041763268,0.0011875186038846884
464.0305041763268,0.001182266595244002
464.13050417632684,0.0011770493156106547
464.23050417632686,0.0011718664597791181
464.3305041763269,0.0011667177258858116
464.4305041763269,0.001161602815365334
464.53050417632693,0.0011565214329073575
464.63050417632695,0.001151473286414178
464.730504176327,0.0011464580869589116
464.830504176327,0.0011414755487443194
464.930504176327,0.0011365253890622579
465.03050417632704,0.0011316073282537367
465.13050417632707,0.0011267210896695817
465.2305041763271,0.0011218663996316837
465.3305041763271,0.0011170429873948312
465.43050417632713,0.0011122505851091083
465.53050417632716,0.00110748892778286
465.6305041763272,0.001102757753246204
465.7305041763272,0.0010980568021150832
465.8305041763272,0.0010933858177558562
465.93050417632725,0.0010887445462504045
466.03050417632727,0.0010841327363617609
466.1305041763273,0.0010795501395002391
466.2305041763273,0.0010749965096900637
466.33050417632734,0.0010704716035364876
466.43050417632736,0.001065975180193393
466.5305041763274,0.0010615070013313625
466.6305041763274,0.0010570668311062185
466.73050417632743,0.001052654436128017
466.83050417632745,0.0010482695854304922
466.9305041763275,0.0010439120504409473
467.0305041763275,0.0010395816049505737
467.1305041763275,0.0010352780250852047
467.23050417632754,0.0010310010892764843
467.33050417632757,0.0010267505782334562
467.4305041763276,0.001022526274914555
467.5305041763276,0.0010183279645000008
467.63050417632763,0.0010141554343645867
467.73050417632766,0.0010100084740508534
467.8305041763277,0.001005886875242649
467.9305041763277,0.0010017904317390584
468.0305041763277,0.0009977189394287064
468.13050417632775,0.0009936721962644204
468.23050417632777,0.000989650002238255
468.3305041763278,0.0009856521593568635
468.4305041763278,0.0009816784716172177
468.53050417632784,0.0009777287449826678
468.63050417632786,0.0009738027873593382
468.7305041763279,0.0009699004085728509
468.8305041763279,0.0009660214203453753
468.93050417632793,0.000962165636272996
469.03050417632795,0.0009583328718033939
469.130504176328,0.0009545229442138408
469.230504176328,0.0009507356725894925
469.330504176328,0.0009469708778019862
469.43050417632804,0.0009432283824883283
469.53050417632807,0.0009395080110300779
469.6305041763281,0.0009358095895328115
469.7305041763281,0.0009321329458058693
469.83050417632813,0.0009284779093423816
469.93050417632816,0.0009248443112995626
470.0305041763282,0.000921231984479278
470.1305041763282,0.0009176407633088727
470.2305041763282,0.0009140704838222591
470.33050417632825,0.0009105209836412627
470.43050417632827,0.0009069921019572192
470.5305041763283,0.0009034836795128194
470.6305041763283,0.0008999955585841991
470.73050417632834,0.0008965275829632669
470.83050417632836,0.0008930795979402746
470.9305041763284,0.0008896514502866145
471.0305041763284,0.0008862429882378511
471.13050417632843,0.0008828540614769765
471.23050417632845,0.0008794845211178881
471.3305041763285,0.00087613421968909
471.4305041763285,0.0008728030111176049
471.5305041763285,0.0008694907507131025
471.63050417632854,0.0008661972951522347
471.73050417632857,0.000862922502463182
471.8305041763286,0.0008596662320103977
471.9305041763286,0.0008564283444795556
472.03050417632863,0.0008532087018626951
472.13050417632866,0.0008500071674435579
472.2305041763287,0.0008468236057831204
472.3305041763287,0.0008436578827053118
472.4305041763287,0.0008405098652829178
472.53050417632875,0.0008373794218236686
472.63050417632877,0.0008342664218565077
472.7305041763288,0.0008311707361180368
472.8305041763288,0.0008280922365391366
472.93050417632884,0.0008250307962317602
473.03050417632886,0.000821986289475896
473.1305041763289,0.0008189585917066983
473.2305041763289,0.0008159475795017837
473.33050417632893,0.0008129531305686884
473.43050417632895,0.0008099751237324864
473.530504176329,0.0008070134389235667
473.630504176329,0.0008040679571655651
473.730504176329,0.0008011385605634491
473.83050417632904,0.0007982251322917536
473.93050417632907,0.0007953275565829675
474.0305041763291,0.0007924457187160651
474.1305041763291,0.000789579505005183
474.23050417632913,0.000786728802788439
474.33050417632916,0.000783893500416892
474.4305041763292,0.0007810734872436411
474.5305041763292,0.0007782686536130598
474.6305041763292,0.0007754788908501659
474.73050417632925,0.0007727040912501228
474.83050417632927,0.0007699441480678737
474.9305041763293,0.0007671989555079029
475.0305041763293,0.0007644684087141247
475.13050417632934,0.0007617524037598982
475.23050417632936,0.0007590508376381635
475.3305041763294,0.000756363608251704
475.4305041763294,0.0007536906144035239
475.53050417632943,0.0007510317557873475
475.63050417632945,0.0007483869329782323
475.7305041763295,0.0007457560474233015
475.8305041763295,0.0007431390014325854
475.9305041763295,0.0007405356981699771
476.03050417632954,0.0007379460416442984
476.13050417632957,0.0007353699367004741
476.2305041763296,0.0007328072890108136
476.3305041763296,0.0007302580050663986
476.43050417632963,0.000727721992168575
476.53050417632966,0.0007251991584205469
476.6305041763297,0.0007226894127190741
476.7305041763297,0.0007201926647462676
476.8305041763297,0.0007177088249614849
476.93050417632975,0.0007152378045933218
477.03050417632977,0.000712779515631702
477.1305041763298,0.0007103338708200593
477.2305041763298,0.0007079007836476145
477.33050417632984,0.000705480168341744
477.43050417632986,0.0007030719398604387
477.5305041763299,0.0007006760138848549
477.6305041763299,0.0006982923068119506
477.73050417632993,0.0006959207357472109
477.83050417632995,0.0006935612184974583
477.93050417633,0.0006912136735637497
478.03050417633,0.0006888780201343555
478.13050417633,0.0006865541780778217
478.23050417633004,0.0006842420679361146
478.33050417633007,0.0006819416109178429
478.4305041763301,0.0006796527288915641
478.5305041763301,0.0006773753443791643
478.63050417633013,0.0006751093805493189
478.73050417633016,0.0006728547612110257
478.8305041763302,0.0006706114108072186
478.9305041763302,0.0006683792544084497
479.0305041763302,0.0006661582177066491
479.13050417633025,0.0006639482270089534
479.23050417633027,0.0006617492092316096
479.3305041763303,0.0006595610918939453
479.4305041763303,0.0006573838031124104
479.53050417633034,0.0006552172715946882
479.63050417633036,0.0006530614266338713
479.7305041763304,0.000650916198102707
479.8305041763304,0.0006487815164479074
479.93050417633043,0.0006466573126845246
480.03050417633045,0.0006445435183903891
480.1305041763305,0.0006424400657006145
480.2305041763305,0.0006403468873021612
480.3305041763305,0.0006382639164284633
480.43050417633054,0.0006361910868541177
480.53050417633057,0.0006341283328896302
480.6305041763306,0.0006320755893762246
480.7305041763306,0.0006300327916807076
480.83050417633063,0.0006279998756903924
480.93050417633066,0.0006259767778080796
481.0305041763307,0.0006239634349470947
481.1305041763307,0.0006219597845263803
481.2305041763307,0.000619965764465644
481.33050417633075,0.0006179813131805603
481.43050417633077,0.0006160063695780253
481.5305041763308,0.0006140408730514661
481.6305041763308,0.0006120847634762003
481.73050417633084,0.0006101379812048482
481.83050417633086,0.000608200467062795
481.9305041763309,0.000606272162343705
482.0305041763309,0.0006043530088050827
482.13050417633093,0.0006024429486638855
482.23050417633095,0.0006005419245921824
482.330504176331,0.0005986498797128627
482.430504176331,0.0005967667575953897
482.530504176331,0.0005948925022516027
482.63050417633104,0.000593027058131564
482.73050417633107,0.0005911703701194507
482.8305041763311,0.0005893223835294933
482.9305041763311,0.0005874830441019569
483.03050417633114,0.0005856522979991663
483.13050417633116,0.0005838300918015747
483.2305041763312,0.0005820163725038752
483.3305041763312,0.0005802110875111539
483.4305041763312,0.0005784141846350843
483.53050417633125,0.0005766256120901646
483.63050417633127,0.0005748453184899922
483.7305041763313,0.0005730732528435823
483.8305041763313,0.0005713093645517231
483.93050417633134,0.0005695536034033712
484.03050417633136,0.0005678059195720853
484.1305041763314,0.0005660662636124985
484.2305041763314,0.0005643345864568284
484.33050417633143,0.0005626108394114234
484.43050417633145,0.0005608949741533461
484.5305041763315,0.0005591869427269949
484.6305041763315,0.0005574866975407582
484.7305041763315,0.0005557941913637062
484.83050417633154,0.0005541093773223185
484.93050417633157,0.0005524322088972427
485.0305041763316,0.0005507626399200921
485.1305041763316,0.0005491006245702728
485.23050417633164,0.0005474461173718472
485.33050417633166,0.0005457990731904275
485.4305041763317,0.0005441594472301059
485.5305041763317,0.0005425271950304127
485.6305041763317,0.0005409022724633084
485.73050417633175,0.0005392846357302082
485.8305041763318,0.0005376742413590338
485.9305041763318,0.0005360710462013005
486.0305041763318,0.0005344750074292317
486.13050417633184,0.0005328860825329034
486.23050417633186,0.0005313042293174192
486.3305041763319,0.0005297294059001154
486.4305041763319,0.0005281615707077922
486.53050417633193,0.0005266006824739762
486.63050417633195,0.0005250467002362097
486.730504176332,0.0005234995833333678
486.830504176332,0.0005219592914030044
486.930504176332,0.0005204257843787239
487.03050417633204,0.0005188990224875808
487.13050417633207,0.0005173789662475048
487.2305041763321,0.000515865576464754
487.3305041763321,0.0005143588142313921
487.43050417633214,0.0005128586409227931
487.53050417633216,0.0005113650181951694
487.6305041763322,0.0005098779079831272
487.7305041763322,0.0005083972724972448
487.8305041763322,0.0005069230742216767
487.93050417633225,0.0005054552759117812
488.0305041763323,0.000503993840591772
488.1305041763323,0.000502538731552394
488.2305041763323,0.0005010899123486223
488.33050417633234,0.000499647346797384
488.43050417633236,0.000498210998975302
488.5305041763324,0.0004967808332164651
488.6305041763324,0.000495356814110215
488.73050417633243,0.00049393890649896
488.83050417633245,0.0004925270754760083
488.9305041763325,0.000491121286383423
489.0305041763325,0.0004897215048098991
489.1305041763325,0.0004883276965886616
489.23050417633254,0.00048693982779538365
489.33050417633257,0.00048555786474612596
489.4305041763326,0.000484181773995297
489.5305041763326,0.00048281152233363206
489.63050417633264,0.00048144707678619386
489.73050417633266,0.0004800884046103916
489.8305041763327,0.0004787354732940198
489.9305041763327,0.0004773882505533173
490.0305041763327,0.00047604670433104383
490.13050417633275,0.00047471080279457684
490.2305041763328,0.0004733805143340257
490.3305041763328,0.0004720558075603654
490.4305041763328,0.000470736651303588
490.53050417633284,0.00046942301461087204
490.63050417633286,0.0004681148667447693
490.7305041763329,0.0004668121771814109
490.8305041763329,0.0004655149156087287
490.93050417633293,0.00046422305192469506
491.03050417633295,0.00046293655623557973
491.130504176333,0.00046165539885422287
491.230504176333,0.00046037955029832564
491.330504176333,0.00045910898128875664
491.43050417633305,0.0004578436627478749
491.53050417633307,0.0004565835657978685
491.6305041763331,0.00045532866175911014
491.7305041763331,0.00045407892214852763
491.83050417633314,0.0004528343186779903
491.93050417633316,0.0004515948232527108
492.0305041763332,0.0004503604079696616
492.1305041763332,0.0004491310451160082
492.2305041763332,0.00044790670716755556
492.33050417633325,0.00044668736678720974
492.4305041763333,0.00044547299682345454
492.5305041763333,0.00044426357030884277
492.6305041763333,0.00044305906045850077
492.73050417633334,0.00044185944066864834
492.83050417633336,0.0004406646845151315
492.9305041763334,0.00043947476575197005
493.0305041763334,0.00043828965830991815
493.13050417633343,0.00043710933629503894
493.23050417633345,0.00043593377398729207
493.3305041763335,0.0004347629458391344
493.4305041763335,0.00043359682647413497
493.5305041763335,0.0004324353906856014
493.63050417633355,0.0004312786134352201
493.73050417633357,0.00043012646985170845
493.8305041763336,0.0004289789352294806
493.9305041763336,0.00042783598502732473
494.03050417633364,0.0004266975948670928
494.13050417633366,0.00042556374053240293
494.2305041763337,0.0004244343979673528
494.3305041763337,0.0004233095432752468
494.4305041763337,0.00042218915271733255
494.53050417633375,0.0004210732027115512
494.6305041763338,0.0004199616698312977
494.7305041763338,0.0004188545308041938
494.8305041763338,0.0004177517625108713
494.93050417633384,0.00041665334198376684
495.03050417633386,0.0004155592464059283
495.1305041763339,0.0004144694531098306
495.2305041763339,0.00041338393957620457
495.33050417633393,0.00041230268343287445
495.43050417633395,0.0004112256624536072
495.530504176334,0.0004101528545569717
495.630504176334,0.00040908423780520894
495.730504176334,0.0004080197904031119
495.83050417633405,0.000406959490696916
495.93050417633407,0.0004059033171731989
496.0305041763341,0.0004048512484577914
496.1305041763341,0.0004038032633146976
496.23050417633414,0.00040275934064502443
496.33050417633416,0.00040171945948592135
496.4305041763342,0.0004006835990095293
496.5305041763342,0.0003996517385219397
496.6305041763342,0.00039862385746216195
496.73050417633425,0.000397599935401101
496.8305041763343,0.000396579952040543
496.9305041763343,0.0003955638872121517
497.0305041763343,0.0003945517208764721
497.13050417633434,0.0003935434331219441
497.23050417633436,0.00039253900416392454
497.3305041763344,0.00039153841434371773
497.4305041763344,0.00039054164412761523
497.53050417633443,0.0003895486741059439
497.63050417633445,0.0003885594849921218
497.7305041763345,0.00038757405762172327
497.8305041763345,0.00038659237295155213
497.9305041763345,0.0003856144120587227
498.03050417633455,0.0003846401561397491
498.13050417633457,0.0003836695865096426
498.2305041763346,0.0003827026846010173
498.3305041763346,0.000381739431963203
498.43050417633464,0.00038077981026136623
498.53050417633466,0.00037982380127563905
498.6305041763347,0.000378871386900255
498.7305041763347,0.00037792254914269366
498.8305041763347,0.00037697727012283146
498.93050417633475,0.0003760355320721008
499.0305041763348,0.00037509731733265556
499.1305041763348,0.00037416260835654536
499.2305041763348,0.00037323138770489555
499.33050417633484,0.00037230363804709486
499.43050417633486,0.00037137934215999047
499.5305041763349,0.0003704584829270891
499.6305041763349,0.0003695410433377665
499.73050417633493,0.0003686270064864822
499.83050417633495,0.0003677163555720017
499.930504176335,0.00036680907389662613
500.030504176335,0.00036590514486542687
500.130504176335,0.0003650045519854884
500.23050417633505,0.0003641072788651566
500.33050417633507,0.000363213309213294
500.4305041763351,0.0003623226268385412
500.5305041763351,0.00036143521564858467
500.63050417633514,0.0003605510596494304
500.73050417633516,0.0003596701429446852
500.8305041763352,0.00035879244973484206
500.9305041763352,0.00035791796431657323
501.0305041763352,0.0003570466710820284
501.13050417633525,0.00035617855451813916
501.2305041763353,0.00035531359920592956
501.3305041763353,0.00035445178981983224
501.4305041763353,0.0003535931111270103
501.53050417633534,0.00035273754798668494
501.63050417633536,0.00035188508534946916
501.7305041763354,0.00035103570825670673
501.8305041763354,0.0003501894018398165
501.93050417633543,0.0003493461513196429
502.03050417633546,0.000348505942005811
502.1305041763355,0.00034766875929608795
502.2305041763355,0.00034683458867574933
502.3305041763355,0.0003460034157169502
502.43050417633555,0.0003451752260781025
502.53050417633557,0.00034435000550325735
502.6305041763356,0.0003435277398214919
502.7305041763356,0.00034270841494630155
502.83050417633564,0.00034189201687499803
502.93050417633566,0.0003410785316881112
503.0305041763357,0.0003402679455487967
503.1305041763357,0.0003394602447022486
503.2305041763357,0.00033865541547511567
503.33050417633575,0.00033785344427492435
503.4305041763358,0.00033705431758950514
503.5305041763358,0.0003362580219864241
503.6305041763358,0.000335464544112419
503.73050417633584,0.0003346738706928403
503.83050417633586,0.00033388598853109673
503.9305041763359,0.00033310088450810475
504.0305041763359,0.00033231854558174397
504.13050417633593,0.0003315389587863151
504.23050417633596,0.00033076211123200415
504.330504176336,0.00032998799010435013
504.430504176336,0.0003292165826637168
504.530504176336,0.0003284478762447697
504.63050417633605,0.00032768185825595634
504.73050417633607,0.00032691851617899163
504.8305041763361,0.0003261578375683467
504.9305041763361,0.00032539981005074255
505.03050417633614,0.00032464442132464685
505.13050417633616,0.00032389165915977606
505.2305041763362,0.0003231415113966008
505.3305041763362,0.00032239396594585523
505.4305041763362,0.00032164901078805054
505.53050417633625,0.00032090663397299236
505.6305041763363,0.00032016682361930214
505.7305041763363,0.0003194295679139423
505.8305041763363,0.0003186948551117452
505.93050417633634,0.00031796267353494546
506.03050417633636,0.0003172330115727173
506.1305041763364,0.00031650585768071385
506.2305041763364,0.00031578120038061185
506.33050417633643,0.0003150590282596585
506.43050417633646,0.000314339329970223
506.5305041763365,0.00031362209422935116
506.6305041763365,0.00031290730981832363
506.7305041763365,0.0003121949655822179
506.83050417633655,0.000311485050429473
506.93050417633657,0.0003107775533314591
507.0305041763366,0.0003100724633220488
507.1305041763366,0.00030936976949719327
507.23050417633664,0.0003086694610145008
507.33050417633666,0.0003079715270928191
507.4305041763367,0.0003072759570118208
507.5305041763367,0.00030658274011159236
507.63050417633673,0.0003058918657922261
507.73050417633675,0.00030520332351341466
507.8305041763368,0.0003045171027940509
507.9305041763368,0.00030383319321182814
508.0305041763368,0.0003031515844028456
508.13050417633684,0.00030247226606121573
