414.6305041763156,6.62988337003987e-32
414.7305041763156,7.961492454989503e-32
414.8305041763156,9.558279289595845e-32
414.93050417631565,1.1472592656125318e-31
415.0305041763157,1.3767023716514203e-31
415.1305041763157,1.6516391792353845e-31
415.2305041763157,1.9810111565127026e-31
415.33050417631574,2.3755014260473065e-31
415.43050417631576,2.8478709050472867e-31
415.5305041763158,3.413358712765328e-31
415.6305041763158,4.0901590144280975e-31
415.73050417631583,4.899988752701319e-31
415.83050417631586,5.868763422818403e-31
415.9305041763159,7.027401253869689e-31
416.0305041763159,8.412779958281043e-31
416.1305041763159,1.0068874712786166e-30
416.23050417631595,1.2048111365480593e-30
416.33050417631597,1.4412975176256108e-30
416.430504176316,1.7237922870847755e-30
416.530504176316,2.061165463283967e-30
416.63050417631604,2.463981312222213e-30
416.73050417631606,2.9448188987095062e-30
416.8305041763161,3.518652697312976e-30
416.9305041763161,4.203304404171109e-30
417.03050417631613,5.0199791363360566e-30
417.13050417631615,5.9939016225189075e-30
417.2305041763162,7.155070844753249e-30
417.3305041763162,8.539154963229394e-30
417.4305041763162,1.0188552339002031e-29
417.53050417631624,1.2153649170453784e-29
417.63050417631626,1.4494309807615937e-29
417.7305041763163,1.7281642354634504e-29
417.8305041763163,2.060008989237702e-29
417.93050417631633,2.454990675914773e-29
418.03050417631636,2.9250090063156064e-29
418.1305041763164,3.484184925418398e-29
418.2305041763164,4.1492711492723e-29
418.3305041763164,4.940137812078875e-29
418.43050417631645,5.880346822719498e-29
418.53050417631647,6.997830966008564e-29
418.6305041763165,8.325696651527138e-29
418.7305041763165,9.903172587630099e-29
418.83050417631654,1.1776730628805346e-28
418.93050417631656,1.4001409715003842e-28
419.0305041763166,1.664237931380715e-28
419.1305041763166,1.9776785233301793e-28
419.23050417631663,2.3495928262810427e-28
419.33050417631665,2.790783501646291e-28
419.4305041763167,3.3140290830853355e-28
419.5305041763167,3.934441687191654e-28
419.6305041763167,4.669888805280701e-28
419.73050417631674,5.541490532277514e-28
419.83050417631677,6.57420557883783e-28
419.9305041763168,7.797521747759741e-28
420.0305041763168,9.24626929448754e-28
420.13050417631683,1.0961578803096293e-27
420.23050417631686,1.2992008974235297e-27
420.3305041763169,1.5394874134367077e-27
420.4305041763169,1.8237806446388063e-27
420.5305041763169,2.1600593858952034e-27
420.63050417631695,2.5577341925714376e-27
420.73050417631697,3.0279015931542245e-27
420.830504176317,3.583642948504937e-27
420.930504176317,4.2403757114256945e-27
421.03050417631704,5.016266171310086e-27
421.13050417631706,5.93271432554461e-27
421.2305041763171,7.014923339865557e-27
421.3305041763171,8.292568188144809e-27
421.43050417631713,9.800580549470028e-27
421.53050417631715,1.1580069946728672e-26
421.6305041763172,1.3679404505912656e-26
421.7305041763172,1.6155478680153444e-26
421.8305041763172,1.9075199911520508e-26
421.93050417631724,2.25172316067533e-26
422.03050417631727,2.6574036108177894e-26
422.1305041763173,3.135426869674269e-26
422.2305041763173,3.698558224325279e-26
422.33050417631733,4.36179121273851e-26
422.43050417631736,5.142732270540502e-26
422.5305041763174,6.062051019793243e-26
422.6305041763174,7.144007270360875e-26
422.7305041763174,8.417067648891631e-26
422.83050417631745,9.9146269183319e-26
422.93050417631747,1.1675851551504687e-25
423.0305041763175,1.374666603280637e-25
423.1305041763175,1.6180905748803819e-25
423.23050417631754,1.9041664268365857e-25
423.33050417631756,2.2402867395060414e-25
423.4305041763176,2.635111170223831e-25
423.5305041763176,3.0987811454197657e-25
423.63050417631763,3.6431705013762437e-25
423.73050417631765,4.282178019809751e-25
423.8305041763177,5.032068775655082e-25
423.9305041763177,5.9118723421928805e-25
424.0305041763177,6.943847207892701e-25
424.13050417631774,8.15402227884388e-25
424.23050417631777,9.572828103735412e-25
424.3305041763178,1.1235832503537583e-24
424.4305041763178,1.318459765985311e-24
424.53050417631783,1.5467678465800655e-24
424.63050417631786,1.814178513069269e-24
424.7305041763179,2.1273136723338825e-24
424.8305041763179,2.4939036617795273e-24
424.9305041763179,2.9229705761304344e-24
425.03050417631795,3.425041542260926e-24
425.13050417631797,4.01239677216279e-24
425.230504176318,4.699357992913989e-24
425.330504176318,5.5026237419714364e-24
425.43050417631804,6.441659044939823e-24
425.53050417631806,7.539148182694041e-24
425.6305041763181,8.821520630164341e-24
425.7305041763181,1.0319561838794496e-23
425.83050417631813,1.2069122371568377e-23
425.93050417631815,1.411194102143202e-23
426.0305041763182,1.6496599994528628e-23
426.1305041763182,1.9279633069066833e-23
426.2305041763182,2.2526810906565738e-23
426.33050417631824,2.63146314610222e-23
426.43050417631827,3.073204777953773e-23
426.5305041763183,3.588247050278321e-23
426.6305041763183,4.188608815619637e-23
426.73050417631833,4.888255498868953e-23
426.83050417631836,5.703410379791665e-23
426.9305041763184,6.65291500323851e-23
427.0305041763184,7.75864636561738e-23
427.1305041763184,9.045999700274696e-23
427.23050417631845,1.0544447036105706e-22
427.33050417631847,1.2288183259429135e-22
427.4305041763185,1.431687319926509e-22
427.5305041763185,1.6676515315414548e-22
427.63050417631854,1.9420439936999132e-22
427.73050417631856,2.261046272203931e-22
427.8305041763186,2.631821713851598e-22
427.9305041763186,3.0626693364040167e-22
428.03050417631863,3.5632015133301504e-22
428.13050417631865,4.1445490808309113e-22
428.2305041763187,4.819598039581309e-22
428.3305041763187,5.603262649187824e-22
428.4305041763187,6.512800431271507e-22
428.53050417631874,7.568175420777441e-22
428.63050417631877,8.792476949912007e-22
428.7305041763188,1.021240233254338e-21
428.8305041763188,1.1858813058982454e-21
428.93050417631883,1.3767375534645207e-21
429.03050417631886,1.5979299027278828e-21
429.1305041763189,1.854218535598397e-21
429.2305041763189,2.1511006995176617e-21
429.3305041763189,2.4949232716643935e-21
429.43050417631895,2.893012269718171e-21
429.53050417631897,3.353821822832364e-21
429.630504176319,3.887105483583525e-21
429.730504176319,4.5041131815374834e-21
429.83050417631904,5.2178175991579384e-21
429.93050417631906,6.043174299568426e-21
430.0305041763191,6.997420562831481e-21
430.1305041763191,8.100418603926654e-21
430.23050417631913,9.375049664012367e-21
430.33050417631915,1.0847666401081866e-20
430.4305041763192,1.2548612072964981e-20
430.5305041763192,1.4512816223199127e-20
430.6305041763192,1.678047796951418e-20
430.73050417631924,1.9397849579332743e-20
430.83050417631927,2.2418134823787158e-20
430.9305041763193,2.5902518661975357e-20
431.0305041763193,2.9921347155354503e-20
431.13050417631933,3.4555479187823196e-20
431.23050417631936,3.9897834615056777e-20
431.3305041763194,4.605516693788828e-20
431.4305041763194,5.3150092546729524e-20
431.5305041763194,6.132341308259859e-20
431.63050417631945,7.073677257945506e-20
431.73050417631947,8.15756968762958e-20
431.8305041763195,9.40530694110272e-20
431.9305041763195,1.0841310503933754e-19
432.03050417631954,1.2493589208276754e-19
432.13050417631956,1.4394258253905692e-19
432.2305041763196,1.658013214410733e-19
432.3305041763196,1.909340189050259e-19
432.43050417631963,2.1982408266440176e-19
432.53050417631965,2.5302524506927135e-19
432.6305041763197,2.9117163689698703e-19
432.7305041763197,3.349892811588178e-19
432.8305041763197,3.853092037240554e-19
432.93050417631974,4.430823843873199e-19
433.03050417631977,5.093968023921932e-19
433.1305041763198,5.854968648649733e-19
433.2305041763198,6.72805545636067e-19
433.33050417631983,7.729496061316689e-19
433.43050417631986,8.877883200788837e-19
433.5305041763199,1.0194461804444499e-18
433.6305041763199,1.1703501311767522e-18
433.7305041763199,1.3432719389101302e-18
433.83050417631995,1.5413764019055846e-18
433.93050417631997,1.7682761863704475e-18
434.03050417632,2.0280941852989503e-18
434.13050417632,2.3255344136593455e-18
434.23050417632004,2.6659625878695046e-18
434.33050417632006,3.0554976890143555e-18
434.4305041763201,3.501115980379737e-18
434.5305041763201,4.010769143088332e-18
434.63050417632013,4.593518411721648e-18
434.73050417632015,5.2596868379332895e-18
434.8305041763202,6.021032087729831e-18
434.9305041763202,6.890942491274158e-18
435.0305041763202,7.884659417199361e-18
435.13050417632024,9.01952944149545e-18
435.23050417632027,1.031529022964335e-17
435.3305041763203,1.1794394556105177e-17
435.4305041763203,1.3482377454567158e-17
435.53050417632033,1.5408272133379428e-17
435.63050417632036,1.760508101227555e-17
435.7305041763204,2.0110309048613966e-17
435.8305041763204,2.296656743514941e-17
435.9305041763204,2.622225677916059e-17
436.03050417632045,2.993234002854142e-17
436.13050417632047,3.415921670978472e-17
436.2305041763205,3.897371150308469e-17
436.3305041763205,4.4456191820522986e-17
436.43050417632054,5.0697830896329854e-17
436.53050417632056,5.780203496782556e-17
436.6305041763206,6.588605544912645e-17
436.7305041763206,7.508280960745165e-17
436.83050417632063,8.55429361778395e-17
436.93050417632065,9.743711563424845e-17
437.0305041763207,1.1095868851569156e-16
437.1305041763207,1.2632660933249964e-16
437.2305041763207,1.4378877820272697e-16
437.33050417632074,1.6362579755092326e-16
437.43050417632077,1.8615520700646924e-16
437.5305041763208,2.1173625613956122e-16
437.6305041763208,2.407752819510624e-16
437.73050417632084,2.7373176617851406e-16
437.83050417632086,3.1112515659556937e-16
437.9305041763209,3.535425466785763e-16
438.0305041763209,4.0164731941667263e-16
438.1305041763209,4.561888737904891e-16
438.23050417632095,5.180135666933897e-16
438.33050417632097,5.880770189910885e-16
438.430504176321,6.674579522012953e-16
438.530504176321,7.573737421379174e-16
438.63050417632104,8.591978980401481e-16
438.73050417632106,9.744797004586404e-16
438.8305041763211,1.1049662587895854e-15
438.9305041763211,1.2526272801571195e-15
439.03050417632113,1.4196828757033998e-15
439.13050417632115,1.608634768652955e-15
439.2305041763212,1.822301311214142e-15
439.3305041763212,2.0638567649566807e-15
439.4305041763212,2.3368753523014006e-15
439.53050417632124,2.6453806457799636e-15
439.63050417632127,2.9939009274317606e-15
439.7305041763213,3.3875312238433353e-15
439.8305041763213,3.832002803715393e-15
439.93050417632134,4.3337610153708895e-15
440.03050417632136,4.9000524422921434e-15
440.1305041763214,5.539022466701593e-15
440.2305041763214,6.25982445560356e-15
440.3305041763214,7.072741921932605e-15
440.43050417632145,7.989325167002956e-15
440.5305041763215,9.022544080970294e-15
440.6305041763215,1.0186958967326656e-14
440.7305041763215,1.1498911467559552e-14
440.83050417632154,1.2976737895238244e-14
440.93050417632156,1.4641007547393576e-14
441.0305041763216,1.651478884783238e-14
441.1305041763216,1.8623946494951647e-14
441.23050417632163,2.099747313897559e-14
441.33050417632165,2.366785950394882e-14
441.4305041763217,2.667150730226236e-14
441.5305041763217,3.0049189768361543e-14
441.6305041763217,3.384656516841706e-14
441.73050417632174,3.811474922943987e-14
441.83050417632177,4.291095308046332e-14
441.9305041763218,4.829919401640825e-14
442.0305041763218,5.4351087189192804e-14
442.13050417632184,6.114672720830887e-14
442.23050417632186,6.877566960302235e-14
442.3305041763219,7.733802316994911e-14
442.4305041763219,8.6945665413333e-14
442.5305041763219,9.772359459222358e-14
442.63050417632195,1.0981143333133714e-13
442.730504176322,1.2336510034436816e-13
442.830504176322,1.3855866857476075e-13
442.930504176322,1.5558642999595908e-13
443.03050417632204,1.7466518944881465e-13
443.13050417632206,1.9603681224789088e-13
443.2305041763221,2.1997105288241045e-13
443.3305041763221,2.467686949951622e-13
443.43050417632213,2.7676503596977004e-13
443.53050417632215,3.1033375292142526e-13
443.6305041763222,3.478911906997645e-13
443.7305041763222,3.8990111670857063e-13
443.8305041763222,4.3687999196270216e-13
443.93050417632224,4.894028128783894e-13
444.03050417632227,5.481095838730336e-13
444.1305041763223,6.137124869833317e-13
444.2305041763223,6.870038214483886e-13
444.33050417632234,7.688647936053444e-13
444.43050417632236,8.602752455715131e-13
444.5305041763224,9.623244201076213e-13
444.6305041763224,1.076222868846441e-12
444.7305041763224,1.2033156218108781e-12
444.83050417632245,1.3450967479246456e-12
444.9305041763225,1.503225449133516e-12
445.0305041763225,1.6795438449107597e-12
445.1305041763225,1.876096619432224e-12
445.23050417632254,2.0951527206981604e-12
445.33050417632256,2.3392293194873456e-12
445.4305041763226,2.6111182564007107e-12
445.5305041763226,2.913915227547877e-12
445.63050417632263,3.251051983824852e-12
445.73050417632265,3.6263318454138346e-12
445.8305041763227,4.043968862313014e-12
445.9305041763227,4.508630983598372e-12
446.0305041763227,5.025487632973446e-12
446.13050417632275,5.6002621262405276e-12
446.23050417632277,6.239289407911141e-12
446.3305041763228,6.9495796295788814e-12
446.4305041763228,7.738888142231771e-12
446.53050417632284,8.615792528757061e-12
446.63050417632286,9.5897773618725e-12
446.7305041763229,1.0671327437039677e-11
446.8305041763229,1.187203030003127e-11
446.9305041763229,1.3204688965238797e-11
447.03050417632295,1.468344580405784e-11
447.130504176323,1.632391867335835e-11
447.230504176323,1.8143350452770297e-11
447.330504176323,2.0160773266967265e-11
447.43050417632304,2.239718878605601e-11
447.53050417632306,2.4875766124364325e-11
447.6305041763231,2.7622058996227775e-11
447.7305041763231,3.066424393773173e-11
447.83050417632313,3.403338156676094e-11
447.93050417632315,3.77637030312334e-11
448.0305041763232,4.189292398819315e-11
448.1305041763232,4.6462588665768467e-11
448.2305041763232,5.151844678721177e-11
448.33050417632325,5.7110866382763184e-11
448.43050417632327,6.329528578250131e-11
448.5305041763233,7.013270837331397e-11
448.6305041763233,7.769024401746086e-11
448.73050417632334,8.604170137084451e-11
448.83050417632336,9.526823570811943e-11
448.9305041763234,1.0545905726142811e-10
449.0305041763234,1.167122055122114e-10
449.1305041763234,1.2913539534381495e-10
449.23050417632345,1.4284694146925947e-10
449.3305041763235,1.5797676809649866e-10
449.4305041763235,1.7466751138599788e-10
449.5305041763235,1.9307572289585878e-10
449.63050417632354,2.1337318290170783e-10
449.73050417632356,2.357483332260313e-10
449.8305041763236,2.6040784001876596e-10
449.9305041763236,2.875782978022428e-10
450.03050417632363,3.175080870337756e-10
450.13050417632365,3.504693984534532e-10
450.2305041763237,3.867604385784646e-10
450.3305041763237,4.2670783188445554e-10
450.4305041763237,4.706692364851113e-10
450.53050417632375,5.19036191490239e-10
450.63050417632377,5.722372156969352e-10
450.7305041763238,6.307411788558217e-10
450.8305041763238,6.950609684625905e-10
450.93050417632384,7.657574768631986e-10
451.03050417632386,8.434439354376914e-10
451.1305041763239,9.287906247531043e-10
451.2305041763239,1.0225299918600692e-09
451.3305041763239,1.1254622083620545e-09
451.43050417632395,1.2384612055222063e-09
451.530504176324,1.3624812255029504e-09
451.630504176324,1.4985639308711612e-09
451.730504176324,1.647846117761199e-09
451.83050417632404,1.8115680815836188e-09
451.93050417632406,1.9910826879157082e-09
452.0305041763241,2.1878652052273285e-09
452.1305041763241,2.403523960399782e-09
452.23050417632413,2.639811882605749e-09
452.33050417632415,2.8986390060543197e-09
452.4305041763242,3.1820860073884865e-09
452.5305041763242,3.4924188591746103e-09
452.6305041763242,3.8321046869694555e-09
452.73050417632425,4.203828923913734e-09
452.83050417632427,4.610513863709411e-09
452.9305041763243,5.055338720218946e-09
453.0305041763243,5.541761309806512e-09
453.13050417632434,6.073541480957383e-09
453.23050417632436,6.654766424692133e-09
453.3305041763244,7.2898780088737374e-09
453.4305041763244,7.983702289723113e-09
453.5305041763244,8.74148136475123e-09
453.63050417632445,9.568907742922711e-09
453.7305041763245,1.0472161420230493e-08
453.8305041763245,1.1457949862027038e-08
453.9305041763245,1.2533551107471836e-08
454.03050417632454,1.370686022636628e-08
454.13050417632456,1.4986439374507677e-08
454.2305041763246,1.6381571710556097e-08
454.3305041763246,1.7902319455329912e-08
454.43050417632463,1.955958639348493e-08
454.53050417632465,2.1365185137752868e-08
454.6305041763247,2.333190949737663e-08
454.7305041763247,2.5473612315159035e-08
454.8305041763247,2.7805289161698596e-08
454.93050417632475,3.034316830100202e-08
455.03050417632477,3.3104807368814145e-08
455.1305041763248,3.610919723376424e-08
455.2305041763248,3.9376873541893654e-08
455.33050417632484,4.293003647736737e-08
455.43050417632486,4.67926793062943e-08
455.5305041763249,5.0990726306667394e-08
455.6305041763249,5.5552180725584455e-08
455.7305041763249,6.050728344523593e-08
455.83050417632495,6.588868308173352e-08
455.930504176325,7.173161828583107e-08
456.030504176325,7.807411306205447e-08
456.130504176325,8.495718597284112e-08
456.23050417632504,9.242507414709221e-08
456.33050417632506,1.005254730682163e-07
456.4305041763251,1.0930979317538282e-07
456.5305041763251,1.1883343437348167e-07
456.63050417632513,1.2915607961229597e-07
456.73050417632516,1.4034200876381045e-07
456.8305041763252,1.5246043409853483e-07
456.9305041763252,1.6558585873734123e-07
457.0305041763252,1.7979845953480337e-07
457.13050417632525,1.9518449593347603e-07
457.23050417632527,2.1183674641617958e-07
457.3305041763253,2.2985497427525993e-07
457.4305041763253,2.493464245142328e-07
457.53050417632534,2.7042635379824276e-07
457.63050417632536,2.9321859547565507e-07
457.7305041763254,3.1785616180395403e-07
457.8305041763254,3.4448188562917113e-07
457.9305041763254,3.7324910388941415e-07
458.03050417632545,4.043223854400187e-07
458.1305041763255,4.378783058304296e-07
458.2305041763255,4.7410627180145297e-07
458.3305041763255,5.132093984161019e-07
458.43050417632554,5.554054418881248e-07
458.53050417632556,6.009277913295919e-07
458.6305041763256,6.500265228028525e-07
458.7305041763256,7.02969519232929e-07
458.83050417632563,7.600436599141257e-07
458.93050417632566,8.215560835295558e-07
459.0305041763257,8.878355287945581e-07
459.1305041763257,9.592337570346557e-07
459.2305041763257,1.036127061216313e-06
459.33050417632575,1.1189178661638746e-06
459.43050417632577,1.2080364249194573e-06
459.5305041763258,1.3039426164339942e-06
459.6305041763258,1.4071278500173219e-06
459.73050417632584,1.5181170822232887e-06
459.83050417632586,1.6374709521026202e-06
459.9305041763259,1.7657880410215308e-06
460.0305041763259,1.903707263517997e-06
460.1305041763259,2.0519103959506165e-06
460.23050417632595,2.211124749986577e-06
460.330504176326,2.3821259982759173e-06
460.430504176326,2.5657411599688623e-06
460.530504176326,2.7628517540515644e-06
460.63050417632604,2.974397128803131e-06
460.73050417632606,3.2013779760130935e-06
460.8305041763261,3.444860038943965e-06
460.9305041763261,3.7059780233773665e-06
461.03050417632613,3.985939721445075e-06
461.13050417632616,4.286030358317437e-06
461.2305041763262,4.6076171722011786e-06
461.3305041763262,4.952154238486392e-06
461.4305041763262,5.321187549277837e-06
461.53050417632625,5.716360359949112e-06
461.63050417632627,6.139418814768372e-06
461.7305041763263,6.592217864061773e-06
461.8305041763263,7.076727485804623e-06
461.93050417632634,7.595039224959885e-06
462.03050417632636,8.149373064319275e-06
462.1305041763264,8.742084641042407e-06
462.2305041763264,9.375672823533859e-06
462.33050417632643,1.0052787663747122e-05
462.43050417632645,1.077623874045479e-05
462.5305041763265,1.1549003909478663e-05
462.6305041763265,1.2374238477327851e-05
462.7305041763265,1.325528481514804e-05
462.83050417632654,1.4195682430340577e-05
462.93050417632656,1.5199178513661999e-05
463.0305041763266,1.626973898006614e-05
463.1305041763266,1.7411560021995987e-05
463.23050417632663,1.862908019427549e-05
463.33050417632666,1.9926993050184396e-05
463.4305041763267,2.131026034872679e-05
463.5305041763267,2.2784125853522093e-05
463.6305041763267,2.4354129744150988e-05
463.73050417632675,2.6026123661185907e-05
463.83050417632677,2.7806286406510268e-05
463.9305041763268,2.9701140320897557e-05
464.0305041763268,3.171756836116327e-05
464.13050417632684,3.386283189952666e-05
464.23050417632686,3.614458926812309e-05
464.3305041763269,3.8570915071882456e-05
464.4305041763269,4.115032029324152e-05
464.53050417632693,4.3891773212377674e-05
464.63050417632695,4.680472116684139e-05
464.730504176327,4.989911317462059e-05
464.830504176327,5.31854234447867e-05
464.930504176327,5.667467579995267e-05
465.03050417632704,6.0378469034808006e-05
465.13050417632707,6.430900323498705e-05
465.2305041763271,6.847910708047046e-05
465.3305041763271,7.290226615760956e-05
465.43050417632713,7.759265230370073e-05
465.53050417632716,8.256515400781653e-05
465.6305041763272,8.783540789131952e-05
465.7305041763272,9.341983129113487e-05
465.8305041763272,9.933565596845024e-05
465.93050417632725,0.00010560096296502223
466.03050417632727,0.0001122347186287125
466.1305041763273,0.00011925681182923769
466.2305041763273,0.00012668809238440115
466.33050417632734,0.00013455041071626885
466.43050417632736,0.00014286665875586142
466.5305041763274,0.00015166081211394857
466.6305041763274,0.0001609579735344513
466.73050417632743,0.0001707844176457803
466.83050417632745,0.0001811676370241555
466.9305041763275,0.00019213638958155582
467.0305041763275,0.0002037207472894638
467.1305041763275,0.0002159521462479417
467.23050417632754,0.00022886343810785313
467.33050417632757,0.00024248894285220087
467.4305041763276,0.0002568645029405664
467.5305041763276,0.00027202753881854907
467.63050417632763,0.00028801710579187066
467.73050417632766,0.0003048739522624479
467.8305041763277,0.0003226405793212511
467.9305041763277,0.00034136130169012263
468.0305041763277,0.0003610823100019715
468.13050417632775,0.0003818517344058358
468.23050417632777,0.0004037197094802574
468.3305041763278,0.0004267384404352168
468.4305041763278,0.0004509622705795109
468.53050417632784,0.00047644775002699083
468.63050417632786,0.0005032537056114066
468.7305041763279,0.000531441311975844
468.8305041763279,0.0005610741637987694
468.93050417632793,0.0005922183491146416
469.03050417632795,0.0006249425236827974
469.130504176328,0.0006593179863539389
469.230504176328,0.000695418755379028
469.330504176328,0.0007333216456007255
469.43050417632804,0.0007731063464627015
469.53050417632807,0.0008148555007671837
469.6305041763281,0.0008586547841060531
469.7305041763281,0.0009045929848855515
469.83050417632813,0.0009527620848593504
469.93050417632816,0.0010032573400792588
470.0305041763282,0.0010561773621672592
470.1305041763282,0.0011116241998068946
470.2305041763282,0.0011697034203462123
470.33050417632825,0.0012305241913986014
470.43050417632827,0.001294199362321873
470.5305041763283,0.0013608455454498778
470.6305041763283,0.00143058319694483
470.73050417632834,0.0015035366971323067
470.83050417632836,0.001579834430174662
470.9305041763284,0.0016596088629323316
471.0305041763284,0.0017429966228561344
471.13050417632843,0.0018301385747474456
471.23050417632845,0.0019211798962167012
471.3305041763285,0.002016270151664452
471.4305041763285,0.0021155633646028267
471.5305041763285,0.002219218088129101
471.63050417632854,0.0023273974733567858
471.73050417632857,0.002440269335603601
471.8305041763286,0.00255800621812965
471.9305041763286,0.0026807854532131486
472.03050417632863,0.002808789220345379
472.13050417632866,0.0029422046013207292
472.2305041763287,0.0030812236319923652
472.3305041763287,0.003226043350458611
472.4305041763287,0.0033768658414401985
472.53050417632875,0.0035338982766034885
472.63050417632877,0.0036973529505802895
472.7305041763288,0.0038674473124304777
472.8305041763288,0.004044403992289539
472.93050417632884,0.00422845082293946
473.03050417632886,0.004419820856037931
473.1305041763289,0.00461875237273778
473.2305041763289,0.0048254888884259085
473.33050417632893,0.0050402791513086504
473.43050417632895,0.005263377134568763
473.530504176329,0.005495042021817706
473.630504176329,0.005735538185566148
473.730504176329,0.00598513515843499
473.83050417632904,0.006244107596829547
473.93050417632907,0.006512735236799947
474.0305041763291,0.006791302841812254
474.1305041763291,0.007080100142156393
474.23050417632913,0.007379421765719549
474.33050417632916,0.007689567159856751
474.4305041763292,0.008010840504093838
474.5305041763292,0.008343550613402743
474.6305041763292,0.00868801083179374
474.73050417632925,0.009044538915975245
474.83050417632927,0.009413456908838323
474.9305041763293,0.009795091002530065
475.0305041763293,0.01018977139088827
475.13050417632934,0.010597832111018377
475.23050417632936,0.0110196108738033
475.3305041763294,0.011455448883147208
475.4305041763294,0.011905690643765145
475.53050417632943,0.012370683757342791
475.63050417632945,0.012850778706902963
475.7305041763295,0.013346328629229465
475.8305041763295,0.013857689075212993
475.9305041763295,0.014385217757999254
476.03050417632954,0.01492927428883548
476.13050417632957,0.015490219900528278
476.2305041763296,0.01606841715844372
476.3305041763296,0.016664229658998792
476.43050417632963,0.01727802171561289
476.53050417632966,0.017910158032108037
476.6305041763297,0.018561003363567297
476.7305041763297,0.019230922164682595
476.8305041763297,0.019920278225645634
476.93050417632975,0.020629434295658246
477.03050417632977,0.02135875169416278
477.1305041763298,0.02210858990991738
477.2305041763298,0.022879306188065714
477.33050417632984,0.02367125510537715
477.43050417632986,0.02448478813385878
477.5305041763299,0.025320253192968066
477.6305041763299,0.02617799419068178
477.73050417632993,0.027058350553704782
477.83050417632995,0.027961656747130272
477.93050417633,0.02888824178389143
478.03050417633,0.029838428724373492
478.13050417633,0.030812534166583968
478.23050417633004,0.03181086772730798
478.33050417633007,0.03283373151470538
478.4305041763301,0.03388141959283528
478.5305041763301,0.034954217438623515
478.63050417633013,0.03605240139181752
478.73050417633016,0.037176238098503074
478.8305041763302,0.03832598394878563
478.9305041763302,0.039501884509268836
479.0305041763302,0.0407041739509904
479.13050417633025,0.041933074473504674
479.23050417633027,0.043188795725828
479.3305041763303,0.044471534224991276
479.4305041763303,0.045781472772969505
479.53050417633034,0.04711877987278494
479.63050417633036,0.04848360914460535
479.7305041763304,0.04987609874268281
479.8305041763304,0.05129637077400252
479.93050417633043,0.0527445307195328
480.03050417633045,0.054220666858989366
480.1305041763305,0.05572484970004681
480.2305041763305,0.05725713141294902
480.3305041763305,0.058817545271488435
480.43050417633054,0.060406105101339584
480.53050417633057,0.06202280473674793
480.6305041763306,0.06366761748658754
480.7305041763306,0.06534049561081351
480.83050417633063,0.06704136980834449
480.93050417633066,0.06877014871741943
481.0305041763307,0.07052671842947889
481.1305041763307,0.07231094201762585
481.2305041763307,0.07412265908072423
481.33050417633075,0.07596168530419295
481.43050417633077,0.07782781203855385
481.5305041763308,0.07972080589678636
481.6305041763308,0.0816404083715383
481.73050417633084,0.08358633547323342
481.83050417633086,0.08555827739010681
481.9305041763309,0.08755589817118736
482.0305041763309,0.08957883543323236
482.13050417633093,0.09162670009260203
482.23050417633095,0.09369907612304429
482.330504176331,0.09579552034033746
482.430504176331,0.0979155622147159
482.530504176331,0.10005870371197824
482.63050417633104,0.10222441916414854
482.73050417633107,0.10441215517053161
482.8305041763311,0.10662133052996998
482.9305041763311,0.10885133620507605
483.03050417633114,0.11110153531917502
483.13050417633116,0.1133712631866547
483.2305041763312,0.11565982737737779
483.3305041763312,0.11796650781576708
483.4305041763312,0.12029055691512931
483.53050417633125,0.12263119974773512
483.63050417633127,0.12498763425112269
483.7305041763313,0.12735903147104183
483.8305041763313,0.1297445358414001
483.93050417633134,0.13214326550151945
484.03050417633136,0.1345543126509531
484.1305041763314,0.13697674394205564
484.2305041763314,0.13940960091043733
484.33050417633143,0.14185190044337515
484.43050417633145,0.14430263528618775
484.5305041763315,0.1467607745865198
484.6305041763315,0.14922526447641565
484.7305041763315,0.1516950286919973
484.83050417633154,0.15416896923049414
484.93050417633157,0.15664596704430647
485.0305041763316,0.15912488277171616
485.1305041763316,0.16160455750378996
485.23050417633164,0.16408381358695423
485.33050417633166,0.16656145546064927
485.4305041763317,0.1690362705294054
485.5305041763317,0.1715070300686142
485.6305041763317,0.1739724901632003
485.73050417633175,0.17643139267833233
485.8305041763318,0.17888246626124607
485.9305041763318,0.18132442737318513
486.0305041763318,0.18375598135040208
486.13050417633184,0.1861758234930979
486.23050417633186,0.18858264018111578
486.3305041763319,0.1909751100151445
486.4305041763319,0.19335190498212737
486.53050417633193,0.19571169164351437
486.63050417633195,0.19805313234494096
486.730504176332,0.20037488644586124
486.830504176332,0.2026756115676137
486.930504176332,0.20495396485834688
487.03050417633204,0.20720860427318571
487.13050417633207,0.20943818986797644
487.2305041763321,0.21164138510490393
487.3305041763321,0.21381685816823842
487.43050417633214,0.21596328328843167
487.53050417633216,0.21807934207275026
487.6305041763322,0.22016372484060337
487.7305041763322,0.22221513196169615
487.8305041763322,0.2242322751951166
487.93050417633225,0.22621387902744358
488.0305041763323,0.22815868200794812
488.1305041763323,0.2300654380789456
488.2305041763323,0.23193291789934922
488.33050417633234,0.23375991015946787
488.43050417633236,0.23554522288509044
488.5305041763324,0.23728768472889997
488.6305041763324,0.2389861462472671
488.73050417633243,0.24063948116048084
488.83050417633245,0.24224658759448875
488.9305041763325,0.24380638930223425
489.0305041763325,0.24531783686270087
489.1305041763325,0.24677990885579634
489.23050417633254,0.24819161301123865
489.33050417633257,0.24955198732963702
489.4305041763326,0.25086010117399693
489.5305041763326,0.2521150563299175
489.63050417633264,0.2533159880327909
489.73050417633266,0.2544620659603616
489.8305041763327,0.2555524951890506
489.9305041763327,0.2565865171125039
490.0305041763327,0.2575634103208792
490.13050417633275,0.25848249143944596
490.2305041763328,0.25934311592513254
490.3305041763328,0.26014467881972275
490.4305041763328,0.26088661545846864
490.53050417633284,0.26156840213295773
490.63050417633286,0.2621895567071466
490.7305041763329,0.26274963918554467
490.8305041763329,0.26324825223261267
490.93050417633293,0.26368504164251627
491.03050417633295,0.26405969675845775
491.130504176333,0.2643719508408911
491.230504176333,0.2646215813840092
491.330504176333,0.2648084103799776
491.43050417633305,0.26493230453047534
491.53050417633307,0.26499317540519157
491.6305041763331,0.2649911919441419
491.7305041763331,0.26492746735775075
491.83050417633314,0.26480220676267263
491.93050417633316,0.2646154974583232
492.0305041763332,0.26436746951920925
492.1305041763332,0.2640582956439091
492.2305041763332,0.2636881909546752
492.33050417633325,0.263257412747985
492.4305041763333,0.2627662601964441
492.5305041763333,0.2622150740025264
492.6305041763333,0.26160423600471094
492.73050417633334,0.26093416873665387
492.83050417633336,0.26020533494010756
492.9305041763334,0.25941823703237227
493.0305041763334,0.25857341652913995
493.13050417633343,0.2576714534236564
493.23050417633345,0.25671296552319905
493.3305041763335,0.2556986077439336
493.4305041763335,0.2546290713652739
493.5305041763335,0.25350508324493604
493.63050417633355,0.2523274049959316
493.73050417633357,0.2510968321268061
493.8305041763336,0.24981419314647962
493.9305041763336,0.24848034863509968
494.03050417633364,0.24709619028236454
494.13050417633366,0.2456626398948193
494.2305041763337,0.24418064837367232
494.3305041763337,0.24265119466471552
494.4305041763337,0.2410752846819717
494.53050417633375,0.23945395020672205
494.6305041763338,0.23778824776359922
494.7305041763338,0.2360792574754558
494.8305041763338,0.2343280818987429
494.93050417633384,0.23253584484115156
495.03050417633386,0.23070369016328743
495.1305041763339,0.22883278056616144
495.2305041763339,0.22692429636628886
495.33050417633393,0.22497943426019532
495.43050417633395,0.2229994060801309
495.530504176334,0.220985437542794
495.630504176334,0.21893876699286027
495.730504176334,0.216860644143108
495.83050417633405,0.21475232881291795
495.93050417633407,0.21261508966691398
496.0305041763341,0.21045020295549283
496.1305041763341,0.20825895125897237
496.23050417633414,0.2060426222370641
496.33050417633416,0.20380250738535058
496.4305041763342,0.2015399008004191
496.5305041763342,0.19925609795527222
496.6305041763342,0.19695239448660107
496.73050417633425,0.19463008499547138
496.8305041763343,0.1922904618629326
496.9305041763343,0.18993481408201926
497.0305041763343,0.18756442610757001
497.13050417633434,0.18518057672524418
497.23050417633436,0.18278453794106783
497.3305041763344,0.1803775738927911
497.4305041763344,0.17796093978428842
497.53050417633443,0.17553588084417876
497.63050417633445,0.17310363130979
497.7305041763345,0.1706654134375342
497.8305041763345,0.1682224365407044
497.9305041763345,0.16577589605564577
498.03050417633455,0.16332697263719284
498.13050417633457,0.16087683128420766
498.2305041763346,0.15842662049598982
498.3305041763346,0.15597747146027108
498.43050417633464,0.15353049727344317
498.53050417633466,0.15108679219360766
498.6305041763347,0.1486474309269734
498.7305041763347,0.14621346794806542
498.8305041763347,0.14378593685414753
498.93050417633475,0.14136584975419897
499.0305041763348,0.13895419669272452
499.1305041763348,0.13655194510861532
499.2305041763348,0.13416003932922063
499.33050417633484,0.13177940009972677
499.43050417633486,0.12941092414788546
499.5305041763349,0.12705548378407253
499.6305041763349,0.12471392653660343
499.73050417633493,0.1223870748221757
499.83050417633495,0.12007572565125407
499.930504176335,0.1177806503681617
500.030504176335,0.1155025944255886
500.130504176335,0.11324227719317918
500.23050417633505,0.11100039179981125
500.33050417633507,0.10877760500913367
500.4305041763351,0.1065745571278825
500.5305041763351,0.10439186194645433
500.63050417633514,0.10223010671117244
500.73050417633516,0.10008985212764232
500.8305041763352,0.09797163239455538
500.9305041763352,0.09587595526726372
501.0305041763352,0.09380330215041499
501.13050417633525,0.09175412821890469
501.2305041763353,0.08972886256637347
501.3305041763353,0.08772790838044912
501.4305041763353,0.0857516431439077
501.53050417633534,0.08380041886090386
501.63050417633536,0.08187456230740048
501.7305041763354,0.07997437530490621
501.8305041763354,0.0781001350166141
501.93050417633543,0.07625209426501851
502.03050417633546,0.07443048187007364
502.1305041763355,0.07263550300694696
502.2305041763355,0.07086733958241097
502.3305041763355,0.06912615062890948
502.43050417633555,0.06741207271532972
502.53050417633557,0.06572522037350773
502.6305041763356,0.06406568653949345
502.7305041763356,0.06243354300860185
502.83050417633564,0.060828840903279
502.93050417633566,0.05925161115281521
503.0305041763357,0.05770186498394347
503.1305041763357,0.05617959442136814
503.2305041763357,0.054684772797277986
503.33050417633575,0.05321735526890718
503.4305041763358,0.051777279343220364
503.5305041763358,0.05036446540781027
503.6305041763358,0.04897881726711124
503.73050417633584,0.04762022268304715
503.83050417633586,0.046288553919249735
503.9305041763359,0.044983668288000364
504.0305041763359,0.04370540869906829
504.13050417633593,0.04245360420963767
504.23050417633596,0.041228070574536986
504.330504176336,0.040028610796005934
504.430504176336,0.038855015672257916
504.530504176336,0.037707064344118836
504.63050417633605,0.03658452483904763
504.73050417633607,0.03548715461186753
504.8305041763361,0.03441470108156301
504.9305041763361,0.0333669021635222
505.03050417633614,0.03234348679663019
505.13050417633616,0.031344175464645824
505.2305041763362,0.030368680711319637
505.3305041763362,0.029416707648738008
505.4305041763362,0.028487954458405282
505.53050417633625,0.02758211288460191
505.6305041763363,0.02669886871958384
505.7305041763363,0.025837902280215094
505.8305041763363,0.02499888887565194
505.93050417633634,0.024181499265723588
506.03050417633636,0.023385400109680904
506.1305041763364,0.022610254405010292
506.2305041763364,0.021855721916035808
506.33050417633643,0.021121459592058273
506.43050417633646,0.02040712197480457
506.5305041763365,0.019712361594985562
506.6305041763365,0.019036829357784956
506.7305041763365,0.01838017491712493
506.83050417633655,0.017742047038578037
506.93050417633657,0.017122093950816927
507.0305041763366,0.016519963685515934
507.1305041763366,0.015935304405639658
507.23050417633664,0.015367764722074836
507.33050417633666,0.014816993998581517
507.4305041763367,0.014282642645059556
507.5305041763367,0.01376436239914485
507.63050417633673,0.013261806596168008
507.73050417633675,0.01277463042752568
507.8305041763368,0.012302491187531241
507.9305041763368,0.011845048508827574
508.0305041763368,0.011401964586460072
508.13050417633684,0.010972904390722191
