1.0,4.727331043394752e-34
1.1,5.332303788493086e-34
1.2000000000000002,6.014142628125039e-34
1.3000000000000003,6.782542671051593e-34
1.4000000000000004,7.648412768000174e-34
1.5000000000000004,8.624026307700114e-34
1.6000000000000005,9.723190602697603e-34
1.7000000000000006,1.0961437138516615e-33
1.8000000000000007,1.2356235235539321e-33
1.9000000000000008,1.3927231981973422e-33
2.000000000000001,1.569652164241567e-33
2.100000000000001,1.7688948134208785e-33
2.200000000000001,1.9932444598026274e-33
2.300000000000001,2.245841457537157e-33
2.4000000000000012,2.530215985019757e-33
2.5000000000000013,2.850336062150905e-33
2.6000000000000014,3.2106614356334e-33
2.7000000000000015,3.616204043653346e-33
2.8000000000000016,4.072595856811767e-33
2.9000000000000017,4.586164987894451e-33
3.0000000000000018,5.164021070185484e-33
3.100000000000002,5.814151023896184e-33
3.200000000000002,6.545526464396029e-33
3.300000000000002,7.368224155981554e-33
3.400000000000002,8.293561082767291e-33
3.500000000000002,9.334245896042001e-33
3.6000000000000023,1.0504548707414908e-32
3.7000000000000024,1.1820491431929974e-32
3.8000000000000025,1.3300061147927083e-32
3.9000000000000026,1.4963449234060198e-32
4.000000000000003,1.6833319372158772e-32
4.100000000000003,1.8935107871607636e-32
4.200000000000003,2.1297360181128942e-32
4.3000000000000025,2.3952107912341622e-32
4.400000000000003,2.6935291211866477e-32
4.5000000000000036,3.028723189132933e-32
4.600000000000003,3.405316336440203e-32
4.700000000000003,3.828382415479525e-32
4.800000000000003,4.303612253766393e-32
4.900000000000004,4.8373880768829955e-32
5.0000000000000036,5.436866835250218e-32
5.100000000000003,6.110073491081491e-32
5.200000000000004,6.866005446092926e-32
5.300000000000004,7.714749429286131e-32
5.400000000000004,8.667612319004274e-32
5.5000000000000036,9.737267546387856e-32
5.600000000000004,1.0937918920374988e-31
5.700000000000005,1.2285483929833485e-31
5.800000000000004,1.37977988188607e-31
5.900000000000004,1.5494847999595145e-31
6.000000000000004,1.7399020666296628e-31
6.100000000000005,1.953539780847373e-31
6.200000000000005,2.1932073193515452e-31
6.300000000000004,2.462051230497338e-31
6.400000000000005,2.7635953686302195e-31
6.500000000000005,3.1017857657001684e-31
6.600000000000005,3.4810407944750716e-31
6.700000000000005,3.90630724201682e-31
6.800000000000005,4.38312298377657e-31
6.900000000000006,4.917687028592459e-31
7.000000000000005,5.516937793971558e-31
7.100000000000005,6.188640570347083e-31
7.2000000000000055,6.941485243681851e-31
7.300000000000006,7.785195469139531e-31
7.400000000000006,8.730650625976312e-31
7.500000000000005,9.790022036954557e-31
7.600000000000006,1.0976925106169321e-30
7.700000000000006,1.2306589219239234e-30
7.800000000000006,1.3796047461488756e-30
7.900000000000006,1.5464348445514554e-30
8.000000000000007,1.7332792802088783e-30
8.100000000000007,1.9425197180702563e-30
8.200000000000006,2.1768188931586303e-30
8.300000000000006,2.4391535003438065e-30
8.400000000000006,2.7328508994525947e-30
8.500000000000007,3.0616300743886356e-30
8.600000000000007,3.429647334910906e-30
8.700000000000006,3.841547305342375e-30
8.800000000000008,4.302519806369833e-30
8.900000000000007,4.8183633049599696e-30
9.000000000000007,5.395555684031525e-30
9.100000000000007,6.0413331687499e-30
9.200000000000006,6.76377834111172e-30
9.300000000000008,7.571918279926591e-30
9.400000000000007,8.475833980560111e-30
9.500000000000007,9.48678233919615e-30
9.600000000000009,1.0617332131354635e-29
9.700000000000008,1.1881515575586195e-29
9.800000000000008,1.3294997252454552e-29
9.900000000000007,1.4875262348082758e-29
10.000000000000007,1.664182641292074e-29
10.100000000000009,1.861646907240201e-29
10.200000000000008,2.0823494399545368e-29
10.300000000000008,2.3290020963319437e-29
10.40000000000001,2.6046304904059477e-29
10.500000000000009,2.912609976215407e-29
10.600000000000009,3.256705720263722e-29
10.700000000000008,3.6411173240890073e-29
10.800000000000008,4.0705285088306165e-29
10.90000000000001,4.550162430722202e-29
11.000000000000009,5.085843259778027e-29
11.100000000000009,5.684064724257078e-29
11.20000000000001,6.352066401557502e-29
11.30000000000001,7.097918622842778e-29
11.40000000000001,7.930616954882802e-29
11.500000000000009,8.860187329328022e-29
11.600000000000009,9.897803008083646e-29
11.70000000000001,1.105591470488034e-28
11.80000000000001,1.234839532894866e-28
11.90000000000001,1.3790700978473066e-28
12.00000000000001,1.5400049990934484e-28
12.10000000000001,1.719562205647369e-28
12.20000000000001,1.9198779621133642e-28
12.30000000000001,2.143331405160014e-28
12.40000000000001,2.392571930446903e-28
12.50000000000001,2.670549614396636e-28
12.60000000000001,2.980549028564125e-28
12.70000000000001,3.3262268213316764e-28
12.800000000000011,3.711653482644684e-28
12.900000000000011,4.141359752924539e-28
13.00000000000001,4.6203881876319385e-28
13.10000000000001,5.154350444726961e-28
13.20000000000001,5.749490924071204e-28
13.300000000000011,6.412757456269483e-28
13.400000000000011,7.1518798142900035e-28
13.50000000000001,7.975456905188543e-28
13.600000000000012,8.89305359229146e-28
13.700000000000012,9.915308201204319e-28
13.800000000000011,1.1054051877077957e-27
13.900000000000011,1.2322441086859049e-27
14.00000000000001,1.3735104700058486e-27
14.100000000000012,1.5308307236344584e-27
14.200000000000012,1.7060130039567926e-27
14.300000000000011,1.901067232740788e-27
14.400000000000013,2.1182274275643353e-27
14.500000000000012,2.3599764528191665e-27
14.600000000000012,2.6290734780912808e-27
14.700000000000012,2.9285844371347832e-27
14.800000000000011,3.261915812085913e-27
14.900000000000013,3.6328521023356495e-27
15.000000000000012,4.045597375927081e-27
15.100000000000012,4.504821343868622e-27
15.200000000000014,5.0157104447724476e-27
15.300000000000013,5.584024479212559e-27
15.400000000000013,6.216159390671869e-27
15.500000000000012,6.919216853474707e-27
15.600000000000012,7.701081398327575e-27
15.700000000000014,8.570505883695949e-27
15.800000000000013,9.537206207012342e-27
15.900000000000013,1.0611966244480431e-26
16.000000000000014,1.1806754112945215e-26
16.100000000000016,1.313485096297882e-26
16.200000000000014,1.4610993640114752e-26
16.30000000000001,1.625153269230522e-26
16.400000000000013,1.8074607357555575e-26
16.500000000000014,2.0100339337841725e-26
16.600000000000016,2.2351047355490668e-26
16.700000000000014,2.485148469808953e-26
16.800000000000015,2.7629102189675767e-26
16.900000000000013,3.0714339281738134e-26
17.000000000000014,3.414094623986577e-26
17.100000000000016,3.794634071346164e-26
17.200000000000014,4.2172002319778935e-26
17.300000000000015,4.68639092529551e-26
17.400000000000013,5.20730213473289e-26
17.500000000000014,5.785581448616775e-26
17.600000000000016,6.42748717563766e-26
17.700000000000014,7.139953731170844e-26
17.800000000000015,7.930663952672904e-26
17.900000000000016,8.808129070725434e-26
18.000000000000014,9.781777137660323e-26
18.100000000000016,1.0862050798797094e-25
18.200000000000017,1.20605153829209e-25
18.300000000000015,1.3389978389623976e-25
18.400000000000016,1.4864621562426833e-25
18.500000000000014,1.6500146859279105e-25
18.600000000000016,1.8313937767224396e-25
18.700000000000017,2.0325237556977368e-25
18.800000000000015,2.255534623729643e-25
18.900000000000016,2.502783814985172e-25
19.000000000000014,2.7768802344471224e-25
19.100000000000016,3.080710809406511e-25
19.200000000000017,3.4174698150133557e-25
19.300000000000015,3.7906912605902924e-25
19.400000000000016,4.204284652711793e-25
19.500000000000018,4.662574483315592e-25
19.600000000000016,5.170343826630439e-25
19.700000000000017,5.732882467800878e-25
19.80000000000002,6.356040029128086e-25
19.900000000000016,7.046284607206742e-25
20.000000000000018,7.810767486363354e-25
20.100000000000016,8.657394551156681e-25
20.200000000000017,9.594905083803921e-25
20.30000000000002,1.0632958701824785e-24
20.400000000000016,1.1782231267562001e-24
20.500000000000018,1.305452068524383e-24
20.600000000000016,1.4462863593637187e-24
20.700000000000017,1.6021664063940444e-24
20.80000000000002,1.7746835524283645e-24
20.900000000000016,1.9655957255036746e-24
21.000000000000018,2.176844693416312e-24
21.10000000000002,2.410575086030881e-24
21.200000000000017,2.669155364446938e-24
21.30000000000002,2.955200934042018e-24
21.40000000000002,3.271599618114361e-24
21.500000000000018,3.621539730504869e-24
21.60000000000002,4.00854100936934e-24
21.700000000000017,4.436488700409077e-24
21.80000000000002,4.909671106583617e-24
21.90000000000002,5.432820952863489e-24
22.000000000000018,6.011160949220722e-24
22.10000000000002,6.650453973092604e-24
22.200000000000017,7.357058334317625e-24
22.30000000000002,8.137988631408075e-24
22.40000000000002,9.000982758360197e-24
22.500000000000018,9.9545756764746e-24
22.60000000000002,1.1008180626318522e-23
22.70000000000002,1.2172178521529742e-23
22.80000000000002,1.3458016339232983e-23
22.90000000000002,1.4878315401992644e-23
23.00000000000002,1.644699053419147e-23
23.10000000000002,1.8179381172216452e-23
23.20000000000002,2.0092395613682285e-23
23.30000000000002,2.2204669707023336e-23
23.40000000000002,2.4536741410119192e-23
23.50000000000002,2.711124278625052e-23
23.60000000000002,2.9953111158800265e-23
23.70000000000002,3.3089821313982796e-23
23.80000000000002,3.655164082491924e-23
23.90000000000002,4.0371910772126195e-23
24.00000000000002,4.4587354356594183e-23
24.10000000000002,4.923841614398587e-23
24.20000000000002,5.436963494403698e-23
24.300000000000022,6.003005362026014e-23
24.40000000000002,6.627366944383851e-23
24.50000000000002,7.315992895493883e-23
24.600000000000023,8.075427167718999e-23
24.70000000000002,8.912872745022392e-23
24.800000000000022,9.836257260407278e-23
24.90000000000002,1.085430507018329e-22
25.00000000000002,1.1976616412733692e-22
25.100000000000023,1.3213754339708614e-22
25.20000000000002,1.4577340173532766e-22
25.300000000000022,1.6080158317318717e-22
25.40000000000002,1.7736271322306148e-22
25.50000000000002,1.9561146204443861e-22
25.600000000000023,2.157179309636484e-22
25.70000000000002,2.3786917424589006e-22
25.800000000000022,2.622708691507558e-22
25.900000000000023,2.8914914854208904e-22
26.00000000000002,3.1875261167901167e-22
26.100000000000023,3.5135453029774023e-22
26.200000000000024,3.872552687160169e-22
26.300000000000022,4.267849384652387e-22
26.400000000000023,4.70306309894861e-22
26.50000000000002,5.182180053139838e-22
26.600000000000023,5.709580005524438e-22
26.700000000000024,6.29007464358003e-22
26.800000000000022,6.928949678147004e-22
26.900000000000023,7.632010989944249e-22
27.00000000000002,8.405635213604541e-22
27.100000000000023,9.256825180552215e-22
27.200000000000024,1.0193270681527083e-21
27.300000000000022,1.1223415052681405e-21
27.400000000000023,1.2356528136288365e-21
27.500000000000025,1.3602786218554332e-21
27.600000000000023,1.497335960321071e-21
27.700000000000024,1.6480508540931114e-21
27.800000000000026,1.8137688301605558e-21
27.900000000000023,1.9959664249653655e-21
28.000000000000025,2.19626378624071e-21
28.100000000000023,2.4164384718743146e-21
28.200000000000024,2.6584405580283067e-21
28.300000000000026,2.9244091791278086e-21
28.400000000000023,3.216690633658318e-21
28.500000000000025,3.537858202073389e-21
28.600000000000023,3.890733836595964e-21
28.700000000000024,4.278411897410415e-21
28.800000000000026,4.70428512578357e-21
28.900000000000023,5.172073062155954e-21
29.000000000000025,5.685853136326778e-21
29.100000000000026,6.250094677665923e-21
29.200000000000024,6.869696115977999e-21
29.300000000000026,7.550025668375738e-21
29.400000000000027,8.296965834489065e-21
29.500000000000025,9.116962051724693e-21
29.600000000000026,1.0017075894325948e-20
29.700000000000024,1.1005043234889358e-20
29.800000000000026,1.2089337825032613e-20
29.900000000000027,1.3279240793354893e-20
30.000000000000025,1.4584916603977968e-20
30.100000000000026,1.6017496068142038e-20
30.200000000000024,1.7589167054899135e-20
30.300000000000026,1.9313273605292215e-20
30.400000000000027,2.1204424217944283e-20
30.500000000000025,2.3278610143162196e-20
30.600000000000026,2.5553334597988034e-20
30.700000000000028,2.804775389662352e-20
30.800000000000026,3.078283157992282e-20
30.900000000000027,3.378150672480355e-20
31.00000000000003,3.706887772015393e-20
31.100000000000026,4.067240291088677e-20
31.200000000000028,4.462211963698233e-20
31.300000000000026,4.8950883330578293e-20
31.400000000000027,5.369462848236248e-20
31.50000000000003,5.889265344968075e-20
31.600000000000026,6.458793125414194e-20
31.700000000000028,7.082744870710974e-20
31.800000000000026,7.766257640885254e-20
31.900000000000027,8.514947239254488e-20
32.00000000000003,9.334952242939657e-20
32.10000000000002,1.0232982027766765e-19
32.20000000000003,1.121636914479125e-19
32.300000000000026,1.229312643715989e-19
32.40000000000003,1.347200932023442e-19
32.50000000000003,1.4762583685071563e-19
32.60000000000003,1.61752999257488e-19
32.70000000000003,1.7721573634902413e-19
32.800000000000026,1.9413873559513106e-19
32.90000000000003,2.1265817460757865e-19
33.00000000000003,2.3292276577970356e-19
33.10000000000003,2.5509489457837634e-19
33.20000000000003,2.7935185976259717e-19
33.300000000000026,3.058872245231145e-19
33.40000000000003,3.349122883190756e-19
33.50000000000003,3.6665769003625213e-19
33.60000000000003,4.0137515401244807e-19
33.70000000000003,4.393393914752041e-19
33.800000000000026,4.808501710217088e-19
33.90000000000003,5.26234572947942e-19
34.00000000000003,5.758494435108734e-19
34.10000000000003,6.300840665934041e-19
34.20000000000003,6.893630717441309e-19
34.30000000000003,7.541495991943375e-19
34.40000000000003,8.249487442224806e-19
34.50000000000003,9.023113051531704e-19
34.60000000000003,9.868378613567878e-19
34.70000000000003,1.0791832098690864e-18
34.80000000000003,1.1800611916935763e-18
34.90000000000003,1.2902499414977638e-18
35.00000000000003,1.4105975972845986e-18
35.10000000000003,1.5420285097311483e-18
35.20000000000003,1.6855499942576845e-18
35.30000000000003,1.8422596725424782e-18
35.400000000000034,2.0133534541549167e-18
35.50000000000003,2.2001342132660508e-18
35.60000000000003,2.4040212200388372e-18
35.70000000000003,2.626560391329632e-18
35.80000000000003,2.8694354307779466e-18
35.900000000000034,3.1344799342596635e-18
36.00000000000003,3.423690543063458e-18
36.10000000000003,3.739241234062824e-18
36.20000000000003,4.083498843640105e-18
36.30000000000003,4.4590399302171074e-18
36.400000000000034,4.868669089015107e-18
36.50000000000003,5.315438842151532e-18
36.60000000000003,5.802671237446469e-18
36.70000000000003,6.3339813004184215e-18
36.80000000000003,6.9133024959633744e-18
36.900000000000034,7.544914369208164e-18
37.00000000000003,8.233472549086966e-18
37.10000000000003,8.98404131339173e-18
37.20000000000003,9.802128930489695e-18
37.30000000000003,1.0693726010675895e-17
37.400000000000034,1.166534711934941e-17
37.500000000000036,1.2724075924977525e-17
37.60000000000003,1.3877614177273102e-17
37.70000000000003,1.513433483527901e-17
37.80000000000003,1.650333969129329e-17
37.900000000000034,1.7994521864909708e-17
38.000000000000036,1.961863357208125e-17
38.10000000000003,2.1387359607198032e-17
38.20000000000003,2.3313397011926025e-17
38.30000000000003,2.54105414431537e-17
38.400000000000034,2.7693780794104e-17
38.500000000000036,3.0179396667693624e-17
38.60000000000004,3.288507434985574e-17
38.70000000000003,3.5830021983038023e-17
38.80000000000003,3.903509969678121e-17
38.900000000000034,4.2522959513448567e-17
39.000000000000036,4.631819691323968e-17
39.10000000000004,5.044751501387508e-17
39.20000000000003,5.493990239726519e-17
39.30000000000003,5.982682569846876e-17
39.400000000000034,6.514243816175901e-17
39.500000000000036,7.092380546525989e-17
39.60000000000004,7.721115021974504e-17
39.70000000000003,8.404811665962268e-17
39.80000000000003,9.148205716530335e-17
39.900000000000034,9.956434238682143e-17
40.000000000000036,1.0835069687952457e-16
40.10000000000004,1.179015623145455e-16
40.20000000000003,1.2828249049051347e-16
40.30000000000003,1.395645685495564e-16
40.400000000000034,1.5182487899079344e-16
40.500000000000036,1.6514699727964386e-16
40.60000000000004,1.7962153007211554e-16
40.70000000000004,1.953466973113046e-16
40.80000000000003,2.1242896170979288e-16
40.900000000000034,2.3098370940779623e-16
41.000000000000036,2.511359858944716e-16
41.10000000000004,2.7302129160023157e-16
41.20000000000004,2.9678644191292995e-16
41.30000000000003,3.225904967423345e-16
41.400000000000034,3.506057651573465e-16
41.500000000000036,3.810188910509104e-16
41.60000000000004,4.140320262512753e-16
41.70000000000004,4.498640979969278e-16
41.80000000000004,4.887521782295948e-16
41.900000000000034,5.309529627373139e-16
42.000000000000036,5.767443688011612e-16
42.10000000000004,6.264272606680719e-16
42.20000000000004,6.803273128914176e-16
42.30000000000004,7.387970223549646e-16
42.400000000000034,8.022178806278009e-16
42.500000000000036,8.710027191929101e-16
42.60000000000004,9.45598241054256e-16
42.70000000000004,1.0264877532618218e-15
42.80000000000004,1.114194116006405e-15
42.900000000000034,1.209282925131325e-15
43.000000000000036,1.3123659461933817e-15
43.10000000000004,1.4241048195861686e-15
43.20000000000004,1.5452150577230551e-15
43.30000000000004,1.676470356871606e-15
43.400000000000034,1.818707247943986e-15
43.500000000000036,1.97283011238843e-15
43.60000000000004,2.139816591303212e-15
43.70000000000004,2.320723418017688e-15
43.80000000000004,2.5166927066645823e-15
43.90000000000004,2.7289587317158193e-15
44.000000000000036,2.958855236082109e-15
44.10000000000004,3.2078233081988944e-15
44.20000000000004,3.4774198715488977e-15
44.30000000000004,3.7693268333240885e-15
44.40000000000004,4.0853609424170055e-15
44.500000000000036,4.427484410676343e-15
44.60000000000004,4.7978163553789e-15
44.70000000000004,5.198645125178737e-15
44.80000000000004,5.6324415764193684e-15
44.90000000000004,6.1018733716527126e-15
45.00000000000004,6.609820377527266e-15
45.10000000000004,7.159391244912641e-15
45.20000000000004,7.753941260243738e-15
45.30000000000004,8.397091563623894e-15
45.40000000000004,9.092749836259082e-15
45.50000000000004,9.845132567328388e-15
45.60000000000004,1.0658789018474708e-14
45.70000000000004,1.1538627012756895e-14
45.80000000000004,1.2489940684176441e-14
45.90000000000004,1.3518440333838077e-14
46.00000000000004,1.4630284549444333e-14
46.10000000000004,1.5832114756236106e-14
46.20000000000004,1.713109237971179e-14
46.30000000000004,1.8534938813533923e-14
46.40000000000004,2.0051978400061986e-14
46.50000000000004,2.169118464594121e-14
46.60000000000004,2.3462229911251584e-14
46.70000000000004,2.537553882792516e-14
46.80000000000004,2.744234572153848e-14
46.90000000000004,2.9674756330311936e-14
47.00000000000004,3.2085814136220155e-14
47.100000000000044,3.4689571645697226e-14
47.20000000000004,3.750116698156855e-14
47.30000000000004,4.0536906173667866e-14
47.40000000000004,4.381435156324089e-14
47.50000000000004,4.7352416765799436e-14
47.600000000000044,5.117146866869538e-14
47.70000000000004,5.529343697350948e-14
47.80000000000004,5.97419318294871e-14
47.90000000000004,6.454237014291278e-14
48.00000000000004,6.972211118863463e-14
48.100000000000044,7.53106021941189e-14
48.200000000000045,8.133953461362712e-14
48.30000000000004,8.784301186055578e-14
48.40000000000004,9.485772931988808e-14
48.50000000000004,1.0242316752032422e-13
48.600000000000044,1.1058179940716761e-13
48.700000000000045,1.193793127228292e-13
48.80000000000004,1.2886484857197793e-13
48.90000000000004,1.3909125732338974e-13
49.00000000000004,1.5011537308061968e-13
49.100000000000044,1.6199830803912075e-13
49.200000000000045,1.748057681387494e-13
49.30000000000004,1.8860839151802432e-13
49.40000000000004,2.0348211138055048e-13
49.50000000000004,2.1950854499504193e-13
49.600000000000044,2.3677541066886967e-13
49.700000000000045,2.5537697466147294e-13
49.80000000000004,2.7541453013891017e-13
49.90000000000004,2.9699691041466756e-13
50.00000000000004,3.202410388754123e-13
50.100000000000044,3.452725181540815e-13
50.200000000000045,3.722262612873222e-13
50.30000000000005,4.012471677805171e-13
50.40000000000004,4.3249084770208316e-13
50.50000000000004,4.661243971405244e-13
50.600000000000044,5.023272285832272e-13
50.700000000000045,5.412919600165826e-13
50.80000000000005,5.832253668033002e-13
50.90000000000004,6.28349400665808e-13
51.00000000000004,6.769022803959449e-13
51.100000000000044,7.291396592208984e-13
51.200000000000045,7.853358740859304e-13
51.30000000000005,8.457852824661728e-13
51.40000000000005,9.108036926944768e-13
51.50000000000004,9.807298941914482e-13
51.600000000000044,1.0559272944088061e-12
51.700000000000045,1.1367856697494183e-12
51.80000000000005,1.223723038209398e-12
51.90000000000005,1.3171876619998876e-12
52.00000000000004,1.4176601889522785e-12
52.100000000000044,1.5256559420912594e-12
52.200000000000045,1.6417273673777522e-12
52.30000000000005,1.7664666502819146e-12
52.40000000000005,1.900508512545388e-12
52.50000000000004,2.044533201236144e-12
52.600000000000044,2.199269682991482e-12
52.700000000000045,2.3654990571849625e-12
52.80000000000005,2.544058202650156e-12
52.90000000000005,2.7358436735438357e-12
53.00000000000004,2.9418158609444454e-12
53.100000000000044,3.1630034378570994e-12
53.200000000000045,3.4005081064387312e-12
53.30000000000005,3.655509667473722e-12
53.40000000000005,3.9292714334199796e-12
53.50000000000005,4.223146007718468e-12
53.600000000000044,4.538581454516696e-12
53.700000000000045,4.877127884505247e-12
53.80000000000005,5.240444484210705e-12
53.90000000000005,5.630307017836463e-12
54.00000000000005,6.048615832596589e-12
54.100000000000044,6.497404400459844e-12
54.200000000000045,6.978848431310297e-12
54.30000000000005,7.495275594752662e-12
54.40000000000005,8.04917589014734e-12
54.50000000000005,8.643212706960431e-12
54.60000000000005,9.280234620170343e-12
54.700000000000045,9.96328796828829e-12
54.80000000000005,1.069563026453808e-11
54.90000000000005,1.1480744494912998e-11
55.00000000000005,1.2322354360189206e-11
55.10000000000005,1.3224440522543063e-11
55.200000000000045,1.4191257921202918e-11
55.30000000000005,1.5227354225575138e-11
55.40000000000005,1.6337589498541328e-11
55.50000000000005,1.7527157147128473e-11
55.60000000000005,1.8801606242536944e-11
55.700000000000045,2.016686529657453e-11
55.80000000000005,2.162926758691471e-11
55.90000000000005,2.3195578129286373e-11
56.00000000000005,2.4873022400729745e-11
56.10000000000005,2.6669316924440444e-11
56.200000000000045,2.8592701833486033e-11
56.30000000000005,3.065197553784512e-11
56.40000000000005,3.285653162680934e-11
56.50000000000005,3.521639814681824e-11
56.60000000000005,3.774227940331199e-11
56.70000000000005,4.044560044418882e-11
56.80000000000005,4.3338554391985196e-11
56.90000000000005,4.643415280199943e-11
57.00000000000005,4.974627923424479e-11
57.10000000000005,5.328974623843341e-11
57.20000000000005,5.7080355963142264e-11
57.30000000000005,6.11349646129573e-11
57.40000000000005,6.547155099079381e-11
57.50000000000005,7.010928937671768e-11
57.60000000000005,7.506862700958993e-11
57.70000000000005,8.037136645366148e-11
57.800000000000054,8.604075314899947e-11
57.90000000000005,9.210156846230453e-11
58.00000000000005,9.858022857340384e-11
58.10000000000005,1.055048895524458e-10
58.20000000000005,1.1290555900374868e-10
58.300000000000054,1.2081421467429637e-10
58.40000000000005,1.2926493044823146e-10
58.50000000000005,1.382940101733318e-10
58.60000000000005,1.4794012979146655e-10
58.70000000000005,1.5824448827257283e-10
58.800000000000054,1.6925096788067385e-10
58.90000000000005,1.8100630433115575e-10
59.00000000000005,1.9356026743091476e-10
59.10000000000005,2.0696585282709148e-10
59.20000000000005,2.212794855262919e-10
59.300000000000054,2.3656123588417463e-10
59.40000000000005,2.52875048805519e-10
59.50000000000005,2.702889869373346e-10
59.60000000000005,2.888754886821914e-10
59.70000000000005,3.0871164190630475e-10
59.800000000000054,3.2987947426656505e-10
59.900000000000055,3.524662611332892e-10
60.00000000000005,3.7656485214084396e-10
60.10000000000005,4.0227401745664597e-10
60.20000000000005,4.29698814920649e-10
60.300000000000054,4.5895097927232123e-10
60.400000000000055,4.901493347504959e-10
60.50000000000005,5.234202324236699e-10
60.60000000000005,5.588980136842084e-10
60.70000000000005,5.967255014200101e-10
60.800000000000054,6.370545204616262e-10
60.900000000000055,6.800464489914929e-10
61.00000000000006,7.258728026958126e-10
61.10000000000005,7.747158535379199e-10
61.20000000000005,8.267692851359335e-10
61.300000000000054,8.822388868368037e-10
61.400000000000055,9.413432886938048e-10
61.50000000000006,1.0043147396758573e-09
61.60000000000005,1.0713999315644053e-09
61.70000000000005,1.1428608711277514e-09
61.800000000000054,1.218975803304099e-09
61.900000000000055,1.300040188272955e-09
62.00000000000006,1.3863677354509197e-09
62.10000000000005,1.4782914976123532e-09
62.20000000000005,1.5761650285080879e-09
62.300000000000054,1.6803636075375614e-09
62.400000000000055,1.7912855352205172e-09
62.50000000000006,1.90935350341604e-09
62.60000000000005,2.035016044447395e-09
62.70000000000005,2.168749063513695e-09
62.800000000000054,2.3110574590028515e-09
62.900000000000055,2.4624768355654206e-09
63.00000000000006,2.6235753150670228e-09
63.10000000000006,2.794955450807695e-09
63.20000000000005,2.9772562506809237e-09
63.300000000000054,3.1711553152442147e-09
63.400000000000055,3.3773710969867016e-09
63.50000000000006,3.596665287408958e-09
63.60000000000006,3.8298453388762345e-09
63.70000000000005,4.077767128569038e-09
63.800000000000054,4.341337772237317e-09
63.900000000000055,4.621518595863588e-09
64.00000000000006,4.919328273761238e-09
64.10000000000005,5.235846142074112e-09
64.20000000000006,5.5722156971064745e-09
64.30000000000005,5.929648288396549e-09
64.40000000000006,6.309427016956963e-09
64.50000000000006,6.7129108496372565e-09
64.60000000000005,7.141538961124039e-09
64.70000000000006,7.59683531568109e-09
64.80000000000005,8.080413501344995e-09
64.90000000000006,8.59398182993988e-09
65.00000000000006,9.139348716945164e-09
65.10000000000005,9.718428355964369e-09
65.20000000000006,1.0333246703278805e-08
65.30000000000005,1.0985947788751232e-08
65.40000000000006,1.1678800370158343e-08
65.50000000000006,1.2414204948879564e-08
65.60000000000005,1.3194701165769512e-08
65.70000000000006,1.4022975596969589e-08
65.80000000000005,1.490186997039763e-08
65.90000000000006,1.5834389824679393e-08
66.00000000000006,1.6823713633353908e-08
66.10000000000005,1.7873202418315257e-08
66.20000000000006,1.8986409877619932e-08
66.30000000000005,2.0167093054023905e-08
66.40000000000006,2.1419223571899526e-08
66.50000000000006,2.2746999471522074e-08
66.60000000000005,2.4154857671131942e-08
66.70000000000006,2.5647487088640487e-08
66.80000000000005,2.722984245639316e-08
66.90000000000006,2.890715886401051e-08
67.00000000000006,3.0684967066003354e-08
67.10000000000007,3.256910959262877e-08
67.20000000000006,3.4565757704273636e-08
67.30000000000005,3.668142923158861e-08
67.40000000000006,3.892300734558747e-08
67.50000000000006,4.129776030402645e-08
67.60000000000007,4.381336222257303e-08
67.70000000000006,4.6477914921541446e-08
67.80000000000005,4.929997090138089e-08
67.90000000000006,5.228855750257096e-08
68.00000000000006,5.5453202308197555e-08
68.10000000000007,5.880395985019014e-08
68.20000000000006,6.235143968302662e-08
68.30000000000005,6.61068358916897e-08
68.40000000000006,7.008195810371782e-08
68.50000000000006,7.428926407842693e-08
68.60000000000007,7.874189394974295e-08
68.70000000000006,8.34537062025579e-08
68.80000000000005,8.843931546620994e-08
68.90000000000006,9.37141322124621e-08
69.00000000000006,9.929440444933793e-08
69.10000000000007,1.0519726150631641e-07
69.20000000000006,1.1144076001066902e-07
69.30000000000005,1.1804393215925982e-07
69.40000000000006,1.2502683639476162e-07
69.50000000000006,1.324106106001473e-07
69.60000000000007,1.4021752793039883e-07
69.70000000000006,1.4847105540562684e-07
69.80000000000007,1.5719591539536812e-07
69.90000000000006,1.66418150129476e-07
70.00000000000006,1.7616518937708876e-07
70.10000000000007,1.8646592144128315e-07
70.20000000000006,1.9735076762354633e-07
70.30000000000007,2.0885176031892458e-07
70.40000000000006,2.2100262490966333e-07
70.50000000000006,2.3383886563251568e-07
70.60000000000007,2.4739785560238787e-07
70.70000000000006,2.617189311829292e-07
70.80000000000007,2.7684349090286617e-07
70.90000000000006,2.928150991253364e-07
71.00000000000006,3.096795946864388e-07
71.10000000000007,3.274852047283041e-07
71.20000000000006,3.4628266396163817e-07
71.30000000000007,3.66125339602621e-07
71.40000000000006,3.87069362239293e-07
71.50000000000006,4.091737628934203e-07
71.60000000000007,4.325006165548189e-07
71.70000000000006,4.5711519247679425e-07
71.80000000000007,4.83086111533353e-07
71.90000000000006,5.104855109512098e-07
72.00000000000006,5.39389216742743e-07
72.10000000000007,5.698769241792382e-07
72.20000000000006,6.020323866579464e-07
72.30000000000007,6.3594361333077e-07
72.40000000000006,6.71703075877418e-07
72.50000000000006,7.094079248215492e-07
72.60000000000007,7.491602158043449e-07
72.70000000000006,7.910671462468531e-07
72.80000000000007,8.352413028497754e-07
72.90000000000006,8.818009203971585e-07
73.00000000000006,9.308701523493997e-07
73.10000000000007,9.825793537299117e-07
73.20000000000006,1.0370653768300762e-06
73.30000000000007,1.0944718802777643e-06
73.40000000000006,1.1549496520359378e-06
73.50000000000007,1.2186569469205137e-06
73.60000000000007,1.2857598392490831e-06
73.70000000000006,1.3564325912565498e-06
73.80000000000007,1.4308580379377547e-06
73.90000000000006,1.5092279890031417e-06
74.00000000000007,1.5917436486597392e-06
74.10000000000007,1.6786160539568474e-06
74.20000000000006,1.770066532464521e-06
74.30000000000007,1.8663271800815931e-06
74.40000000000006,1.967641359800538e-06
74.50000000000007,2.0742642222877653e-06
74.60000000000007,2.186463249169708e-06
74.70000000000006,2.3045188199491333e-06
74.80000000000007,2.4287248035098728e-06
74.90000000000006,2.559389175204198e-06
75.00000000000007,2.6968346605539143e-06
75.10000000000007,2.841399406633598e-06
75.20000000000006,2.9934376822446097e-06
75.30000000000007,3.1533206080280314e-06
75.40000000000006,3.321436917707007e-06
75.50000000000007,3.4981937516922602e-06
75.60000000000007,3.684017484328321e-06
75.70000000000006,3.879354586104915e-06
75.80000000000007,4.084672522204406e-06
75.90000000000006,4.3004606888055125e-06
76.00000000000007,4.5272313886142424e-06
76.10000000000007,4.765520847143614e-06
76.20000000000007,5.015890271319231e-06
76.30000000000007,5.27892695204064e-06
76.40000000000006,5.5552454123875775e-06
76.50000000000007,5.84548860321669e-06
76.60000000000007,6.1503291479558066e-06
76.70000000000007,6.470470638465166e-06
76.80000000000007,6.806648983897285e-06
76.90000000000006,7.1596338145555444e-06
77.00000000000007,7.530229942816433e-06
77.10000000000007,7.91927888325225e-06
77.20000000000007,8.327660434162462e-06
77.30000000000007,8.756294322793705e-06
77.40000000000006,9.20614191660756e-06
77.50000000000007,9.678208003030083e-06
77.60000000000007,1.0173542640198843e-05
77.70000000000007,1.0693243081306219e-05
77.80000000000007,1.1238455775219439e-05
77.90000000000006,1.1810378446149327e-05
78.00000000000007,1.241026225522434e-05
78.10000000000007,1.3039414046920983e-05
78.20000000000007,1.3699198683396538e-05
78.30000000000007,1.4391041469862793e-05
78.40000000000006,1.5116430674243849e-05
78.50000000000007,1.5876920144458493e-05
78.60000000000007,1.6674132026773798e-05
78.70000000000007,1.7509759588785142e-05
78.80000000000007,1.838557015068379e-05
78.90000000000006,1.9303408128590068e-05
79.00000000000007,2.026519819384177e-05
79.10000000000007,2.1272948552247452e-05
79.20000000000007,2.2328754347436994e-05
79.30000000000007,2.343480119255982e-05
79.40000000000006,2.4593368834716587e-05
79.50000000000007,2.5806834956632073e-05
79.60000000000007,2.707767912021427e-05
79.70000000000007,2.8408486856781967e-05
79.80000000000007,2.9801953908876207e-05
79.90000000000008,3.1260890628721776e-05
80.00000000000007,3.278822653854046e-05
80.10000000000007,3.438701505807847e-05
80.20000000000007,3.606043840484903e-05
80.30000000000007,3.781181267275663e-05
80.40000000000008,3.9644593094926804e-05
80.50000000000007,4.156237949671699e-05
80.60000000000007,4.356892194506667e-05
80.70000000000007,4.566812660049691e-05
80.80000000000007,4.7864061778249204e-05
80.90000000000008,5.016096422523442e-05
81.00000000000007,5.256324561962518e-05
81.10000000000007,5.5075499300127384e-05
81.20000000000007,5.770250723213606e-05
81.30000000000007,6.0449247218176564e-05
81.40000000000008,6.332090036023069e-05
81.50000000000007,6.632285878172806e-05
81.60000000000007,6.946073361720206e-05
81.70000000000007,7.274036327779458e-05
81.80000000000007,7.616782200101224e-05
81.90000000000008,7.974942869334766e-05
82.00000000000007,8.349175607457794e-05
82.10000000000007,8.74016401327927e-05
82.20000000000007,9.148618989940248e-05
82.30000000000007,9.575279755361283e-05
82.40000000000008,0.00010020914886608353
82.50000000000007,0.00010486323399169782
82.60000000000008,0.00010972335862163675
82.70000000000007,0.00011479815550515128
82.80000000000007,0.00012009659635169898
82.90000000000008,0.00012562800412433073
83.00000000000007,0.00013140206573547246
83.10000000000008,0.00013742884515649545
83.20000000000007,0.0001437187969527079
83.30000000000007,0.00015028278025567933
83.40000000000008,0.00015713207318504064
83.50000000000007,0.00016427838773217613
83.60000000000008,0.00017173388511850288
83.70000000000007,0.00017951119164124913
83.80000000000007,0.00018762341501998102
83.90000000000008,0.0001960841612573262
84.00000000000007,0.0002049075520276618
84.10000000000008,0.00021410824260780542
84.20000000000007,0.00022370144036397714
84.30000000000007,0.0002337029238096618
84.40000000000008,0.00024412906224918212
84.50000000000007,0.0002549968360221485
84.60000000000008,0.00026632385736421153
84.70000000000007,0.0002781283918997916
84.80000000000007,0.0002904293807828054
84.90000000000008,0.00030324646350163493
85.00000000000007,0.0003166000013648903
85.10000000000008,0.00033051110168483505
85.20000000000007,0.00034500164267554554
85.30000000000007,0.0003600942990832656
85.40000000000008,0.00037581256856659306
85.50000000000007,0.0003921807988444869
85.60000000000008,0.0004092242156303814
85.70000000000007,0.0004269689513708523
85.80000000000007,0.00044544207480774783
85.90000000000008,0.00046467162138277336
86.00000000000007,0.00048468662450393957
86.10000000000008,0.0005055171476935023
86.20000000000007,0.0005271943176372414
86.30000000000008,0.000549750358155307
86.40000000000008,0.0005732186251149682
86.50000000000007,0.0005976336423060193
86.60000000000008,0.0006230311382997164
86.70000000000007,0.0006494480843124111
86.80000000000008,0.0006769227330953531
86.90000000000008,0.0007054946588722215
87.00000000000007,0.0007352047983463471
87.10000000000008,0.0007660954927996622
87.20000000000007,0.0007982105313056911
87.30000000000008,0.0008315951950791775
87.40000000000008,0.0008662963029849401
87.50000000000007,0.0009023622582289914
87.60000000000008,0.0009398430962549189
87.70000000000007,0.0009787905338688046
87.80000000000008,0.0010192580196161727
87.90000000000008,0.0010613007854343986
88.00000000000007,0.001104975899604457
88.10000000000008,0.0011503423210256815
88.20000000000007,0.0011974609548375489
88.30000000000008,0.001246394709412626
88.40000000000008,0.0012972085547445843
88.50000000000007,0.0013499695822557576
88.60000000000008,0.0014047470660482845
88.70000000000007,0.0014616125256232092
88.80000000000008,0.001520639790091949
88.90000000000008,0.0015819050639042727
89.00000000000009,0.0016454869941173174
89.10000000000008,0.0017114667392296998
89.20000000000007,0.0017799280396052092
89.30000000000008,0.0018509572895100263
89.40000000000008,0.0019246436107876017
89.50000000000009,0.002001078928195313
89.60000000000008,0.002080358046426416
89.70000000000007,0.002162578728841282
89.80000000000008,0.0022478417779311357
89.90000000000008,0.0023362511175376898
90.00000000000009,0.0024279138768517864
90.10000000000008,0.0025229404762135625
90.20000000000007,0.0026214447147370045
90.30000000000008,0.0027235438597806886
90.40000000000008,0.002829358738286721
90.50000000000009,0.002939013830009446
90.60000000000008,0.0030526373626546177
90.70000000000007,0.003170361408950044
90.80000000000008,0.0032923219856675462
90.90000000000008,0.0034186591546159135
91.00000000000009,0.0035495171256242027
91.10000000000008,0.003685044361533441
91.20000000000007,0.003825393685215155
91.30000000000008,0.00397072238863358
91.40000000000008,0.004121192343968302
91.50000000000009,0.0042769701168133625
91.60000000000008,0.00443822708146749
91.70000000000007,0.004605139538330275
91.80000000000008,0.004777888833417334
91.90000000000008,0.004956661480007188
92.00000000000009,0.005141649282431635
92.10000000000008,0.005333049462019952
92.20000000000007,0.005531064785207008
92.30000000000008,0.0057359036938135115
92.40000000000008,0.005947780437505962
92.50000000000009,0.006166915208442993
92.60000000000008,0.006393534278112586
92.70000000000009,0.006627870136364807
92.80000000000008,0.006870161632641776
92.90000000000008,0.0071206541194070985
93.00000000000009,0.0073795995977737425
93.10000000000008,0.007647256865329008
93.20000000000009,0.007923891666154046
93.30000000000008,0.008209776843032035
93.40000000000008,0.008505192491840207
93.50000000000009,0.008810426118116582
93.60000000000008,0.009125772795792162
93.70000000000009,0.009451535328077715
93.80000000000008,0.009788024410490781
93.90000000000008,0.01013555879600898
94.00000000000009,0.010494465462331563
94.10000000000008,0.010865079781230576
94.20000000000009,0.01124774568997096
94.30000000000008,0.011642815864775261
94.40000000000008,0.012050651896308879
94.50000000000009,0.012471624467157272
94.60000000000008,0.012906113531265397
94.70000000000009,0.01335450849530808
94.80000000000008,0.013817208401955078
94.90000000000008,0.01429462211499561
95.00000000000009,0.014787168506281227
95.10000000000008,0.015295276644445606
95.20000000000009,0.015819385985357017
95.30000000000008,0.016359946564254612
95.40000000000009,0.016917419189520118
95.50000000000009,0.017492275638030026
95.60000000000008,0.018084998852034725
95.70000000000009,0.01869608313750361
95.80000000000008,0.01932603436387567
95.90000000000009,0.019975370165151485
96.00000000000009,0.020644620142256726
96.10000000000008,0.02133432606660911
96.20000000000009,0.022045042084812123
96.30000000000008,0.022777334924399456
96.40000000000009,0.023531784100550485
96.50000000000009,0.0243089821236905
96.60000000000008,0.02510953470789106
96.70000000000009,0.025934060979978076
96.80000000000008,0.026783193689253332
96.90000000000009,0.02765757941773439
97.00000000000009,0.028557878790807224
97.10000000000008,0.02948476668819159
97.20000000000009,0.0304389324551073
97.30000000000008,0.03142108011353028
97.40000000000009,0.03243192857342402
97.50000000000009,0.03347221184382429
97.60000000000008,0.034542679243656664
97.70000000000009,0.03564409561215737
97.80000000000008,0.036777241518767594
97.90000000000009,0.03794291347236771
98.00000000000009,0.039141924129709536
98.10000000000008,0.040375102502908475
98.20000000000009,0.04164329416584503
98.30000000000008,0.04294736145932748
98.40000000000009,0.044288183694862614
98.50000000000009,0.04566665735687188
98.60000000000008,0.04708369630319742
98.70000000000009,0.0485402319637252
98.80000000000008,0.05003721353695921
98.90000000000009,0.05157560818437292
99.00000000000009,0.05315640122235675
99.1000000000001,0.05478059631158444
99.20000000000009,0.05644921564360709
99.30000000000008,0.058163300124491224
99.40000000000009,0.05992390955530241
99.50000000000009,0.06173212280923856
99.6000000000001,0.06358903800521536
99.70000000000009,0.06549577267769104
99.80000000000008,0.0674534639425314
99.90000000000009,0.06946326865869523
100.00000000000009,0.071526363585526
100.1000000000001,0.07364394553543503
100.20000000000009,0.07581723152174413
100.30000000000008,0.07804745890147069
100.40000000000009,0.08033588551281814
100.50000000000009,0.08268378980714018
100.6000000000001,0.08509247097514708
100.70000000000009,0.0875632490671049
100.80000000000008,0.09009746510679527
100.90000000000009,0.09269648119898184
101.00000000000009,0.0953616806301369
101.1000000000001,0.09809446796218178
101.20000000000009,0.10089626911897623
101.30000000000008,0.10376853146531241
101.40000000000009,0.10671272387814355
101.50000000000009,0.10973033680979082
101.6000000000001,0.11282288234286689
101.70000000000009,0.11599189423664225
101.8000000000001,0.11923892796459766
101.90000000000009,0.1225655607428798
102.00000000000009,0.12597339154940312
102.1000000000001,0.1294640411333132
102.20000000000009,0.13303915201454247
102.3000000000001,0.13670038847318833
102.40000000000009,0.14044943652842323
102.50000000000009,0.14428800390667826
102.6000000000001,0.14821781999880604
102.70000000000009,0.15224063580595326
102.8000000000001,0.15635822387386725
102.90000000000009,0.16057237821534762
103.00000000000009,0.16488491422057797
103.1000000000001,0.16929766855504955
103.20000000000009,0.17381249904480267
103.3000000000001,0.17843128454871707
103.40000000000009,0.18315592481755957
103.50000000000009,0.18798834033953643
103.6000000000001,0.19293047217205772
103.70000000000009,0.197984281759455
103.8000000000001,0.203151750736385
103.90000000000009,0.2084348807166407
104.00000000000009,0.21383569306712377
104.1000000000001,0.2193562286667011
104.20000000000009,0.22499854764969487
104.3000000000001,0.23076472913375826
104.40000000000009,0.23665687093186788
104.50000000000009,0.24267708924820897
104.6000000000001,0.24882751835769001
104.70000000000009,0.25511031026885844
104.8000000000001,0.26152763436998944
104.90000000000009,0.26808167705810104
105.00000000000009,0.27477464135069646
105.1000000000001,0.28160874647999595
105.20000000000009,0.2885862274694527
105.3000000000001,0.29570933469236105
105.40000000000009,0.3029803334123303
105.5000000000001,0.31040150330546756
105.6000000000001,0.3179751379640475
105.70000000000009,0.32570354438152993
105.8000000000001,0.33358904241872445
105.90000000000009,0.34163396425095605
106.0000000000001,0.3498406537960877
106.1000000000001,0.35821146612322946
106.20000000000009,0.3667487668420341
106.3000000000001,0.37545493147242504
106.40000000000009,0.38433234479465134
106.5000000000001,0.3933834001795797
106.6000000000001,0.4026104988990967
106.70000000000009,0.4120160494165734
106.8000000000001,0.42160246665728945
106.90000000000009,0.4313721712587677
107.0000000000001,0.4413275888009809
107.1000000000001,0.45147114901636154
107.20000000000009,0.46180528497962803
107.3000000000001,0.472332432277381
107.40000000000009,0.48305502815748025
107.5000000000001,0.49397551065823647
107.6000000000001,0.5050963177173987
107.70000000000009,0.5164198862610315
107.8000000000001,0.5279486512722897
107.90000000000009,0.5396850448401821
108.0000000000001,0.5516314951884179
108.1000000000001,0.563790425684396
108.2000000000001,0.5761642538285021
108.3000000000001,0.5887553902237845
108.40000000000009,0.6015662375262121
108.5000000000001,0.6145991893756247
108.6000000000001,0.6278566293075732
108.7000000000001,0.6413409296462595
108.8000000000001,0.6550544503787378
108.90000000000009,0.6689995380106614
109.0000000000001,0.6831785244037673
109.1000000000001,0.6975937255953787
109.2000000000001,0.7122474406002256
109.3000000000001,0.7271419501948169
109.40000000000009,0.7422795156847519
109.5000000000001,0.7576623776552377
109.6000000000001,0.7732927547051857
109.7000000000001,0.7891728421652725
109.8000000000001,0.8053048108002947
109.90000000000009,0.8216908054962871
110.0000000000001,0.8383329439327659
110.1000000000001,0.855233315240556
110.2000000000001,0.8723939786456877
110.3000000000001,0.8898169620997747
110.40000000000009,0.9075042608974376
110.5000000000001,0.9254578362812252
110.6000000000001,0.9436796140345909
110.7000000000001,0.9621714830634904
110.8000000000001,0.9809352939671104
110.90000000000009,0.9999728575983886
111.0000000000001,1.019285943614862
111.1000000000001,1.0388762790204864
111.2000000000001,1.058745546699105
111.3000000000001,1.0788953839401414
111.40000000000009,1.0993273809572828
111.5000000000001,1.1200430794007732
111.6000000000001,1.141043970864052
111.7000000000001,1.1623314953854975
111.8000000000001,1.1839070399459424
111.9000000000001,1.2057719369628135
112.0000000000001,1.227927462781582
112.1000000000001,1.2503748361653968
112.2000000000001,1.273115216783653
112.3000000000001,1.2961497037003331
112.4000000000001,1.3194793338629986
112.5000000000001,1.3431050805932143
112.6000000000001,1.367027852079353
112.7000000000001,1.3912484898726005
112.8000000000001,1.415767767387081
112.9000000000001,1.4405863884050458
113.0000000000001,1.4657049855879698
113.1000000000001,1.4911241189945883
113.2000000000001,1.516844274606738
113.3000000000001,1.5428658628639946
113.4000000000001,1.5691892172081132
113.5000000000001,1.595814592638163
113.6000000000001,1.622742164277451
113.7000000000001,1.6499720259531503
113.8000000000001,1.6775041887896671
113.9000000000001,1.7053385798168141
114.0000000000001,1.7334750405937043
114.1000000000001,1.761913325849522
114.2000000000001,1.7906531021421088
114.3000000000001,1.8196939465354403
114.4000000000001,1.8490353452970851
114.5000000000001,1.8786766926166028
114.60000000000011,1.9086172893460465
114.7000000000001,1.9388563417635098
114.8000000000001,1.9693929603609037
114.9000000000001,2.000226158656913
115.0000000000001,2.0313548520362423
115.10000000000011,2.0627778566162522
115.2000000000001,2.0944938881419413
115.3000000000001,2.126501560910453
115.4000000000001,2.1587993867260664
115.5000000000001,2.191385773886756
115.60000000000011,2.2242590262034136
115.7000000000001,2.257417342052671
115.8000000000001,2.290858813464475
115.9000000000001,2.32458142524536
116.0000000000001,2.358583054138451
116.10000000000011,2.3928614680212825
116.2000000000001,2.4274143251423035
116.3000000000001,2.4622391733972107
116.4000000000001,2.4973334496459674
116.5000000000001,2.532694479071524
116.60000000000011,2.5683194745812483
116.7000000000001,2.6042055362518792
116.8000000000001,2.640349650819086
116.9000000000001,2.6767486912124094
117.0000000000001,2.7133994161365367
117.10000000000011,2.750298469699831
117.2000000000001,2.787442381090852
117.3000000000001,2.8248275643038556
117.4000000000001,2.862450317913961
117.5000000000001,2.9003068249028314
117.60000000000011,2.938393152535709
117.7000000000001,2.976705252290401
117.8000000000001,3.0152389598391274
117.9000000000001,3.0539899950837817
118.0000000000001,3.0929539622453444
118.10000000000011,3.1321263500081584
118.2000000000001,3.1715025317195416
118.30000000000011,3.2110777656455154
118.4000000000001,3.2508471952830345
118.5000000000001,3.290805849729422
118.60000000000011,3.3309486441093927
118.7000000000001,3.371270380060179
118.80000000000011,3.411765746275273
118.9000000000001,3.4524293191070488
119.0000000000001,3.4932555632288187
119.10000000000011,3.5342388323565186
119.2000000000001,3.5753733700303947
119.30000000000011,3.6166533104570266
119.4000000000001,3.6580726794117706
119.5000000000001,3.699625395202013
119.60000000000011,3.7413052696912383
119.7000000000001,3.783106009384116
119.80000000000011,3.825021216572738
119.9000000000001,3.8670443905439176
120.0000000000001,3.909168928847741
120.10000000000011,3.9513881286271926
120.2000000000001,3.9936951880088434
120.30000000000011,4.036083207554564
120.4000000000001,4.078545191773947
120.5000000000001,4.121074050697446
120.60000000000011,4.163662601509847
120.7000000000001,4.20630357024384
120.80000000000011,4.248989593533467
120.9000000000001,4.291713220426923
121.00000000000011,4.334466914258489
121.10000000000011,4.377243054578983
121.2000000000001,4.4200339391444174
121.30000000000011,4.462831785962194
121.4000000000001,4.505628735394326
121.50000000000011,4.54841685231713
121.60000000000011,4.5911881283365945
121.7000000000001,4.633934484058902
121.80000000000011,4.676647771415218
121.9000000000001,4.719319776040026
122.00000000000011,4.761942219702242
122.10000000000011,4.8045067627881055
122.2000000000001,4.847005006835105
122.30000000000011,4.889428497115858
122.4000000000001,4.931768725270995
122.50000000000011,4.974017131990108
122.60000000000011,5.01616510973951
122.7000000000001,5.058204005535921
122.80000000000011,5.100125123764725
122.9000000000001,5.141919729041734
123.00000000000011,5.183579049117243
123.10000000000011,5.225094277820993
123.2000000000001,5.266456578046915
123.30000000000011,5.307657084776166
123.4000000000001,5.348686908137153
123.50000000000011,5.389537136501183
123.60000000000011,5.43019883961218
123.7000000000001,5.470663071749137
123.80000000000011,5.510920874919679
123.9000000000001,5.550963282083243
124.00000000000011,5.590781320402366
124.10000000000011,5.630366014520342
124.2000000000001,5.6697083898638025
124.30000000000011,5.708799475968395
124.4000000000001,5.747630309825972
124.50000000000011,5.786191939251607
124.60000000000011,5.824475426268586
124.70000000000012,5.862471850509788
124.80000000000011,5.900172312633488
124.9000000000001,5.937567937751971
125.00000000000011,5.97464987887099
125.10000000000011,6.0114093203382915
125.20000000000012,6.047837481299394
125.30000000000011,6.083925619158634
125.4000000000001,6.119665033043738
125.50000000000011,6.155047067271881
125.60000000000011,6.1900631148153975
125.70000000000012,6.224704620765246
125.80000000000011,6.258963085790174
125.9000000000001,6.292830069589797
126.00000000000011,6.32629719433952
126.10000000000011,6.359356148125379
126.20000000000012,6.391998688366909
126.30000000000011,6.424216645225959
126.4000000000001,6.456001924999615
126.50000000000011,6.487346513495164
126.60000000000011,6.518242479385187
126.70000000000012,6.548681977540863
126.80000000000011,6.578657252341407
126.9000000000001,6.608160640957858
127.00000000000011,6.6371845766091315
127.10000000000011,6.665721591788475
127.20000000000012,6.693764321458431
127.30000000000011,6.721305506212312
127.40000000000012,6.748337995400392
127.50000000000011,6.774854750218839
127.60000000000011,6.800848846759617
127.70000000000012,6.8263134790194275
127.80000000000011,6.851241961865897
127.90000000000012,6.875627733959246
128.0000000000001,6.899464360627557
128.1000000000001,6.9227455366939825
128.2000000000001,6.945465089254075
128.30000000000013,6.967616980401585
128.40000000000012,6.9891953099009845
128.5000000000001,7.010194317805153
128.6000000000001,7.030608387016489
128.7000000000001,7.050432045789936
128.80000000000013,7.069659970176331
128.90000000000012,7.088286986404536
129.0000000000001,7.106308073200916
129.1000000000001,7.123718364044633
129.2000000000001,7.140513149357386
129.30000000000013,7.156687878626219
129.40000000000012,7.172238162458009
129.5000000000001,7.187159774564437
129.6000000000001,7.201448653676056
129.7000000000001,7.21510090538434
129.80000000000013,7.228112803910513
129.90000000000012,7.240480793800004
130.0000000000001,7.25220149154153
130.1000000000001,7.263271687109663
130.2000000000001,7.273688345429999
130.30000000000013,7.2834486077659335
130.40000000000012,7.292549793026159
130.5000000000001,7.300989398992093
130.6000000000001,7.308765103464394
130.7000000000001,7.315874765327857
130.80000000000013,7.322316425534009
130.90000000000012,7.328088308000752
131.0000000000001,7.333188820428515
131.1000000000001,7.3376165550323345
131.2000000000001,7.341370289189439
131.30000000000013,7.3444489860019
131.40000000000012,7.346851794773987
131.5000000000001,7.348578051403928
131.6000000000001,7.3496272786898125
131.7000000000001,7.349999186549442
131.80000000000013,7.349747714744156
131.90000000000012,7.3489382455647725
132.0000000000001,7.347571106841423
132.1000000000001,7.345646609844212
132.2000000000001,7.343165192677113
132.30000000000013,7.3401274201117594
132.40000000000012,7.336533983373207
132.5000000000001,7.332385699877805
132.6000000000001,7.327683512923295
132.70000000000013,7.322428491331327
132.80000000000013,7.316621829042557
132.90000000000012,7.31026484466455
133.0000000000001,7.303358980972736
133.1000000000001,7.295905804364676
133.20000000000013,7.287907004267922
133.30000000000013,7.279364392501804
133.40000000000012,7.2702799025934475
133.5000000000001,7.260655589048421
133.6000000000001,7.250493626576374
133.70000000000013,7.239796309272078
133.80000000000013,7.22856604975232
133.90000000000012,7.216805378249064
134.0000000000001,7.204516941659401
134.1000000000001,7.191703502552765
134.20000000000013,7.178367938135931
134.30000000000013,7.164513239176368
134.40000000000012,7.150142508884451
134.5000000000001,7.135258961755189
134.6000000000001,7.119865922370026
134.70000000000013,7.1039668241593565
134.80000000000013,7.0875652081264064
134.90000000000012,7.070664721533108
135.0000000000001,7.053269116548708
135.1000000000001,7.035382248861769
135.20000000000013,7.0170080762562845
135.30000000000013,6.998150657152685
135.40000000000012,6.978814149114397
135.5000000000001,6.959002807320843
135.6000000000001,6.938720983007575
135.70000000000013,6.917973121874373
135.80000000000013,6.896763762462156
135.90000000000012,6.875097534499442
136.0000000000001,6.852979157219319
136.1000000000001,6.830413437647696
136.20000000000013,6.807405268863726
136.30000000000013,6.783959628233329
136.40000000000012,6.760081575616579
136.5000000000001,6.735776251550034
136.6000000000001,6.711048875404773
136.70000000000013,6.685904743521139
136.80000000000013,6.660349227321124
136.90000000000012,6.634387771399245
137.0000000000001,6.608025891593007
137.1000000000001,6.581269173033777
137.20000000000013,6.554123268179103
137.30000000000013,6.526593894827437
137.40000000000012,6.498686834116182
137.5000000000001,6.470407928504124
137.6000000000001,6.441763079739191
137.70000000000013,6.412758246812485
137.80000000000013,6.3833994438996955
137.90000000000012,6.3536927382907
138.0000000000001,6.323644248308548
138.1000000000001,6.2932601412186795
138.20000000000013,6.262546631129427
138.30000000000013,6.231509976884831
138.40000000000012,6.200156479950632
138.5000000000001,6.16849248229462
138.60000000000014,6.136524364262175
138.70000000000013,6.104258542448103
138.80000000000013,6.071701467565619
138.90000000000012,6.038859622313612
139.0000000000001,6.005739519243068
139.10000000000014,5.972347698623645
139.20000000000013,5.93869072631143
139.30000000000013,5.904775191618682
139.40000000000012,5.87060770518673
139.5000000000001,5.836194896862809
139.60000000000014,5.801543413581841
139.70000000000013,5.7666599172541275
139.80000000000013,5.731551082659738
139.90000000000012,5.696223595350725
140.0000000000001,5.660684149561877
140.10000000000014,5.624939446131015
140.20000000000013,5.588996190429716
140.30000000000013,5.552861090305218
140.40000000000012,5.5165408540345595
140.5000000000001,5.480042188291663
140.60000000000014,5.44337179612823
140.70000000000013,5.406536374969357
140.80000000000013,5.369542614624496
140.90000000000012,5.3323971953148
141.0000000000001,5.295106785717456
141.10000000000014,5.257678041027836
141.20000000000013,5.220117601040288
141.30000000000013,5.182432088248133
141.40000000000012,5.14462810596381
141.5000000000001,5.106712236459727
141.60000000000014,5.068691039130549
141.70000000000013,5.03057104867768
141.80000000000013,4.992358773316405
141.90000000000012,4.9540606930065865
142.0000000000001,4.9156832577073475
142.10000000000014,4.8772328856564275
142.20000000000013,4.838715961674847
142.30000000000013,4.800138835497296
142.40000000000012,4.761507820129007
142.5000000000001,4.7228291902295085
142.60000000000014,4.684109180523808
142.70000000000013,4.645353984241574
142.80000000000013,4.606569751584633
142.90000000000012,4.567762588223453
143.0000000000001,4.528938553822902
143.10000000000014,4.490103660597756
143.20000000000013,4.451263871898414
143.30000000000013,4.412425100827049
143.40000000000012,4.373593208884766
143.5000000000001,4.334774004649958
143.60000000000014,4.295973242488247
143.70000000000013,4.2571966212943515
143.80000000000013,4.218449783266031
143.90000000000012,4.17973831271057
144.0000000000001,4.141067734883896
144.10000000000014,4.102443514862619
144.20000000000013,4.0638710564492575
144.30000000000013,4.025355701110652
144.40000000000012,3.9869027269499955
144.5000000000001,3.9485173477124333
144.60000000000014,3.9102047118244405
144.70000000000013,3.8719699014671325
144.80000000000013,3.833817931683443
144.90000000000012,3.795753749519463
145.0000000000001,3.757782233199834
145.10000000000014,3.719908191337281
145.20000000000013,3.682136362176371
145.30000000000013,3.6444714128713263
145.40000000000012,3.606917938798087
145.50000000000014,3.5694804629004326
145.60000000000014,3.5321634350702222
145.70000000000013,3.4949712315615153
145.80000000000013,3.457908154438712
145.90000000000012,3.420978431058425
146.00000000000014,3.38418621358504
146.10000000000014,3.347535578539866
146.20000000000013,3.311030526383558
146.30000000000013,3.274674981131873
146.40000000000012,3.2384727900043933
146.50000000000014,3.202427723106084
146.60000000000014,3.1665434731415147
146.70000000000013,3.130823655161357
146.80000000000013,3.095271806341124
146.90000000000012,3.059891385791731
147.00000000000014,3.024685774401664
147.10000000000014,2.9896582747105085
147.20000000000013,2.954812110813394
147.30000000000013,2.92015042829624
147.40000000000012,2.885676294201327
147.50000000000014,2.8513926970229004
147.60000000000014,2.8173025467325146
147.70000000000013,2.783408674833598
147.80000000000013,2.749713834445071
147.90000000000012,2.7162207004134764
148.00000000000014,2.68293186945329
148.10000000000014,2.6498498603150398
148.20000000000013,2.6169771139806848
148.30000000000013,2.5843159938860247
148.40000000000012,2.551868786169551
148.50000000000014,2.51963769994736
148.60000000000014,2.487624867613717
148.70000000000013,2.4558323451666735
148.80000000000013,2.424262112558464
148.90000000000012,2.392916074070071
149.00000000000014,2.3617960587095177
149.10000000000014,2.330903820633451
149.20000000000013,2.3002410395914
149.30000000000013,2.2698093213923776
149.40000000000012,2.2396101983931898
149.50000000000014,2.209645130008007
149.60000000000014,2.1799155032387056
149.70000000000013,2.1504226332253484
149.80000000000013,2.12116776381646
149.90000000000012,2.092152068158429
150.00000000000014,2.0633766493035757
150.10000000000014,2.0348425408363737
150.20000000000013,2.006550707517191
150.30000000000013,1.978502045943174
150.40000000000012,1.95069738522561
150.50000000000014,1.923137487683288
150.60000000000014,1.895823049551344
150.70000000000013,1.8687547017049457
150.80000000000013,1.8419330103974354
150.90000000000012,1.8153584780122705
151.00000000000014,1.7890315438282614
151.10000000000014,1.7629525847976204
151.20000000000013,1.7371219163361562
151.30000000000013,1.711539793125242
151.40000000000015,1.6862064099249
151.50000000000014,1.661121902397556
151.60000000000014,1.636286347941826
151.70000000000013,1.6116997665359478
151.80000000000013,1.5873621215902303
151.90000000000015,1.5632733208080307
152.00000000000014,1.5394332170547786
152.10000000000014,1.515841609234434
152.20000000000013,1.492498243173
152.30000000000013,1.469402812508487
152.40000000000015,1.4465549595868576
152.50000000000014,1.4239542763634905
152.60000000000014,1.4016003053095707
152.70000000000013,1.3794925403230498
152.80000000000013,1.3576304276436015
152.90000000000015,1.3360133667711178
153.00000000000014,1.3146407113873186
153.10000000000014,1.2935117702799066
153.20000000000013,1.2726258082689346
153.30000000000013,1.251982047134847
153.40000000000015,1.2315796665477672
153.50000000000014,1.2114178049976316
153.60000000000014,1.19149556072464
153.70000000000013,1.1718119926497208
153.80000000000013,1.1523661213044982
153.90000000000015,1.1331569297603812
154.00000000000014,1.1141833645563957
154.10000000000014,1.0954443366252777
154.20000000000013,1.0769387222175542
154.30000000000013,1.058665363823135
154.40000000000015,1.040623071090082
154.50000000000014,1.0228106217402035
154.60000000000014,1.00522676248104
154.70000000000013,0.9878702099139989
154.80000000000013,0.9707396514382093
154.90000000000015,0.9538337461497925
155.00000000000014,0.9371511257362475
155.10000000000014,0.9206903953655521
155.20000000000013,0.9044501345697772
155.30000000000013,0.8884288981228301
155.40000000000015,0.8726252169120631
155.50000000000014,0.857037598803482
155.60000000000014,0.841664529500212
155.70000000000013,0.8265044733940428
155.80000000000013,0.8115558744097217
155.90000000000015,0.796817156841771
156.00000000000014,0.7822867261836052
156.10000000000014,0.7679629699486492
156.20000000000013,0.7538442584833195
156.30000000000013,0.7399289457715829
156.40000000000015,0.7262153702309054
156.50000000000014,0.7127018554994188
156.60000000000014,0.6993867112140342
156.70000000000013,0.6862682337794195
156.80000000000013,0.67334470712759
156.90000000000015,0.660614403467967
157.00000000000014,0.6480755840277724
157.10000000000014,0.6357264997825369
157.20000000000013,0.6235653921766672
157.30000000000013,0.6115904938338708
157.40000000000015,0.5998000292573349
157.50000000000014,0.5881922155195529
157.60000000000014,0.5767652629416405
157.70000000000013,0.5655173757620995
157.80000000000013,0.554446752794884
157.90000000000015,0.543551588076697
158.00000000000014,0.5328300715034527
158.10000000000014,0.5222803894557779
158.20000000000013,0.5119007254135531
158.30000000000015,0.5016892605593807
158.40000000000015,0.4916441743709626
158.50000000000014,0.4817636452022956
158.60000000000014,0.4720458508537041
158.70000000000013,0.46248896913062915
158.80000000000015,0.4530911783911689
158.90000000000015,0.4438506580823569
159.00000000000014,0.43476558926513037
159.10000000000014,0.42583415512803025
159.20000000000013,0.41705454148959514
159.30000000000015,0.4084249372894653
159.40000000000015,0.3999435350682186
159.50000000000014,0.3916085314359207
159.60000000000014,0.3834181275294593
159.70000000000013,0.3753705294586499
159.80000000000015,0.3674639487411642
159.90000000000015,0.3596966027263238
160.00000000000014,0.352066715007773
160.10000000000014,0.34457251582512094
160.20000000000013,0.3372122424545735
160.30000000000015,0.32998413958862216
160.40000000000015,0.3228864597048625
160.50000000000014,0.3159174634239799
160.60000000000014,0.3090754198570087
160.70000000000013,0.302358606941915
160.80000000000015,0.29576531176958737
160.90000000000015,0.2892938308993295
161.00000000000014,0.28294247066391265
161.10000000000014,0.27670954746431414
161.20000000000013,0.27059338805420896
161.30000000000015,0.264592329814319
161.40000000000015,0.2587047210167283
161.50000000000014,0.2529289210792431
161.60000000000014,0.24726330080993475
161.70000000000013,0.24170624264194998
161.80000000000015,0.23625614085870816
161.90000000000015,0.23091140180960606
162.00000000000014,0.22567044411632514
162.10000000000014,0.22053169886988974
162.20000000000013,0.21549360981857402
162.30000000000015,0.2105546335467883
162.40000000000015,0.20571323964507707
162.50000000000014,0.2009679108713336
162.60000000000014,0.19631714330338856
162.70000000000013,0.19175944648308033
162.80000000000015,0.18729334355194724
162.90000000000015,0.1829173713786786
163.00000000000014,0.17863008067844177
163.10000000000014,0.1744300361242444
163.20000000000013,0.17031581645044996
163.30000000000015,0.16628601454858952
163.40000000000015,0.16233923755561336
163.50000000000014,0.1584741069347047
163.60000000000014,0.15468925854881788
163.70000000000013,0.15098334272706154
163.80000000000015,0.1473550243240764
163.90000000000015,0.1438029827725502
164.00000000000014,0.14032591212899745
164.10000000000014,0.13692252111296344
164.20000000000016,0.1335915331397801
164.30000000000015,0.13033168634702333
164.40000000000015,0.12714173361480047
164.50000000000014,0.12402044258002504
164.60000000000014,0.12096659564480773
164.70000000000016,0.11797898997910555
164.80000000000015,0.11505643751777683
164.90000000000015,0.11219776495216349
165.00000000000014,0.10940181371636187
165.10000000000014,0.10666743996830345
165.20000000000016,0.10399351456578766
165.30000000000015,0.10137892303760929
165.40000000000015,0.09882256554990158
165.50000000000014,0.09632335686784824
165.60000000000014,0.09388022631288367
165.70000000000016,0.09149211771552171
165.80000000000015,0.08915798936394394
165.90000000000015,0.08687681394847217
166.00000000000014,0.08464757850206484
166.10000000000014,0.08246928433695774
166.20000000000016,0.08034094697757843
166.30000000000015,0.07826159608986342
166.40000000000015,0.07623027540709373
166.50000000000014,0.07424604265238266
166.60000000000014,0.07230796945793086
166.70000000000016,0.070415141281169
166.80000000000015,0.0685666573179116
166.90000000000015,0.06676163041262964
167.00000000000014,0.06499918696596953
167.10000000000014,0.06327846683962304
167.20000000000016,0.06159862325866459
167.30000000000015,0.059958822711467845
167.40000000000015,0.05835824484730479
167.50000000000014,0.05679608237174303
167.60000000000014,0.055271540939940716
167.70000000000016,0.05378383904794534
167.80000000000015,0.052332207922100304
167.90000000000015,0.050915891406654236
168.00000000000014,0.04953414584967958
168.10000000000014,0.04818623998739125
168.20000000000016,0.046871454826963393
168.30000000000015,0.045589083527938175
168.40000000000015,0.04433843128231382
168.50000000000014,0.04311881519340862
168.60000000000014,0.041929564153583516
168.70000000000016,0.04077001872091075
168.80000000000015,0.03963953099487591
168.90000000000015,0.03853746449118898
169.00000000000014,0.037463194015793885
169.10000000000014,0.03641610553814889
169.20000000000016,0.03539559606385731
169.30000000000015,0.034401073506725374
169.40000000000015,0.03343195656031588
169.50000000000014,0.032487674569075836
169.60000000000014,0.03156766739910289
169.70000000000016,0.03067138530862095
169.80000000000015,0.029798288818232065
169.90000000000015,0.0289478485810054
170.00000000000014,0.028119545252471644
170.10000000000014,0.027312869360579806
170.20000000000016,0.02652732117567718
170.30000000000015,0.025762410580571382
170.40000000000015,0.02501765694072707
170.50000000000014,0.024292588974655804
170.60000000000014,0.023586744624549096
170.70000000000016,0.02289967092720609
170.80000000000015,0.022230923885306363
170.90000000000015,0.021580068339073142
171.00000000000014,0.020946677838376268
171.10000000000016,0.02033033451531711
171.20000000000016,0.019730628957340117
171.30000000000015,0.019147160080910136
171.40000000000015,0.018579535005798637
171.50000000000014,0.01802736893001498
171.60000000000016,0.01749028500542035
171.70000000000016,0.01696791421406109
171.80000000000015,0.016459895245252675
171.90000000000015,0.01596587437345073
172.00000000000014,0.01548550533693766
172.10000000000016,0.015018449217355841
172.20000000000016,0.014564374320116735
172.30000000000015,0.014122956055711008
172.40000000000015,0.013693876821948506
172.50000000000014,0.01327682588715084
172.60000000000016,0.012871499274320564
172.70000000000016,0.012477599646310036
172.80000000000015,0.012094836192009214
172.90000000000015,0.011722924513574354
