1.0,7.148707866650633
1.1,7.194743286579528
1.2000000000000002,7.241200760464902
1.3000000000000003,7.288083202484985
1.4000000000000004,7.335393535663771
1.5000000000000004,7.383134691758977
1.6000000000000005,7.431309611148043
1.7000000000000006,7.479921242712135
1.8000000000000007,7.528972543718149
1.9000000000000008,7.578466479698724
2.000000000000001,7.628406024330228
2.100000000000001,7.678794159308711
2.200000000000001,7.729633874223857
2.300000000000001,7.780928166430875
2.4000000000000012,7.832680040920346
2.5000000000000013,7.884892510186033
2.6000000000000014,7.937568594090592
2.7000000000000015,7.990711319729259
2.8000000000000016,8.044323721291423
2.9000000000000017,8.09840883992014
3.0000000000000018,8.152969723569552
3.100000000000002,8.20800942686018
3.200000000000002,8.263531010932171
3.300000000000002,8.31953754329638
3.400000000000002,8.376032097683364
3.500000000000002,8.433017753890262
3.6000000000000023,8.49049759762551
3.7000000000000024,8.548474720351466
3.8000000000000025,8.606952219124874
3.9000000000000026,8.665933196435201
4.000000000000003,8.725420760040787
4.100000000000003,8.785418022802926
4.200000000000003,8.845928102517668
4.3000000000000025,8.906954121745585
4.400000000000003,8.968499207639278
4.5000000000000036,9.03056649176878
4.600000000000003,9.093159109944747
4.700000000000003,9.156280202039508
4.800000000000003,9.219932911805877
4.900000000000004,9.28412038669388
5.0000000000000036,9.348845777665197
5.100000000000003,9.414112239005496
5.200000000000004,9.479922928134538
5.300000000000004,9.546281005414128
5.400000000000004,9.61318963395381
5.5000000000000036,9.680651979414467
5.600000000000004,9.748671209809634
5.700000000000005,9.817250495304709
5.800000000000004,9.886393008013869
5.900000000000004,9.956101921794886
6.000000000000004,10.026380412041714
6.100000000000005,10.097231655474838
6.200000000000005,10.168658829929544
6.300000000000004,10.24066511414187
6.400000000000005,10.31325368753245
6.500000000000005,10.386427729988162
6.600000000000005,10.460190421641538
6.700000000000005,10.534544942648079
6.800000000000005,10.609494472961288
6.900000000000006,10.685042192105625
7.000000000000005,10.761191278947196
7.100000000000005,10.837944911462325
7.2000000000000055,10.915306266503983
7.300000000000006,10.993278519565942
7.400000000000006,11.07186484454491
7.500000000000005,11.151068413500424
7.600000000000006,11.230892396412596
7.700000000000006,11.311339960937751
7.800000000000006,11.392414272161915
7.900000000000006,11.47411849235215
8.000000000000007,11.556455780705786
8.100000000000007,11.639429293097495
8.200000000000006,11.723042181824344
8.300000000000006,11.80729759534859
8.400000000000006,11.892198678038573
8.500000000000007,11.97774856990732
8.600000000000007,12.0639504063492
8.700000000000006,12.150807317874468
8.800000000000008,12.238322429841743
8.900000000000007,12.326498862188439
9.000000000000007,12.415339729159118
9.100000000000007,12.504848139031857
9.200000000000006,12.595027193842569
9.300000000000008,12.685879989107306
9.400000000000007,12.777409613542574
9.500000000000007,12.869619148783615
9.600000000000009,12.962511669100804
9.700000000000008,13.056090241113958
9.800000000000008,13.150357923504776
9.900000000000007,13.245317766727345
10.000000000000007,13.340972812716615
10.100000000000009,13.43732609459512
10.200000000000008,13.534380636377623
10.300000000000008,13.632139452674043
10.40000000000001,13.730605548390397
10.500000000000009,13.8297819184279
10.600000000000009,13.929671547380304
10.700000000000008,14.030277409229315
10.800000000000008,14.13160246703824
10.90000000000001,14.233649672643923
11.000000000000009,14.336421966346705
11.100000000000009,14.439922276598889
11.20000000000001,14.544153519691257
11.30000000000001,14.649118599437957
11.40000000000001,14.7548204068597
11.500000000000009,14.861261819865234
11.600000000000009,14.968445702931186
11.70000000000001,15.07637490678024
11.80000000000001,15.185052268057701
11.90000000000001,15.294480609006474
12.00000000000001,15.40466273714045
12.10000000000001,15.515601444916305
12.20000000000001,15.627299509403823
12.30000000000001,15.739759691954632
12.40000000000001,15.852984737869496
12.50000000000001,15.966977376064154
12.60000000000001,16.081740318733676
12.70000000000001,16.197276261015354
12.800000000000011,16.313587880650317
12.900000000000011,16.43067783764366
13.00000000000001,16.548548773923294
13.10000000000001,16.667203312997437
13.20000000000001,16.7866440596108
13.300000000000011,16.906873599399557
13.400000000000011,17.027894498544995
13.50000000000001,17.149709303426015
13.600000000000012,17.272320540270435
13.700000000000012,17.395730714805012
13.800000000000011,17.51994231190458
13.900000000000011,17.64495779523979
14.00000000000001,17.770779606923988
14.100000000000012,17.89741016715901
14.200000000000012,18.02485187387979
14.300000000000011,18.153107102398288
14.400000000000013,18.28217820504615
14.500000000000012,18.41206751081665
14.600000000000012,18.542777325005666
14.700000000000012,18.674309928851756
14.800000000000011,18.80666757917553
14.900000000000013,18.939852508018042
15.000000000000012,19.073866922278576
15.100000000000012,19.20871300335164
15.200000000000014,19.344392906763225
15.300000000000013,19.480908761806504
15.400000000000013,19.618262671176772
15.500000000000012,19.756456710605875
15.600000000000012,19.895492928496097
15.700000000000014,20.03537334555343
15.800000000000013,20.17609995442048
15.900000000000013,20.317674719308805
16.000000000000014,20.4600995756309
16.100000000000016,20.60337642963181
16.200000000000014,20.747507158020383
16.30000000000001,20.892493607600244
16.400000000000013,21.03833759490044
16.500000000000014,21.18504090580595
16.600000000000016,21.332605295187932
16.700000000000014,21.481032486533877
16.800000000000015,21.630324171577676
16.900000000000013,21.78048200992945
17.000000000000014,21.931507628705653
17.100000000000016,22.083402622158843
17.200000000000014,22.236168551307806
17.300000000000015,22.389806943567613
17.400000000000013,22.544319292379768
17.500000000000014,22.69970705684279
17.600000000000016,22.855971661342657
17.700000000000014,23.013114495183807
17.800000000000015,23.171136912220348
17.900000000000016,23.33004023048752
18.000000000000014,23.48982573183374
18.100000000000016,23.650494661552933
18.200000000000017,23.812048228017375
18.300000000000015,23.974487602311136
18.400000000000016,24.137813917864
18.500000000000014,24.302028270086097
18.600000000000016,24.46713171600308
18.700000000000017,24.633125273892084
18.800000000000015,24.800009922918456
18.900000000000016,24.967786602773245
19.000000000000014,25.13645621331156
19.100000000000016,25.306019614191747
19.200000000000017,25.476477624515653
19.300000000000015,25.647831022469738
19.400000000000016,25.820080544967276
19.500000000000018,25.993226887291712
19.600000000000016,26.167270702740936
19.700000000000017,26.34221260227303
19.80000000000002,26.518053154152987
19.900000000000016,26.694792883600854
20.000000000000018,26.872432272441188
20.100000000000016,27.050971758753697
20.200000000000017,27.230411736525703
20.30000000000002,27.41075255530565
20.400000000000016,27.591994519858403
20.500000000000018,27.774137889822057
20.600000000000016,27.957182879366265
20.700000000000017,28.14112965685247
20.80000000000002,28.32597834449561
20.900000000000016,28.51172901802775
21.000000000000018,28.698381706363563
21.10000000000002,28.88593639126747
21.200000000000017,29.07439300702312
21.30000000000002,29.263751440104336
21.40000000000002,29.45401152884856
21.500000000000018,29.64517306313209
21.60000000000002,29.83723578404755
21.700000000000017,30.03019938358358
21.80000000000002,30.224063504306713
21.90000000000002,30.418827739045554
22.000000000000018,30.614491630577326
22.10000000000002,30.811054671316796
22.200000000000017,31.008516303007703
22.30000000000002,31.206875916416557
22.40000000000002,31.406132851029163
22.500000000000018,31.60628639474963
22.60000000000002,31.807335783602085
22.70000000000002,32.009280201435175
22.80000000000002,32.212118779629115
22.90000000000002,32.41585059680587
23.00000000000002,32.620474678541925
23.10000000000002,32.82598999708417
23.20000000000002,33.03239547106872
23.30000000000002,33.23968996524262
23.40000000000002,33.44787229018896
23.50000000000002,33.65694120205476
23.60000000000002,33.86689540228232
23.70000000000002,34.07773353734375
23.80000000000002,34.28945419847861
23.90000000000002,34.5020559214353
24.00000000000002,34.71553718621541
24.10000000000002,34.92989641682183
24.20000000000002,35.145131981010366
24.300000000000022,35.361242190044614
24.40000000000002,35.57822529845493
24.50000000000002,35.7960795038006
24.600000000000023,36.014802946436106
24.70000000000002,36.23439370928093
24.800000000000022,36.45484981759328
24.90000000000002,36.67616923874772
25.00000000000002,36.89834988201665
25.100000000000023,37.12138959835589
25.20000000000002,37.345286180194144
25.300000000000022,37.57003736122669
25.40000000000002,37.79564081621325
25.50000000000002,38.02209416077978
25.600000000000023,38.24939495122489
25.70000000000002,38.47754068433022
25.800000000000022,38.70652879717538
25.900000000000023,38.93635666695723
26.00000000000002,39.167021610813485
26.100000000000023,39.398520885651095
26.200000000000024,39.630851687978854
26.300000000000022,39.86401115374488
26.400000000000023,40.097996358178555
26.50000000000002,40.33280431563721
26.600000000000023,40.56843197945772
26.700000000000024,40.80487624181263
26.800000000000022,41.04213393357127
26.900000000000023,41.28020182416587
27.00000000000002,41.519076621462304
27.100000000000023,41.75875497163623
27.200000000000024,41.999233459053926
27.300000000000022,42.24050860615835
27.400000000000023,42.48257687336045
27.500000000000025,42.72543465893533
27.600000000000023,42.96907829892405
27.700000000000024,43.21350406704036
27.800000000000026,43.4587081745829
27.900000000000023,43.70468677035281
28.000000000000025,43.95143594057656
28.100000000000023,44.198951708834514
28.200000000000024,44.447230035994664
28.300000000000026,44.696266820152175
28.400000000000023,44.94605789657436
28.500000000000025,45.19659903765132
28.600000000000023,45.44788595285229
28.700000000000024,45.69991428868763
28.800000000000026,45.95267962867659
28.900000000000023,46.20617749332091
29.000000000000025,46.4604033400841
29.100000000000026,46.71535256337695
29.200000000000024,46.97102049454836
29.300000000000026,47.22740240188284
29.400000000000027,47.48449349060333
29.500000000000025,47.74228890288047
29.600000000000026,48.00078371784788
29.700000000000024,48.259972951623254
29.800000000000026,48.519851557336075
29.900000000000027,48.78041442516103
30.000000000000025,49.04165638235792
30.100000000000026,49.30357219331776
30.200000000000024,49.566156559615074
30.300000000000026,49.82940412006659
30.400000000000027,50.093309450796255
30.500000000000025,50.35786706530658
30.600000000000026,50.62307141455647
30.700000000000028,50.88891688704546
30.800000000000026,51.15539780890436
30.900000000000027,51.42250844399255
31.00000000000003,51.6902429940016
31.100000000000026,51.95859559856564
31.200000000000028,52.22756033537819
31.300000000000026,52.49713122031568
31.400000000000027,52.767302207567504
31.50000000000003,53.03806718977291
31.600000000000026,53.309419998164344
31.700000000000028,53.5813544027178
31.800000000000026,53.85386411230957
31.900000000000027,54.126942774880135
32.00000000000003,54.40058397760441
32.10000000000002,54.67478124706917
32.20000000000003,54.94952804945721
32.300000000000026,55.224817790737994
32.40000000000003,55.50064381686587
32.50000000000003,55.77699941398441
32.60000000000003,56.05387780863821
32.70000000000003,56.33127216799131
32.800000000000026,56.60917560005263
32.90000000000003,56.887581153908435
33.00000000000003,57.16648181996159
33.10000000000003,57.44587053017793
33.20000000000003,57.7257401583396
33.300000000000026,58.00608352030529
33.40000000000003,58.28689337427769
33.50000000000003,58.56816242107771
33.60000000000003,58.84988330442593
33.70000000000003,59.13204861123103
33.800000000000026,59.414650871885186
33.90000000000003,59.69768256056674
34.00000000000003,59.98113609554959
34.10000000000003,60.26500383952
34.20000000000003,60.54927809990023
34.30000000000003,60.83395112917934
34.40000000000003,61.11901512525113
34.50000000000003,61.40446223175901
34.60000000000003,61.690284538448005
34.70000000000003,61.976474081523904
34.80000000000003,62.26302284401943
34.90000000000003,62.549922756167426
35.00000000000003,62.83716569578131
35.10000000000003,63.124743488642245
35.20000000000003,63.41264790889378
35.30000000000003,63.70087067944324
35.400000000000034,63.989403472370284
35.50000000000003,64.2782379093425
35.60000000000003,64.56736556203806
35.70000000000003,64.85677795257526
35.80000000000003,65.14646655394922
35.900000000000034,65.43642279047556
36.00000000000003,65.72663803824092
36.10000000000003,66.01710362556071
36.20000000000003,66.30781083344351
36.30000000000003,66.59875089606265
36.400000000000034,66.88991500123458
36.50000000000003,67.18129429090422
36.60000000000003,67.47287986163724
36.70000000000003,67.76466276511891
36.80000000000003,68.05663400866025
36.900000000000034,68.34878455571065
37.00000000000003,68.64110532637746
37.10000000000003,68.93358719795228
37.20000000000003,69.226221005444
37.30000000000003,69.51899754211873
37.400000000000034,69.81190756004605
37.500000000000036,70.10494177065242
37.60000000000003,70.39809084528076
37.70000000000003,70.69134541575711
37.80000000000003,70.98469607496338
37.900000000000034,71.27813337741698
38.000000000000036,71.57164783985688
38.10000000000003,71.86522994183612
38.20000000000003,72.1588701263208
38.30000000000003,72.45255880029545
38.400000000000034,72.74628633537469
38.500000000000036,73.0400430684214
38.60000000000004,73.33381930217108
38.70000000000003,73.62760530586237
38.80000000000003,73.921391315874
38.900000000000034,74.21516753636766
39.000000000000036,74.50892413993712
39.10000000000004,74.80265126826349
39.20000000000003,75.09633903277631
39.30000000000003,75.38997751532087
39.400000000000034,75.68355676883118
39.500000000000036,75.97706681800906
39.60000000000004,76.27049766000906
39.70000000000003,76.56383926512888
39.80000000000003,76.85708157750598
39.900000000000034,77.15021451581934
40.000000000000036,77.44322797399735
40.10000000000004,77.73611182193086
40.20000000000003,78.02885590619196
40.30000000000003,78.3214500507583
40.400000000000034,78.6138840577424
40.500000000000036,78.90614770812677
40.60000000000004,79.198230762504
40.70000000000004,79.49012296182218
40.80000000000003,79.78181402813543
40.900000000000034,80.07329366535959
41.000000000000036,80.36455156003272
41.10000000000004,80.65557738208088
41.20000000000004,80.94636078558842
41.30000000000003,81.23689140957349
41.400000000000034,81.52715887876796
41.500000000000036,81.81715280440217
41.60000000000004,82.10686278499433
41.70000000000004,82.39627840714434
41.80000000000004,82.68538924633212
41.900000000000034,82.97418486772048
42.000000000000036,83.26265482696208
42.10000000000004,83.55078867101058
42.20000000000004,83.83857593893639
42.30000000000004,84.1260061627459
42.400000000000034,84.4130688682053
42.500000000000036,84.69975357566786
42.60000000000004,84.98604980090532
42.70000000000004,85.2719470559429
42.80000000000004,85.5574348498982
42.900000000000034,85.8425026898234
43.000000000000036,86.12714008155129
43.10000000000004,86.41133653054442
43.20000000000004,86.69508154274786
43.30000000000004,86.97836462544497
43.400000000000034,87.26117528811663
43.500000000000036,87.54350304330333
43.60000000000004,87.82533740747016
43.70000000000004,88.10666790187506
43.80000000000004,88.38748405343948
43.90000000000004,88.66777539562209
44.000000000000036,88.94753146929479
44.10000000000004,89.22674182362157
44.20000000000004,89.50539601693954
44.30000000000004,89.78348361764239
44.40000000000004,90.06099420506621
44.500000000000036,90.33791737037723
44.60000000000004,90.61424271746182
44.70000000000004,90.88995986381826
44.80000000000004,91.16505844145047
44.90000000000004,91.43952809776349
45.00000000000004,91.71335849646046
45.10000000000004,91.98653931844137
45.20000000000004,92.25906026270314
45.30000000000004,92.53091104724092
45.40000000000004,92.80208140995086
45.50000000000004,93.07256110953385
45.60000000000004,93.34233992640031
45.70000000000004,93.611407663576
45.80000000000004,93.87975414760845
45.90000000000004,94.14736922947426
46.00000000000004,94.414242785487
46.10000000000004,94.68036471820548
46.20000000000004,94.94572495734253
46.30000000000004,95.21031346067394
46.40000000000004,95.47412021494766
46.50000000000004,95.73713523679298
46.60000000000004,95.99934857362965
46.70000000000004,96.26075030457702
46.80000000000004,96.52133054136249
46.90000000000004,96.78107942923002
47.00000000000004,97.03998714784778
47.100000000000044,97.29804391221539
47.20000000000004,97.55523997357034
47.30000000000004,97.81156562029356
47.40000000000004,98.06701117881404
47.50000000000004,98.32156701451233
47.600000000000044,98.57522353262289
47.70000000000004,98.82797117913512
47.80000000000004,99.07980044169301
47.90000000000004,99.33070185049301
48.00000000000004,99.58066597918057
48.100000000000044,99.8296834457446
48.200000000000045,100.07774491341037
48.30000000000004,100.32484109152988
48.40000000000004,100.57096273647073
48.50000000000004,100.81610065250209
48.600000000000044,101.0602456926789
48.700000000000045,101.303388759723
48.80000000000004,101.54552080690218
48.90000000000004,101.7866328389061
49.00000000000004,102.02671591271955
49.100000000000044,102.26576113849266
49.200000000000045,102.50375968040814
49.30000000000004,102.74070275754508
49.40000000000004,102.9765816447397
49.50000000000004,103.21138767344239
49.600000000000044,103.44511223257133
49.700000000000045,103.67774676936239
49.80000000000004,103.90928279021516
49.90000000000004,104.1397118615351
50.00000000000004,104.36902561057165
50.100000000000044,104.59721572625205
50.200000000000045,104.82427396001096
50.30000000000005,105.05019212661571
50.40000000000004,105.2749621049869
50.50000000000004,105.4985758390144
50.600000000000044,105.72102533836845
50.700000000000045,105.94230267930618
50.80000000000005,106.16240000547269
50.90000000000004,106.38130952869732
51.00000000000004,106.5990235297845
51.100000000000044,106.81553435929928
51.200000000000045,107.03083443834731
51.30000000000005,107.24491625934932
51.40000000000005,107.45777238680968
51.50000000000004,107.66939545807928
51.600000000000044,107.87977818411237
51.700000000000045,108.0889133502173
51.80000000000005,108.29679381680101
51.90000000000005,108.5034125201074
52.00000000000004,108.70876247294889
52.100000000000044,108.9128367654319
52.200000000000045,109.11562856567525
52.30000000000005,109.31713112052185
52.40000000000005,109.51733775624376
52.50000000000004,109.71624187923989
52.600000000000044,109.91383697672677
52.700000000000045,110.110116617422
52.80000000000005,110.30507445222037
52.90000000000005,110.49870421486247
53.00000000000004,110.6909997225957
53.100000000000044,110.88195487682788
53.200000000000045,111.07156366377242
53.30000000000005,111.25982015508626
53.40000000000005,111.44671850849937
53.50000000000005,111.63225296843625
53.600000000000044,111.81641786662917
53.700000000000045,111.99920762272308
53.80000000000005,112.18061674487205
53.90000000000005,112.36063983032712
54.00000000000005,112.53927156601556
54.100000000000044,112.71650672911123
54.200000000000045,112.89234018759632
54.30000000000005,113.06676690081373
54.40000000000005,113.23978192001078
54.50000000000005,113.41138038887337
54.60000000000005,113.58155754405121
54.700000000000045,113.75030871567334
54.80000000000005,113.9176293278545
54.90000000000005,114.08351489919161
55.00000000000005,114.24796104325083
55.10000000000005,114.41096346904473
55.200000000000045,114.5725179814996
55.30000000000005,114.73262048191287
55.40000000000005,114.89126696840046
55.50000000000005,115.04845353633388
55.60000000000005,115.20417637876746
55.700000000000045,115.35843178685464
55.80000000000005,115.51121615025461
55.90000000000005,115.66252595752782
56.00000000000005,115.81235779652131
56.10000000000005,115.9607083547432
56.200000000000045,116.10757441972646
56.30000000000005,116.252952879382
56.40000000000005,116.39684072234057
56.50000000000005,116.53923503828399
56.60000000000005,116.68013301826508
56.70000000000005,116.81953195501659
56.80000000000005,116.95742924324884
56.90000000000005,117.09382237993611
57.00000000000005,117.22870896459169
57.10000000000005,117.36208669953137
57.20000000000005,117.49395339012563
57.30000000000005,117.62430694504005
57.40000000000005,117.75314537646426
57.50000000000005,117.88046680032907
57.60000000000005,118.0062694365118
57.70000000000005,118.13055160903002
57.800000000000054,118.25331174622292
57.90000000000005,118.37454838092131
58.00000000000005,118.49426015060521
58.10000000000005,118.61244579754941
58.20000000000005,118.72910416895704
58.300000000000054,118.84423421708095
58.40000000000005,118.95783499933262
58.50000000000005,119.06990567837921
58.60000000000005,119.1804455222278
58.70000000000005,119.2894539042977
58.800000000000054,119.39693030348002
58.90000000000005,119.50287430418483
59.00000000000005,119.60728559637596
59.10000000000005,119.7101639755931
59.20000000000005,119.81150934296136
59.300000000000054,119.91132170518819
59.40000000000005,120.00960117454763
59.50000000000005,120.10634796885192
59.60000000000005,120.20156241141031
59.70000000000005,120.29524493097506
59.800000000000054,120.38739606167486
59.900000000000055,120.47801644293529
60.00000000000005,120.56710681938623
60.10000000000005,120.65466804075695
60.20000000000005,120.74070106175776
60.300000000000054,120.82520694194908
60.400000000000055,120.90818684559744
60.50000000000005,120.98964204151865
60.60000000000005,121.06957390290795
60.70000000000005,121.14798390715715
60.800000000000054,121.22487363565894
60.900000000000055,121.30024477359801
61.00000000000006,121.37409910972951
61.10000000000005,121.44643853614406
61.20000000000005,121.5172650480202
61.300000000000054,121.58658074336351
61.400000000000055,121.65438782273301
61.50000000000006,121.72068858895435
61.60000000000005,121.78548544682015
61.70000000000005,121.84878090277728
61.800000000000054,121.91057756460116
61.900000000000055,121.97087814105723
62.00000000000006,122.02968544154939
62.10000000000005,122.0855291042387
62.20000000000005,122.13693913771161
62.300000000000054,122.18391946256938
62.400000000000055,122.22647463931087
62.50000000000006,122.26460986758765
62.60000000000005,122.29833098531512
62.70000000000005,122.32764446763916
62.800000000000054,122.35255742575957
62.900000000000055,122.3730776056093
63.00000000000006,122.38921338639096
63.10000000000006,122.40097377897013
63.20000000000005,122.40836842412631
63.300000000000054,122.41140759066165
63.400000000000055,122.41010217336829
63.50000000000006,122.40446369085437
63.60000000000006,122.39450428322972
63.70000000000005,122.38023670965156
63.800000000000054,122.36167434573102
63.900000000000055,122.33883118080084
64.00000000000006,122.31172181504559
64.10000000000005,122.28036145649456
64.20000000000006,122.24476591787842
64.30000000000005,122.2049516133507
64.40000000000006,122.16093555507433
64.50000000000006,122.11273534967523
64.60000000000005,122.0603691945626
64.70000000000006,122.00385587411822
64.80000000000005,121.94321475575497
64.90000000000006,121.87846578584582
65.00000000000006,121.8096294855248
65.10000000000005,121.73672694636068
65.20000000000006,121.65977982590448
65.30000000000005,121.57881034311298
65.40000000000006,121.49384127364807
65.50000000000006,121.40489594505452
65.60000000000005,121.31199823181679
65.70000000000006,121.2151725502966
65.80000000000005,121.11444385355261
65.90000000000006,121.0098376260434
66.00000000000006,120.90137987821595
66.10000000000005,120.78909714098002
66.20000000000006,120.67301646007127
66.30000000000005,120.55316539030369
66.40000000000006,120.42957198971341
66.50000000000006,120.30226481359558
66.60000000000005,120.17127290843575
66.70000000000006,120.03662580573764
66.80000000000005,119.89835351574915
66.90000000000006,119.75648652108784
67.00000000000006,119.61105577026856
67.10000000000007,119.46209267113404
67.20000000000006,119.30962908419124
67.30000000000005,119.15369731585446
67.40000000000006,118.99433011159785
67.50000000000006,118.8315606490188
67.60000000000007,118.66542253081417
67.70000000000006,118.49594977767171
67.80000000000005,118.32317682107794
67.90000000000006,118.14713849604533
68.00000000000006,117.96787003376033
68.10000000000007,117.78540705415419
68.20000000000006,117.59978555839906
68.30000000000005,117.41104192133108
68.40000000000006,117.2192128838028
68.50000000000006,117.02433554496709
68.60000000000007,116.82644735449416
68.70000000000006,116.62558610472483
68.80000000000005,116.42178992276095
68.90000000000006,116.21509726249647
69.00000000000006,116.00554689659032
69.10000000000007,115.7931779083838
69.20000000000006,115.57802968376475
69.30000000000005,115.36014190298025
69.40000000000006,115.1395545324007
69.50000000000006,114.91630781623732
69.60000000000007,114.69044226821484
69.70000000000006,114.46199866320258
69.80000000000007,114.23101802880508
69.90000000000006,113.99754163691588
70.00000000000006,113.76161099523523
70.10000000000007,113.52326783875525
70.20000000000006,113.28255412121433
70.30000000000007,113.03951200652286
70.40000000000006,112.79418386016313
70.50000000000006,112.54661224056498
70.60000000000007,112.2968398904603
70.70000000000006,112.04490972821812
70.80000000000007,111.79086483916241
70.90000000000006,111.534748466876
71.00000000000006,111.27660400449112
71.10000000000007,111.01647498597063
71.20000000000006,110.75440507738114
71.30000000000007,110.4904380681604
71.40000000000006,110.22461786238188
71.50000000000006,109.95698847001779
71.60000000000007,109.68759399820385
71.70000000000006,109.41647864250734
71.80000000000007,109.14368667820072
71.90000000000006,108.86926245154368
72.00000000000006,108.59325037107477
72.10000000000007,108.31569489891609
72.20000000000006,108.03664054209216
72.30000000000007,107.75613184386549
72.40000000000006,107.47421337509168
72.50000000000006,107.19092972559488
72.60000000000007,106.90632549556719
72.70000000000006,106.62044528699305
72.80000000000007,106.33333369510123
72.90000000000006,106.04503529984667
73.00000000000006,105.7555946574236
73.10000000000007,105.46505629181263
73.20000000000006,105.17346468636396
73.30000000000007,104.88086427541765
73.40000000000006,104.58729943596472
73.50000000000007,104.29281447934905
73.60000000000007,103.99745364301403
73.70000000000006,103.7012610822942
73.80000000000007,103.40428086225498
73.90000000000006,103.10655694958209
74.00000000000007,102.80813320452174
74.10000000000007,102.5090533728751
74.20000000000006,102.2093610780471
74.30000000000007,101.90909981315252
74.40000000000006,101.6083129331811
74.50000000000007,101.3070436472224
74.60000000000007,101.00533501075378
74.70000000000006,100.70322991799158
74.80000000000007,100.40077109430834
74.90000000000006,100.09800108871741
75.00000000000007,99.79496226642581
75.10000000000007,99.49169680145845
75.20000000000006,99.18824666935376
75.30000000000007,98.88465363993325
75.40000000000006,98.58095927014622
75.50000000000007,98.2772048969909
75.60000000000007,97.97343163051389
75.70000000000006,97.66968034688874
75.80000000000007,97.36599168157593
75.90000000000006,97.06240602256474
76.00000000000007,96.75896350369861
76.10000000000007,96.45570399808595
76.20000000000007,96.15266711159633
76.30000000000007,95.84989217644485
76.40000000000006,95.54741824486447
76.50000000000007,95.24528408286855
76.60000000000007,94.94352816410421
76.70000000000007,94.64218866379753
76.80000000000007,94.34130345279225
76.90000000000006,94.0409100916822
77.00000000000007,93.74104582503931
77.10000000000007,93.44174757573748
77.20000000000007,93.14305193937365
77.30000000000007,92.84499517878706
77.40000000000006,92.54761321867699
77.50000000000007,92.25094164032066
77.60000000000007,91.95501567639161
77.70000000000007,91.65987020587912
77.80000000000007,91.3655397491101
77.90000000000006,91.0720584628735
78.00000000000007,90.77946013564824
78.10000000000007,90.48777818293556
78.20000000000007,90.19704564269556
78.30000000000007,89.90729517088951
78.40000000000006,89.61855903712782
78.50000000000007,89.33086912042421
78.60000000000007,89.04425690505727
78.70000000000007,88.75875347653853
78.80000000000007,88.47438951768898
78.90000000000006,88.19119530482303
79.00000000000007,87.90920070404124
79.10000000000007,87.62843516763196
79.20000000000007,87.34892773058127
79.30000000000007,87.07070700719298
79.40000000000006,86.79380118781754
79.50000000000007,86.51823803569081
79.60000000000007,86.24404488388278
79.70000000000007,85.97124863235564
79.80000000000007,85.69987574513263
79.90000000000008,85.42995224757615
80.00000000000007,85.16150372377669
80.10000000000007,84.89455531405103
80.20000000000007,84.62913171255113
80.30000000000007,84.36525716498271
80.40000000000008,84.10295546643343
80.50000000000007,83.84224995931127
80.60000000000007,83.58316353139203
80.70000000000007,83.32571861397633
80.80000000000007,83.06993718015597
80.90000000000008,82.81584074318872
81.00000000000007,82.5634503549822
81.10000000000007,82.31278660468558
81.20000000000007,82.06386961738976
81.30000000000007,81.81671905293467
81.40000000000008,81.57135410482408
81.50000000000007,81.32779349924719
81.60000000000007,81.08605549420633
81.70000000000007,80.8461578787508
81.80000000000007,80.60811797231608
81.90000000000008,80.37195262416758
82.00000000000007,80.13767821294924
82.10000000000007,79.90531064633534
82.20000000000007,79.6748653607857
82.30000000000007,79.44635732140362
82.40000000000008,79.21980102189515
82.50000000000007,78.99521048463016
82.60000000000008,78.77259926080345
82.70000000000007,78.55198043069613
82.80000000000007,78.3333666040356
82.90000000000008,78.1167699204542
83.00000000000007,77.90220205004536
83.10000000000008,77.6896741940163
83.20000000000007,77.47919708543694
83.30000000000007,77.27078099008354
83.40000000000008,77.064435707377
83.50000000000007,76.8601705714143
83.60000000000008,76.65799445209227
83.70000000000007,76.45791575632326
83.80000000000007,76.2599424293411
83.90000000000008,76.06408195609696
84.00000000000007,75.87034136274397
84.10000000000008,75.6787272182092
84.20000000000007,75.48924563585301
84.30000000000007,75.30190227521354
84.40000000000008,75.11670234383621
84.50000000000007,74.93365059918699
84.60000000000008,74.75275135064805
84.70000000000007,74.5740084615951
84.80000000000007,74.39742535155519
84.90000000000008,74.22300499844394
85.00000000000007,74.05074994088109
85.10000000000008,73.88066228058304
85.20000000000007,73.71274368483171
85.30000000000007,73.54699538901812
85.40000000000008,73.38341819925978
85.50000000000007,73.22201249509088
85.60000000000008,73.06277823222369
85.70000000000007,72.9057149453804
85.80000000000007,72.75082175119394
85.90000000000008,72.59809735117702
86.00000000000007,72.4475400347575
86.10000000000008,72.29914768237953
86.20000000000007,72.15291776866901
86.30000000000008,72.00884736566205
86.40000000000008,71.86693314609543
86.50000000000007,71.7271713867576
86.60000000000008,71.58955797189923
86.70000000000007,71.45408839670193
86.80000000000008,71.32075777080395
86.90000000000008,71.18956082188151
87.00000000000007,71.06049189928484
87.10000000000008,70.93354497772717
87.20000000000007,70.80871366102599
87.30000000000008,70.68599118589495
87.40000000000008,70.5653704257852
87.50000000000007,70.44684389477513
87.60000000000008,70.33040375150689
87.70000000000007,70.21604180316903
87.80000000000008,70.10374950952321
87.90000000000008,69.99351798697451
88.00000000000007,69.88533801268352
88.10000000000008,69.7792000287194
88.20000000000007,69.67509414625229
88.30000000000008,69.57301014978407
88.40000000000008,69.47293750141618
88.50000000000007,69.37486534515317
88.60000000000008,69.27878251124085
88.70000000000007,69.18467752053799
88.80000000000008,69.09253858891964
88.90000000000008,69.00235363171196
89.00000000000009,68.91411026815618
89.10000000000008,68.82779582590148
89.20000000000007,68.74339734552484
89.30000000000008,68.66090158507699
89.40000000000008,68.58029502465344
89.50000000000009,68.50156387098892
89.60000000000008,68.4246940620745
89.70000000000007,68.34967127179593
89.80000000000008,68.27648091459224
89.90000000000008,68.20510815013327
90.00000000000009,68.135537888015
90.10000000000008,68.06775479247165
90.20000000000007,68.0017432871034
90.30000000000008,67.93748755961826
90.40000000000008,67.87497156658766
90.50000000000009,67.81417903821385
90.60000000000008,67.75509348310862
90.70000000000007,67.69769819308192
90.80000000000008,67.64197624793938
90.90000000000008,67.58791052028778
91.00000000000009,67.53548368034703
91.10000000000008,67.48467820076822
91.20000000000007,67.43547636145591
91.30000000000008,67.38786025439443
91.40000000000008,67.34181178847642
91.50000000000009,67.29731269433329
91.60000000000008,67.25434452916589
91.70000000000007,67.21288868157505
91.80000000000008,67.17292637639056
91.90000000000008,67.13443867949773
92.00000000000009,67.09740650266072
92.10000000000008,67.06181060834142
92.20000000000007,67.02763161451315
92.30000000000008,66.99484999946824
92.40000000000008,66.96344610661839
92.50000000000009,66.93340014928705
92.60000000000008,66.90469221549297
92.70000000000009,66.87730227272384
92.80000000000008,66.8512101726994
92.90000000000008,66.8263956561229
93.00000000000009,66.8028383574202
93.10000000000008,66.7805178094657
93.20000000000009,66.75941344829428
93.30000000000008,66.73950461779809
93.40000000000008,66.72077057440805
93.50000000000009,66.70319049175863
93.60000000000008,66.68674346533552
93.70000000000009,66.67140851710512
93.80000000000008,66.65716460012551
93.90000000000008,66.64399060313764
94.00000000000009,66.63186535513645
94.10000000000008,66.62076762992096
94.20000000000009,66.61067615062258
94.30000000000008,66.6015695942112
94.40000000000008,66.59342659597807
94.50000000000009,66.58622575399497
94.60000000000008,66.57994563354896
94.70000000000009,66.574564771552
94.80000000000008,66.570061680925
94.90000000000008,66.56641485495526
95.00000000000009,66.56360277162719
95.10000000000008,66.56160389792532
95.20000000000009,66.5603966941091
95.30000000000008,66.55995961795897
95.40000000000009,66.5602711289931
95.50000000000009,66.56130969265409
95.60000000000008,66.56305378446538
95.70000000000009,66.56548189415645
95.80000000000008,66.56857252975655
95.90000000000009,66.5723042216563
96.00000000000009,66.57665552663678
96.10000000000008,66.58160503186532
96.20000000000009,66.58713135885787
96.30000000000008,66.59321316740716
96.40000000000009,66.59982915947639
96.50000000000009,66.60695808305763
96.60000000000008,66.61457873599515
96.70000000000009,66.62266996977236
96.80000000000008,66.63121069326267
96.90000000000009,66.64017987644328
97.00000000000009,66.64955655407202
97.10000000000008,66.65931982932626
97.20000000000009,66.66944887740395
97.30000000000008,66.67992294908605
97.40000000000009,66.69072137426028
97.50000000000009,66.70182356540546
97.60000000000008,66.7132090210365
97.70000000000009,66.72485732910911
97.80000000000008,66.73674817038449
97.90000000000009,66.74886132175313
98.00000000000009,66.76117665951782
98.10000000000008,66.77367416263507
98.20000000000009,66.7863339159151
98.30000000000008,66.79913611317964
98.40000000000009,66.81206106037762
98.50000000000009,66.82508917865808
98.60000000000008,66.8382010074003
98.70000000000009,66.85137720720066
98.80000000000008,66.86459856281608
98.90000000000009,66.87784598606363
99.00000000000009,66.89110051867617
99.1000000000001,66.90434333511361
99.20000000000009,66.91755574532966
99.30000000000008,66.9307191974938
99.40000000000009,66.94381528066805
99.50000000000009,66.95682572743857
99.6000000000001,66.9697324165016
99.70000000000009,66.98251737520368
99.80000000000008,66.99516278203582
99.90000000000009,67.00765096908142
100.00000000000009,67.01996442441785
100.1000000000001,67.03208579447114
100.20000000000009,67.04399788632409
100.30000000000008,67.05568366997701
100.40000000000009,67.06712628056144
100.50000000000009,67.07830902050618
100.6000000000001,67.08921536165589
100.70000000000009,67.09982894734163
100.80000000000008,67.11013359440368
100.90000000000009,67.12011329516572
101.00000000000009,67.12975221936117
101.1000000000001,67.1390347160106
101.20000000000009,67.14794531525071
101.30000000000008,67.15646873011434
101.40000000000009,67.16458985826154
101.50000000000009,67.1722937836614
101.6000000000001,67.17956577822487
101.70000000000009,67.18639130338782
101.8000000000001,67.19275601164478
101.90000000000009,67.1986457480329
102.00000000000009,67.20404655156615
102.1000000000001,67.20894465661964
102.20000000000009,67.21332649426364
102.3000000000001,67.21717869354792
102.40000000000009,67.2204880827353
102.50000000000009,67.22324169048524
102.6000000000001,67.22542674698678
102.70000000000009,67.227030685041
102.8000000000001,67.22804114109277
102.90000000000009,67.22844595621187
103.00000000000009,67.22823317702323
103.1000000000001,67.22739105658637
103.20000000000009,67.22590805522388
103.3000000000001,67.22377284129887
103.40000000000009,67.22097429194137
103.50000000000009,67.2175014937237
103.6000000000001,67.21334374328457
103.70000000000009,67.2084905479021
103.8000000000001,67.20293162601554
103.90000000000009,67.19665690769577
104.00000000000009,67.18965653506449
104.1000000000001,67.18192086266225
104.20000000000009,67.173440457765
104.3000000000001,67.16420610064948
104.40000000000009,67.15420878480725
104.50000000000009,67.14343971710751
104.6000000000001,67.13189031790856
104.70000000000009,67.11955222111811
104.8000000000001,67.10641727420241
104.90000000000009,67.09247753814414
105.00000000000009,67.0777252873492
105.1000000000001,67.06215300950261
105.20000000000009,67.04575340537323
105.3000000000001,67.0285193885677
105.40000000000009,67.01044408523354
105.5000000000001,66.99152083371149
105.6000000000001,66.97174318413727
105.70000000000009,66.95110489799282
105.8000000000001,66.92959994760719
105.90000000000009,66.90722251560706
106.0000000000001,66.88396699431736
106.1000000000001,66.86026575694973
106.20000000000009,66.83701058624509
106.3000000000001,66.81422305294691
106.40000000000009,66.79189810434669
106.5000000000001,66.77003077347672
106.6000000000001,66.74861617826556
106.70000000000009,66.72764952066035
106.8000000000001,66.70712608571631
106.90000000000009,66.68704124065357
107.0000000000001,66.66739043388166
107.1000000000001,66.64816919399188
107.20000000000009,66.62937312871766
107.3000000000001,66.61099792386351
107.40000000000009,66.59303934220254
107.5000000000001,66.57549322234296
107.6000000000001,66.55835547756384
107.70000000000009,66.54162209462052
107.8000000000001,66.52528913251994
107.90000000000009,66.5093527212661
108.0000000000001,66.49380906057634
108.1000000000001,66.47865441856841
108.2000000000001,66.46388513041902
108.3000000000001,66.44949759699402
108.40000000000009,66.43548828345088
108.5000000000001,66.42185371781355
108.6000000000001,66.40859048952042
108.7000000000001,66.39569524794571
108.8000000000001,66.38316470089475
108.90000000000009,66.37099561307355
109.0000000000001,66.35918480453329
109.1000000000001,66.34772914909016
109.2000000000001,66.33662557272099
109.3000000000001,66.32587105193537
109.40000000000009,66.31546261212455
109.5000000000001,66.30539732588801
109.6000000000001,66.29567231133795
109.7000000000001,66.28628473038245
109.8000000000001,66.277231786988
109.90000000000009,66.26851072542168
110.0000000000001,66.26011882847405
110.1000000000001,66.25205341566311
110.2000000000001,66.24431184142001
110.3000000000001,66.2368914932574
110.40000000000009,66.22978978992077
110.5000000000001,66.2230041795239
110.6000000000001,66.21653213766875
110.7000000000001,66.2103711655509
110.8000000000001,66.20451878805085
110.90000000000009,66.1989725518125
111.0000000000001,66.19373002330912
111.1000000000001,66.18878878689779
111.2000000000001,66.18414644286324
111.3000000000001,66.1798006054518
111.40000000000009,66.17574890089615
111.5000000000001,66.17198896543218
111.6000000000001,66.16851844330824
111.7000000000001,66.16533498478832
111.8000000000001,66.16243624414932
111.9000000000001,66.15981987767418
112.0000000000001,66.15748354164097
112.1000000000001,66.15542489030948
112.2000000000001,66.15364157390592
112.3000000000001,66.15213123660695
112.4000000000001,66.15089151452379
112.5000000000001,66.14992003368758
112.6000000000001,66.14921440803683
112.7000000000001,66.14877223740821
112.8000000000001,66.14859110553138
112.9000000000001,66.14866857802929
113.0000000000001,66.14900220042462
113.1000000000001,66.1495894961536
113.2000000000001,66.15042796458839
113.3000000000001,66.15151507906882
113.4000000000001,66.15284828494477
113.5000000000001,66.15442499763027
113.6000000000001,66.15624260067027
113.7000000000001,66.15829844382138
113.8000000000001,66.16058984114756
113.9000000000001,66.16311406913188
114.0000000000001,66.16586836480562
114.1000000000001,66.16884992389554
114.2000000000001,66.17205589899078
114.3000000000001,66.1754833977303
114.4000000000001,66.17912948101207
114.5000000000001,66.18299116122503
114.60000000000011,66.18706540050539
114.7000000000001,66.19134910901762
114.8000000000001,66.19583914326206
114.9000000000001,66.2005323044099
115.0000000000001,66.20542533666652
115.10000000000011,66.21051492566477
115.2000000000001,66.21579769688886
115.3000000000001,66.22127021413034
115.4000000000001,66.22692897797697
115.5000000000001,66.23277042433588
115.60000000000011,66.23879092299194
115.7000000000001,66.24498677620251
115.8000000000001,66.25135421732965
115.9000000000001,66.2578894095108
116.0000000000001,66.2645884443692
116.10000000000011,66.27144734076488
116.2000000000001,66.27846204358738
116.3000000000001,66.28562842259117
116.4000000000001,66.29294227127505
116.5000000000001,66.300399305806
116.60000000000011,66.30799516398915
116.7000000000001,66.31572540428427
116.8000000000001,66.32358550487004
116.9000000000001,66.33157086275708
117.0000000000001,66.33967679295036
117.10000000000011,66.34789852766231
117.2000000000001,66.35623121557715
117.3000000000001,66.36466992116758
117.4000000000001,66.37320962406436
117.5000000000001,66.3818452184801
117.60000000000011,66.39057151268743
117.7000000000001,66.39938322855281
117.8000000000001,66.40827500112655
117.9000000000001,66.41724137828967
118.0000000000001,66.42627682045848
118.10000000000011,66.43537570034741
118.2000000000001,66.44453230279075
118.30000000000011,66.45374082462399
118.4000000000001,66.4629953746252
118.5000000000001,66.47228997351701
118.60000000000011,66.48161855403005
118.7000000000001,66.49097496102763
118.80000000000011,66.50035295169283
118.9000000000001,66.50974619577804
119.0000000000001,66.51914827591723
119.10000000000011,66.52855268800181
119.2000000000001,66.53795284161964
119.30000000000011,66.54734206055817
119.4000000000001,66.55671358337153
119.5000000000001,66.56606056401189
119.60000000000011,66.57537607252524
119.7000000000001,66.58465309581172
119.80000000000011,66.59388453845061
119.9000000000001,66.60306322359001
120.0000000000001,66.61218189390112
120.10000000000011,66.62123321259718
120.2000000000001,66.63020976451709
120.30000000000011,66.63910405727339
120.4000000000001,66.64790852246443
120.5000000000001,66.65661551695085
120.60000000000011,66.66521732419575
120.7000000000001,66.6737061556684
120.80000000000011,66.68207415231129
120.9000000000001,66.69031338606995
121.00000000000011,66.69841586148524
121.10000000000011,66.70637351734767
121.2000000000001,66.71417822841305
121.30000000000011,66.7218218071793
121.4000000000001,66.72929600572343
121.50000000000011,66.73659251759842
121.60000000000011,66.74370297978894
121.7000000000001,66.75061897472558
121.80000000000011,66.75733203235664
121.9000000000001,66.76383363227654
122.00000000000011,66.77011520591041
122.10000000000011,66.77616813875358
122.2000000000001,66.78198377266507
122.30000000000011,66.7875534082146
122.4000000000001,66.79286830708135
122.50000000000011,66.79791969450399
122.60000000000011,66.80269876178075
122.7000000000001,66.80719666881829
122.80000000000011,66.81140454672818
122.9000000000001,66.81531350047004
123.00000000000011,66.81891461153975
123.10000000000011,66.82219894070177
123.2000000000001,66.82515753076389
123.30000000000011,66.82778140939338
123.4000000000001,66.83006159197299
123.50000000000011,66.83198908449532
123.60000000000011,66.83355488649421
123.7000000000001,66.83474999401159
123.80000000000011,66.83556540259823
123.9000000000001,66.83599211034694
124.00000000000011,66.83602112095645
124.10000000000011,66.83564344682449
124.2000000000001,66.83485011216844
124.30000000000011,66.83363215617162
124.4000000000001,66.83198063615386
124.50000000000011,66.82988663076445
124.60000000000011,66.82734124319545
124.70000000000012,66.82433560441424
124.80000000000011,66.82086087641277
124.9000000000001,66.81690825547206
125.00000000000011,66.81246897544034
125.10000000000011,66.80753431102227
125.20000000000012,66.80209558107802
125.30000000000011,66.79614415193011
125.4000000000001,66.7896714406758
125.50000000000011,66.78266891850359
125.60000000000011,66.77512811401154
125.70000000000012,66.76704061652552
125.80000000000011,66.75839807941568
125.9000000000001,66.74919222340871
126.00000000000011,66.7394148398943
126.10000000000011,66.72905779422373
126.20000000000012,66.71811302899853
126.30000000000011,66.70657256734715
126.4000000000001,66.69442851618797
126.50000000000011,66.68167306947625
126.60000000000011,66.66829851143332
126.70000000000012,66.65429721975597
126.80000000000011,66.63966166880397
126.9000000000001,66.62438443276375
127.00000000000011,66.6084581887865
127.10000000000011,66.59187572009837
127.20000000000012,66.57462991908115
127.30000000000011,66.5567137903213
127.40000000000012,66.53812045362545
127.50000000000011,66.51884314700055
127.60000000000011,66.49887522959665
127.70000000000012,66.47821018461052
127.80000000000011,66.45684162214826
127.90000000000012,66.43476328204504
128.0000000000001,66.41196903664014
128.1000000000001,66.38845289350559
128.2000000000001,66.36420899812646
128.30000000000013,66.3392316365314
128.40000000000012,66.31351523787137
128.5000000000001,66.28705437694505
128.6000000000001,66.25984377666926
128.7000000000001,66.23187831049287
128.80000000000013,66.20315300475237
128.90000000000012,66.17366304096787
129.0000000000001,66.14340375807762
129.1000000000001,66.11237065461016
129.2000000000001,66.08055939079186
129.30000000000013,66.04796579058927
129.40000000000012,66.01458584368436
129.5000000000001,65.9804157073815
129.6000000000001,65.94545170844499
129.7000000000001,65.90969034486581
129.80000000000013,65.87312828755636
129.90000000000012,65.83576238197222
130.0000000000001,65.79758964965959
130.1000000000001,65.75860728972754
130.2000000000001,65.71881268024406
130.30000000000013,65.6782033795548
130.40000000000012,65.63677712752383
130.5000000000001,65.59453184669522
130.6000000000001,65.55146564337512
130.7000000000001,65.50757680863312
130.80000000000013,65.46286381922236
130.90000000000012,65.41732533841797
131.0000000000001,65.37096021677277
131.1000000000001,65.32376749279014
131.2000000000001,65.2757463935133
131.30000000000013,65.22689633503066
131.40000000000012,65.17721692289692
131.5000000000001,65.1267079524693
131.6000000000001,65.07536940915924
131.7000000000001,65.02320146859849
131.80000000000013,64.97025853931055
131.90000000000012,64.91660647534479
132.0000000000001,64.86224607923542
132.1000000000001,64.80717813985221
132.2000000000001,64.75140357574524
132.30000000000013,64.69492343493033
132.40000000000012,64.63773889462739
132.5000000000001,64.57985126095146
132.6000000000001,64.52126196855701
132.70000000000013,64.46197258023516
132.80000000000013,64.40198478646451
132.90000000000012,64.34130040491532
133.0000000000001,64.27992137990749
133.1000000000001,64.21784978182266
133.20000000000013,64.15508780647056
133.30000000000013,64.09163777440989
133.40000000000012,64.02750213022424
133.5000000000001,63.962683441753164
133.6000000000001,63.89718439927908
133.70000000000013,63.83100781466994
133.80000000000013,63.76415662047868
133.90000000000012,63.69663386899929
134.0000000000001,63.628442731280416
134.1000000000001,63.5595864960968
134.20000000000013,63.49006856887901
134.30000000000013,63.41989247060226
134.40000000000012,63.34906183663433
134.5000000000001,63.27758041554393
134.6000000000001,63.205452067869395
134.70000000000013,63.13268076484866
134.80000000000013,63.05927058711129
134.90000000000012,62.98522572333275
135.0000000000001,62.91055046885206
135.1000000000001,62.83524922425328
135.20000000000013,62.75932649391163
135.30000000000013,62.68278688450492
135.40000000000012,62.60563510349092
135.5000000000001,62.52787595755175
135.6000000000001,62.44951435100578
135.70000000000013,62.37055528418786
135.80000000000013,62.29100385179895
135.90000000000012,62.21086524122543
136.0000000000001,62.13014473082968
136.1000000000001,62.048847688211964
136.20000000000013,61.966979568445154
136.30000000000013,61.88454591228286
136.40000000000012,61.80155234434163
136.5000000000001,61.71800457125869
136.6000000000001,61.633908379825584
136.70000000000013,61.54926963509894
136.80000000000013,61.46409427848925
136.90000000000012,61.3783883258283
137.0000000000001,61.292157865416726
137.1000000000001,61.20540905605223
137.20000000000013,61.11814812503938
137.30000000000013,61.03038136618252
137.40000000000012,60.94211513776177
137.5000000000001,60.853355860494176
137.6000000000001,60.76411001548022
137.70000000000013,60.67438414213693
137.80000000000013,60.584184836118716
137.90000000000012,60.49351874722653
138.0000000000001,60.402392577306806
138.1000000000001,60.310813078140775
138.20000000000013,60.21878704932544
138.30000000000013,60.12632133614702
138.40000000000012,60.03342282744778
138.5000000000001,59.94009845348758
138.60000000000014,59.8463551838007
138.70000000000013,59.75220002504938
138.80000000000013,59.657640018874446
138.90000000000012,59.56268223974471
139.0000000000001,59.46733379280558
139.10000000000014,59.371601811728034
139.20000000000013,59.275493456559154
139.30000000000013,59.17901591157452
139.40000000000012,59.08217638313423
139.5000000000001,58.98498209754299
139.60000000000014,58.8874402989152
139.70000000000013,58.78955824704634
139.80000000000013,58.691343215291
139.90000000000012,58.59280248844914
140.0000000000001,58.49394336066086
140.10000000000014,58.394773133311
140.20000000000013,58.29529911294436
140.30000000000013,58.19552860919203
140.40000000000012,58.095468932710446
140.5000000000001,57.995127393133224
140.60000000000014,57.894511297037226
140.70000000000013,57.79362794592331
140.80000000000013,57.69248463421259
140.90000000000012,57.59108864725928
141.0000000000001,57.489447259380654
141.10000000000014,57.387567731904895
141.20000000000013,57.28545731123781
141.30000000000013,57.18312322694877
141.40000000000012,57.08057268987698
141.5000000000001,56.977812890258626
141.60000000000014,56.87485099587543
141.70000000000013,56.771694150225755
141.80000000000013,56.66834947071819
141.90000000000012,56.56482404688905
142.0000000000001,56.46112493864381
142.10000000000014,56.35725917452343
142.20000000000013,56.25323374999606
142.30000000000013,56.1490556257745
142.40000000000012,56.0447317261603
142.5000000000001,55.94026893741493
142.60000000000014,55.83567410615828
142.70000000000013,55.73095403779548
142.80000000000013,55.62611549497188
142.90000000000012,55.521165196057304
143.0000000000001,55.41610981365962
143.10000000000014,55.310955973168035
143.20000000000013,55.20571025132695
143.30000000000013,55.10037917483991
143.40000000000012,54.99496921900513
143.5000000000001,54.88948680638187
143.60000000000014,54.78393830548877
143.70000000000013,54.67833002953409
143.80000000000013,54.57266823517803
143.90000000000012,54.46695912132775
144.0000000000001,54.36120882796506
144.10000000000014,54.25542343500717
144.20000000000013,54.14960896120061
144.30000000000013,54.04377136304843
144.40000000000012,53.93791653377106
144.5000000000001,53.832050302300914
144.60000000000014,53.726178432310704
144.70000000000013,53.62030662127588
144.80000000000013,53.5144404995708
144.90000000000012,53.40858562959937
145.0000000000001,53.30274750495962
145.10000000000014,53.1969315496425
145.20000000000013,53.091143117265155
145.30000000000013,52.98538749033796
145.40000000000012,52.879669879566144
145.50000000000014,52.77399542318545
145.60000000000014,52.66836918633194
145.70000000000013,52.562796160445735
145.80000000000013,52.45728126270888
145.90000000000012,52.351829335516925
146.00000000000014,52.246445145984225
146.10000000000014,52.1411333854831
146.20000000000013,52.035898669215946
146.30000000000013,51.93074553582105
146.40000000000012,51.825678447011285
146.50000000000014,51.72070178724563
146.60000000000014,51.61581986343361
146.70000000000013,51.511036904671776
146.80000000000013,51.406357062012695
146.90000000000012,51.30178440826571
147.00000000000014,51.197322937829355
147.10000000000014,51.092976566555265
147.20000000000013,50.98874913164282
147.30000000000013,50.884644391564926
147.40000000000012,50.78066602602391
147.50000000000014,50.676817635937674
147.60000000000014,50.57310274345556
147.70000000000013,50.46952479200335
147.80000000000013,50.36608714635762
147.90000000000012,50.262793092748424
148.00000000000014,50.15964583899031
148.10000000000014,50.05664851464115
148.20000000000013,49.953804171188246
148.30000000000013,49.85111578226156
148.40000000000012,49.74858624387333
148.50000000000014,49.64621837468395
148.60000000000014,49.544014916293364
148.70000000000013,49.441978533557595
148.80000000000013,49.34011181493019
148.90000000000012,49.238417272827746
149.00000000000014,49.13689734401923
149.10000000000014,49.035554390038754
149.20000000000013,48.93439069762078
149.30000000000013,48.83340847915799
149.40000000000012,48.73260987318075
149.50000000000014,48.6319969448579
149.60000000000014,48.531571686518376
149.70000000000013,48.431336018192916
149.80000000000013,48.33129178817571
149.90000000000012,48.23144077360514
150.00000000000014,48.1317846810632
150.10000000000014,48.032325147193276
150.20000000000013,47.933063739335154
150.30000000000013,47.8340019561775
150.40000000000012,47.735141228426755
150.50000000000014,47.63648291949195
150.60000000000014,47.5380283261853
150.70000000000013,47.43977867943734
150.80000000000013,47.34173514502681
150.90000000000012,47.24389882432427
151.00000000000014,47.14627075504898
151.10000000000014,47.048851912038856
151.20000000000013,46.951643208032245
151.30000000000013,46.85464549446184
151.40000000000015,46.75785956225952
151.50000000000014,46.66128614267209
151.60000000000014,46.56492590808683
151.70000000000013,46.468779472866956
151.80000000000013,46.372847394196
151.90000000000015,46.27713017293077
152.00000000000014,46.18162825446249
152.10000000000014,46.08634202958519
152.20000000000013,45.991271835371386
152.30000000000013,45.896417956054144
152.40000000000015,45.80178062391518
152.50000000000014,45.70736002017853
152.60000000000014,45.613156275909105
152.70000000000013,45.51916947291593
152.80000000000013,45.42539964465934
152.90000000000015,45.331846777161864
153.00000000000014,45.23851080992207
153.10000000000014,45.145391636831135
153.20000000000013,45.052489107091624
153.30000000000013,44.95980302613792
153.40000000000015,44.86733315655799
153.50000000000014,44.77507921901607
153.60000000000014,44.68304089317551
153.70000000000013,44.591217818621885
153.80000000000013,44.499609595785486
153.90000000000015,44.408215786863074
154.00000000000014,44.31703591673839
154.10000000000014,44.22606947390078
154.20000000000013,44.1353159113621
154.30000000000013,44.04477464757099
154.40000000000015,43.95444506732446
154.50000000000014,43.864326522676244
154.60000000000014,43.77441833384159
154.70000000000013,43.68471979009832
154.80000000000013,43.59523015068349
154.90000000000015,43.50594864568565
155.00000000000014,43.4168744769322
155.10000000000014,43.32800681887136
155.20000000000013,43.23934481944888
155.30000000000013,43.15088760097887
155.40000000000015,43.06263426100831
155.50000000000014,42.97458387317566
155.60000000000014,42.886735488062115
155.70000000000013,42.799088134036566
155.80000000000013,42.71164081809301
155.90000000000015,42.624392526680566
156.00000000000014,42.53734222652597
156.10000000000014,42.45048886544782
156.20000000000013,42.363831373163
156.30000000000013,42.27736866208457
156.40000000000015,42.191099628111054
156.50000000000014,42.10502315140714
156.60000000000014,42.019138097175095
156.70000000000013,41.93344331641732
156.80000000000013,41.847937646689445
156.90000000000015,41.76261991284387
157.00000000000014,41.67748892776385
157.10000000000014,41.592543493087504
157.20000000000013,41.50778239992206
157.30000000000013,41.42320442954796
157.40000000000015,41.33880835411271
157.50000000000014,41.25459293731453
157.60000000000014,41.17055693507532
157.70000000000013,41.08669909620328
157.80000000000013,41.00301816304483
157.90000000000015,40.91951287212568
158.00000000000014,40.836181954781374
158.10000000000014,40.75302413777647
158.20000000000013,40.670038143913246
158.30000000000015,40.587222692629
158.40000000000015,40.50457650058265
158.50000000000014,40.42209828222977
158.60000000000014,40.33978675038684
158.70000000000013,40.25764061678416
158.80000000000015,40.17565859260742
158.90000000000015,40.093839389028375
159.00000000000014,40.01218171772384
159.10000000000014,39.93068429138373
159.20000000000013,39.84934582420771
159.30000000000015,39.768165032390634
159.40000000000015,39.68714063459677
159.50000000000014,39.60627135242263
159.60000000000014,39.5255559108488
159.70000000000013,39.44499303868049
159.80000000000015,39.36458146897686
159.90000000000015,39.284319939469505
160.00000000000014,39.204207192969484
160.10000000000014,39.12424197776363
160.20000000000013,39.04442304799981
160.30000000000015,38.964749164061196
160.40000000000015,38.88521909292987
160.50000000000014,38.805831608539435
160.60000000000014,38.72658549211702
160.70000000000013,38.64747953251467
160.80000000000015,38.568512526530164
160.90000000000015,38.489683279217346
161.00000000000014,38.41099060418601
161.10000000000014,38.33243332389163
161.20000000000013,38.25401026991471
161.30000000000015,38.17572028323017
161.40000000000015,38.097562214466734
161.50000000000014,38.01953492415619
161.60000000000014,37.94163728297311
161.70000000000013,37.863868171964775
161.80000000000015,37.786226482771475
161.90000000000015,37.70871111783747
162.00000000000014,37.63132099061242
162.10000000000014,37.55405502574377
162.20000000000013,37.47691215925988
162.30000000000015,37.39989133874427
162.40000000000015,37.32299152350098
162.50000000000014,37.24621168471112
162.60000000000014,37.16955080558092
162.70000000000013,37.09300788148122
162.80000000000015,37.016581920078664
162.90000000000015,36.940271941458704
163.00000000000014,36.86407697824043
163.10000000000014,36.787996075683544
163.20000000000013,36.7120282917875
163.30000000000015,36.636172697382925
163.40000000000015,36.560428376215725
163.50000000000014,36.48479442502339
163.60000000000014,36.409269953604436
163.70000000000013,36.33385408488057
163.80000000000015,36.258545954951856
163.90000000000015,36.18334471314516
164.00000000000014,36.10824952205572
164.10000000000014,36.03325955758238
164.20000000000016,35.95837400895622
164.30000000000015,35.883592078763144
164.40000000000015,35.80891298296005
164.50000000000014,35.734335950885246
164.60000000000014,35.65986022526297
164.70000000000016,35.58548506220209
164.80000000000015,35.51120973118945
164.90000000000015,35.43703351507754
165.00000000000014,35.362955710067055
165.10000000000014,35.288975625684245
165.20000000000016,35.21509258475326
165.30000000000015,35.141305923363646
165.40000000000015,35.067614990832986
165.50000000000014,34.99401914966511
165.60000000000014,34.920517775503676
165.70000000000016,34.847110257081475
165.80000000000015,34.773795996165646
165.90000000000015,34.70057440749852
166.00000000000014,34.62744491873485
166.10000000000014,34.55440697037497
166.20000000000016,34.48146001569437
166.30000000000015,34.40860352066982
166.40000000000015,34.335836963901755
166.50000000000014,34.2631598365336
166.60000000000014,34.190571642167825
166.70000000000016,34.118071896778844
166.80000000000015,34.045660128623155
166.90000000000015,33.97333587814634
167.00000000000014,33.90109869788763
167.10000000000014,33.828948152381685
167.20000000000016,33.756883818057894
167.30000000000015,33.684905283137454
167.40000000000015,33.613012147527854
167.50000000000014,33.541204022715476
167.60000000000014,33.469480531656004
167.70000000000016,33.39784130866284
167.80000000000015,33.32628599929384
167.90000000000015,33.254814260235975
168.00000000000014,33.18342575918865
168.10000000000014,33.11212017474528
168.20000000000016,33.04089719627343
168.30000000000015,32.96975652379364
168.40000000000015,32.898697867856875
168.50000000000014,32.8277209494208
168.60000000000014,32.75682549972507
168.70000000000016,32.68601126016538
168.80000000000015,32.615277982166866
168.90000000000015,32.54462542705633
169.00000000000014,32.47405336593393
169.10000000000014,32.403561579544125
169.20000000000016,32.3331498581459
169.30000000000015,32.26281800138269
169.40000000000015,32.19256581815149
169.50000000000014,32.12239312647185
169.60000000000014,32.052299753354475
169.70000000000016,31.982285534669472
169.80000000000015,31.91235031501462
169.90000000000015,31.842493947583186
170.00000000000014,31.772716294031973
170.10000000000014,31.70301722434926
170.20000000000016,31.633396616722735
170.30000000000015,31.56385435740772
170.40000000000015,31.49439034059528
170.50000000000014,31.42500446828086
170.60000000000014,31.35569665013302
170.70000000000016,31.2864668033625
170.80000000000015,31.217314852591834
170.90000000000015,31.14824072972509
171.00000000000014,31.07924437381837
171.10000000000016,31.01032573095067
171.20000000000016,30.941484754095377
171.30000000000015,30.872721402992248
171.40000000000015,30.804035644020175
171.50000000000014,30.735427450070503
171.60000000000016,30.666896800421206
171.70000000000016,30.598443680611695
171.80000000000015,30.530068082318387
171.90000000000015,30.461770003231223
172.00000000000014,30.39354944693094
172.10000000000016,30.32540642276725
172.20000000000016,30.257340945737973
172.30000000000015,30.189353036368935
172.40000000000015,30.121442720595063
172.50000000000014,30.053610029642293
172.60000000000016,29.985854999910565
172.70000000000016,29.918177672857865
172.80000000000015,29.85057809488518
172.90000000000015,29.783056317222737
