0,2.322
1,3.129
2,3.703
3,5.041
4,6.604
5,7.924
6,8.835
7,10.206
8,12.061
9,13.087
10,14.263
11,16.449
12,16.956
13,17.617
14,19.409
15,21.444
16,22.257
17,23.500
18,25.152
19,26.725
20,27.802
21,30.094
22,32.809
23,33.693
24,36.236
25,37.815
26,40.328
27,42.322
28,44.951
29,47.131
30,49.708
31,52.012
32,53.984
33,55.774
34,58.691
35,61.438
36,63.690
37,66.473
38,69.290
39,72.646
40,75.126
41,78.655
42,81.265
43,84.038
44,87.610
45,90.501
46,92.790
47,97.023
48,98.471
49,101.343
50,104.869
51,107.234
52,108.843
53,111.899
54,114.780
55,116.022
56,116.377
57,118.276
58,120.631
59,121.009
60,122.485
61,121.396
62,120.562
63,122.259
64,120.375
65,122.014
66,121.589
67,119.966
68,117.201
69,114.880
70,112.938
71,110.874
72,108.691
73,105.572
74,102.356
75,98.489
76,95.652
77,92.463
78,89.470
79,86.960
80,84.786
81,82.849
82,79.899
83,78.248
84,76.576
85,74.356
86,72.294
87,70.921
88,71.466
89,70.671
90,69.628
91,70.454
92,68.353
93,68.330
94,68.550
95,67.423
96,65.977
97,66.626
98,66.519
99,65.029
100,64.232
101,64.812
102,65.745
103,65.970
104,65.320
105,65.478
106,65.616
107,65.379
108,65.093
109,65.996
110,64.723
111,65.328
112,65.756
113,66.515
114,66.221
115,66.333
116,67.271
117,66.594
118,67.117
119,67.123
120,67.604
121,68.232
122,67.173
123,67.005
124,66.646
125,67.945
126,67.700
127,66.732
128,66.180
129,65.928
130,67.170
131,66.219
132,66.034
133,64.736
134,63.855
135,63.799
136,61.092
137,62.349
138,61.343
139,60.078
140,59.740
141,59.776
142,56.264
143,56.268
144,54.367
145,54.322
146,52.553
147,51.642
148,49.801
149,48.955
150,48.007
151,46.998
152,46.077
153,44.909
154,43.445
155,43.215
156,42.326
157,40.581
158,39.771
159,38.910
160,37.917
161,37.569
162,36.809
163,36.579
164,35.460
165,34.115
166,34.236
167,33.766
168,33.337
169,32.250
170,32.087
171,32.233
172,31.206
173,31.100
