10,9.937773988922292e-06
11,1.418193946012154e-05
12,2.017364771991711e-05
13,2.860457716433461e-05
14,4.0428620812441005e-05
15,5.695667308557357e-05
16,7.998390347871993e-05
17,0.00011195999515415171
18,0.00015621597389762405
19,0.0002172652673916592
20,0.00030120173008904057
21,0.000416223803785498
22,0.0005733220691205178
23,0.0007871775493388962
24,0.0010773306931956671
25,0.0014696965031761814
26,0.0019985203859946826
27,0.0027088926726457287
28,0.003659968168637372
29,0.004929071433363751
30,0.006616909730743302
31,0.008854164814014456
32,0.011809793060570294
33,0.01570143217582925
34,0.02080839299162827
35,0.027487808043926563
36,0.03619461582000471
37,0.04750618188648731
38,0.06215249640799729
39,0.08105304239268783
40,0.10536160047244186
41,0.13652044368337757
42,0.17632557835960533
43,0.2270049027751308
44,0.29131138033765647
45,0.3726335544080986
46,0.475125961118742
47,0.6038622170891695
48,0.7650137609742215
49,0.9660573995312284
50,1.2160149363903818
51,1.5257282287489522
52,1.90817300539211
53,2.3788146683276397
54,2.9560090676874253
55,3.6614508618133357
56,4.520671527249663
57,5.563588342337183
58,6.825104709819005
59,8.34576098699494
60,10.172433538606148
61,12.359078004848822
62,14.967510778362453
63,18.0682204117254
64,21.74119814307987
65,26.07677395606903
66,31.17644161891869
67,37.15365302882086
68,44.13455899040566
69,52.25867036633191
70,61.67941045592608
71,72.56452660247858
72,85.09632653405103
73,99.47170295155826
74,115.90190854560443
75,134.61204310900217
76,155.84021487355872
77,179.83633978948606
78,206.86054532210977
79,237.18114958085997
80,271.072192308401
81,308.8105014949698
82,350.67228815181033
83,396.929272033788
84,447.84435274312693
85,503.666853510123
86,564.6273788045177
87,630.9323414901445
88,702.7582301401876
89,780.2457019685042
90,863.4936011424638
91,952.5530155254081
92,1047.4214966291884
93,1148.037577209353
94,1254.275727989409
95,1365.9418989705173
96,1482.769791237107
97,1604.4180017504184
98,1730.46817606971
99,1860.4242921078478
100,1993.7131818971768
101,2129.6863780377967
102,2267.6233472976337
103,2406.736146157077
104,2546.1755025126076
105,2685.0382949829936
106,2822.3763671282713
107,2957.206579324366
108,3088.521967034621
109,3215.303841822438
110,3336.534641699347
111,3451.211311308996
112,3558.358970946987
113,3657.0446173377236
114,3746.3905891177565
115,3825.5875266226085
116,3893.906559154874
117,3950.710463524015
118,3995.4635551659844
119,4027.74009721987
120,4047.2310429863624
121,4053.7489624427567
122,4052.76111298413
123,4049.7990087352096
124,4044.866978558859
125,4037.9722255117804
126,4029.1248093143527
127,4018.3376218920757
128,4005.626356071875
129,3991.00946753965
130,3974.5081301881687
131,3956.146185006516
132,3935.9500826837902
133,3913.948820120454
134,3890.1738710606314
135,3864.659111077612
136,3837.4407371627663
137,3808.557182184985
138,3778.0490245035003
139,3745.9588930314826
140,3712.331368061116
141,3677.2128781728175
142,3640.6515935619245
143,3602.6973161254055
144,3563.4013666590054
145,3522.81646952163
146,3480.996635128754
147,3437.9970406401117
148,3393.8739092090186
149,3348.6843881612444
150,3302.4864264705543
151,3255.33865189578
152,3207.300248140674
153,3158.430832392815
154,3108.790333591561
155,3058.43887176749
156,3007.4366387870095
157,2955.8437808259087
158,2903.7202828846002
159,2851.125855645763
160,2798.119824962083
161,2744.761024247919
162,2691.1076900339767
163,2637.2173609286765
164,2583.1467802137645
165,2528.9518022850907
166,2474.6873031322916
167,2420.407095033574
168,2366.1638456239257
169,2312.0090014769376
170,2257.992716322194
171,2204.163784001825
172,2150.569576251506
173,2097.255985372953
174,2044.2673718469007
175,1991.6465169177254
176,1939.4345801633658
177,1887.67106204707
178,1836.3937714308133
179,1785.6387980140498
180,1735.4404896458682
181,1685.8314344435992
182,1636.8424476366213
183,1588.502563040464
184,1540.8390290534478
185,1493.8773090560012
186,1447.6410860815154
187,1402.152271617149
188,1357.431018383413
189,1313.4957369326387
190,1270.3631158986145
191,1228.0481457227145
192,1186.5641456758096
193,1145.9227939900672
194,1106.1341609104797
195,1067.2067444725412
196,1029.1475088099469
197,991.9619247944579
198,955.6540128091958
199,920.2263874565093
200,885.6803040022235
201,852.0157063594664
202,819.2312764173726
203,787.3244845227173
204,756.2916409259296
205,726.1279480069178
206,696.8275531006745
207,668.3836017476749
208,640.7882911996026
209,614.0329240168766
210,588.1079616007821
211,563.0030775096803
212,538.7072104157387
213,515.2086165658503
214,492.4949216178509
215,470.55317173075866
216,449.369883795508
217,428.93109470049376
218,409.2224095341401
219,390.22904863463674
220,371.93589340487773
221,354.32753081851405
222,337.3882965507985
223,321.10231667558014
224,305.45354787733885
225,290.4258161345216
226,276.00285383763463
227,262.1683353125186
228,248.90591072598838
229,236.19923835752712
230,224.03201522696625
231,212.3880060740543
232,201.25107069150317
233,190.60518961848712
234,180.4344882066546
235,170.72325907548523
236,161.45598297828738
237,152.61734810427347
238,144.19226784597515
239,136.16589706477137
240,128.52364689049665
241,121.25119809397879
242,114.33451307393418
243,107.75984650192453
244,101.51375467106266
245,95.58310359585398
246,89.95507591198124
247,84.61717662599752
248,79.5572377657908
249,74.76342198333947
250,70.22422516169871
251,65.92847807835928
252,61.86534717710881
253,58.02433450032497
254,54.39527683323549
