498.797031840259,1.8245696985964726e-48
498.89703184025905,4.646667992797254e-48
498.99703184025907,1.1786161404251777e-47
499.0970318402591,2.9775062495266707e-47
499.1970318402591,7.491737217191361e-47
499.29703184025914,1.8774221854343578e-46
499.39703184025916,4.685877295879509e-46
499.4970318402592,1.1648484729728202e-45
499.5970318402592,2.88401499219721e-45
499.6970318402592,7.11172818026381e-45
499.79703184025925,1.7466357320188065e-44
499.8970318402593,4.272470654281141e-44
499.9970318402593,1.040891333503495e-43
500.0970318402593,2.5256970272410375e-43
500.19703184025934,6.103889597645381e-43
500.29703184025936,1.4692024466673742e-42
500.3970318402594,3.5221364130335144e-42
500.4970318402594,8.409695245705978e-42
500.59703184025943,1.9998798280858385e-41
500.69703184025946,4.736713291688109e-41
500.7970318402595,1.1173773217278697e-40
500.8970318402595,2.6252590453810994e-40
500.9970318402595,6.143191174574351e-40
501.09703184025955,1.4317442713499485e-39
501.19703184025957,3.323429219388388e-39
501.2970318402596,7.683462391694745e-39
501.3970318402596,1.769200535692021e-38
501.49703184025964,4.0573895920261215e-38
501.59703184025966,9.26757086863419e-38
501.6970318402597,2.108311011102387e-37
501.7970318402597,4.7769752863906904e-37
501.89703184025973,1.0780052310554259e-36
501.99703184025975,2.4229156682448475e-36
502.0970318402598,5.423820207348409e-36
502.1970318402598,1.2092659587190936e-35
502.2970318402598,2.6852697933742994e-35
502.39703184025984,5.938866758745628e-35
502.49703184025987,1.3081838803306157e-34
502.5970318402599,2.870010999930989e-34
502.6970318402599,6.271160059285078e-34
502.79703184025993,1.3647772231827245e-33
502.89703184025996,2.958184129050528e-33
502.99703184026,6.386136480585255e-33
503.09703184026,1.3730955041003734e-32
503.19703184026,2.9404435803833354e-32
503.29703184026005,6.271544566512556e-32
503.39703184026007,1.3322500065155443e-31
503.4970318402601,2.818684748565453e-31
503.5970318402601,5.939595047348086e-31
503.69703184026014,1.246570151155544e-30
503.79703184026016,2.605710524176728e-30
503.8970318402602,5.424817929901736e-30
503.9970318402602,1.1248476952831575e-29
504.09703184026023,2.3230140428447822e-29
504.19703184026025,4.77814696782889e-29
504.2970318402603,9.788513152827778e-29
504.3970318402603,1.9972089793256645e-28
504.4970318402603,4.058633609823347e-28
504.59703184026034,8.214587146401011e-28
504.69703184026037,1.6559270152603075e-27
504.7970318402604,3.324652034724919e-27
504.8970318402604,6.648149246814147e-27
504.99703184026043,1.3240515057384842e-26
505.09703184026046,2.626386000734304e-26
505.1970318402605,5.188738530926505e-26
505.2970318402605,1.0209737456132934e-25
505.3970318402605,2.0008609968388103e-25
505.49703184026055,3.9054296491824517e-25
505.59703184026057,7.592246076268409e-25
505.6970318402606,1.4700133839905945e-24
505.7970318402606,2.8347963065831915e-24
505.89703184026064,5.444675284421744e-24
505.99703184026066,1.0415297172841308e-23
506.0970318402607,1.9843620107251494e-23
506.1970318402607,3.7654743946706977e-23
506.29703184026073,7.116526151068842e-23
506.39703184026075,1.3395716776694434e-22
506.4970318402608,2.5113857184220626e-22
506.5970318402608,4.689326153297069e-22
506.6970318402608,8.720813842834733e-22
506.79703184026084,1.6152998336611448e-21
506.89703184026087,2.9798804229081464e-21
506.9970318402609,5.475125543747941e-21
507.0970318402609,1.0019334666070032e-20
507.19703184026093,1.826136515350196e-20
507.29703184026096,3.3149513149652215e-20
507.397031840261,5.993363582917553e-20
507.497031840261,1.0792291100945273e-19
507.597031840261,1.935558196427802e-19
507.69703184026105,3.4573900101030596e-19
507.79703184026107,6.150919852157098e-19
507.8970318402611,1.0898866167843018e-18
507.9970318402611,1.923411142467506e-18
508.09703184026114,3.3807456026549285e-18
508.19703184026116,5.918374085016263e-18
508.2970318402612,1.0319101615443396e-17
508.3970318402612,1.79197077361011e-17
508.49703184026123,3.099342071667943e-17
508.59703184026125,5.338972172641389e-17
508.6970318402613,9.159997586718566e-17
508.7970318402613,1.5652460537392575e-16
508.8970318402613,2.6639092882205293e-16
508.99703184026134,4.515499546208033e-16
509.09703184026137,7.623277518160258e-16
509.1970318402614,1.2818205019930905e-15
509.2970318402614,2.146655005040934e-15
509.39703184026143,3.5805261460022104e-15
509.49703184026146,5.948137533430572e-15
509.5970318402615,9.841577355586434e-15
509.6970318402615,1.6218025366572734e-14
509.7970318402615,2.661832949077818e-14
509.89703184026155,4.351241362034007e-14
509.99703184026157,7.084270049767384e-14
510.0970318402616,1.148752840088348e-13
510.1970318402616,1.8552722321455716e-13
510.29703184026164,2.984270921892787e-13
510.39703184026166,4.780996285602083e-13
510.4970318402617,7.628657580371552e-13
510.5970318402617,1.2123482592665328e-12
510.69703184026173,1.9189171359903377e-12
510.79703184026175,3.0250642651985706e-12
510.8970318402618,4.749660258961224e-12
510.9970318402618,7.427455228914943e-12
511.0970318402618,1.1568234822686484e-11
511.19703184026184,1.794501001905148e-11
511.29703184026187,2.7724892495998403e-11
511.3970318402619,4.266243040495187e-11
511.4970318402619,6.538390744035168e-11
511.59703184026193,9.980348481032164e-11
511.69703184026196,1.5172952441788938e-10
511.797031840262,2.2974392889270192e-10
511.897031840262,3.4647152467337234e-10
511.997031840262,5.204039771696683e-10
512.097031840262,7.785082568437357e-10
512.1970318402621,1.1599396535105336e-09
512.2970318402621,1.721302200953015e-09
512.3970318402621,2.544066205711707e-09
512.4970318402621,3.74497782328166e-09
512.5970318402622,5.490598003548004e-09
512.6970318402622,8.017511686971448e-09
512.7970318402622,1.1660283556917037e-08
512.8970318402622,1.6889942779129127e-08
512.9970318402623,2.4366704748167487e-08
513.0970318402623,3.5011843618223966e-08
513.1970318402623,5.010519023176792e-08
513.2970318402623,7.14167375550789e-08
513.3970318402623,1.0138340075158641e-07
513.4970318402624,1.433452343861792e-07
513.5970318402624,2.018595122821107e-07
513.6970318402624,2.831162103474773e-07
513.7970318402624,3.9548481181678564e-07
513.8970318402625,5.502302196160658e-07
513.9970318402625,7.624451824055911e-07
514.0970318402625,1.0522583159078043e-06
514.1970318402625,1.4463908472210309e-06
514.2970318402625,1.9801519578193835e-06
514.3970318402626,2.6999823826077654e-06
514.4970318402626,3.6666790534758526e-06
514.5970318402626,4.959460333482999e-06
514.6970318402626,6.6810619819414275e-06
514.7970318402627,8.964088527916932e-06
514.8970318402627,1.1978883170410344e-05
514.9970318402627,1.5943221431286545e-05
515.0970318402627,2.113417907116221e-05
515.1970318402628,2.7902572430524614e-05
515.2970318402628,3.669041818460461e-05
515.3970318402628,4.805190785283155e-05
515.4970318402628,6.267843811252331e-05
515.5970318402628,8.142827828076308e-05
515.6970318402629,0.0001053614878682444
515.7970318402629,0.0001357807158376023
515.8970318402629,0.00017427851442286364
515.9970318402629,0.0002227917787715295
516.097031840263,0.00028366387340149406
516.197031840263,0.00035971492126069926
516.297031840263,0.00045432060456740794
516.397031840263,0.0005714996521763282
516.497031840263,0.0007160099599327402
516.5970318402631,0.0008934530031115402
516.6970318402631,0.0011103858496295538
516.7970318402631,0.0013744396671096322
516.8970318402631,0.0016944431362832704
516.9970318402632,0.002080548640835768
517.0970318402632,0.002544358506369997
517.1970318402632,0.0030990479195292246
517.2970318402632,0.0037594804878526952
517.3970318402633,0.0045423117218665356
517.4970318402633,0.0054660750584370026
517.5970318402633,0.006551244428595751
517.6970318402633,0.00782026683841521
517.7970318402633,0.00929755801634246
517.8970318402634,0.011009453925647743
517.9970318402634,0.012984110888510732
518.0970318402634,0.015251347260418715
518.1970318402634,0.0178424200689958
518.2970318402635,0.020789730824101946
518.3970318402635,0.02412645584241711
518.4970318402635,0.02788609792590799
518.5970318402635,0.032101958092899764
518.6970318402635,0.03680652827111553
518.7970318402636,0.04203080839503589
518.8970318402636,0.04780355415776764
518.9970318402636,0.054150464683581076
519.0970318402636,0.061093322525673364
519.1970318402637,0.06864910155107128
519.2970318402637,0.0768290613319856
519.3970318402637,0.08563784948944939
519.4970318402637,0.09507263589231155
519.5970318402638,0.10512230456223566
519.6970318402638,0.11576673043722319
519.7970318402638,0.12697616867748523
519.8970318402638,0.13871078385167981
519.9970318402638,0.15092034503736604
520.0970318402639,0.16354411055753607
520.1970318402639,0.17651092274315883
520.2970318402639,0.18973952878927874
520.3970318402639,0.20313913853298696
520.497031840264,0.21661022394389265
520.597031840264,0.23004555844307126
520.697031840264,0.2433314870556095
520.797031840264,0.2563494110886528
520.897031840264,0.2689774637699766
520.9970318402641,0.28109234635500246
521.0970318402641,0.29257128788961606
521.1970318402641,0.30329408636983735
521.2970318402641,0.31314518471340763
521.3970318402642,0.32201573196492705
521.4970318402642,0.32980557866252264
521.5970318402642,0.33642515541294665
521.6970318402642,0.34179718550470856
521.7970318402643,0.3458581858205238
521.8970318402643,0.3485597153088867
521.9970318402643,0.3498693366923547
522.0970318402643,0.3497712647192634
522.1970318402643,0.348266682846003
522.2970318402644,0.34537371946721074
522.3970318402644,0.34112708436137074
522.4970318402644,0.3355773755453769
522.5970318402644,0.32879007589070186
522.6970318402645,0.3208442673191252
522.7970318402645,0.3118310978710859
522.8970318402645,0.30185204317121755
522.9970318402645,0.29101700860357027
523.0970318402645,0.2794423217147038
523.1970318402646,0.2672486659134416
523.2970318402646,0.2545590064261429
523.3970318402646,0.24149655775597628
523.4970318402646,0.22818283870472836
523.5970318402647,0.21473585652024374
523.6970318402647,0.20126845614930422
523.7970318402647,0.18788686415444686
523.8970318402647,0.17468944986361626
523.9970318402648,0.16176571904067308
524.0970318402648,0.14919554806469124
524.1970318402648,0.13704865954247195
524.2970318402648,0.12538433368147936
524.3970318402648,0.11425134381506509
524.4970318402649,0.10368809935409193
524.5970318402649,0.09372297525107111
524.6970318402649,0.08437480387210212
524.7970318402649,0.07565350300174331
524.897031840265,0.06756081253884108
524.997031840265,0.06009111222306953
525.097031840265,0.053232293377303716
525.197031840265,0.04696665905045059
525.297031840265,0.041271828972156144
525.3970318402651,0.03612162824784292
525.4970318402651,0.031486941589341406
525.5970318402651,0.027336517955292818
525.6970318402651,0.02363771363702016
525.7970318402652,0.020357164952742555
525.8970318402652,0.017461384704733046
525.9970318402652,0.014917279327177341
526.0970318402652,0.012692586143050886
526.1970318402653,0.010756232311426058
526.2970318402653,0.009078618855769197
526.3970318402653,0.007631834609398587
526.4970318402653,0.006389806001616375
526.5970318402653,0.005328389354829982
526.6970318402654,0.0044254127968381424
526.7970318402654,0.0036606750482043207
526.8970318402654,0.003015908261792411
526.9970318402654,0.002474711811955173
527.0970318402655,0.0020224634966725676
527.1970318402655,0.0016462140677951844
527.2970318402655,0.001334570380267788
527.3970318402655,0.0010775717847314595
527.4970318402655,0.0008665637086327033
527.5970318402656,0.0006940717034132688
527.6970318402656,0.0005536785990551558
527.7970318402656,0.00043990681693408684
527.8970318402656,0.0003481073578307664
527.9970318402657,0.000274356510280068
528.0970318402657,0.00021536091794591082
528.1970318402657,0.0001683713032472966
528.2970318402657,0.00013110486558628618
528.3970318402658,0.00010167615207297728
528.4970318402658,7.853603123640612e-05
528.5970318402658,6.0418279749011875e-05
528.6970318402658,4.629321223306022e-05
528.7970318402658,3.53277383044973e-05
528.8970318402659,2.6851212928501156e-05
528.9970318402659,2.03264501249673e-05
529.0970318402659,1.532529083940062e-05
529.1970318402659,1.1508148781785585e-05
529.297031840266,8.60699928844883e-06
529.397031840266,6.411322489431065e-06
529.497031840266,4.756560599500464e-06
529.597031840266,3.5146979014776214e-06
529.697031840266,2.5866193751857865e-06
529.7970318402661,1.8959488080992633e-06
529.8970318402661,1.3841088443890493e-06
529.9970318402661,1.0063833358885473e-06
530.0970318402661,7.287963457630317e-07
530.1970318402662,5.25652206948556e-07
530.2970318402662,3.7760727616422484e-07
530.3970318402662,2.7016667168237126e-07
530.4970318402662,1.9251862320677084e-07
530.5970318402663,1.3663541433863647e-07
530.6970318402663,9.658359473735368e-08
530.7970318402663,6.799750988959969e-08
530.8970318402663,4.7679556676976166e-08
530.9970318402663,3.32982158958777e-08
531.0970318402664,2.316110509621035e-08
531.1970318402664,1.604527430115706e-08
531.2970318402664,1.107094188366117e-08
531.3970318402664,7.608018365037317e-09
531.4970318402665,5.207245938156159e-09
531.5970318402665,3.549720705326915e-09
531.6970318402665,2.4100709835227525e-09
531.7970318402665,1.6297276748412928e-09
531.8970318402665,1.097614418215359e-09
