498.797031840259,0.020660893110879975
498.89703184025905,0.021915560328765512
498.99703184025907,0.02323648897746538
499.0970318402591,0.024626510318128108
499.1970318402591,0.026088534428706102
499.29703184025914,0.027625549798944604
499.39703184025916,0.029240622728849384
499.4970318402592,0.030936896520555722
499.5970318402592,0.0327175904535605
499.6970318402592,0.03458599853335694
499.79703184025925,0.036545488003628425
499.8970318402593,0.0385994976123159
499.9970318402593,0.04075153562207573
500.0970318402593,0.04300517755588981
500.19703184025934,0.04536406366888357
500.29703184025936,0.04783189613774793
500.3970318402594,0.05041243595955019
500.4970318402594,0.05310949955215978
500.59703184025943,0.05592695504900635
500.69703184025946,0.05886871828143037
500.7970318402595,0.061938748442484995
500.8970318402595,0.06514104342669635
500.9970318402595,0.0684796348409947
501.09703184025955,0.07195858268278567
501.19703184025957,0.0755819696819436
501.2970318402596,0.07935389530437145
501.3970318402596,0.08327846941569125
501.49703184025964,0.08735980560459616
501.59703184025966,0.09160201416641524
501.6970318402597,0.09600919474850954
501.7970318402597,0.10058542866023419
501.89703184025973,0.10533477085136046
501.99703184025975,0.11026124156405566
502.0970318402598,0.11536881766476127
502.1970318402598,0.12066142366359008
502.2970318402598,0.12614292243017666
502.39703184025984,0.13181710561626056
502.49703184025987,0.13768768379665014
502.5970318402599,0.14375827634160984
502.6970318402599,0.15003240103512241
502.79703184025993,0.15651346345490086
502.89703184025996,0.1632047461314572
502.99703184026,0.17010939750496756
503.09703184026,0.1772304207001048
503.19703184026,0.1845706621404325
503.29703184026005,0.19213280002536054
503.39703184026007,0.19991933269405307
503.4970318402601,0.20793256690203424
503.5970318402601,0.21617460603757005
503.69703184026014,0.22464733830618688
503.79703184026016,0.2333524249129287
503.8970318402602,0.24229128827314256
503.9970318402602,0.2514651002837054
504.09703184026023,0.26087477068766923
504.19703184026025,0.2705209355662813
504.2970318402603,0.28040394599324564
504.3970318402603,0.2905238568869093
504.4970318402603,0.300880416096778
504.59703184026034,0.31147305376139633
504.69703184026037,0.32230087197513857
504.7970318402604,0.33336263480187084
504.8970318402604,0.34465675867372686
504.99703184026043,0.3561813032134141
505.09703184026046,0.367933962518497
505.1970318402605,0.3799120569460175
505.2970318402605,0.3921125254355814
505.3970318402605,0.4045319184086652
505.49703184026055,0.41716639128139016
505.59703184026057,0.43001169862734867
505.6970318402606,0.44306318902625874
505.7970318402606,0.45631580063326777
505.89703184026064,0.46976405750261985
505.99703184026066,0.48340206669813646
506.0970318402607,0.4972235162215581
506.1970318402607,0.511221673788229
506.29703184026073,0.5253893864779035
506.39703184026075,0.5397190812865964
506.4970318402608,0.5542027666034046
506.5970318402608,0.5688320346340946
506.6970318402608,0.5835980647909742
506.79703184026084,0.5984916280661754
506.89703184026087,0.613503092402945
506.9970318402609,0.6286224290769058
507.0970318402609,0.643839220096496
507.19703184026093,0.6591426666289459
507.29703184026096,0.6745215984552037
507.397031840261,0.6899644844541925
507.497031840261,0.705459444113678
507.597031840261,0.7209942600618537
507.69703184026105,0.736556391610532
507.79703184026107,0.7521329892975613
507.8970318402611,0.7677109104127975
507.9970318402611,0.7832767354886415
508.09703184026114,0.7988167857328359
508.19703184026116,0.8143171413779025
508.2970318402612,0.8297636609183064
508.3970318402612,0.8451420012031765
508.49703184026123,0.8604376383491932
508.59703184026125,0.8756358894351061
508.6970318402613,0.8907219349362596
508.7970318402613,0.9056808418545116
508.8970318402613,0.9204975874960337
508.99703184026134,0.9351570838467034
509.09703184026137,0.9496442024921371
509.1970318402614,0.9639438000268958
509.2970318402614,0.9780407438950274
509.39703184026143,0.9919199386018992
509.49703184026146,1.0055663522352414
509.5970318402615,1.0189650432314667
509.6970318402615,1.0321011873216777
509.7970318402615,1.0449601045903067
509.89703184026155,1.0575272865781002
509.99703184026157,1.0697884233601158
510.0970318402616,1.0817294305286078
510.1970318402616,1.0933364760101023
510.29703184026164,1.1045960066456229
510.39703184026166,1.1154947744629358
510.4970318402617,1.1260198625698303
510.5970318402617,1.136158710597842
510.69703184026173,1.1458991396264626
510.79703184026175,1.1552293765187742
510.8970318402618,1.1641380776005656
510.9970318402618,1.1726143516163703
511.0970318402618,1.1806477818974772
511.19703184026184,1.188228447678818
511.29703184026187,1.1953469445037106
511.3970318402619,1.2019944036577477
511.4970318402619,1.2081625105756428
511.59703184026193,1.2138435221675719
511.69703184026196,1.2190302830144844
511.797031840262,1.2237162403849742
511.897031840262,1.227895458029602
511.997031840262,1.2315626287120225
512.097031840262,1.2347130854398898
512.1970318402621,1.237342811362276
512.2970318402621,1.23944844830422
512.3970318402621,1.2410273039130262
512.4970318402621,1.2420773573950208
512.5970318402622,1.2425972638256628
512.6970318402622,1.2425667026897844
512.7970318402622,1.2418770305268154
512.8970318402622,1.2405126980864918
512.9970318402623,1.238475929774072
513.0970318402623,1.2357700432960363
513.1970318402623,1.2323994406546686
513.2970318402623,1.2283695962147791
513.3970318402623,1.2236870418878527
513.4970318402624,1.2183593494897482
513.5970318402624,1.2123951103386463
513.6970318402624,1.20580391217019
513.7970318402624,1.198596313456642
513.8970318402625,1.190783815226329
513.9970318402625,1.1823788304886427
514.0970318402625,1.173394651378346
514.1970318402625,1.163845414140881
514.2970318402625,1.1537460620877298
514.3970318402626,1.1431123066576385
514.4970318402626,1.1319605867256224
514.5970318402626,1.1203080263071146
514.6970318402626,1.1081723908093895
514.7970318402627,1.095572041986446
514.8970318402627,1.082525891756881
514.9970318402627,1.069053355046904
515.0970318402627,1.0551743018225328
515.1970318402628,1.0409090084761692
515.2970318402628,1.0262781087331847
515.3970318402628,1.011302544243854
515.4970318402628,0.9960035150249782
515.5970318402628,0.9804024299138371
515.6970318402629,0.9645208571947381
515.7970318402629,0.9483804755553951
515.8970318402629,0.9320030255267039
515.9970318402629,0.9154102615552145
516.097031840263,0.8986239048527495
516.197031840263,0.8816655971622335
516.297031840263,0.8645568555729053
516.397031840263,0.8473190285117198
516.497031840263,0.8299732530309534
516.5970318402631,0.8125404135048478
516.6970318402631,0.795041101840598
516.7970318402631,0.7774955793011533
516.8970318402631,0.7599237400292229
516.9970318402632,0.742345076353554
517.0970318402632,0.724778645950091
517.1970318402632,0.7072430409220151
517.2970318402632,0.6897563588539815
517.3970318402633,0.6723361758871607
517.4970318402633,0.6549995218529652
517.5970318402633,0.6377628574946925
517.6970318402633,0.6206420537977266
517.7970318402633,0.6036523734405
517.8970318402634,0.5868084543701335
517.9970318402634,0.5701242954985867
518.0970318402634,0.5536132445073098
518.1970318402634,0.537287987740802
518.2970318402635,0.5211605421622006
518.3970318402635,0.5052422493370584
518.4970318402635,0.48954377140485317
518.5970318402635,0.4740750889915243
518.6970318402635,0.4588455010104704
518.7970318402636,0.44386362629398635
518.8970318402636,0.4291374069920792
518.9970318402636,0.4146741136709924
519.0970318402636,0.40048035203959687
519.1970318402637,0.38656207122807773
519.2970318402637,0.3729245735400654
519.3970318402637,0.35957252559652325
519.4970318402637,0.3465099707873194
519.5970318402638,0.3337403429444603
519.6970318402638,0.3212664811494596
519.7970318402638,0.30909064558622756
519.8970318402638,0.29721453435020767
519.9970318402638,0.2856393011242249
520.0970318402639,0.2743655736316441
520.1970318402639,0.2633934727779468
520.2970318402639,0.2527226323927025
520.3970318402639,0.2423522194851223
520.497031840264,0.2322809549279136
520.597031840264,0.22250713448599016
520.697031840264,0.21302865010870956
520.797031840264,0.20384301140668054
520.897031840264,0.19494736723680256
520.9970318402641,0.18633852732202122
521.0970318402641,0.17801298383530975
521.1970318402641,0.16996693288057135
521.2970318402641,0.16219629580649844
521.3970318402642,0.15469674029288544
521.4970318402642,0.14746370115245577
521.5970318402642,0.1404924007949092
521.6970318402642,0.1337778693036023
521.7970318402643,0.12731496407901702
521.8970318402643,0.12109838900693891
521.9970318402643,0.11512271311303023
522.0970318402643,0.1093823886692307
522.1970318402643,0.10387176872113317
522.2970318402644,0.09858512400914378
522.3970318402644,0.09351665925983305
522.4970318402644,0.08866052882740508
522.5970318402644,0.0840108516686348
522.6970318402645,0.07956172563794892
522.7970318402645,0.07530724109253235
522.8970318402645,0.07124149380042707
522.9970318402645,0.0673585971475424
523.0970318402645,0.06365269364231035
523.1970318402646,0.06011796571938629
523.2970318402646,0.056748645846315705
523.3970318402646,0.05353902593945076
523.4970318402646,0.05048346609760969
523.5970318402647,0.04757640266402115
523.6970318402647,0.04481235562898599
523.7970318402647,0.04218593538741946
523.8970318402647,0.03969184886700988
523.9970318402648,0.03732490504414435
524.0970318402648,0.035080019866012925
524.1970318402648,0.032952220598412664
524.2970318402648,0.030936649619732883
524.3970318402648,0.029028567682421715
524.4970318402649,0.027223356663911995
524.5970318402649,0.02551652182952939
524.6970318402649,0.023903693630322593
524.7970318402649,0.022380629059048984
524.897031840265,0.02094321258772825
524.997031840265,0.01958745671024341
525.097031840265,0.01830950211343527
525.197031840265,0.017105617500003955
525.297031840265,0.015972199086310892
525.3970318402651,0.0149057697978703
525.4970318402651,0.013902978184939956
525.5970318402651,0.012960597080171209
525.6970318402651,0.012075522019767547
525.7970318402652,0.011244769449032301
525.8970318402652,0.010465474732569913
525.9970318402652,0.009734889988744028
526.0970318402652,0.009050381767298448
526.1970318402653,0.008409428588317726
526.2970318402653,0.007809618359949401
526.3970318402653,0.007248645691534697
526.4970318402653,0.006724309118003954
526.5970318402653,0.0062345082505919315
526.6970318402654,0.005777240868121112
526.7970318402654,0.005350599962292286
526.8970318402654,0.0049527707496150805
526.9970318402654,0.00458202766181029
527.0970318402655,0.004236731325724169
527.1970318402655,0.003915325543015519
527.2970318402655,0.0036163342791118306
527.3970318402655,0.0033383586701839865
527.4970318402655,0.003080074056161539
527.5970318402656,0.002840227047104989
527.6970318402656,0.0026176326295691624
527.7970318402656,0.0024111713189339475
527.8970318402656,0.002219786363046982
527.9970318402657,0.0020424810019178813
528.0970318402657,0.0018783157876263016
528.1970318402657,0.0017264059680569058
528.2970318402657,0.0015859189375536007
528.3970318402658,0.0014560717570934651
528.4970318402658,0.0013361287461172992
528.5970318402658,0.0012253991477191098
528.6970318402658,0.0011232348684901854
528.7970318402658,0.0010290282939348404
528.8970318402659,0.000942210180023596
528.9970318402659,0.000862247621125026
529.0970318402659,0.0007886420942589734
529.1970318402659,0.0007209275793406524
529.297031840266,0.0006586687548362896
529.397031840266,0.000601459268025692
529.497031840266,0.0005489200788643886
529.597031840266,0.0005006978762568799
529.697031840266,0.00045646356539196203
529.7970318402661,0.0004159108246500871
529.8970318402661,0.00037875473047023505
529.9970318402661,0.0003447304484587184
530.0970318402661,0.00031359198893370766
530.1970318402662,0.00028511102502603116
530.2970318402662,0.000259075771397852
530.3970318402662,0.00023528992159528713
530.4970318402662,0.00021357164201776547
530.5970318402663,0.00019375262046510857
530.6970318402663,0.00017567716721189933
530.7970318402663,0.00015920136655687457
530.8970318402663,0.0001441922768018843
530.9970318402663,0.0001305271766296554
531.0970318402664,0.00011809285587129391
531.1970318402664,0.0001067849486824742
531.2970318402664,9.650730718082025e-05
531.3970318402664,8.717141363542884e-05
531.4970318402665,7.869582934217839e-05
531.5970318402665,7.100567836477714e-05
531.6970318402665,6.40321643709009e-05
531.7970318402665,5.7712118844708894e-05
531.8970318402665,5.1987579011016354e-05
