498.797031840259,1.305321298575098
498.89703184025905,1.3071070520351458
498.99703184025907,1.3089579912615779
499.0970318402591,1.3108769344179767
499.1970318402591,1.3128667784873143
499.29703184025914,1.314930498867473
499.39703184025916,1.3170711487702436
499.4970318402592,1.319291858413728
499.5970318402592,1.3215958339981047
499.6970318402592,1.3239863564547973
499.79703184025925,1.3264667799592056
499.8970318402593,1.3290405301973085
499.9970318402593,1.3317111023766588
500.0970318402593,1.3344820589725324
500.19703184025934,1.337357027200285
500.29703184025936,1.340339696205314
500.3970318402594,1.3434338139624098
500.4970318402594,1.3466431838767232
500.59703184025943,1.3499716610790653
500.69703184025946,1.3534231484088004
500.7970318402595,1.3570015920781922
500.8970318402595,1.3607109770127066
500.9970318402595,1.3645553218624888
501.09703184025955,1.3685386736809793
501.19703184025957,1.372665102267451
501.2970318402596,1.3769386941711175
501.3970318402596,1.3813635463553693
501.49703184025964,1.385943759521672
501.59703184025966,1.3906834310936784
501.6970318402597,1.3955866478631735
501.7970318402597,1.400657478300583
501.89703184025973,1.4058999645339445
501.99703184025975,1.411318114001435
502.0970318402598,1.4169158907837989
502.1970318402598,1.422697206624293
502.2970318402598,1.4286659116450862
502.39703184025984,1.434825784770392
502.49703184025987,1.441180523867982
502.5970318402599,1.4477337356221212
502.6970318402599,1.4544889251523805
502.79703184025993,1.4614494853941984
502.89703184025996,1.4686186862584976
502.99703184026,1.4759996635891002
503.09703184026,1.4835954079381093
503.19703184026,1.4914087531808515
503.29703184026005,1.4994423649933823
503.39703184026007,1.507698729216941
503.4970318402601,1.516180140135106
503.5970318402601,1.5248886886907242
503.69703184026014,1.5338262506709777
503.79703184026016,1.542994474890187
503.8970318402602,1.5523947714011448
503.9970318402602,1.56202829976689
504.09703184026023,1.5718959574258968
504.19703184026025,1.5819983681846423
504.2970318402603,1.5923358708724127
504.3970318402603,1.6029085081940342
504.4970318402603,1.6137160158169324
504.59703184026034,1.624757811729556
504.69703184026037,1.6360329859087113
504.7970318402604,1.6475402903337644
504.8970318402604,1.6592781293859609
504.99703184026043,1.6712445506712703
505.09703184026046,1.683437236305211
505.1970318402605,1.6958534946980084
505.2970318402605,1.7084902528782202
505.3970318402605,1.7213440493925807
505.49703184026055,1.7344110278193106
505.59703184026057,1.7476869309314795
505.6970318402606,1.7611670955461942
505.7970318402606,1.7748464480944366
505.89703184026064,1.7887195009452628
505.99703184026066,1.8027803495168153
506.0970318402607,1.8170226702051948
506.1970318402607,1.8314397191606746
506.29703184026073,1.8460243319390333
506.39703184026075,1.8607689240539333
506.4970318402608,1.8756654924542673
506.5970318402608,1.8907056179482697
506.6970318402608,1.905880468593911
506.79703184026084,1.921180804072703
506.89703184026087,1.9365969810615078
506.9970318402609,1.9521189596143191
507.0970318402609,1.9677363105632188
507.19703184026093,1.983438223944868
507.29703184026096,1.999213518455948
507.397031840261,2.01505065193793
507.497031840261,2.0309377328884533
507.597031840261,2.04686253299342
507.69703184026105,2.0628125006706943
507.79703184026107,2.0787747756130255
507.8970318402611,2.094736204314523
507.9970318402611,2.1106833565616965
508.09703184026114,2.126602542866757
508.19703184026116,2.1424798328175467
508.2970318402612,2.158301074315207
508.3970318402612,2.1740519136673884
508.49703184026123,2.1897178165016378
508.59703184026125,2.2052840894604007
508.6970318402613,2.220735902636042
508.7970318402613,2.2360583127012483
508.8970318402613,2.251236286687317
508.99703184026134,2.2662547263600286
509.09703184026137,2.2810984931401617
509.1970318402614,2.2957524335131794
509.2970318402614,2.310201404870247
509.39703184026143,2.3244303017205388
509.49703184026146,2.338424082212756
509.5970318402615,2.352167794901915
509.6970318402615,2.365646605695824
509.7970318402615,2.378845824914187
509.89703184026155,2.3917509343920536
509.99703184026157,2.404347614558276
510.0970318402616,2.416621771418855
510.1970318402616,2.4285595633744728
510.29703184026164,2.440147427801171
510.39703184026166,2.451372107323053
510.4970318402617,2.4622206757060194
510.5970318402617,2.472680563301939
510.69703184026173,2.482739581973318
510.79703184026175,2.4923859494293925
510.8970318402618,2.501608312905705
510.9970318402618,2.5103957721206207
511.0970318402618,2.5187379014438296
511.19703184026184,2.526624771213752
511.29703184026187,2.534046968142837
511.3970318402619,2.540995614752074
511.4970318402619,2.5474623877785385
511.59703184026193,2.553439535502574
511.69703184026196,2.5589198939441204
511.797031840262,2.5638969018808817
511.897031840262,2.5683646146443238
511.997031840262,2.5723177166530338
512.097031840262,2.5757515326466383
512.1970318402621,2.5786620375873346
512.2970318402621,2.581045865200101
512.3970318402621,2.5829003151268024
512.4970318402621,2.5842233586737526
512.5970318402622,2.5850136431367505
512.6970318402622,2.5852508403619163
512.7970318402622,2.584826299419251
512.8970318402622,2.5837244637972128
512.9970318402623,2.5819475509010275
513.0970318402623,2.579498871770636
513.1970318402623,2.576382822173138
513.2970318402623,2.5726048708014924
513.3970318402623,2.568171544635783
513.4970318402624,2.5630904115374973
513.5970318402624,2.55737006016191
513.6970318402624,2.5510200772890554
513.7970318402624,2.5440510226900424
513.8970318402625,2.5364744016627556
513.9970318402625,2.5283026353896245
514.0970318402625,2.519549029290288
514.1970318402625,2.510227739563984
514.2970318402625,2.500353738140582
514.3970318402626,2.489942776285738
514.4970318402626,2.479011347134862
514.5970318402626,2.4675766474628267
514.6970318402626,2.4556565390316685
514.7970318402627,2.4432695098971617
514.8970318402627,2.4304346360968987
514.9970318402627,2.4171715441872643
515.0970318402627,2.4035003751438504
515.1970318402628,2.3894417501886704
515.2970318402628,2.375016739156794
515.3970318402628,2.3602468320630825
515.4970318402628,2.3451539145744116
515.5970318402628,2.3297602481313895
515.6970318402629,2.314088455492737
515.7970318402629,2.2981615124912045
515.8970318402629,2.282002746787434
515.9970318402629,2.2656358443823437
516.097031840263,2.2490848645934673
516.197031840263,2.232374264110102
516.297031840263,2.2155289306096155
516.397031840263,2.1985742262364703
516.497031840263,2.1815360410104265
516.5970318402631,2.1644408559358714
516.6970318402631,2.147315815226259
516.7970318402631,2.1301888066342096
516.8970318402631,2.113088548389152
516.9970318402632,2.0960446806936748
517.0970318402632,2.0790878591238693
517.1970318402632,2.0622498466287142
517.2970318402632,2.045563600144386
517.3970318402633,2.0290633471515966
517.4970318402633,2.012784646832886
517.5970318402633,1.9967644298622893
517.6970318402633,1.9810410103166156
517.7970318402633,1.9656540627739365
517.8970318402634,1.9506445574018652
517.9970318402634,1.936054645777979
518.0970318402634,1.9219274903690524
518.1970318402634,1.9083070310636212
518.2970318402635,1.895237682937844
518.3970318402635,1.8827639605640334
518.4970318402635,1.8709300256607968
518.5970318402635,1.8597791567368058
518.6970318402635,1.849353141584988
518.7970318402636,1.8396915960114772
518.8970318402636,1.8308312149864445
518.9970318402636,1.8228049654153033
519.0970318402636,1.8156412328630034
519.1970318402637,1.8093629377177531
519.2970318402637,1.803986639334637
519.3970318402637,1.7995216495232664
519.4970318402637,1.7959691791984662
519.5970318402638,1.7933215439586245
519.6970318402638,1.7915614556566974
519.7970318402638,1.790661427559078
519.8970318402638,1.7905833203410741
519.9970318402638,1.79127805486331
520.0970318402639,1.7926855153615122
520.1970318402639,1.7947346633507193
520.2970318402639,1.7973438782234394
520.3970318402639,1.8004215352832555
520.497031840264,1.8038668259192285
520.597031840264,1.807570817953629
520.697031840264,1.8114177470867874
520.797031840264,1.8152865230520123
520.897031840264,1.819052426839261
520.9970318402641,1.822588968421965
521.0970318402641,1.8257698681038805
521.1970318402641,1.828471119159707
521.2970318402641,1.8305730851205726
521.3970318402642,1.8319625820655245
521.4970318402642,1.832534894790054
521.5970318402642,1.8321956758452695
521.6970318402642,1.8308626782277349
521.7970318402643,1.8284672759354024
521.8970318402643,1.8249557316073808
521.9970318402643,1.8202821033830519
522.0970318402643,1.8143202185366951
522.1970318402643,1.8070335481911777
522.2970318402644,1.7984348934584344
522.3970318402644,1.7885537888696625
522.4970318402644,1.7774358233426095
522.5970318402644,1.7651416497123504
522.6970318402645,1.751745710637284
522.7970318402645,1.737334716172196
522.8970318402645,1.7220059145365647
522.9970318402645,1.7058652023989012
523.0970318402645,1.6890251242080518
523.1970318402646,1.6716028116572723
523.2970318402646,1.6537179142609773
523.3970318402646,1.6354905703175242
523.4970318402646,1.6170394643450041
523.5970318402647,1.598480012584918
523.6970318402647,1.5799227125883988
523.7970318402647,1.5614716864811655
523.8970318402647,1.5432234405163472
523.9970318402648,1.5252658562457562
524.0970318402648,1.5076774213421356
524.1970318402648,1.4905267010431849
524.2970318402648,1.473872044592467
524.3970318402648,1.4577615151182277
524.4970318402649,1.4422330262744123
524.5970318402649,1.427314664780929
524.6970318402649,1.4130251748099116
524.7970318402649,1.3993745779948532
524.897031840265,1.3863649016724386
524.997031840265,1.3739909877484775
525.097031840265,1.3622413552243189
525.197031840265,1.3510990908190776
525.297031840265,1.3405427441490136
525.3970318402651,1.3305472064415136
525.4970318402651,1.3210845546268053
525.5970318402651,1.3121248457281918
525.6970318402651,1.3036368496316821
525.7970318402652,1.2955887114415363
525.8970318402652,1.2879485376182818
525.9970318402652,1.2806849028671445
526.0970318402652,1.27376727723351
526.1970318402653,1.2671663750231643
526.2970318402653,1.2608544289721706
526.3970318402653,1.2548053945347524
526.4970318402653,1.2489950902427414
526.5970318402653,1.2434012808347688
526.6970318402654,1.2380037102850192
526.7970318402654,1.2327840920148854
526.8970318402654,1.227726063485776
526.9970318402654,1.2228151120895139
527.0970318402655,1.218038478816349
527.1970318402655,1.2133850456302764
527.2970318402655,1.2088452118549033
527.3970318402655,1.204410764204513
527.4970318402655,1.200074744413628
527.5970318402656,1.1958313177488007
527.6970318402656,1.1916756450481032
527.7970318402656,1.1876037603415757
527.8970318402656,1.1836124555699743
527.9970318402657,1.1796991734457454
528.0970318402657,1.175861909092015
528.1970318402657,1.1720991207523352
528.2970318402657,1.1684096495835856
528.3970318402658,1.1647926483225755
528.4970318402658,1.1612475184481934
528.5970318402658,1.1577738553392878
528.6970318402658,1.1543714008474024
528.7970318402658,1.151040002656568
528.8970318402659,1.147779579783361
528.9970318402659,1.1445900935735964
529.0970318402659,1.1414715235720752
529.1970318402659,1.1384238476741777
529.297031840266,1.1354470260088159
529.397031840266,1.1325409880480477
529.497031840266,1.1297056224868407
529.597031840266,1.1269407694849676
529.697031840266,1.1242462149102086
529.7970318402661,1.121621686266834
529.8970318402661,1.1190668500349243
529.9970318402661,1.1165813101840516
530.0970318402661,1.1141646076589464
530.1970318402662,1.1118162206650168
530.2970318402662,1.1095355656080619
530.3970318402662,1.1073219985654827
530.4970318402662,1.1051748171859814
530.5970318402663,1.1030932629315007
530.6970318402663,1.1010765235893007
530.7970318402663,1.0991237359939303
530.8970318402663,1.0972339889087321
530.9970318402663,1.0954063260247269
531.0970318402664,1.0936397490414924
531.1970318402664,1.091933220800244
531.2970318402664,1.090285668443921
531.3970318402664,1.0886959865828822
531.4970318402665,1.0871630404479427
531.5970318402665,1.0856856690150893
531.6970318402665,1.0842626880883877
531.7970318402665,1.0828928933294182
531.8970318402665,1.0815750632231496
