157.437772708656,13.301890511892111
157.537772708656,13.394519393279271
157.637772708656,13.488103589955001
157.737772708656,13.5826560600351
157.837772708656,13.678189978048424
157.93777270865598,13.774718739200244
158.03777270865598,13.872255963731654
158.13777270865597,13.97081550137741
158.23777270865597,14.070411435924724
158.33777270865596,14.171058089875492
158.43777270865596,14.272770029214655
158.53777270865595,14.375562068287305
158.63777270865594,14.479449274787354
158.73777270865594,14.584446974860581
158.83777270865593,14.690570758324967
158.93777270865593,14.797836484011345
159.03777270865592,14.906260285227424
159.13777270865592,15.015858575348352
159.2377727086559,15.126648053537098
159.3377727086559,15.238645710597979
159.4377727086559,15.351868834966774
159.5377727086559,15.466335018840972
159.6377727086559,15.582062164453784
159.73777270865588,15.699068490495646
159.83777270865588,15.81737253868709
159.93777270865587,15.936993180506871
160.03777270865587,16.057949624079495
160.13777270865586,16.18026142122625
160.23777270865585,16.30394847468407
160.33777270865585,16.429031045496657
160.43777270865584,16.555529760582377
160.53777270865584,16.68346562048361
160.63777270865583,16.812860007302362
160.73777270865583,16.943734692827075
160.83777270865582,17.076111846855706
160.9377727086558,17.210014045720296
161.0377727086558,17.345464281018447
161.1377727086558,17.482485968557153
161.2377727086558,17.621102957514715
161.3377727086558,17.76133953982662
161.43777270865579,17.903220459801293
161.53777270865578,18.04677092397204
161.63777270865577,18.192016611191423
161.73777270865577,18.338983682974654
161.83777270865576,18.487698794098815
161.93777270865576,18.638189103464637
162.03777270865575,18.7904822852282
162.13777270865575,18.944606540209683
162.23777270865574,19.100590607586774
162.33777270865573,19.258463776880536
162.43777270865573,19.41825590024159
162.53777270865572,19.579997405044967
162.63777270865572,19.743719306801864
162.7377727086557,19.909453222397218
162.8377727086557,20.077231383661815
162.9377727086557,20.24708665128824
163.0377727086557,20.419052529100053
163.1377727086557,20.593163178683962
163.23777270865568,20.769453434394894
163.33777270865568,20.94795881874432
163.43777270865567,21.12871555818236
163.53777270865567,21.311760599284547
163.63777270865566,21.49713162535441
163.73777270865565,21.6848670734534
163.83777270865565,21.875006151869936
163.93777270865564,22.06758885803974
164.03777270865564,22.26265599692996
164.13777270865563,22.46024919989991
164.23777270865563,22.660410944051613
164.33777270865562,22.863184572083792
164.43777270865561,23.068614312663126
164.5377727086556,23.276745301327228
164.6377727086556,23.487623601934036
164.7377727086556,23.701296228672692
164.8377727086556,23.91781116865158
164.9377727086556,24.137217405079355
165.03777270865558,24.359564941055513
165.13777270865558,24.584904823987248
165.23777270865557,24.813289170649913
165.33777270865556,25.04477119290894
165.43777270865556,25.27940522412131
165.53777270865555,25.51724674623539
165.63777270865555,25.758352417608354
165.73777270865554,26.00278010156074
165.83777270865554,26.25058889568858
165.93777270865553,26.501839161953562
166.03777270865552,26.75659255757272
166.13777270865552,27.014912066729185
166.2377727086555,27.276862033126474
166.3377727086555,27.542508193409063
166.4377727086555,27.811917711472674
166.5377727086555,28.08515921368818
166.6377727086555,28.362302825063693
166.73777270865548,28.643420206369782
166.83777270865548,28.928584592253547
166.93777270865547,29.217870830367627
167.03777270865547,29.51135542154091
167.13777270865546,29.80911656101829
167.23777270865546,30.111234180797165
167.33777270865545,30.417789993089237
167.43777270865544,30.728867534936374
167.53777270865544,31.04455221401019
167.63777270865543,31.364931355625064
167.73777270865543,31.690094250995323
167.83777270865542,32.02013220676733
167.93777270865542,32.35513859585808
168.0377727086554,32.695208909632015
168.1377727086554,33.0404408114484
168.2377727086554,33.39093419161184
168.3377727086554,33.74679122375905
168.4377727086554,34.10811642271481
168.53777270865538,34.47501670385105
168.63777270865538,34.84760144398241
168.73777270865537,35.225982543832295
168.83777270865536,35.61027449210307
168.93777270865536,36.0005944311846
169.03777270865535,36.397062224534494
169.13777270865535,36.79980052576392
169.23777270865534,37.208934849462
169.33777270865534,37.62459364379166
169.43777270865533,38.04690836488934
169.53777270865533,38.476013553099804
169.63777270865532,38.91204691107714
169.7377727086553,39.35514938378129
169.8377727086553,39.80546524039881
169.9377727086553,40.26314215821482
170.0377727086553,40.72833130846155
170.1377727086553,41.20118744416702
170.23777270865529,41.68186899002518
170.33777270865528,42.170538134306376
170.43777270865527,42.66736092282433
170.53777270865527,43.17250735497246
170.63777270865526,43.68615148183913
170.73777270865526,44.20847150640727
170.83777270865525,44.73964988583943
170.93777270865525,45.279873435844635
171.03777270865524,45.8293334371178
171.13777270865523,46.38822574383636
171.23777270865523,46.95675089419252
171.33777270865522,47.53511422293188
171.43777270865522,48.12352597586107
171.5377727086552,48.72220142627848
171.6377727086552,49.3313609932721
171.7377727086552,49.951230361818
171.8377727086552,50.582040604601055
171.9377727086552,51.22402830546697
172.03777270865518,51.87743568440031
172.13777270865518,52.54251072390818
172.23777270865517,53.2195072966724
172.33777270865517,53.908685294314715
172.43777270865516,54.61031075709999
172.53777270865515,55.32465600438026
172.63777270865515,56.05199976555972
172.73777270865514,56.79262731133455
172.83777270865514,57.54683058493412
172.93777270865513,58.31490833306024
173.03777270865513,59.09716623618782
173.13777270865512,59.8939170378561
173.23777270865511,60.70548067254022
173.3377727086551,61.532184391652535
173.4377727086551,62.37436288717777
173.5377727086551,63.232358412398
173.6377727086551,64.10652089911152
173.7377727086551,64.99720807069299
173.83777270865508,65.90478555028186
173.93777270865507,66.82962696332095
174.03777270865507,67.77211403359593
174.13777270865506,68.73263667185194
174.23777270865506,69.71159305598097
174.33777270865505,70.70938970168733
174.43777270865505,71.72644152244375
174.53777270865504,72.76317187745099
174.63777270865504,73.82001260620541
174.73777270865503,74.89740404816365
174.83777270865502,75.99579504587066
174.93777270865502,77.11564292978474
175.037772708655,78.25741348289316
175.137772708655,79.42158088306175
175.237772708655,80.60862762090204
175.337772708655,81.81904439076952
175.437772708655,83.05332995232686
175.53777270865498,84.31199095991377
175.63777270865498,85.59554175676315
175.73777270865497,86.90450413088894
175.83777270865497,88.23940702924476
175.93777270865496,89.60078622651508
176.03777270865496,90.98918394464954
176.13777270865495,92.40514841898974
176.23777270865494,93.84923340656262
176.33777270865494,95.3219976318287
176.43777270865493,96.82400416487566
176.53777270865493,98.3558197267392
176.63777270865492,99.91801391621469
176.73777270865492,101.51115835219504
176.8377727086549,103.13582572523573
176.9377727086549,104.79258875170609
177.0377727086549,106.48201902354104
177.1377727086549,108.20468574626169
177.2377727086549,109.96115435758719
177.33777270865488,111.75198501862201
177.43777270865488,113.57773096927167
177.53777270865487,115.43893673922453
177.63777270865486,117.3361362055411
177.73777270865486,119.26985048762259
177.83777270865485,121.24058567009472
177.93777270865485,123.24883034394914
178.03777270865484,125.29505295614253
178.13777270865484,127.3796989577748
178.23777270865483,129.5031877409621
178.33777270865482,131.6659093546025
178.43777270865482,133.86822098941903
178.5377727086548,136.11044322296678
178.6377727086548,138.39285601573158
178.7377727086548,140.71569445004403
178.8377727086548,143.07914420430376
178.9377727086548,145.48333675598104
179.03777270865478,147.92834430805485
179.13777270865478,150.41417443498798
179.23777270865477,152.9407644460533
179.33777270865477,155.50797546583917
179.43777270865476,158.11558623410463
179.53777270865476,160.76328662984974
179.63777270865475,163.45067092754576
179.73777270865475,166.1772307969541
179.83777270865474,168.94234806187845
179.93777270865473,171.745287237562
180.03777270865473,174.58518787127466
180.13777270865472,177.4610567159497
180.23777270865472,180.371759772524
180.3377727086547,183.31601424291264
180.4377727086547,186.29238044228842
180.5377727086547,189.29925372651599
180.6377727086547,192.3348564981712
180.7377727086547,195.39723036249674
180.83777270865468,198.4842285128392
180.93777270865468,201.5935084334827
181.03777270865467,204.7225250162229
181.13777270865467,207.86852419538124
181.23777270865466,211.02853721407035
181.33777270865465,214.1993756422082
181.43777270865465,217.377627273821
181.53777270865464,220.559653037337
181.63777270865464,223.74158505759644
181.73777270865463,226.91932601190211
181.83777270865463,230.08854992431594
181.93777270865462,233.24470454226224
182.03777270865461,236.38301543701618
182.1377727086546,239.49849196453445
182.2377727086546,242.58593521502925
182.3377727086546,245.63994806844232
182.4377727086546,248.65494745831367
182.5377727086546,251.62517892829786
182.63777270865458,254.5447335436586
182.73777270865457,257.4075671944554
182.83777270865457,260.2075222979103
182.93777270865456,262.9383518747952
183.03777270865456,265.59374593893523
183.13777270865455,268.1673601005171
183.23777270865455,270.6528462434037
183.33777270865454,273.0438850947918
183.43777270865453,275.3342204631483
183.53777270865453,277.5176948783574
183.63777270865452,279.5882863274486
183.73777270865452,281.5401457412685
183.8377727086545,283.3676348531302
183.9377727086545,285.0653640209891
184.0377727086545,286.62822958113406
184.1377727086545,288.05145028478154
184.2377727086545,289.3306023601918
184.33777270865448,290.46165274271885
184.43777270865448,291.4409900240562
184.53777270865447,292.26545269011683
184.63777270865447,292.9323542444754
184.73777270865446,293.4395048508156
184.83777270865446,293.78522917277996
184.93777270865445,293.96838014216155
185.03777270865444,293.98834844537674
185.13777270865444,293.84506758228304
185.23777270865443,293.5390144191205
185.33777270865443,293.07120522701194
185.43777270865442,292.44318726732007
185.53777270865442,291.6570260535118
185.6377727086544,290.71528848432246
185.7377727086544,289.62102210340515
185.8377727086544,288.37773079487755
185.9377727086544,286.98934727108366
186.0377727086544,285.4602027475271
186.13777270865438,283.7949942296707
186.23777270865438,281.9987498567603
186.33777270865437,280.0767927589479
186.43777270865436,278.03470388595963
186.53777270865436,275.87828425882026
186.63777270865435,273.61351708138335
186.73777270865435,271.2465301264686
186.83777270865434,268.78355878327244
186.93777270865434,266.2309101194695
187.03777270865433,263.5949282742081
187.13777270865432,260.8819614581601
187.23777270865432,258.09833079503954
187.3377727086543,255.25030119660371
187.4377727086543,252.3440544210784
187.5377727086543,249.38566442405062
187.6377727086543,246.38107507190094
187.7377727086543,243.3360802514033
187.83777270865428,240.25630637568298
187.93777270865428,237.14719725663838
188.03777270865427,234.0140012874194
188.13777270865427,230.86176085572959
188.23777270865426,227.6953038895821
188.33777270865426,224.5192374216155
188.43777270865425,221.3379430460136
188.53777270865424,218.15557413326172
188.63777270865424,214.976054662157
188.73777270865423,211.80307952539246
188.83777270865423,208.64011616434456
188.93777270865422,205.49040739011033
189.03777270865422,202.35697525104598
189.1377727086542,199.24262581176006
189.2377727086542,196.1499547144241
189.3377727086542,193.0813534001123
189.4377727086542,190.0390158754325
189.5377727086542,187.02494591773635
189.63777270865418,184.04096462050788
189.73777270865418,181.08871818895528
189.83777270865417,178.16968590422658
189.93777270865417,175.28518818291477
190.03777270865416,172.43639466651564
190.13777270865415,169.6243322831687
190.23777270865415,166.8498932312947
190.33777270865414,164.11384284159286
190.43777270865414,161.41682728025296
190.53777270865413,158.75938106214994
190.63777270865413,156.14193434822118
190.73777270865412,153.56482000617652
190.83777270865411,151.02828041817068
190.9377727086541,148.53247402309245
191.0377727086541,146.07748158471244
191.1377727086541,143.6633121801069
191.2377727086541,141.2899089055626
191.3377727086541,138.957154299592
191.43777270865408,136.66487548478204
191.53777270865407,134.41284903198266
191.63777270865407,132.20080555184694
191.73777270865406,130.02843401998652
191.83777270865406,127.89538584302825
191.93777270865405,125.80127867367699
192.03777270865405,123.74569998352678
192.13777270865404,121.7282104028385
192.23777270865403,119.74834683683757
192.33777270865403,117.80562536829837
192.43777270865402,115.89954395628737
192.53777270865402,114.02958494095346
192.637772708654,112.19521736418979
192.737772708654,110.39589911586557
192.837772708654,108.6310789151429
192.937772708654,106.90019813616802
193.037772708654,105.20269248716444
193.13777270865398,103.53799355166477
193.23777270865398,101.90553020030646
193.33777270865397,100.30472988129004
193.43777270865397,98.73501979726015
193.53777270865396,97.19582797602618
193.63777270865396,95.68658424219278
193.73777270865395,94.20672109642528
193.83777270865394,92.75567450873203
193.93777270865394,91.33288463180956
194.03777270865393,89.93779644016654
194.13777270865393,88.56986030042121
194.23777270865392,87.22853247785683
194.33777270865392,85.9132755840182
194.4377727086539,84.6235589698441
194.5377727086539,83.3588590685527
194.6377727086539,82.11865969223184
194.7377727086539,80.90245228583277
194.8377727086539,79.70973614202539
194.93777270865388,78.54001858014357
195.03777270865388,77.39281509223241
195.13777270865387,76.26764945900389
195.23777270865386,75.16405383831328
195.33777270865386,74.08156882858563
195.43777270865385,73.0197435094492
195.53777270865385,71.97813546167086
195.63777270865384,70.95631076833567
195.73777270865384,69.95384399907029
195.83777270865383,68.97031817897562
195.93777270865382,68.00532474380911
196.03777270865382,67.05846348283937
196.1377727086538,66.12934247068625
196.2377727086538,65.21757798935742
196.3377727086538,64.32279444159722
196.4377727086538,63.44462425657367
196.5377727086538,62.58270778884825
196.63777270865378,61.73669321149454
196.73777270865378,60.90623640416106
196.83777270865377,60.091000836807034
196.93777270865377,59.29065744977757
197.03777270865376,58.50488453082802
197.13777270865376,57.73336758965373
197.23777270865375,56.97579923043248
197.33777270865374,56.231879022841134
197.43777270865374,55.50131337196601
197.53777270865373,54.783815387487536
197.63777270865373,54.07910475248353
197.73777270865372,53.38690759216278
197.83777270865372,52.70695634280903
197.9377727086537,52.038989621188286
198.0377727086537,51.38275209464537
198.1377727086537,50.73799435209238
198.2377727086537,50.1044727760692
198.3377727086537,49.48194941603635
198.43777270865368,48.870191863041356
198.53777270865368,48.268973125883385
198.63777270865367,47.67807150888458
198.73777270865367,47.09727049136273
198.83777270865366,46.52635860888653
198.93777270865365,45.96512933638272
199.03777270865365,45.413380973153465
199.13777270865364,44.87091652985253
199.23777270865364,44.33754361745939
199.33777270865363,43.81307433828246
199.43777270865363,43.29732517901498
199.53777270865362,42.79011690586026
199.6377727086536,42.29127446173698
199.7377727086536,41.8006268655695
199.8377727086536,41.31800711366324
199.9377727086536,40.84325208316071
200.0377727086536,40.37620243756953
200.13777270865359,39.916702534350435
200.23777270865358,39.46460033454981
200.33777270865357,39.0197473144586
200.43777270865357,38.58199837927667
200.53777270865356,38.151211778759816
200.63777270865356,37.72724902482425
200.73777270865355,37.30997481108213
200.83777270865355,36.89925693427967
200.93777270865354,36.49496621760879
201.03777270865353,36.0969764358615
201.13777270865353,35.70516424239594
201.23777270865352,35.3194090978817
201.33777270865352,34.939593200791975
201.4377727086535,34.565601419609294
201.5377727086535,34.19732122671127
201.6377727086535,33.83464263390291
201.7377727086535,33.47745812956136
201.8377727086535,33.12566261735945
201.93777270865348,32.77915335653399
202.03777270865348,32.43782990366531
202.13777270865347,32.101594055934285
202.23777270865347,31.770349795823694
202.33777270865346,31.44400323723068
202.43777270865345,31.1224625729578
202.53777270865345,30.805638023550127
202.63777270865344,30.49344178744658
202.73777270865344,30.185787992413843
202.83777270865343,29.88259264823191
202.93777270865343,29.58377360060058
203.03777270865342,29.28925048623683
203.13777270865342,28.998944689133545
203.2377727086534,28.712779297950398
203.3377727086534,28.430679064508524
203.4377727086534,28.152570363360937
203.5377727086534,27.878381152411226
203.6377727086534,27.608040934553753
203.73777270865338,27.341480720308997
203.83777270865338,27.07863299142826
203.93777270865337,26.819431665442636
204.03777270865336,26.56381206113151
204.13777270865336,26.311710864886614
204.23777270865335,26.06306609794802
204.33777270865335,25.817817084489153
204.43777270865334,25.57590442052841
204.53777270865334,25.33726994364538
204.63777270865333,25.10185670348047
204.73777270865332,24.869608932996876
204.83777270865332,24.64047202048482
204.9377727086533,24.41439248228799
205.0377727086533,24.19131793623302
205.1377727086533,23.97119707574311
205.2377727086533,23.75397964461748
205.3377727086533,23.5396164124587
205.43777270865328,23.328059150730574
205.53777270865328,23.11926060942956
205.63777270865327,22.91317449435323
205.73777270865327,22.70975544494967
205.83777270865326,22.508959012732237
205.93777270865326,22.3107416402443
206.03777270865325,22.115060640559292
206.13777270865324,21.92187417730156
206.23777270865324,21.73114124517394
206.33777270865323,21.542821650978485
206.43777270865323,21.356875995116987
206.53777270865322,21.173265653558392
206.63777270865322,20.991952760260514
206.7377727086532,20.812900190033854
206.8377727086532,20.636071541835573
206.9377727086532,20.46143112248207
207.0377727086532,20.288943930768973
207.1377727086532,20.118575641987466
207.23777270865318,19.950292592826464
207.33777270865318,19.784061766650204
207.43777270865317,19.619850779141174
207.53777270865316,19.45762786429871
207.63777270865316,19.297361860783607
207.73777270865315,19.13902219859961
207.83777270865315,18.98257888610277
207.93777270865314,18.828002497329912
208.03777270865314,18.675264159637678
208.13777270865313,18.524335541644028
208.23777270865313,18.375188841464006
208.33777270865312,18.227796775232072
208.4377727086531,18.082132565903358
208.5377727086531,17.938169932326517
208.6377727086531,17.79588307858099
208.7377727086531,17.655246683571626
208.8377727086531,17.516235890874054
208.93777270865309,17.378826298824045
209.03777270865308,17.242993950844564
209.13777270865307,17.108715326004262
209.23777270865307,16.97596732980131
209.33777270865306,16.844727285166805
209.43777270865306,16.714972923681824
209.53777270865305,16.586682377002813
209.63777270865305,16.4598341684897
209.73777270865304,16.33440720503155
209.83777270865303,16.210380769064688
209.93777270865303,16.08773451077822
210.03777270865302,15.96644844050221
210.13777270865302,15.846502921273759
