157.437772708656,9.847890421908302
157.537772708656,9.908400112406406
157.637772708656,9.969465483019288
157.737772708656,10.031093311856129
157.837772708656,10.093290479954907
157.93777270865598,10.156063973149795
158.03777270865598,10.21942088397791
158.13777270865597,10.283368413626311
158.23777270865597,10.34791387392028
158.33777270865596,10.413064689353803
158.43777270865596,10.478828399163334
158.53777270865595,10.545212659445866
158.63777270865594,10.61222524532237
158.73777270865594,10.679874053147723
158.83777270865593,10.748167102768264
158.93777270865593,10.817112539828136
159.03777270865592,10.886718638125606
159.13777270865592,10.95699380202061
159.2377727086559,11.027946568894782
159.3377727086559,11.099585611665232
159.4377727086559,11.171919741353493
159.5377727086559,11.244957909710905
159.6377727086559,11.318709211901933
159.73777270865588,11.393182889246809
159.83777270865588,11.468388332025038
159.93777270865587,11.544335082341247
160.03777270865587,11.621032837055004
160.13777270865586,11.698491450776208
160.23777270865585,11.77672093892767
160.33777270865585,11.855731480876711
160.43777270865584,11.935533423137397
160.53777270865584,12.016137282645337
160.63777270865583,12.097553750106856
160.73777270865583,12.179793693424461
160.83777270865582,12.26286816120058
160.9377727086558,12.346788386321615
161.0377727086558,12.431565789624381
161.1377727086558,12.517211983647073
161.2377727086558,12.603738776467006
161.3377727086558,12.691158175627356
161.43777270865579,12.779482392155296
161.53777270865578,12.86872384467388
161.63777270865577,12.958895163610213
161.73777270865577,13.050009195502437
161.83777270865576,13.142079007408135
161.93777270865576,13.235117891416934
162.03777270865575,13.329139369269999
162.13777270865575,13.424157197089416
162.23777270865574,13.520185370220272
162.33777270865573,13.617238128188621
162.43777270865573,13.715329959778366
162.53777270865572,13.814475608230378
162.63777270865572,13.914690076567107
162.7377727086557,14.015988633046177
162.8377727086557,14.11838681674648
162.9377727086557,14.221900443290375
163.0377727086557,14.32654561070585
163.1377727086557,14.432338705432409
163.23777270865568,14.539296408474742
163.33777270865568,14.647435701708272
163.43777270865567,14.756773874340814
163.53777270865567,14.867328529534756
163.63777270865566,14.979117591194223
163.73777270865565,15.092159310921911
163.83777270865565,15.206472275150356
163.93777270865564,15.322075412452653
164.03777270865564,15.438988001037647
164.13777270865563,15.557229676434892
164.23777270865563,15.67682043937484
164.33777270865562,15.797780663869835
164.43777270865561,15.920131105501692
164.5377727086556,16.043892909921848
164.6377727086556,16.16908762157024
164.7377727086556,16.295737192619242
164.8377727086556,16.423863992149297
164.9377727086556,16.553490815562927
165.03777270865558,16.68464089424417
165.13777270865558,16.817337905470676
165.23777270865557,16.951605982585885
165.33777270865556,17.087469725439025
165.43777270865556,17.224954211100844
165.53777270865555,17.364085004863377
165.63777270865555,17.504888171532087
165.73777270865554,17.64739028701936
165.83777270865554,17.791618450248194
165.93777270865553,17.937600295375642
166.03777270865552,18.085364004345525
166.13777270865552,18.234938319780518
166.2377727086555,18.38635255822393
166.3377727086555,18.539636623741806
166.4377727086555,18.694821021896477
166.5377727086555,18.851936874102893
166.6377727086555,19.011015932379646
166.73777270865548,19.17209059450679
166.83777270865548,19.335193919603167
166.93777270865547,19.500359644136218
167.03777270865547,19.667622198377906
167.13777270865546,19.83701672332059
167.23777270865546,20.008579088067407
167.33777270865545,20.182345907712048
167.43777270865544,20.35835456172348
167.53777270865544,20.536643212851587
167.63777270865543,20.717250826570265
167.73777270865543,20.900217191075235
167.83777270865542,21.085582937854213
167.93777270865542,21.273389562847935
168.0377727086554,21.463679448220987
168.1377727086554,21.65649588476217
168.2377727086554,21.85188309493485
168.3377727086554,22.049886256598345
168.4377727086554,22.25055152742237
168.53777270865538,22.453926070017044
168.63777270865538,22.660058077802063
168.73777270865537,22.868996801639373
168.83777270865536,23.08079257725446
168.93777270865536,23.295496853472486
169.03777270865535,23.513162221296238
169.13777270865535,23.73384244385404
169.23777270865534,23.957592487246586
169.33777270865534,24.184468552322944
169.43777270865533,24.414528107416885
169.53777270865533,24.647829922075964
169.63777270865532,24.884434101816847
169.7377727086553,25.12440212394187
169.8377727086553,25.367796874452665
169.9377727086553,25.61468268609858
170.0377727086553,25.865125377598446
170.1377727086553,26.119192294076104
170.23777270865529,26.3769523487515
170.33777270865528,26.638476065930508
170.43777270865527,26.903835625338534
170.53777270865527,27.173104907844532
170.63777270865526,27.446359542623814
170.73777270865526,27.72367695580977
170.83777270865525,28.00513642068669
170.93777270865525,28.290819109477738
171.03777270865524,28.58080814678406
171.13777270865523,28.87518866473346
171.23777270865523,29.17404785989889
171.33777270865522,29.477475052049588
171.43777270865522,29.78556174479997
171.5377727086552,30.09840168822383
171.6377727086552,30.41609094350411
171.7377727086552,30.73872794969096
171.8377727086552,31.066413592643944
171.9377727086552,31.399251276236637
172.03777270865518,31.73734699590543
172.13777270865518,32.080809414627
172.23777270865517,32.429749941412446
172.33777270865517,32.7842828124094
172.43777270865516,33.14452517470674
172.53777270865515,33.510597172940486
172.63777270865515,33.88262203880291
172.73777270865514,34.26072618356112
172.83777270865514,34.645039293695135
172.93777270865513,35.03569442976989
173.03777270865513,35.43282812865996
173.13777270865512,35.83658050925032
173.23777270865511,36.24709538174104
173.3377727086551,36.664520360689004
173.4377727086551,37.08900698192438
173.5377727086551,37.520710823485224
173.6377727086551,37.95979163071881
173.7377727086551,38.4064134457038
173.83777270865508,38.86074474115348
173.93777270865507,39.32295855896604
174.03777270865507,39.79323265359425
174.13777270865506,40.27174964041326
174.23777270865506,40.758697149271725
174.33777270865505,41.25426798341875
174.43777270865505,41.7586602840056
174.53777270865504,42.27207770036902
174.63777270865504,42.79472956630989
174.73777270865503,43.32683108258922
174.83777270865502,43.86860350587097
174.93777270865502,44.4202743443495
175.037772708655,44.98207756030787
175.137772708655,45.55425377986144
175.237772708655,46.13705051015031
175.337772708655,46.73072236425273
175.437772708655,47.335531294100875
175.53777270865498,47.951746831689576
175.63777270865498,48.579646338877716
175.73777270865497,49.21951526609184
175.83777270865497,49.87164742025092
175.93777270865496,50.53634524224059
176.03777270865496,51.213920094275146
176.13777270865495,51.904692557495075
176.23777270865494,52.60899274015729
176.33777270865494,53.327160596784935
176.43777270865493,54.05954625865255
176.53777270865493,54.806510375991586
176.63777270865492,55.56842447230979
176.73777270865492,56.34567131122647
176.8377727086549,57.138645276232715
176.9377727086549,57.94775276379357
177.0377727086549,58.773412590214654
177.1377727086549,59.61605641270159
177.2377727086549,60.47612916504474
177.33777270865488,61.354089508364524
177.43777270865488,62.250410297354485
177.53777270865487,63.16557906245886
177.63777270865486,64.10009850841918
177.73777270865486,65.05448702962015
177.83777270865485,66.02927924265785
177.93777270865485,67.02502653654345
178.03777270865484,68.04229764094183
178.13777270865484,69.0816792128281
178.23777270865483,70.14377644192241
178.33777270865482,71.22921367523763
178.43777270865482,72.3386350610424
178.5377727086548,73.47270521250383
178.6377727086548,74.63210989122857
178.7377727086548,75.81755671086819
178.8377727086548,77.02977586089304
178.9377727086548,78.26952085056637
179.03777270865478,79.5375692730686
179.13777270865478,80.83472358962533
179.23777270865477,82.1618119333848
179.33777270865477,83.51968893266539
179.43777270865476,84.90923655305308
179.53777270865476,86.33136495766776
179.63777270865475,87.7870133847359
179.73777270865475,89.27715104140226
179.83777270865474,90.80277801248167
179.93777270865473,92.3649261825924
180.03777270865473,93.96466016981994
180.13777270865472,95.60307826873277
180.23777270865472,97.28131340020481
180.3377727086547,99.00053406508967
180.4377727086547,100.7619452983328
180.5377727086547,102.5667896195987
180.6377727086547,104.41634797592009
180.7377727086547,106.31194067124564
180.83777270865468,108.25492827705816
180.93777270865468,110.24671251745815
181.03777270865467,112.28873712124168
181.13777270865467,114.3824886325479
181.23777270865466,116.52949717059293
181.33777270865465,118.73133712784154
181.43777270865465,120.98962779468127
181.53777270865464,123.30603389724713
181.63777270865464,125.68226603348799
181.73777270865463,128.12008099085534
181.83777270865463,130.62128192712066
181.93777270865462,133.1877183937754
182.03777270865461,135.82128617922677
182.1377727086546,138.52392694655572
182.2377727086546,141.29762763794452
182.3377727086546,144.1444196149905
182.4377727086546,147.06637750099097
182.5377727086546,150.06561768790198
182.63777270865458,153.14429646702598
182.73777270865457,156.304607738568
182.83777270865457,159.5487802510044
182.93777270865456,162.8790743167408
183.03777270865456,166.29777794578402
183.13777270865455,169.80720233414155
183.23777270865455,173.40967663839257
183.33777270865454,177.10754196237667
183.43777270865453,180.90314447625485
183.53777270865453,184.79882758235374
183.63777270865452,188.79692303627544
183.73777270865452,192.89974092581593
183.8377727086545,197.1095584043889
183.9377727086545,201.4286070700199
184.0377727086545,205.8590588757131
184.1377727086545,210.40301045228227
184.2377727086545,215.06246572080113
184.33777270865448,219.83931666892602
184.43777270865448,224.7353221637881
184.53777270865447,229.75208467429493
184.63777270865447,234.89102477793978
184.73777270865446,240.15335333206087
184.83777270865446,245.54004119744923
184.93777270865445,251.05178641387445
185.03777270865444,256.6889787431315
185.13777270865444,262.45166151631605
185.23777270865443,268.3394907489975
185.33777270865443,274.3516915215456
185.43777270865442,280.4870116629442
185.53777270865442,286.74367282579146
185.6377727086544,293.1193190986532
185.7377727086544,299.61096337022155
185.8377727086544,306.21493173844664
185.9377727086544,312.9268063473661
186.0377727086544,319.7413671349386
186.13777270865438,326.65253308661295
186.23777270865438,333.6533037110371
186.33777270865437,340.73570158510597
186.43777270865436,347.8907169536712
186.53777270865436,355.10825551218215
186.63777270865435,362.37709064490576
186.73777270865435,369.68482153287175
186.83777270865434,377.01783867899525
186.93777270865434,384.36129851659973
187.03777270865433,391.699108864477
187.13777270865432,399.01392705846655
187.23777270865432,406.2871726173961
187.3377727086543,413.49905628077425
187.4377727086543,420.6286271775129
187.5377727086543,427.65383974030556
187.6377727086543,434.5516417613436
187.7377727086543,441.2980846858156
187.83777270865428,447.86845685673086
187.93777270865428,454.23743995796
188.03777270865427,460.379288356047
188.13777270865427,466.26803042408903
188.23777270865426,471.87769025673913
188.33777270865426,477.18252747342336
188.43777270865425,482.1572920815969
188.53777270865424,486.7774906622028
188.63777270865424,491.01965947786186
188.73777270865423,494.8616395250698
188.83777270865423,498.2828480892354
188.93777270865422,501.2645410480768
189.03777270865422,503.7900600324906
189.1377727086542,505.8450586155867
189.2377727086542,507.4177019722994
189.3377727086542,508.4988349356058
189.4377727086542,509.08211406127435
189.5377727086542,509.1398131609221
189.63777270865418,508.3624214535423
189.73777270865418,506.6642101390853
189.83777270865417,504.06357844794223
189.93777270865417,500.58834631079117
190.03777270865416,496.2750207109831
190.13777270865415,491.16785818469265
190.23777270865415,485.3177673054632
190.33777270865414,478.781100076376
190.43777270865414,471.61838288309514
190.53777270865413,463.89303620311256
190.63777270865413,455.670128058412
190.73777270865412,447.01519986811854
190.83777270865411,437.9931956306183
190.9377727086541,428.6675169768279
191.0377727086541,419.0992182583642
191.1377727086541,409.3463480186472
191.2377727086541,399.463436346359
191.3377727086541,389.501121979723
191.43777270865408,379.5059087241595
191.53777270865407,369.52003775246874
191.63777270865407,359.581460572893
191.73777270865406,349.7238967137219
191.83777270865406,339.9769602896675
191.93777270865405,330.3663403831457
192.03777270865405,320.91402140047427
192.13777270865404,311.63853107750356
192.23777270865403,302.55520546755065
192.33777270865403,293.6764619326382
192.43777270865402,285.0120727918166
192.53777270865402,276.56943379875025
192.637772708654,268.3538229879662
192.737772708654,260.3686466263249
192.837772708654,252.6156700282243
192.937772708654,245.0952318445489
193.037772708654,237.80644112785808
193.13777270865398,230.7473570252407
193.23777270865398,223.91515137309406
193.33777270865397,217.3062547827743
193.43777270865397,210.91648702999453
193.53777270865396,204.74117271019247
193.63777270865396,198.77524321138054
193.73777270865395,193.01332609799724
193.83777270865394,187.4498230049035
193.93777270865394,182.07897711912366
194.03777270865393,176.89493128576925
194.13777270865393,171.89177771997348
194.23777270865392,167.06360024347254
194.33777270865392,162.40450989654246
194.4377727086539,157.9086747062418
194.5377727086539,153.57034432252516
194.6377727086539,149.38387016634903
194.7377727086539,145.3437216695024
194.8377727086539,141.44449912527747
194.93777270865388,137.68094361267913
195.03777270865388,134.04794440486214
195.13777270865387,130.54054422491595
195.23777270865386,127.15394266890718
195.33777270865386,123.88349807706781
195.43777270865385,120.7247280989611
195.53777270865385,117.67330916710075
195.63777270865384,114.72507506557395
195.73777270865384,111.87601475542675
195.83777270865383,109.12226959664785
195.93777270865382,106.46013008724623
196.03777270865382,103.88603222291081
196.1377727086538,101.39655356582433
196.2377727086538,98.98840909814753
196.3377727086538,96.65844692429772
196.4377727086538,94.40364387622088
196.5377727086538,92.22110106723407
196.63777270865378,90.1080394325395
196.73777270865378,88.06179528804401
196.83777270865377,86.07981593353807
196.93777270865377,84.1596553214839
197.03777270865376,82.29896980853677
197.13777270865376,80.49551400339078
197.23777270865375,78.74713672152377
197.33777270865374,77.05177705484954
197.43777270865374,75.40746056210665
197.53777270865373,73.8122955839757
197.63777270865373,72.26446968536888
197.73777270865372,70.76224622604356
197.83777270865372,69.30396105961441
197.9377727086537,67.88801936015173
198.0377727086537,66.51289257482678
198.1377727086537,65.17711550047606
198.2377727086537,63.87928348148633
198.3377727086537,62.61804972603268
198.43777270865368,61.392122737418255
198.53777270865368,60.2002638570528
198.63777270865367,59.04128491545738
198.73777270865367,57.91404598758526
198.83777270865366,56.817453248693226
198.93777270865365,55.750456926979126
199.03777270865365,54.71204934921237
199.13777270865364,53.701263075619586
199.23777270865364,52.71716912034257
199.33777270865363,51.758875253857134
199.43777270865363,50.82552438382534
199.53777270865362,49.91629301094684
199.6377727086536,49.03038975647679
199.7377727086536,48.167053958183416
199.8377727086536,47.32555433162884
199.9377727086536,46.50518769376913
200.0377727086536,45.70527774598238
200.13777270865359,44.92517391374736
200.23777270865358,44.164250240307716
200.33777270865357,43.42190433176783
200.43777270865357,42.69755635117552
200.53777270865356,41.99064805925355
200.63777270865356,41.30064189954599
200.73777270865355,40.62702012584636
200.83777270865355,39.969283969872365
200.93777270865354,39.326952847246574
201.03777270865353,38.6995635999335
201.13777270865353,38.086669773371206
201.23777270865352,37.487840926619896
201.33777270865352,36.902661973930584
201.4377727086535,36.3307325562146
201.5377727086535,35.77166644096854
201.6377727086535,35.2250909492801
201.7377727086535,34.69064640860806
201.8377727086535,34.16798563009392
201.93777270865348,33.656773409224385
202.03777270865348,33.15668604872243
202.13777270865347,32.66741090260048
202.23777270865347,32.18864594036252
202.33777270865346,31.72009933039214
202.43777270865345,31.261489041611902
202.53777270865345,30.81254246254503
202.63777270865344,30.372996036953584
202.73777270865344,29.942594915268764
202.83777270865343,29.521092621068153
202.93777270865343,29.108250731891598
203.03777270865342,28.703838573723054
203.13777270865342,28.307632928499096
203.2377727086534,27.919417754036367
203.3377727086534,27.538983915800966
203.4377727086534,27.16612892997059
203.5377727086534,26.800656717268268
203.6377727086534,26.442377367071717
203.73777270865338,26.091106911326786
203.83777270865338,25.746667107817142
203.93777270865337,25.40888523236382
204.03777270865336,25.077593879549305
204.13777270865336,24.752630771580787
204.23777270865335,24.433838574925772
204.33777270865335,24.121064724371134
204.43777270865334,23.8141612541737
204.53777270865334,23.51298463598634
204.63777270865333,23.217395623258902
204.73777270865332,22.927259101827723
204.83777270865332,22.642443946421086
204.9377727086533,22.362822882821167
205.0377727086533,22.08827235543531
205.1377727086533,21.81867240004103
205.2377727086533,21.553906521480624
205.3377727086533,21.293861576091544
205.43777270865328,21.038427658668816
205.53777270865328,20.787497993765495
205.63777270865327,20.540968831145868
205.73777270865327,20.29873934521511
205.83777270865326,20.060711538257046
205.93777270865326,19.826790147319382
206.03777270865325,19.596882554593485
206.13777270865324,19.37089870114244
206.23777270865324,19.14875100383801
206.33777270865323,18.93035427537345
206.43777270865323,18.71562564722512
206.53777270865322,18.504484495441574
206.63777270865322,18.29685236914439
206.7377727086532,18.092652921629956
206.8377727086532,17.89181184396672
206.9377727086532,17.694256800986818
207.0377727086532,17.49991736957556
207.1377727086532,17.308724979166676
207.23777270865318,17.120612854355112
207.33777270865318,16.935515959542986
207.43777270865317,16.753370945538283
207.53777270865316,16.5741160980291
207.63777270865316,16.397691287859665
207.73777270865315,16.224037923037685
207.83777270865315,16.053098902405402
207.93777270865314,15.884818570909827
208.03777270865314,15.71914267641024
208.13777270865313,15.556018327963757
208.23777270865313,15.395393955532287
208.33777270865312,15.23721927105652
208.4377727086531,15.081445230844938
208.5377727086531,14.928023999228074
208.6377727086531,14.776908913430155
208.7377727086531,14.628054449612446
208.8377727086531,14.4814161900444
208.93777270865309,14.336950791360534
209.03777270865308,14.19461595386275
209.13777270865307,14.054370391829403
209.23777270865307,13.916173804794
209.33777270865306,13.779986849758
209.43777270865306,13.645771114303566
209.53777270865305,13.513489090573435
209.63777270865305,13.383104150086586
209.73777270865304,13.2545805193594
209.83777270865303,13.12788325630343
209.93777270865303,13.002978227371926
210.03777270865302,12.879832085428333
210.13777270865302,12.758412248311204
