463.3878955882248,0.43903054212440146
463.48789558822483,0.4473777514661722
463.58789558822485,0.45585771904272365
463.6878955882249,0.46447198687232233
463.7878955882249,0.47322210301025064
463.8878955882249,0.48210962130715196
463.98789558822494,0.49113610116115247
464.08789558822497,0.5003031072637256
464.187895588225,0.5096122093392726
464.287895588225,0.5190649818783888
464.38789558822504,0.5286630038647886
464.48789558822506,0.5384078584958707
464.5878955882251,0.5483011328968945
464.6878955882251,0.558344417828754
464.7878955882251,0.5685393073893283
464.88789558822515,0.5788873987083969
464.9878955882252,0.5893902916361015
465.0878955882252,0.6000495884249527
465.1878955882252,0.610866893405363
465.28789558822524,0.621843812654709
465.38789558822526,0.6329819536599158
465.4878955882253,0.6442829249735643
465.5878955882253,0.6557483358635219
465.68789558822533,0.6673797959561046
465.78789558822535,0.6791789148727737
465.8878955882254,0.6911473018603801
465.9878955882254,0.7032865654149697
466.0878955882254,0.7155983128991626
466.18789558822544,0.7280841501531268
466.28789558822547,0.7407456810991669
466.3878955882255,0.7535845073399571
466.4878955882255,0.7666022277504342
466.58789558822554,0.7798004380633956
466.68789558822556,0.7931807304488232
466.7878955882256,0.8067446930869804
466.8878955882256,0.8204939097353126
466.9878955882256,0.8344299592892003
467.08789558822565,0.848554415336609
467.1878955882257,0.8628688457066853
467.2878955882257,0.8773748120123502
467.3878955882257,0.8920738691869494
467.48789558822574,0.9069675650150154
467.58789558822576,0.9220574396572089
467.6878955882258,0.9373450251694979
467.7878955882258,0.9528318450166557
467.88789558822583,0.9685194135801367
467.98789558822585,0.9844092356604179
468.0878955882259,1.0005028059738814
468.1878955882259,1.0168016086443177
468.2878955882259,1.0333071166891439
468.38789558822594,1.0500207915004236
468.48789558822597,1.0669440823207774
468.587895588226,1.0840784257142935
468.687895588226,1.1014252450325281
468.78789558822604,1.1189859498757053
468.88789558822606,1.1367619355492264
468.9878955882261,1.154754582515597
469.0878955882261,1.1729652558418882
469.1878955882261,1.1913953046428551
469.28789558822615,1.2100460615198287
469.3878955882262,1.2289188419955162
469.4878955882262,1.2480149439448278
469.5878955882262,1.2673356470218788
469.68789558822624,1.2868822120832917
469.78789558822626,1.3066558806079476
469.8878955882263,1.3266578741133235
469.9878955882263,1.3468893935685735
470.08789558822633,1.3673516188044998
470.18789558822635,1.388045707920566
470.2878955882264,1.4089727966891195
470.3878955882264,1.4301339979569812
470.4878955882264,1.451530401044568
470.58789558822644,1.4731630711427162
470.68789558822647,1.495033048707386
470.7878955882265,1.5171413488524175
470.8878955882265,1.5394889607405133
470.98789558822654,1.5620768469726467
471.08789558822656,1.5849059429760646
471.1878955882266,1.607977156391086
471.2878955882266,1.6312913664568862
471.3878955882266,1.6548494233964623
471.48789558822665,1.6786521478009804
471.5878955882267,1.7027003300137065
471.6878955882267,1.7269947295137325
471.7878955882267,1.7515360742996897
471.88789558822674,1.7763250602736909
471.98789558822676,1.8013623506256813
472.0878955882268,1.8266485752184467
472.1878955882268,1.8521843299734748
472.28789558822683,1.8779701762579148
472.38789558822685,1.904006640272843
472.4878955882269,1.9302942124430753
472.5878955882269,1.956833346808751
472.6878955882269,1.9836244604189268
472.78789558822695,2.0106679327274124
472.88789558822697,2.037964104991088
472.987895588227,2.065513279670951
473.087895588227,2.0933157198361174
473.18789558822704,2.121371648571048
473.28789558822706,2.149681248386224
473.3878955882271,2.178244660632535
473.4878955882271,2.20706198491962
473.5878955882271,2.236133278538429
473.68789558822715,2.265458555888244
473.7878955882272,2.2950377879084205
473.8878955882272,2.3248709015151183
473.9878955882272,2.354957779043257
474.08789558822724,2.3852982576939823
474.18789558822726,2.4158921289878856
474.2878955882273,2.4467391382242463
474.3878955882273,2.4778389839465644
474.48789558822733,2.509191317414636
474.58789558822735,2.5407957420834544
474.6878955882274,2.572651813089179
474.7878955882274,2.6047590367424633
474.8878955882274,2.63711687002939
474.98789558822745,2.6697247201202883
475.08789558822747,2.702581943886698
475.1878955882275,2.735687847426754
475.2878955882275,2.7690416855992437
475.38789558822754,2.8026426615666202
475.48789558822756,2.836489926347231
475.5878955882276,2.8705825783770265
475.6878955882276,2.9049196630810137
475.7878955882276,2.9395001724547285
475.88789558822765,2.974323044655979
475.9878955882277,3.009387163607131
476.0878955882277,3.044691358608198
476.1878955882277,3.0802344039609824
476.28789558822774,3.116015018604556
476.38789558822776,3.1520318657623068
476.4878955882278,3.188283552600828
476.5878955882278,3.224768629900899
476.68789558822783,3.261485591740806
476.78789558822785,3.298432875192263
476.8878955882279,3.3356088600291693
476.9878955882279,3.373011868449465
477.0878955882279,3.4106401648103097
477.18789558822795,3.448491955376846
477.28789558822797,3.4865653880847667
477.387895588228,3.524858552316936
477.487895588228,3.5633694786942915
477.58789558822804,3.602096138881256
477.68789558822806,3.6410364454058826
477.7878955882281,3.680188251494967
477.8878955882281,3.7195493509243307
477.9878955882281,3.7591174778845056
478.08789558822815,3.798890306862016
478.1878955882282,3.8388654525364827
478.2878955882282,3.8790404696937406
478.3878955882282,3.9194128531551677
478.48789558822824,3.9599800377234353
478.58789558822826,4.0007393981448525
478.6878955882283,4.041688249088498
478.7878955882283,4.082823845142324
478.88789558822833,4.124143380826408
478.98789558822835,4.165643990623498
479.0878955882284,4.207322749027075
479.1878955882284,4.249176670607021
479.2878955882284,4.291202710093106
479.38789558822845,4.333397762476414
479.48789558822847,4.375758663128852
479.5878955882285,4.418282187940898
479.6878955882285,4.460965053477699
479.78789558822854,4.503803917153657
479.88789558822856,4.546795377425625
479.9878955882286,4.58993597400481
480.0878955882286,4.633222188087512
480.1878955882286,4.676650442604784
480.28789558822865,4.7202171024911115
480.3878955882287,4.763918474972201
480.4878955882287,4.807750809871955
480.5878955882287,4.851710299938705
480.68789558822874,4.895793081190777
480.78789558822876,4.939995233281441
480.8878955882288,4.984312779883297
480.9878955882288,5.028741689092144
481.08789558822883,5.073277873850376
481.18789558822886,5.117917192389922
481.2878955882289,5.16265544869476
481.3878955882289,5.207488392983018
481.4878955882289,5.252411722208678
481.58789558822895,5.29742108058286
481.68789558822897,5.342512060114697
481.787895588229,5.38768020117179
481.887895588229,5.432920993060183
481.98789558822904,5.478229874623873
482.08789558822906,5.523602234863779
482.1878955882291,5.569033413576136
482.2878955882291,5.61451870201025
482.3878955882291,5.660053343545563
482.48789558822915,5.705632534387935
482.5878955882292,5.751251424285074
482.6878955882292,5.796905117261025
482.7878955882292,5.8425886723696125
482.88789558822924,5.888297104466728
482.98789558822926,5.934025385001365
483.0878955882293,5.97976844282525
483.1878955882293,6.025521165020963
483.28789558822933,6.071278397748397
483.38789558822936,6.117034947109401
483.4878955882294,6.16278558003046
483.5878955882294,6.208525025163244
483.6878955882294,6.2542479738028485
483.78789558822945,6.299949080823543
483.88789558822947,6.345622965631849
483.9878955882295,6.39126421313672
484.0878955882295,6.436867374736663
484.18789558822954,6.482426969323534
484.28789558822956,6.5279374843028135
484.3878955882296,6.573393376630139
484.4878955882296,6.618789073863813
484.5878955882296,6.664118975233092
484.68789558822965,6.709377452721945
484.7878955882297,6.754558852168074
484.8878955882297,6.799657494376871
484.9878955882297,6.844667676250068
485.08789558822974,6.889583671928771
485.18789558822976,6.934399733950609
485.2878955882298,6.979110094420648
485.3878955882298,7.023708966195821
485.48789558822983,7.068190544082493
485.58789558822986,7.112549006046891
485.6878955882299,7.156778514438025
485.7878955882299,7.2008732172227825
485.8878955882299,7.244827249232848
485.98789558822995,7.288634733423076
486.08789558822997,7.332289782140996
486.18789558823,7.3757864984070265
486.28789558823,7.41911897720508
486.38789558823004,7.462281306783139
486.48789558823006,7.50526756996345
486.5878955882301,7.548071845461903
486.6878955882301,7.590688209216237
486.7878955882301,7.6331107357226475
486.88789558823015,7.675333499380387
486.9878955882302,7.717350575843946
487.0878955882302,7.7591560433824
487.1878955882302,7.800743984245486
487.28789558823024,7.84210848603598
487.38789558823026,7.883243643087946
487.4878955882303,7.92414355785041
487.5878955882303,7.964802342276021
487.68789558823033,8.005214119214234
487.78789558823036,8.045373023808583
487.8878955882304,8.085273204897575
487.9878955882304,8.124908826418736
488.0878955882304,8.16427406881536
488.18789558823045,8.203363130445487
488.28789558823047,8.242170228992634
488.3878955882305,8.280689602877805
488.4878955882305,8.318915512672318
488.58789558823054,8.356842242510943
488.68789558823056,8.394464101504886
488.7878955882306,8.431775425154141
488.8878955882306,8.46877057675871
488.98789558823063,8.50544394882819
489.08789558823065,8.541789964489293
489.1878955882307,8.577803078890723
489.2878955882307,8.613477780605004
489.3878955882307,8.648808593026708
489.48789558823074,8.683790075766607
489.58789558823077,8.718416826041263
489.6878955882308,8.752683480057561
489.7878955882308,8.78658471439166
489.88789558823083,8.820115247361933
489.98789558823086,8.853269840395317
490.0878955882309,8.88604329938666
490.1878955882309,8.918430476050526
490.2878955882309,8.95042626926498
490.38789558823095,8.982025626406864
490.48789558823097,9.013223544678075
490.587895588231,9.044015072422361
490.687895588231,9.074395310432154
490.78789558823104,9.104359413244943
490.88789558823106,9.133902590428734
490.9878955882311,9.163020107856093
491.0878955882311,9.191707288966315
491.18789558823113,9.21995951601525
491.28789558823115,9.247772231312307
491.3878955882312,9.275140938444192
491.4878955882312,9.302061203484888
491.5878955882312,9.328528656191462
491.68789558823124,9.35453899118523
491.78789558823127,9.3800879691178
491.8878955882313,9.405171417821633
491.9878955882313,9.4297852334446
492.08789558823133,9.453925381568139
492.18789558823136,9.47758789830862
492.2878955882314,9.500768891401417
492.3878955882314,9.523464541267353
492.4878955882314,9.545671102061064
492.58789558823145,9.567384902700885
492.68789558823147,9.588602347879878
492.7878955882315,9.609319919057585
492.8878955882315,9.629534175432163
492.98789558823154,9.649241754892476
493.08789558823156,9.66843937494982
493.1878955882316,9.687123833648894
493.2878955882316,9.70529201045767
493.38789558823163,9.72294086713581
493.48789558823165,9.740067448581305
493.5878955882317,9.756668883655003
493.6878955882317,9.772742385982676
493.7878955882317,9.78828525473437
493.88789558823174,9.803294875380665
493.98789558823177,9.817768720425601
494.0878955882318,9.831704350115963
494.1878955882318,9.845099413126633
494.28789558823183,9.85795164722177
494.38789558823186,9.870258879891532
494.4878955882319,9.882019028964098
494.5878955882319,9.893230103192748
494.6878955882319,9.903890202817772
494.78789558823195,9.913997520102987
494.88789558823197,9.923550339846644
494.987895588232,9.932547039866515
495.087895588232,9.940986091459004
495.18789558823204,9.948866059832044
495.28789558823206,9.956185604511665
495.3878955882321,9.962943479722032
495.4878955882321,9.969138534738814
495.58789558823213,9.974769714215759
495.68789558823215,9.979836058484315
495.7878955882322,9.98433670382621
495.8878955882322,9.988270882718858
495.9878955882322,9.991637924053503
496.08789558823224,9.994437253326021
496.18789558823227,9.996668392800288
496.2878955882323,9.998330961644061
496.3878955882323,9.999424676037325
496.48789558823233,9.999949349253033
496.58789558823236,9.99990489171024
496.6878955882324,9.999291310999604
496.7878955882324,9.998108711881208
496.8878955882324,9.99635729625477
496.98789558823245,9.994037363102175
497.08789558823247,9.991149308402427
497.1878955882325,9.987693625019002
497.2878955882325,9.983670902559659
497.38789558823254,9.97908182720879
497.48789558823256,9.973927181532334
497.5878955882326,9.968207844255376
497.6878955882326,9.96192479001248
497.78789558823263,9.955079089070884
497.88789558823265,9.947671907026658
497.9878955882327,9.939704504473934
498.0878955882327,9.93117823664736
498.1878955882327,9.92209455303791
498.28789558823274,9.91245499698219
498.38789558823277,9.902261205225427
498.4878955882328,9.891514907458308
498.5878955882328,9.880217925827823
498.68789558823283,9.868372174422355
498.78789558823286,9.85597965873118
498.8878955882329,9.843042475078613
498.9878955882329,9.829562810033018
499.0878955882329,9.815542939790898
499.18789558823295,9.800985229536352
499.28789558823297,9.785892132776087
499.387895588233,9.770266190650323
499.487895588233,9.754110031219783
499.58789558823304,9.73742636872911
499.68789558823306,9.72021800284698
499.7878955882331,9.70248781788318
499.8878955882331,9.684238781983007
499.98789558823313,9.665473946299276
500.08789558823315,9.646196444142246
500.1878955882332,9.626409490107838
500.2878955882332,9.606116379184432
500.3878955882332,9.585320485838643
500.48789558823324,9.56402526308039
500.58789558823327,9.542234241507636
500.6878955882333,9.519951028331175
500.7878955882333,9.497179306379842
500.88789558823333,9.473922833086501
500.98789558823336,9.450185439455261
501.0878955882334,9.425971029010253
501.1878955882334,9.401283576726405
501.2878955882334,9.376127127942638
501.38789558823345,9.35050579725786
501.48789558823347,9.324423767410206
501.5878955882335,9.297885288139952
501.6878955882335,9.270894675036526
501.78789558823354,9.243456308370051
501.88789558823356,9.21557463190787
501.9878955882336,9.187254151716504
502.0878955882336,9.158499434949475
502.18789558823363,9.12931510862148
502.28789558823365,9.099705858369349
502.3878955882337,9.069676427200259
502.4878955882337,9.039231614227678
502.5878955882337,9.008376273395509
502.68789558823374,8.977115312190891
502.78789558823377,8.945453690346163
502.8878955882338,8.913396418530441
502.9878955882338,8.880948557031314
503.08789558823383,8.848115214427114
503.18789558823386,8.814901546250297
503.2878955882339,8.781312753642363
503.3878955882339,8.74735408200083
503.4878955882339,8.71303081961879
503.58789558823395,8.678348296317465
503.68789558823397,8.643311882072313
503.787895588234,8.60792698563317
503.887895588234,8.57219905313889
503.98789558823404,8.536133566727013
504.08789558823406,8.499736043138949
504.1878955882341,8.463012032321137
504.2878955882341,8.425967116022735
504.38789558823413,8.388606906390272
504.48789558823415,8.350937044559789
504.5878955882342,8.312963199246962
504.6878955882342,8.27469106533566
504.7878955882342,8.236126362465486
504.88789558823424,8.197274833618716
504.98789558823427,8.158142243707188
505.0878955882343,8.118734378159568
505.1878955882343,8.079057041509513
505.28789558823433,8.03911605598517
505.38789558823436,7.998917260100537
505.4878955882344,7.958466507249084
505.5878955882344,7.917769664300179
505.6878955882344,7.876832610198727
505.78789558823445,7.835661234568511
505.88789558823447,7.794261436319678
505.9878955882345,7.752639122260832
506.0878955882345,7.710800205716178
506.18789558823454,7.668750605148162
506.28789558823456,7.6264962427860485
506.3878955882346,7.584043043260859
506.4878955882346,7.541396932247135
506.58789558823463,7.498563835111899
506.68789558823465,7.455549675571275
506.7878955882347,7.412360374355177
506.8878955882347,7.369001847880451
506.9878955882347,7.325480006932897
507.08789558823474,7.281800755358561
507.18789558823477,7.23796998876469
507.2878955882348,7.193993593230729
507.3878955882348,7.149877444029739
507.48789558823484,7.1056274043606305
507.58789558823486,7.061249324091537
507.6878955882349,7.016749038514732
507.7878955882349,6.972132367113407
507.8878955882349,6.927405112340679
507.98789558823495,6.882573058411159
508.08789558823497,6.837641970105403
508.187895588235,6.792617591587585
508.287895588235,6.747505645236703
508.38789558823504,6.702311830491624
508.48789558823506,6.657041822710273
508.5878955882351,6.611701272043263
508.6878955882351,6.566295802322247
508.78789558823513,6.520831009963272
508.88789558823515,6.475312462885416
508.9878955882352,6.429745699444948
509.0878955882352,6.384136227385294
509.1878955882352,6.3384895228030445
509.28789558823524,6.2928110291302195
509.38789558823527,6.247106156133077
509.4878955882353,6.2013802789276165
509.5878955882353,6.155638737012062
509.68789558823534,6.109886833316476
509.78789558823536,6.064129833269736
509.8878955882354,6.018372963884041
509.9878955882354,5.97262141285715
510.0878955882354,5.926880327692501
510.18789558823545,5.8811548148374095
510.2878955882355,5.835449938839451
510.3878955882355,5.789770721521233
510.4878955882355,5.744122141173651
510.58789558823554,5.698509131767781
510.68789558823556,5.652936582185524
510.7878955882356,5.607409335469117
510.8878955882356,5.5619321880896235
510.98789558823563,5.516509889234479
511.08789558823565,5.471147140114214
511.1878955882357,5.425848593288394
511.2878955882357,5.380618852010892
511.3878955882357,5.33546246959452
511.48789558823574,5.2903839487951
511.58789558823577,5.245387741215005
511.6878955882358,5.200478246726225
511.7878955882358,5.155659812912977
511.88789558823584,5.1109367345338885
511.98789558823586,5.066313253003766
512.0878955882358,5.021793555894984
512.187895588236,4.977381776458294
512.2878955882359,4.933081993163773
512.387895588236,4.888898229260276
512.4878955882359,4.844834452355882
512.587895588236,4.800894574016266
512.687895588236,4.757082449384152
512.7878955882361,4.713401876816594
512.887895588236,4.6698565975432365
512.9878955882361,4.6264502953422975
513.087895588236,4.58318659623739
513.1878955882362,4.540069068211933
513.2878955882361,4.497101220944235
513.3878955882362,4.454286505560015
513.4878955882361,4.4116283144053945
513.5878955882363,4.3691299808371395
513.6878955882362,4.326794779033165
513.7878955882363,4.284625923820065
513.8878955882362,4.242626570520661
513.9878955882364,4.200799814818351
514.0878955882363,4.159148692641192
514.1878955882364,4.117676180062523
514.2878955882363,4.07638519322104
514.3878955882365,4.035278588257123
514.4878955882364,3.994359161268283
514.5878955882365,3.953629648280573
514.6878955882364,3.913092725238773
514.7878955882366,3.8727510080122096
514.8878955882365,3.832607052418998
514.9878955882366,3.792663354265565
515.0878955882365,3.752922349404209
515.1878955882366,3.7133864138055888
515.2878955882366,3.6740578636488466
515.3878955882367,3.6349389554262648
515.4878955882366,3.5960318860651586
515.5878955882367,3.557338793063889
515.6878955882366,3.5188617546446794
515.7878955882368,3.4806027899201535
515.8878955882367,3.442563859076198
515.9878955882368,3.404746863568147
516.0878955882367,3.367153646332807
516.1878955882369,3.3297859920133726
516.2878955882368,3.2926456271997018
516.3878955882369,3.2557342206810183
516.4878955882368,3.2190533837135056
516.587895588237,3.1826046702998383
516.6878955882369,3.1463895774831196
516.787895588237,3.1104095456522773
516.8878955882369,3.0746659588613467
516.987895588237,3.039160145159744
517.087895588237,3.003893376935891
517.1878955882371,2.9688668712713486
517.287895588237,2.9340817903077667
517.3878955882371,2.8995392416238452
517.487895588237,2.8652402786245896
517.5878955882372,2.831185900940053
517.6878955882371,2.7973770548358425
517.7878955882372,2.7638146336326144
517.8878955882371,2.7304994781367675
517.9878955882373,2.697432377079626
518.0878955882372,2.6646140675672756
518.1878955882373,2.6320452355383654
518.2878955882372,2.5997265162320176
518.3878955882374,2.567658494663184
518.4878955882373,2.5358417061075627
518.5878955882374,2.504276636593444
518.6878955882373,2.4729637234025605
518.7878955882375,2.441903355577354
518.8878955882374,2.4110958744366964
518.9878955882375,2.3805415740975047
519.0878955882374,2.3502407020042706
519.1878955882376,2.3201934594639715
519.2878955882375,2.290400002188333
519.3878955882376,2.2608604408409834
519.4878955882375,2.2315748415914074
519.5878955882376,2.202543226673281
519.6878955882376,2.173765574949079
519.7878955882377,2.1452418224785514
519.8878955882376,2.1169718630929437
519.9878955882377,2.0889555489725944
520.0878955882376,2.0611926912297354
520.1878955882378,2.0336830604941993
520.2878955882377,2.006426387503796
520.3878955882378,1.9794223636971138
520.4878955882377,1.9526706418104858
520.5878955882379,1.926170836476896
520.6878955882378,1.8999225248285536
520.7878955882379,1.8739252471009393
520.8878955882378,1.8481785072400194
520.987895588238,1.82268177351048
521.0878955882379,1.7974344791066417
521.187895588238,1.772436022763945
521.2878955882379,1.7476857693726442
521.387895588238,1.72318305059163
521.487895588238,1.698927165463995
521.5878955882381,1.6749173810323132
521.687895588238,1.651152932955189
521.7878955882381,1.6276330261231198
521.887895588238,1.6043568352751814
521.9878955882382,1.5813235056146195
522.0878955882381,1.558532153424846
522.1878955882382,1.535981866683931
522.2878955882381,1.5136717056790967
522.3878955882383,1.4916007036193277
522.4878955882382,1.4697678672475685
522.5878955882383,1.4481721774506815
522.6878955882382,1.426812589868593
522.7878955882384,1.4056880355008536
522.8878955882383,1.384797421312005
522.9878955882384,1.3641396308340217
523.0878955882383,1.3437135247671923
523.1878955882385,1.3235179415777587
523.2878955882384,1.303551698093638
523.3878955882385,1.2838135900965866
523.4878955882384,1.2643023929121209
523.5878955882386,1.2450168619955766
523.6878955882385,1.2259557335156042
523.7878955882386,1.2071177249335183
523.8878955882385,1.1885015355797761
523.9878955882386,1.170105847226043
524.0878955882386,1.1519293246540931
524.1878955882387,1.1339706162200434
524.2878955882386,1.1162283544151388
524.3878955882387,1.098701156421639
524.4878955882386,1.0813876246649887
524.5878955882388,1.0642863473608637
524.6878955882387,1.0473958990582515
524.7878955882388,1.0307148411771947
524.8878955882387,1.0142417225423421
524.9878955882389,0.9979750799109575
525.0878955882388,0.9819134384965159
525.1878955882389,0.9660553124865838
525.2878955882388,0.9503992055560728
525.387895588239,0.9349436113746128
525.4878955882389,0.9196870141091058
525.587895588239,0.9046278889202468
525.6878955882389,0.8897647024540488
525.787895588239,0.8750959133271906
525.887895588239,0.8606199726072103
525.9878955882391,0.8463353242863937
526.087895588239,0.8322404057503586
526.1878955882391,0.8183336482402204
526.287895588239,0.8046134773093206
526.3878955882392,0.7910783132734367
526.4878955882391,0.7777265716554297
526.5878955882392,0.7645566636232884
526.6878955882391,0.7515669964225062
526.7878955882393,0.7387559738017749
526.8878955882392,0.7261219964329179
526.9878955882393,0.71366346232408
527.0878955882392,0.7013787672270729
527.1878955882394,0.6892663050379259
527.2878955882393,0.6773244681915259
527.3878955882394,0.6655516480494212
527.4878955882393,0.6539462352816596
527.5878955882395,0.6425066202417613
527.6878955882394,0.6312311933356812
527.7878955882395,0.6201183453838909
527.8878955882394,0.609166467977416
527.9878955882396,0.5983739538269884
528.0878955882395,0.5877391971061273
528.1878955882396,0.5772605937873471
528.2878955882395,0.5669365419722774
528.3878955882396,0.5567654422149254
528.4878955882396,0.5467456978388512
528.5878955882397,0.5368757152475102
528.6878955882396,0.5271539042285138
528.7878955882397,0.517578678251095
528.8878955882396,0.5081484547575114
528.9878955882398,0.4988616554476919
529.0878955882397,0.48971670655785093
529.1878955882398,0.4807120391324013
529.2878955882397,0.471846089289865
529.3878955882399,0.46311729848214767
529.4878955882398,0.45452411374785257
529.5878955882399,0.4460649879590293
529.6878955882398,0.4377383800620121
529.78789558824,0.4295427553117678
529.8878955882399,0.4214765855003999
529.98789558824,0.4135383491792359
530.0878955882399,0.4057265318751454
530.18789558824,0.3980396263005276
530.28789558824,0.3904761325576033
530.3878955882401,0.38303455833647504
530.48789558824,0.3757134191075692
530.5878955882401,0.3685112383079505
530.68789558824,0.36142654752210135
530.7878955882402,0.3544578866566854
530.8878955882401,0.34760380410986547
530.9878955882402,0.3408628569347165
531.0878955882401,0.334233610997295
531.1878955882403,0.3277146411289156
531.2878955882402,0.32130453127318875
531.3878955882403,0.31500187462738777
531.4878955882402,0.30880527377868094
531.5878955882404,0.3027133408348212
531.6878955882403,0.29672469754980907
531.7878955882404,0.29083797544414475
531.8878955882403,0.2850518159201663
531.9878955882405,0.2793648703721093
532.0878955882404,0.2737758002913707
532.1878955882405,0.26828327736662916
532.2878955882404,0.2628859835792919
532.3878955882406,0.2575826112939324
532.4878955882405,0.2523718633441821
532.5878955882406,0.24725245311374872
532.6878955882405,0.24222310461301877
532.7878955882406,0.23728255255092545
532.8878955882406,0.23242954240252905
532.9878955882407,0.227662830472007
533.0878955882406,0.2229811839514848
533.1878955882407,0.21838338097542262
533.2878955882406,0.21386821067097345
533.3878955882408,0.20943447320404018
533.4878955882407,0.20508097982143889
533.5878955882408,0.2008065528889074
533.6878955882407,0.19661002592535073
533.7878955882409,0.1924902436330796
533.8878955882408,0.18844606192441973
533.9878955882409,0.18447634794445936
534.0878955882408,0.18057998009030335
534.187895588241,0.1767558480266094
534.2878955882409,0.17300285269776708
534.387895588241,0.16931990633650312
534.4878955882409,0.16570593246926327
534.587895588241,0.1621598659181671
534.687895588241,0.15868065279987165
534.7878955882411,0.15526725052115084
534.887895588241,0.15191862777151913
534.9878955882411,0.14863376451271257
535.087895588241,0.14541165196534478
535.1878955882412,0.1422512925925643
535.2878955882411,0.13915170008101657
535.3878955882412,0.1361118993189467
535.4878955882411,0.13313092637173765
535.5878955882413,0.1302078284547266
535.6878955882412,0.1273416639035862
535.7878955882413,0.12453150214211903
535.8878955882412,0.12177642364774428
535.9878955882414,0.11907551991453205
536.0878955882413,0.11642789341405461
536.1878955882414,0.11383265755391761
536.2878955882413,0.11128893663423094
536.3878955882415,0.10879586580188981
536.4878955882414,0.10635259100291608
536.5878955882415,0.10395826893273738
536.6878955882414,0.10161206698464545
536.7878955882416,0.0993131631963166
536.8878955882415,0.09706074619462811
536.9878955882416,0.09485401513865906
537.0878955882415,0.09269217966110171
537.1878955882416,0.09057445980797528
537.2878955882416,0.08850008597686258
537.3878955882417,0.08646829885356676
537.4878955882416,0.0844783493473978
537.5878955882417,0.082529498524994
537.6878955882416,0.08062101754287988
537.7878955882418,0.07875218757866857
537.8878955882417,0.07692229976110485
537.9878955882418,0.07513065509886044
538.0878955882417,0.07337656440827015
538.1878955882419,0.07165934823992537
538.2878955882418,0.06997833680430575
538.3878955882419,0.06833286989637016
538.4878955882418,0.06672229681928017
538.587895588242,0.06514597630718176
538.6878955882419,0.06360327644721084
538.787895588242,0.06209357460065259
538.8878955882419,0.06061625732341342
538.987895588242,0.059170720285738575
539.087895588242,0.05775636819132811
539.1878955882421,0.0563726146957879
539.287895588242,0.05501888232456132
539.3878955882421,0.053694602390281496
539.487895588242,0.05239921490968433
539.5878955882422,0.051132168520024286
539.6878955882421,0.04989292039512779
539.7878955882422,0.04868093616102852
539.8878955882421,0.047495689811313975
539.9878955882423,0.04633666362213011
540.0878955882422,0.04520334806696764
540.1878955882423,0.044095241731179284
540.2878955882422,0.043011851226347014
540.3878955882424,0.04195269110444899
540.4878955882423,0.04091728377194154
540.5878955882424,0.039905159403708035
540.6878955882423,0.03891585585698341
540.7878955882425,0.037948918585209976
540.8878955882424,0.03700390055192739
540.9878955882425,0.0360803621446545
541.0878955882424,0.03517787108886109
541.1878955882426,0.03429600236198898
541.2878955882425,0.03343433810761641
541.3878955882426,0.03259246754972616
541.4878955882425,0.03176998690716694
541.5878955882426,0.030966499308270622
541.6878955882426,0.030181614705709993
541.7878955882427,0.029414949791561163
541.8878955882426,0.02866612791265138
541.9878955882427,0.027934778986157746
542.0878955882426,0.02722053941553276
542.1878955882428,0.02652305200672485
542.2878955882427,0.025841965884765155
542.3878955882428,0.025176936410689375
542.4878955882427,0.02452762509886346
542.5878955882429,0.0238936995346824
542.6878955882428,0.023274833292707003
542.7878955882429,0.022670705855209514
542.8878955882428,0.022081002531189456
542.987895588243,0.021505414375831138
543.0878955882429,0.02094363811046136
543.187895588243,0.020395376042979172
543.2878955882429,0.019860335988813593
543.387895588243,0.019338231192381615
543.487895588243,0.01882878024909928
543.5878955882431,0.01833170702791938
543.687895588243,0.01784674059444508
543.7878955882431,0.017373615134594268
543.887895588243,0.01691206987886085
543.9878955882432,0.01646184902714828
544.0878955882431,0.016022701674219354
544.1878955882432,0.01559438173573798
544.2878955882431,0.015176647874944098
544.3878955882433,0.014769263429938407
544.4878955882432,0.014371996341615616
544.5878955882433,0.013984619082223216
544.6878955882432,0.013606908584582243
544.7878955882434,0.013238646171947638
544.8878955882433,0.012879617488542296
544.9878955882434,0.012529612430742972
545.0878955882433,0.012188425078949927
545.1878955882435,0.011855853630119095
545.2878955882434,0.011531700330986524
545.3878955882435,0.01121577141196406
545.4878955882434,0.010907877021734578
545.5878955882436,0.010607831162525842
545.6878955882435,0.010315451626089173
545.7878955882436,0.010030559930363156
545.8878955882435,0.009752981256845978
545.9878955882436,0.009482544388657487
546.0878955882436,0.00921908164931276
546.1878955882437,0.00896242884218859
546.2878955882436,0.008712425190703093
546.3878955882437,0.008468913279190209
546.4878955882436,0.00823173899448782
546.5878955882438,0.0080007514682214
546.6878955882437,0.007775803019800647
546.7878955882438,0.007556749100111415
546.8878955882437,0.00734344823591872
546.9878955882439,0.007135761974963662
547.0878955882438,0.006933554831768777
547.1878955882439,0.006736694234134684
547.2878955882438,0.00654505047034171
547.387895588244,0.006358496637039344
547.4878955882439,0.006176908587835987
547.587895588244,0.0060001648825725165
547.6878955882439,0.00582814673729059
547.787895588244,0.005660737974879717
