130.46231355122183,0.02346303543997347
130.56231355122182,0.025073636864170204
130.6623135512218,0.026778435312195453
130.7623135512218,0.02858168265172982
130.8623135512218,0.030487732040987328
130.9623135512218,0.03250103376328637
131.0623135512218,0.03462613047627308
131.16231355122179,0.036867651854746726
131.26231355122178,0.03923030860731683
131.36231355122177,0.04171888584858407
131.46231355122177,0.04433823581018937
131.56231355122176,0.04709326987591742
131.66231355122176,0.049988949928075566
131.76231355122175,0.053030278994597106
131.86231355122175,0.056222291188739816
131.96231355122174,0.05957004093586214
132.06231355122173,0.06307859148456035
132.16231355122173,0.06675300270243545
132.26231355122172,0.07059831815992053
132.36231355122172,0.07461955150893392
132.4623135512217,0.07882167216661962
132.5623135512217,0.08320959031808423
132.6623135512217,0.08778814125582961
132.7623135512217,0.09256206907749379
132.8623135512217,0.09753600976754145
132.96231355122168,0.10271447369266816
133.06231355122168,0.10810182754488133
133.16231355122167,0.1137022757704811
133.26231355122167,0.11951984152745802
133.36231355122166,0.12555834721813633
133.46231355122165,0.1318213946481916
133.56231355122165,0.13831234486744248
133.66231355122164,0.14503429775202312
133.76231355122164,0.1519900713916682
133.86231355122163,0.15918218134985315
133.96231355122163,0.16661281986840026
134.06231355122162,0.17428383509186102
134.16231355122162,0.18219671039048554
134.2623135512216,0.1903525438638599
134.3623135512216,0.19875202811030904
134.4623135512216,0.20739543034988814
134.5623135512216,0.21628257299120185
134.6623135512216,0.22541281473435906
134.76231355122158,0.23478503230407505
134.86231355122158,0.24439760290823878
134.96231355122157,0.25424838751815065
135.06231355122156,0.264334715067083
135.16231355122156,0.2746533676637968
135.26231355122155,0.28520056691714923
135.36231355122155,0.2959719614669282
135.46231355122154,0.3069626158145391
135.56231355122154,0.31816700054513086
135.66231355122153,0.32957898403018027
135.76231355122152,0.34119182569644
135.86231355122152,0.3529981709435088
135.9623135512215,0.3649900477880793
136.0623135512215,0.3771588653081939
136.1623135512215,0.38949541395556875
136.2623135512215,0.4019898677982655
136.3623135512215,0.41463178874969836
136.46231355122148,0.4274101328331877
136.56231355122148,0.44031325852402814
136.66231355122147,0.4533289372033552
136.76231355122147,0.4664443657499997
136.86231355122146,0.47964618128804504
136.96231355122146,0.4929204780989838
137.06231355122145,0.5062528266982499
137.16231355122144,0.5196282950665132
137.26231355122144,0.5330314720165263
137.36231355122143,0.546446492666533
137.46231355122143,0.5598570659813604
137.56231355122142,0.5732465043323464
137.66231355122142,0.5865977550172814
137.7623135512214,0.5998934336715989
137.8623135512214,0.6131158594922127
137.9623135512214,0.6262470921857005
138.0623135512214,0.6392689705430629
138.1623135512214,0.6521631525340678
138.26231355122138,0.6649111568053079
138.36231355122138,0.6774944054575954
138.46231355122137,0.6898942679702428
138.56231355122137,0.7020921061322104
138.66231355122136,0.7140693198330594
138.76231355122135,0.7258073935602062
138.86231355122135,0.7372879434431711
138.96231355122134,0.7484927646803876
139.06231355122134,0.7594038791797421
139.16231355122133,0.7700035832403634
139.26231355122133,0.7802744951003404
139.36231355122132,0.7901996021730058
139.4623135512213,0.7997623077932368
139.5623135512213,0.8089464772948991
139.6623135512213,0.8177364832410997
139.7623135512213,0.8261172496303498
139.8623135512213,0.8340742949040514
139.96231355122129,0.8415937735839213
140.06231355122128,0.8486625163720446
140.16231355122127,0.8552680685511811
140.26231355122127,0.8613987265287387
140.36231355122126,0.8670435723744254
140.46231355122126,0.8721925062089854
140.56231355122125,0.8768362763095746
140.66231355122125,0.8809665068061995
140.76231355122124,0.88457572285318
140.86231355122123,0.8876573731697645
140.96231355122123,0.8902058498547603
141.06231355122122,0.8922165053912984
141.16231355122122,0.8936856667695577
141.2623135512212,0.8946106466673825
141.3623135512212,0.8949897516411524
141.4623135512212,0.8949945373097719
141.5623135512212,0.8949725875441629
141.6623135512212,0.8949338369448304
141.76231355122118,0.8948782876941569
141.86231355122118,0.8948059429204931
141.96231355122117,0.8947168066978637
142.06231355122117,0.8946108840455859
142.16231355122116,0.894488180927797
142.26231355122115,0.8943487042528967
142.36231355122115,0.8941924618728964
142.46231355122114,0.8940194625826845
142.56231355122114,0.8938297161192005
142.66231355122113,0.8936232331605213
142.76231355122113,0.8934000253248603
142.86231355122112,0.8931601051694775
142.96231355122111,0.8929034861895024
143.0623135512211,0.8926301828166685
143.1623135512211,0.892340210417961
143.2623135512211,0.8920335852941761
143.3623135512211,0.8917103246783946
143.4623135512211,0.8913704467343675
143.56231355122108,0.8910139705548142
143.66231355122108,0.8906409161596361
143.76231355122107,0.8902513044940418
143.86231355122106,0.8898451574265879
143.96231355122106,0.8894224977471324
144.06231355122105,0.8889833491647046
144.16231355122105,0.8885277363052873
144.26231355122104,0.8880556847095159
144.36231355122104,0.8875672208302924
144.46231355122103,0.8870623720303141
144.56231355122102,0.8865411665795198
144.66231355122102,0.8860036336524506
144.762313551221,0.885449803325529
144.862313551221,0.8848797065742539
144.962313551221,0.8842933752703132
145.062313551221,0.883690842178614
145.162313551221,0.8830721409542318
145.26231355122098,0.8824373061392767
145.36231355122098,0.8817863731596799
145.46231355122097,0.8811193783218992
145.56231355122097,0.8804363588095435
145.66231355122096,0.8797373526799184
145.76231355122096,0.8790223988604922
145.86231355122095,0.8782915371452833
145.96231355122094,0.8775448081911684
146.06231355122094,0.8767822535141134
146.16231355122093,0.8760039154853271
146.26231355122093,0.8752098373273369
146.36231355122092,0.8744000631099897
146.46231355122092,0.8735746377463752
146.5623135512209,0.8727336069886747
146.6623135512209,0.8718770174239353
146.7623135512209,0.8710049164697692
146.8623135512209,0.870117352369979
146.9623135512209,0.8692143741901117
147.06231355122088,0.8682960318129371
147.16231355122088,0.8673623759338566
147.26231355122087,0.8664134580562396
147.36231355122086,0.8654493304866895
147.46231355122086,0.8644700463302387
147.56231355122085,0.8634756594854748
147.66231355122085,0.8624662246395973
147.76231355122084,0.8614417972634067
147.86231355122084,0.8604024336062246
147.96231355122083,0.8593481906907481
148.06231355122083,0.8582791263078371
148.16231355122082,0.8571952990112359
148.2623135512208,0.8560967681122299
148.3623135512208,0.8549835936742382
148.4623135512208,0.8538558365073414
148.5623135512208,0.8527135581627483
148.6623135512208,0.8515568209271986
148.76231355122079,0.8503856878173051
148.86231355122078,0.8492002225738337
148.96231355122077,0.8480004896559259
149.06231355122077,0.846786554235259
149.16231355122076,0.8455584821901488
149.26231355122076,0.8443163400995959
149.36231355122075,0.8430601952372717
149.46231355122075,0.8417901155654516
149.56231355122074,0.8405061697288889
149.66231355122073,0.8392084270486376
149.76231355122073,0.8378969575158178
149.86231355122072,0.8365718317853301
149.96231355122072,0.8352331211695164
150.0623135512207,0.8338808976317695
150.1623135512207,0.8325152337800911
150.2623135512207,0.8311362028606011
150.3623135512207,0.8297438787509958
150.4623135512207,0.828338335953959
150.56231355122068,0.8269196495905251
150.66231355122068,0.8254878953933953
150.76231355122067,0.8240431497002075
150.86231355122067,0.822585489446762
150.96231355122066,0.8211149921602015
151.06231355122065,0.8196317359521489
151.16231355122065,0.8181357995118022
151.26231355122064,0.816627262098987
151.36231355122064,0.8151062035371687
151.46231355122063,0.8135727042064248
151.56231355122063,0.8120268450363772
151.66231355122062,0.8104687074990875
151.76231355122061,0.8088983736019131
151.8623135512206,0.8073159258803284
151.9623135512206,0.8057214473907098
152.0623135512206,0.8041150217030852
152.1623135512206,0.8024967328938509
152.2623135512206,0.8008666655384534
152.36231355122058,0.7992249047040421
152.46231355122057,0.7975715359420875
152.56231355122057,0.7959066452809715
152.66231355122056,0.7942303192185469
152.76231355122056,0.792542644714669
152.86231355122055,0.7908437091836988
152.96231355122055,0.7891336004869806
153.06231355122054,0.7874124069252925
153.16231355122054,0.7856802172312727
153.26231355122053,0.7839371205618219
153.36231355122052,0.7821832064904818
153.46231355122052,0.7804185649997918
153.5623135512205,0.7786432864736248
153.6623135512205,0.7768574616895019
153.7623135512205,0.7750611818108875
153.8623135512205,0.7732545383794671
153.9623135512205,0.771437623307406
154.06231355122048,0.769610528869591
154.16231355122048,0.7677733476958587
154.26231355122047,0.7659261727632058
154.36231355122047,0.7640690973879871
154.46231355122046,0.7622022152180999
154.56231355122046,0.7603256202251568
154.66231355122045,0.7584394066966462
154.76231355122044,0.7565436692280829
154.86231355122044,0.7546385027151497
154.96231355122043,0.7527240023458293
155.06231355122043,0.7508002635925299
155.16231355122042,0.748867382204203
155.26231355122042,0.7469254541984556
155.3623135512204,0.7449745758536576
155.4623135512204,0.7430148437010451
155.5623135512204,0.7410463545168208
155.6623135512204,0.7390692053142514
155.7623135512204,0.7370834933357645
155.86231355122038,0.7350893160450443
155.96231355122038,0.7330867711191286
156.06231355122037,0.7310759564405055
156.16231355122036,0.729056970089215
156.26231355122036,0.7270299103349505
156.36231355122035,0.7249948756291665
156.46231355122035,0.7229519645971907
156.56231355122034,0.7209012760303407
156.66231355122034,0.718842908878049
156.76231355122033,0.7167769622399941
156.86231355122032,0.7147035353582404
156.96231355122032,0.7126227276093873
157.0623135512203,0.7105346384967284
157.1623135512203,0.7084393676424211
157.2623135512203,0.7063370147796687
157.3623135512203,0.7042276797449146
157.4623135512203,0.7021114624700495
157.56231355122029,0.6999884629746339
157.66231355122028,0.6978587813581345
157.76231355122027,0.6957225177921782
157.86231355122027,0.6935797725128201
157.96231355122026,0.6914306458128323
158.06231355122026,0.6892752380340086
158.16231355122025,0.6871136495594892
158.26231355122025,0.6849459808061059
158.36231355122024,0.6827723322167475
158.46231355122023,0.6805928042527462
158.56231355122023,0.678407497386288
158.66231355122022,0.6762165120928448
158.76231355122022,0.6740199488436307
158.8623135512202,0.6718179080980836
158.9623135512202,0.6696104902963715
159.0623135512202,0.6673977958519255
159.1623135512202,0.6651799251439998
159.2623135512202,0.6629569785102588
159.36231355122018,0.6607290562393938
159.46231355122018,0.6584962585637671
159.56231355122017,0.6562586856520884
159.66231355122017,0.65401643760212
159.76231355122016,0.6517696144334134
159.86231355122015,0.6495183160800795
159.96231355122015,0.6472626423835899
160.06231355122014,0.6450026930856128
160.16231355122014,0.6427385678208822
160.26231355122013,0.6404703661101031
160.36231355122013,0.6381981873528906
160.46231355122012,0.6359221308207467
160.56231355122011,0.6336422956500734
160.6623135512201,0.6313587808352228
160.7623135512201,0.6290716852215864
160.8623135512201,0.6267811074987224
160.9623135512201,0.6244871461935225
161.0623135512201,0.6221898996634191
161.16231355122008,0.619889466089633
161.26231355122007,0.6175859434704626
161.36231355122007,0.615279429614614
161.46231355122006,0.6129700221345753
161.56231355122006,0.6106578184400326
161.66231355122005,0.6083429157313301
161.76231355122005,0.6060254109929741
161.86231355122004,0.6037054009871827
161.96231355122003,0.6013829822474798
162.06231355122003,0.5990582510723356
162.16231355122002,0.5967313035188533
162.26231355122002,0.5944022353965025
162.36231355122,0.592071142260901
162.46231355122,0.5897381194076433
162.56231355122,0.5874032618661787
162.66231355122,0.5850666643937382
162.76231355122,0.5827284214693098
162.86231355121998,0.5803886272876656
162.96231355121998,0.5780473757534375
163.06231355121997,0.5757047604752458
163.16231355121997,0.5733608747598767
163.26231355121996,0.5710158116065144
163.36231355121996,0.5686696637010228
163.46231355121995,0.5663225234102817
163.56231355121994,0.5639744827765754
163.66231355121994,0.561625633512035
163.76231355121993,0.5592760669931343
163.86231355121993,0.5569258742552404
163.96231355121992,0.5545751459872189
164.06231355121992,0.5522239725260939
164.1623135512199,0.5498724438517638
164.2623135512199,0.5475206495817727
164.3623135512199,0.5451686789661385
164.4623135512199,0.5428166208822358
164.5623135512199,0.5404645638297384
164.66231355121988,0.5381125959256163
164.76231355121988,0.5357608048991916
164.86231355121987,0.5334092780872522
164.96231355121986,0.5310581024292226
165.06231355121986,0.5287073644623943
165.16231355121985,0.5263571503172138
165.26231355121985,0.5240075457126302
165.36231355121984,0.5216586359515017
165.46231355121984,0.5193105059160618
165.56231355121983,0.5169632400634443
165.66231355121982,0.5146169224212698
165.76231355121982,0.5122716365832903
165.8623135512198,0.5099274657050961
165.9623135512198,0.5075844924998825
166.0623135512198,0.5052427992342762
166.1623135512198,0.5029024677242249
166.2623135512198,0.5005635793309454
166.36231355121978,0.4982262149569362
166.46231355121978,0.4958904550420476
166.56231355121977,0.49355637955961756
166.66231355121977,0.49122406801266566
166.76231355121976,0.4888935994301523
166.86231355121976,0.4865650523632971
166.96231355121975,0.48423850488196096
167.06231355121975,0.4819140345710907
167.16231355121974,0.47959171852722476
167.26231355121973,0.4772716333550625
167.36231355121973,0.47495385516409566
167.46231355121972,0.4726384595653022
167.56231355121972,0.47032552166790365
167.6623135512197,0.46801511607618385
167.7623135512197,0.46570731688637246
167.8623135512197,0.46340219768358876
167.9623135512197,0.4610998315388514
168.0623135512197,0.4588002910061481
168.16231355121968,0.4565036481195705
168.26231355121968,0.45420997439051064
168.36231355121967,0.451919340804921
168.46231355121967,0.44963181782063766
168.56231355121966,0.4473474753647651
168.66231355121965,0.44506638283112593
168.76231355121965,0.4427886090777718
168.86231355121964,0.44051422242455807
168.96231355121964,0.43824329065078027
169.06231355121963,0.435975880992875
169.16231355121963,0.4337120601421816
169.26231355121962,0.4314518942427676
169.36231355121961,0.42919544888931627
169.4623135512196,0.42694278912507666
169.5623135512196,0.4246939794398759
169.6623135512196,0.42244908376819396
169.7623135512196,0.4202081654873003
169.8623135512196,0.41797128741545225
169.96231355121958,0.41573851181015614
170.06231355121957,0.41350990036648927
170.16231355121957,0.4112855142154838
170.26231355121956,0.4090654139225724
170.36231355121956,0.4068496594860943
170.46231355121955,0.4046383103358641
170.56231355121955,0.4024314253317994
170.66231355121954,0.4002290627626111
170.76231355121953,0.3980312803445534
170.86231355121953,0.39583813522023414
170.96231355121952,0.39364968395748584
171.06231355121952,0.3914659825482965
171.1623135512195,0.3892870864078001
171.2623135512195,0.3871130503733267
171.3623135512195,0.3849439287035124
171.4623135512195,0.3827797750774676
171.5623135512195,0.3806206425940047
171.66231355121948,0.37846658377092446
171.76231355121948,0.3763176505443609
171.86231355121947,0.3741738942681834
171.96231355121947,0.3720353657134579
172.06231355121946,0.3699021150679651
172.16231355121946,0.3677741919357762
172.26231355121945,0.36565164533688516
172.36231355121944,0.36353452370689876
172.46231355121944,0.3614228748967824
172.56231355121943,0.35931674617266185
172.66231355121943,0.35721618421568185
172.76231355121942,0.3551212351219194
172.86231355121942,0.35303194440235286
172.9623135512194,0.35094835698288546
173.0623135512194,0.3488705172044239
173.1623135512194,0.34679846882301135
173.2623135512194,0.34473225501001364
173.3623135512194,0.34267191835235983
173.46231355121938,0.3406175008528359
173.56231355121938,0.3385690439304308
173.66231355121937,0.336526588420736
173.76231355121936,0.33449017457639635
173.86231355121936,0.33245984206761314
173.96231355121935,0.33043562998269904
174.06231355121935,0.3284175768286832
174.16231355121934,0.3264057205319682
174.26231355121934,0.3244000984390359
174.36231355121933,0.32240074731720514
174.46231355121932,0.32040770335543683
174.56231355121932,0.31842100216519037
174.6623135512193,0.31644067878132665
174.7623135512193,0.3144667676630614
174.8623135512193,0.31249930269496523
174.9623135512193,0.31053831718801156
175.0623135512193,0.3085838438806719
175.16231355121928,0.3066359149400573
175.26231355121928,0.30469456196310685
175.36231355121927,0.30275981597782126
175.46231355121927,0.3008317074445425
175.56231355121926,0.29891026625727807
175.66231355121926,0.2969955217450698
175.76231355121925,0.2950875026734075
175.86231355121924,0.29318623724568477
175.96231355121924,0.2912917531046998
176.06231355121923,0.2894040773341981
176.16231355121923,0.2875232364604574
176.26231355121922,0.28564925645391487
176.36231355121922,0.2837821627308355
176.4623135512192,0.28192198015502196
176.5623135512192,0.2800687330395642
176.6623135512192,0.27822244514863
176.7623135512192,0.2763831396992942
176.8623135512192,0.274550839363408
176.96231355121918,0.27272556626950634
177.06231355121918,0.27090734200475336
177.16231355121917,0.2690961876169262
177.26231355121917,0.26729212361643573
177.36231355121916,0.26549516997838374
177.46231355121915,0.2637053461446571
177.56231355121915,0.26192267102605704
177.66231355121914,0.26014716300446444
177.76231355121914,0.25837883993503946
177.86231355121913,0.2566177191484558
177.96231355121913,0.25486381745316905
178.06231355121912,0.25311715113771777
178.1623135512191,0.25137773597305857
178.2623135512191,0.2496455872149322
178.3623135512191,0.24792071960626336
178.4623135512191,0.2462031473795901
178.5623135512191,0.24449288425952592
178.66231355121909,0.2427899434652509
178.76231355121908,0.2410943377130339
178.86231355121907,0.2394060792187836
178.96231355121907,0.23772517970062895
179.06231355121906,0.2360516503815276
179.16231355121906,0.2343855019919034
179.26231355121905,0.23272674477231012
179.36231355121905,0.23107538847612316
179.46231355121904,0.2294314423722573
179.56231355121903,0.22779491524791087
179.66231355121903,0.22616581541133535
179.76231355121902,0.22454415069462966
179.86231355121902,0.2229299284565597
179.962313551219,0.22132315558540164
180.062313551219,0.21972383850180832
180.162313551219,0.21813198316169996
180.262313551219,0.2165475950591761
180.362313551219,0.2149706792294505
180.46231355121898,0.21340124025180773
180.56231355121898,0.21183928225258028
180.66231355121897,0.2102848089081468
180.76231355121897,0.2087378234479505
180.86231355121896,0.20719832865753704
180.96231355121895,0.20566632688161154
181.06231355121895,0.2041418200271147
181.16231355121894,0.20262480956631673
181.26231355121894,0.20111529653992924
181.36231355121893,0.19961328156023445
181.46231355121893,0.1981187648142307
181.56231355121892,0.1966317460667952
181.66231355121892,0.1951522246638615
181.7623135512189,0.19368019953561325
181.8623135512189,0.1922156691996923
181.9623135512189,0.19075863176442134
182.0623135512189,0.18930908493204066
182.1623135512189,0.18786702600195784
182.26231355121888,0.18643245187401128
182.36231355121888,0.18500535905174556
182.46231355121887,0.18358574364569916
182.56231355121886,0.18217360137670383
182.66231355121886,0.1807689275791949
182.76231355121885,0.17937171720453257
182.86231355121885,0.17798196482433304
182.96231355121884,0.17659966463381024
183.06231355121884,0.17522481045512572
183.16231355121883,0.17385739574074852
183.26231355121882,0.1724974135768227
183.36231355121882,0.17114485668654336
183.4623135512188,0.1697997174335402
183.5623135512188,0.16846198782526775
183.6623135512188,0.1671316595164028
183.7623135512188,0.16580872381224782
183.8623135512188,0.1644931716721402
183.96231355121878,0.16318499371286702
184.06231355121878,0.16188418021208467
184.16231355121877,0.16059072111174305
184.26231355121877,0.1593046060215139
184.36231355121876,0.15802582422222278
184.46231355121876,0.15675436466928439
184.56231355121875,0.15549021599614077
184.66231355121874,0.1542333665177021
184.76231355121874,0.1529838042337891
184.86231355121873,0.15174151683257772
184.96231355121873,0.15050649169404468
185.06231355121872,0.14927871589341396
185.16231355121872,0.14805817620460388
185.2623135512187,0.14684485910367392
185.3623135512187,0.1456387507722718
185.4623135512187,0.1444398371010794
185.5623135512187,0.1432481036932576
185.6623135512187,0.14206353586789006
185.76231355121868,0.14088611866342485
185.86231355121868,0.13971583684111397
185.96231355121867,0.13855267488845038
186.06231355121866,0.13739661702260175
186.16231355121866,0.13624764719384164
186.26231355121865,0.13510574908897635
186.36231355121865,0.13397090613476803
186.46231355121864,0.1328431015013534
186.56231355121864,0.131722318105658
186.66231355121863,0.1306085386148049
186.76231355121863,0.12950174544951873
186.86231355121862,0.12840192078752316
186.9623135512186,0.12730904656693307
187.0623135512186,0.12622310448964008
187.1623135512186,0.1251440760246909
187.2623135512186,0.12407194241165974
187.3623135512186,0.12300668466401216
187.46231355121859,0.12194828357246208
187.56231355121858,0.12089671970832058
187.66231355121857,0.1198519734268364
187.76231355121857,0.11881402487052774
187.86231355121856,0.11778285397250547
187.96231355121856,0.11675844045978691
188.06231355121855,0.11574076385660026
188.16231355121855,0.11472980348767924
188.26231355121854,0.11372553848154773
188.36231355121853,0.11272794777379402
188.46231355121853,0.11173701011033446
188.56231355121852,0.11075270405066634
188.66231355121852,0.10977500797110967
188.7623135512185,0.10880390006803708
188.8623135512185,0.10783935836109286
188.9623135512185,0.10688136069639921
189.0623135512185,0.10592988474975114
189.1623135512185,0.10498490802979817
189.26231355121848,0.1040464078812139
189.36231355121848,0.10311436148785248
189.46231355121847,0.10218874587589166
189.56231355121847,0.10126953791696312
189.66231355121846,0.10035671433126847
189.76231355121845,0.09945025169068146
189.86231355121845,0.09855012642183693
189.96231355121844,0.09765631480920431
190.06231355121844,0.09676879299814747
190.16231355121843,0.09588753699796942
190.26231355121843,0.09501252268494233
190.36231355121842,0.09414372580532199
190.46231355121841,0.09328112197834772
190.5623135512184,0.09242468669922575
190.6623135512184,0.09157439534209785
190.7623135512184,0.09073022316299321
190.8623135512184,0.08989214530276488
190.9623135512184,0.08906013679000949
191.06231355121838,0.08823417254397069
191.16231355121838,0.08741422737742613
191.26231355121837,0.08660027599955725
191.36231355121836,0.08579229301880238
191.46231355121836,0.08499025294569268
191.56231355121835,0.08419413019567086
191.66231355121835,0.08340389909189219
191.76231355121834,0.08261953386800809
191.86231355121834,0.08184100867093222
191.96231355121833,0.08106829756358826
192.06231355121832,0.08030137452763984
192.16231355121832,0.07954021346620249
192.2623135512183,0.07878478820653703
192.3623135512183,0.07803507250272465
192.4623135512183,0.07729104003832357
192.5623135512183,0.07655266442900681
192.6623135512183,0.0758199192251812
192.76231355121828,0.07509277791458786
192.86231355121828,0.07437121392488304
192.96231355121827,0.0736552006262004
193.06231355121827,0.07294471133369379
193.16231355121826,0.07223971931006078
193.26231355121826,0.07154019776804674
193.36231355121825,0.07084611987292946
193.46231355121824,0.07015745874498412
193.56231355121824,0.06947418746192859
193.66231355121823,0.06879627906134894
193.76231355121823,0.06812370654310518
193.86231355121822,0.06745644287171695
193.96231355121822,0.06679446097872932
194.0623135512182,0.06613773376505841
194.1623135512182,0.065486234103317
194.2623135512182,0.06483993484011982
194.3623135512182,0.06419880879836863
194.4623135512182,0.06356282877951704
194.56231355121818,0.0629319675658149
194.66231355121818,0.06230619792253227
194.76231355121817,0.061685492600162845
194.86231355121816,0.061069824336607195
194.96231355121816,0.060459165859334967
195.06231355121815,0.059853489887526846
195.16231355121815,0.05925276913419584
195.26231355121814,0.058656976308287825
195.36231355121814,0.05806608411676145
195.46231355121813,0.05748006526664738
195.56231355121812,0.05689889246708663
195.66231355121812,0.056322538431348476
195.7623135512181,0.05575097587882722
195.8623135512181,0.05518417753701842
195.9623135512181,0.05462211614347438
196.0623135512181,0.0540647644477385
196.1623135512181,0.05351209521325926
196.26231355121809,0.052964081219282984
196.36231355121808,0.052420695262726115
196.46231355121807,0.051881910160026606
196.56231355121807,0.051347698748974296
196.66231355121806,0.050818033890520815
196.76231355121806,0.05029288847056849
196.86231355121805,0.04977223540173856
196.96231355121805,0.04925604762511865
197.06231355121804,0.04874429811198948
197.16231355121803,0.048236959865530914
197.26231355121803,0.047734005922507206
197.36231355121802,0.04723540935493174
197.46231355121802,0.04674114327171102
197.562313551218,0.04625118082026813
197.662313551218,0.04576549518814557
197.762313551218,0.04528405960458763
197.862313551218,0.04480684734210212
197.962313551218,0.04433383171800184
198.06231355121798,0.04386498609592559
198.16231355121798,0.043400283887338555
198.26231355121797,0.042939698553012856
198.36231355121797,0.042483203604487374
198.46231355121796,0.04203077260550755
198.56231355121795,0.04158237917344509
198.66231355121795,0.041137996980697415
198.76231355121794,0.04069759975606703
198.86231355121794,0.04026116128612117
198.96231355121793,0.039828655416531154
199.06231355121793,0.0394000560533921
199.16231355121792,0.03897533716452277
199.26231355121791,0.038554472780745704
199.3623135512179,0.03813743699714754
199.4623135512179,0.037724203974320046
199.5623135512179,0.037314747939581255
199.6623135512179,0.036909043188177434
199.7623135512179,0.03650706408446553
199.86231355121788,0.036108785063076375
199.96231355121787,0.035714180630058615
200.06231355121787,0.035323225364003646
200.16231355121786,0.034935893917151274
200.26231355121786,0.03455216101647664
200.36231355121785,0.03417200146475805
200.46231355121785,0.03379539014162612
200.56231355121784,0.03342230200459433
200.66231355121784,0.03305271209007062
200.76231355121783,0.03268659551435086
200.86231355121782,0.032323927474593596
200.96231355121782,0.03196468324977655
201.0623135512178,0.03160883820163499
201.1623135512178,0.0312563677755818
201.2623135512178,0.0309072475016095
201.3623135512178,0.03056145299517449
201.4623135512178,0.0302189599580633
201.56231355121778,0.02987974417924109
201.66231355121778,0.029543781535682663
201.76231355121777,0.029211047993185746
201.86231355121777,0.028881519607166978
201.96231355121776,0.028555172523440555
202.06231355121776,0.028231982978979622
202.16231355121775,0.027911927302660552
202.26231355121774,0.027594981915990323
202.36231355121774,0.027281123333816912
202.46231355121773,0.02697032816502294
202.56231355121773,0.02666257311320268
202.66231355121772,0.026357834977322504
202.76231355121772,0.02605609065236497
202.8623135512177,0.025757317129956388
202.9623135512177,0.025461491498978455
203.0623135512177,0.025168590946163583
203.1623135512177,0.02487859275667445
203.2623135512177,0.02459147431466752
203.36231355121768,0.02430721310384096
203.46231355121768,0.02402578670796697
203.56231355121767,0.02374717281140847
203.66231355121766,0.02347134919962056
203.76231355121766,0.02319829375963677
203.86231355121765,0.02292798448054
203.96231355121765,0.022660399453918668
204.06231355121764,0.02239551687430787
204.16231355121764,0.02213331503961575
204.26231355121763,0.02187377235153538
204.36231355121762,0.021616867315942045
204.46231355121762,0.021362578543276122
204.5623135512176,0.021110884748911807
204.6623135512176,0.02086176475351165
204.7623135512176,0.020615197483367063
204.8623135512176,0.020371161970725055
204.9623135512176,0.020129637354101098
205.06231355121758,0.01989060287857852
205.16231355121758,0.019654037896094274
205.26231355121757,0.019419921865711398
205.36231355121757,0.019188234353878286
205.46231355121756,0.018958955034674783
205.56231355121756,0.018732063690045327
205.66231355121755,0.01850754021001924
205.76231355121755,0.018285364592918383
205.86231355121754,0.018065516945552033
205.96231355121753,0.017847977483399474
206.06231355121753,0.017632726530780195
206.16231355121752,0.01741974452101189
206.26231355121752,0.01720901199655634
206.3623135512175,0.017000509609153423
206.4623135512175,0.016794218119943256
206.5623135512175,0.016590118399576696
206.6623135512175,0.016388191428314217
206.7623135512175,0.016188418296113442
206.86231355121748,0.015990780202705328
206.96231355121748,0.015795258457659167
207.06231355121747,0.01560183448043658
207.16231355121747,0.0154104898004346
207.26231355121746,0.015221206057017989
207.36231355121745,0.015033964999540761
207.46231355121745,0.014848748487357446
207.56231355121744,0.014665538489823684
207.66231355121744,0.014484317086286688
207.76231355121743,0.014305066466065585
207.86231355121743,0.014127768928421632
207.96231355121742,0.013952406882518675
208.06231355121741,0.013778962847373703
208.1623135512174,0.013607419451797893
208.2623135512174,0.013437759434328133
208.3623135512174,0.013269965643149036
208.4623135512174,0.013104021036005827
208.5623135512174,0.012939908680108074
208.66231355121738,0.0127776117520244
208.76231355121737,0.012617113537568225
208.86231355121737,0.012458397431674949
208.96231355121736,0.012301446938270308
209.06231355121736,0.012146245670130241
209.16231355121735,0.011992777348732586
209.26231355121735,0.011841025804100123
209.36231355121734,0.011690974974635863
209.46231355121733,0.011542608906950037
209.56231355121733,0.01139591175567935
209.66231355121732,0.011250867783298292
209.76231355121732,0.011107461359923002
209.8623135512173,0.01096567696310735
209.9623135512173,0.010825499177631778
210.0623135512173,0.01068691269528476
210.1623135512173,0.01054990231463706
210.2623135512173,0.010414452940808935
210.36231355121728,0.01028054958523042
210.46231355121728,0.010148177365394695
210.56231355121727,0.010017321504604812
210.66231355121727,0.00988796733171377
210.76231355121726,0.009760100280858068
210.86231355121726,0.00963370589118494
210.96231355121725,0.009508769806573293
211.06231355121724,0.00938527777534848
211.16231355121724,0.009263215649991005
211.26231355121723,0.009142569386839385
211.36231355121723,0.00902332504578711
211.46231355121722,0.008905468789973872
211.56231355121722,0.00878898688547127
211.6623135512172,0.008673865700962983
211.7623135512172,0.0085600917074195
211.8623135512172,0.00844765147776766
211.9623135512172,0.008336531686554969
212.0623135512172,0.008226719109608828
212.16231355121718,0.008118200623690851
212.26231355121718,0.008010963206146263
212.36231355121717,0.007904993934548582
212.46231355121716,0.007800279986339627
212.56231355121716,0.00769680863846497
212.66231355121715,0.007594567267004961
212.76231355121715,0.007493543346801355
212.86231355121714,0.007393724451079718
212.96231355121714,0.007295098251067703
213.06231355121713,0.007197652515609205
213.16231355121712,0.007101375110774606
213.26231355121712,0.007006253999467131
213.3623135512171,0.0069122772410254735
213.4623135512171,0.00681943299082271
213.5623135512171,0.006727709499861636
213.6623135512171,0.006637095114366682
213.7623135512171,0.006547578275372326
213.86231355121708,0.0064591475183083166
213.96231355121708,0.0063717914725816
214.06231355121707,0.006285498861155212
214.16231355121707,0.0062002585001240396
214.26231355121706,0.0061160592982877115
214.36231355121706,0.006032890256720651
214.46231355121705,0.005950740468339269
214.56231355121704,0.005869599117466567
214.66231355121704,0.0057894554793941205
214.76231355121703,0.005710298919941493
214.86231355121703,0.005632118895013321
214.96231355121702,0.00555490495015397
215.06231355121702,0.005478646720099961
215.162313551217,0.005403333928330205
215.262313551217,0.00532895638661417
215.362313551217,0.005255503994557949
215.462313551217,0.005182966739148467
215.562313551217,0.005111334694295762
215.66231355121698,0.005040598020373511
215.76231355121698,0.004970746963757817
215.86231355121697,0.004901771856364382
215.96231355121697,0.004833663115184096
216.06231355121696,0.004766411241817133
216.16231355121695,0.00470000682200566
216.26231355121695,0.004634440525165175
216.36231355121694,0.00456970310391455
216.46231355121694,0.004505785393604933
216.56231355121693,0.004442678311847455
216.66231355121693,0.0043803728580398904
216.76231355121692,0.004318860112892329
216.86231355121691,0.004258131237951911
216.9623135512169,0.004198177475126701
217.0623135512169,0.004138990146208738
217.1623135512169,0.004080560652396383
217.2623135512169,0.004022880473816002
217.3623135512169,0.003965941169042967
217.46231355121688,0.003909734374622225
217.56231355121687,0.0038542518045882866
217.66231355121687,0.003799485249984829
217.76231355121686,0.003745426578383948
217.86231355121686,0.0036920677334050687
217.96231355121685,0.003639400734233646
218.06231355121685,0.0035874176751396402
218.16231355121684,0.0035361107249958935
218.26231355121683,0.003485472126796395
218.36231355121683,0.003435494197174558
218.46231355121682,0.003386169325921484
218.56231355121682,0.003337489975504374
218.6623135512168,0.0032894486805850067
218.7623135512168,0.0032420380475384585
218.8623135512168,0.0031952507539720564
218.9623135512168,0.0031490795482445864
219.0623135512168,0.0031035172489858823
219.16231355121678,0.003058556744616793
219.26231355121678,0.0030141909928695755
219.36231355121677,0.0029704130203087762
219.46231355121677,0.002927215921852667
219.56231355121676,0.0028845928602952205
219.66231355121676,0.0028425370658287223
219.76231355121675,0.002801041835567075
219.86231355121674,0.00276010053306977
219.96231355121674,0.0027197065878666357
220.06231355121673,0.0026798534949833914
220.16231355121673,0.002640534814468005
220.26231355121672,0.002601744170917951
220.36231355121672,0.0025634752530083946
220.4623135512167,0.002525721813021299
220.5623135512167,0.0024884776663755626
220.6623135512167,0.002451736691158164
220.7623135512167,0.002415492827656396
220.8623135512167,0.002379740077891188
220.96231355121668,0.00234447250515159
221.06231355121668,0.0023096842335304183
221.16231355121667,0.0022753694474611165
221.26231355121666,0.002241522391255882
221.36231355121666,0.0022081373686450327
221.46231355121665,0.002175208742317724
221.56231355121665,0.0021427309334639904
221.66231355121664,0.0021106984213181625
221.76231355121664,0.002079105742703685
221.86231355121663,0.0020479474915793914
221.96231355121662,0.0020172183185872146
222.06231355121662,0.0019869129306014067
222.1623135512166,0.001957026090279285
222.2623135512166,0.0019275526156135071
222.3623135512166,0.001898487379485935
222.4623135512166,0.001869825309223103
222.5623135512166,0.0018415613861533062
222.66231355121658,0.001813690645165339
222.76231355121658,0.0017862081742689147
222.86231355121657,0.0017591091141567858
222.96231355121657,0.0017323886577685851
223.06231355121656,0.0017060420498564135
223.16231355121656,0.0016800645865521927
223.26231355121655,0.0016544516149368162
223.36231355121654,0.0016291985326111025
223.46231355121654,0.0016043007872685777
223.56231355121653,0.0015797538762701263
223.66231355121653,0.0015555533462204825
223.76231355121652,0.0015316947925466393
223.86231355121652,0.0015081738590781448
223.9623135512165,0.0014849862376293363
224.0623135512165,0.0014621276675835062
224.1623135512165,0.0014395939354790318
224.2623135512165,0.0014173808745974806
224.3623135512165,0.0013954843645537062
224.46231355121648,0.0013739003308879398
224.56231355121648,0.0013526247446599183
224.66231355121647,0.0013316536220450354
224.76231355121647,0.001310983023932542
224.86231355121646,0.0012906090555258123
224.96231355121645,0.0012705278659446782
225.06231355121645,0.001250735647829853
225.16231355121644,0.0012312286369494533
225.26231355121644,0.0012120031118076314
225.36231355121643,0.0011930553932553226
225.46231355121643,0.0011743818441031237
225.56231355121642,0.0011559788687363235
225.6623135512164,0.0011378429127320672
225.7623135512164,0.001119970462478691
225.8623135512164,0.00110235804479722
225.9623135512164,0.0010850022265650435
226.0623135512164,0.001067899614341772
226.16231355121639,0.0010510468539972981
226.26231355121638,0.0010344406303420327
226.36231355121637,0.0010180776667593695
226.46231355121637,0.0010019547248403498
226.56231355121636,0.0009860686040205448
226.66231355121636,0.0009704161412191637
226.76231355121635,0.0009549942104803901
226.86231355121635,0.0009397997226169476
226.96231355121634,0.0009248296248559088
227.06231355121633,0.0009100809004867382
227.16231355121633,0.0008955505685115868
227.26231355121632,0.0008812356832978301
227.36231355121632,0.0008671333342328585
227.4623135512163,0.0008532406453811256
227.5623135512163,0.0008395547751434448
227.6623135512163,0.0008260729159185526
227.7623135512163,0.0008127922937669237
227.8623135512163,0.0007997101680768553
227.96231355121628,0.0007868238312328034
228.06231355121628,0.0007741306082859937
228.16231355121627,0.0007616278566272859
228.26231355121627,0.0007493129656623055
228.36231355121626,0.000737183356488837
228.46231355121625,0.0007252364815764844
228.56231355121625,0.0007134698244485862
228.66231355121624,0.0007018808993663927
228.76231355121624,0.0006904672510155101
228.86231355121623,0.000679226454194592
228.96231355121623,0.0006681561135062923
229.06231355121622,0.00065725386305047
229.16231355121622,0.0006465173661196489
229.2623135512162,0.000635944314896718
229.3623135512162,0.0006255324301548857
229.4623135512162,0.0006152794609598724
229.5623135512162,0.0006051831843743422
229.6623135512162,0.0005952414051645699
229.76231355121618,0.0005854519555093426
229.86231355121618,0.000575812694711084
229.96231355121617,0.0005663215089092057
230.06231355121616,0.0005569763107956752
230.16231355121616,0.0005477750393327983
230.26231355121615,0.0005387156594732099
230.36231355121615,0.0005297961618820694
230.46231355121614,0.0005210145626614522
230.56231355121614,0.000512368903076939
230.66231355121613,0.0005038572492863858
230.76231355121612,0.000495477692070879
230.86231355121612,0.00048722834656786347
230.9623135512161,0.00047910735200644097
231.0623135512161,0.0004711128714448302
231.1623135512161,0.0004632430915099805
231.2623135512161,0.00045549622213933465
231.3623135512161,0.0004478704963247365
231.46231355121608,0.00044036416985846996
231.56231355121608,0.00043297552108142285
231.66231355121607,0.0004257028506333761
231.76231355121607,0.0004185444812054015
231.86231355121606,0.00041149875729436155
231.96231355121606,0.0004045640449595116
232.06231355121605,0.0003977387315811846
232.16231355121604,0.0003910212256215563
232.26231355121604,0.0003844099563874883
232.36231355121603,0.00037790337379542513
232.46231355121603,0.00037149994813835235
232.56231355121602,0.00036519816985479804
232.66231355121602,0.0003589965492998736
232.762313551216,0.0003528936165183392
232.862313551216,0.0003468879210196912
232.962313551216,0.0003409780315552562
233.062313551216,0.000335162535897293
233.162313551216,0.00032944004062007465
233.26231355121598,0.00032380917088296223
233.36231355121598,0.0003182685702154465
233.46231355121597,0.00031281690030414996
233.56231355121596,0.0003074528407817874
233.66231355121596,0.00030217508901806507
233.76231355121595,0.00029698235991251266
233.86231355121595,0.0002918733856892424
233.96231355121594,0.0002868469156936154
234.06231355121594,0.0002819017161908138
234.16231355121593,0.00027703657016630803
234.26231355121593,0.00027225027712819976
234.36231355121592,0.00026754165291144246
234.4623135512159,0.00026290952948392136
234.5623135512159,0.00025835275475438073
234.6623135512159,0.00025387019238219926
234.7623135512159,0.00024946072158898823
234.8623135512159,0.00024512323697201057
234.96231355121589,0.00024085664831940943
235.06231355121588,0.00023665988042723512
235.16231355121587,0.00023253187291825308
235.26231355121587,0.00022847158006253503
235.36231355121586,0.00022447797059981062
235.46231355121586,0.00022055002756357403
235.56231355121585,0.00021668674810693304
235.66231355121585,0.00021288714333019107
235.76231355121584,0.00020915023811014961
235.86231355121583,0.00020547507093112018
235.96231355121583,0.00020186069371763552
236.06231355121582,0.0001983061716688474
236.16231355121582,0.00019481058309460137
236.2623135512158,0.00019137301925317693
236.3623135512158,0.00018799258419068278
236.4623135512158,0.00018466839458209156
236.5623135512158,0.00018139957957390832
236.6623135512158,0.00017818528062846112
236.76231355121578,0.00017502465136979488
236.86231355121578,0.00017191685743117122
236.96231355121577,0.00016886107630414578
237.06231355121577,0.00016585649718922746
237.16231355121576,0.00016290232084809894
237.26231355121575,0.00015999775945738887
237.36231355121575,0.000157142036463987
237.46231355121574,0.00015433438644188937
237.56231355121574,0.00015157405495056008
237.66231355121573,0.00014886029839480193
237.76231355121573,0.0001461923838861235
237.86231355121572,0.00014356958910559023
237.96231355121571,0.00014099120216814936
238.0623135512157,0.0001384565214884164
238.1623135512157,0.0001359648556479137
238.2623135512157,0.00013351552326374826
238.3623135512157,0.0001311078528587182
238.4623135512157,0.00012874118273283598
238.56231355121568,0.00012641486083625803
238.66231355121568,0.0001241282446436106
238.76231355121567,0.00012188070102969796
238.86231355121566,0.00011967160614658217
238.96231355121566,0.0001175003453020288
239.06231355121565,0.00011536631283929742
239.16231355121565,0.00011326891201827596
239.26231355121564,0.00011120755489794154
239.36231355121564,0.00010918166222013895
239.46231355121563,0.00010719066329466505
239.56231355121562,0.00010523399588565058
239.66231355121562,0.00010331110609922314
239.7623135512156,0.000101421448272447
239.8623135512156,9.95644848635249e-05
239.9623135512156,9.773968634324947e-05
240.0623135512156,9.594653108770045e-05
240.1623135512156,9.418450527216714e-05
240.26231355121558,9.24531027662946e-05
240.36231355121558,9.075182503043695e-05
240.46231355121557,8.908018101320983e-05
240.56231355121557,8.743768705023e-05
240.66231355121556,8.582386676403252e-05
240.76231355121556,8.423825096515548e-05
240.86231355121555,8.268037755437989e-05
240.96231355121554,8.114979142611562e-05
241.06231355121554,7.96460443729229e-05
241.16231355121553,7.81686949911597e-05
241.26231355121553,7.671730858774298e-05
241.36231355121552,7.529145708801392e-05
241.46231355121552,7.389071894469975e-05
241.5623135512155,7.251467904795718e-05
241.6623135512155,7.116292863649223e-05
241.7623135512155,6.983506520974168e-05
241.8623135512155,6.853069244111064e-05
241.9623135512155,6.724942009225344e-05
242.06231355121548,6.599086392838789e-05
242.16231355121548,6.475464563463492e-05
242.26231355121547,6.354039273337163e-05
242.36231355121546,6.234773850259037e-05
242.46231355121546,6.117632189525123e-05
242.56231355121545,6.002578745962067e-05
242.66231355121545,5.8895785260586066e-05
242.76231355121544,5.7785970801935914e-05
242.86231355121544,5.669600494959694e-05
242.96231355121543,5.5625553855818125e-05
243.06231355121542,5.4574288884292996e-05
243.16231355121542,5.35418865362101e-05
243.2623135512154,5.2528028377222754e-05
243.3623135512154,5.1532400965328954e-05
243.4623135512154,5.055469577965127e-05
243.5623135512154,4.9594609150109945e-05
243.6623135512154,4.8651842187977355e-05
243.76231355121539,4.772610071730645e-05
243.86231355121538,4.681709520722429e-05
243.96231355121537,4.59245407050808e-05
244.06231355121537,4.504815677044504e-05
244.16231355121536,4.418766740993973e-05
244.26231355121536,4.334280101290445e-05
244.36231355121535,4.251329028788073e-05
244.46231355121535,4.1698872199909186e-05
244.56231355121534,4.089928790862983e-05
