130.46231355122183,0.39830294871459115
130.56231355122182,0.40074688929187424
130.6623135512218,0.40328869873911477
130.7623135512218,0.4059326497462814
130.8623135512218,0.4086831164354688
130.9623135512218,0.41154457019656593
131.0623135512218,0.414521574937585
131.16231355122179,0.4176187817286025
131.26231355122178,0.42084092281954055
131.36231355122177,0.4241928050134824
131.46231355122177,0.4276793023788649
131.56231355122176,0.4313053482857355
131.66231355122176,0.4350759267532942
131.76231355122175,0.4389960630981696
131.86231355122175,0.44307081387530006
131.96231355122174,0.44730525610590294
132.06231355122173,0.45170447578981393
132.16231355122173,0.4562735557024675
132.26231355122172,0.4610175624799468
132.36231355122172,0.46594153299887026
132.4623135512217,0.4710504600613762
132.5623135512217,0.4763492773991134
132.6623135512217,0.4818428440139395
132.7623135512217,0.48753592787693645
132.8623135512217,0.4934331890113879
132.96231355122168,0.49953916198948023
133.06231355122168,0.5058582378766918
133.16231355122167,0.5123946456620927
133.26231355122167,0.5191524332170724
133.36231355122166,0.5261354478293249
133.46231355122165,0.533347316363219
133.56231355122165,0.5407914251019534
133.66231355122164,0.5484708993311062
133.76231355122164,0.5563885827273051
133.86231355122163,0.5645470166197682
133.96231355122163,0.5729484191963203
134.06231355122162,0.5815946647291971
134.16231355122162,0.5904872628994499
134.2623135512216,0.5996273383020291
134.3623135512216,0.6090156102166461
134.4623135512216,0.6186523727322357
134.5623135512216,0.6285374753152585
134.6623135512216,0.638670303914152
134.76231355122158,0.6490497626939408
134.86231355122158,0.659674256496325
134.96231355122157,0.6705416741214528
135.06231355122156,0.6816493725280265
135.16231355122156,0.6929941620483803
135.26231355122155,0.7045722927146598
135.36231355122155,0.7163794417912432
135.46231355122154,0.7284107026070278
135.56231355122154,0.7406605747791681
135.66231355122153,0.7531229559172875
135.76231355122152,0.7657911348940656
135.86231355122152,0.7786577867644622
135.9623135512215,0.7917149694116336
136.0623135512215,0.804954121992869
136.1623135512215,0.8183660652536112
136.2623135512215,0.8319410037718371
136.3623135512215,0.84566853018879
136.46231355122148,0.859537631475271
136.56231355122148,0.8735366972754605
136.66231355122147,0.8876535303625525
136.76231355122147,0.9018753592323916
136.86231355122146,0.9161888528528271
136.96231355122146,0.9305801375776833
137.06231355122145,0.9450348162251164
137.16231355122144,0.9595379893107546
137.26231355122144,0.974074278416401
137.36231355122143,0.9886278516653162
137.46231355122143,1.0031824512651986
137.56231355122142,1.017721423070017
137.66231355122142,1.0322277481018725
137.7623135512214,1.0466840759641256
137.8623135512214,1.061072760067185
137.9623135512214,1.0753758945786607
138.0623135512214,1.0895753530001058
138.1623135512214,1.1036528282633646
138.26231355122138,1.1175898742306452
138.36231355122138,1.1313679484739498
138.46231355122137,1.1449684562014053
138.56231355122137,1.15837279519048
138.66231355122136,1.1715624015810207
138.76231355122135,1.1845187963746073
138.86231355122135,1.1972236324809238
138.96231355122134,1.2096587421467009
139.06231355122134,1.221806184598411
139.16231355122133,1.2336482937262296
139.26231355122133,1.2451677256339404
139.36231355122132,1.2563475058774276
139.4623135512213,1.2671710762132007
139.5623135512213,1.2776223406780811
139.6623135512213,1.287685710821717
139.7623135512213,1.297346149915025
139.8623135512213,1.3065892159599743
139.96231355122129,1.3154011033293287
140.06231355122128,1.3237686828690325
140.16231355122127,1.3316795403008734
140.26231355122127,1.3391220127688268
140.36231355122126,1.3460852233791007
140.46231355122126,1.352559113591282
140.56231355122125,1.3585344733261429
140.66231355122125,1.364002968664528
140.76231355122124,1.3689571670212883
140.86231355122123,1.3733905596883835
140.96231355122123,1.3772975816520203
141.06231355122122,1.3806736285999472
141.16231355122122,1.3835150710467259
141.2623135512212,1.3858192655169166
141.3623135512212,1.387584562738538
141.4623135512212,1.388982562829664
141.5623135512212,1.3903608944905468
141.6623135512212,1.3917295374838314
141.76231355122118,1.3930885394895212
141.86231355122118,1.3944379494717594
141.96231355122117,1.3957778176812465
142.06231355122117,1.3971081956575928
142.16231355122116,1.3984291362315995
142.26231355122115,1.3997406935274757
142.36231355122115,1.4010429229649857
142.46231355122114,1.4023358812615307
142.56231355122114,1.4036196264341632
142.66231355122113,1.404894217801534
142.76231355122113,1.4061597159857744
142.86231355122112,1.40741618291431
142.96231355122111,1.4086636818216103
143.0623135512211,1.409902277250872
143.1623135512211,1.4111320350556364
143.2623135512211,1.4123530224013412
143.3623135512211,1.4135653077668093
143.4623135512211,1.4147689609456708
143.56231355122108,1.415964053047721
143.66231355122108,1.4171506565002165
143.76231355122107,1.4183288450491025
143.86231355122106,1.4194986937601841
143.96231355122106,1.4206602790202263
144.06231355122105,1.4218136785379984
144.16231355122105,1.4229589713452506
144.26231355122104,1.4240962377976312
144.36231355122104,1.4252255595755419
144.46231355122103,1.426347019684931
144.56231355122102,1.4274607024580261
144.66231355122102,1.4285666935540058
144.762313551221,1.4296650799596111
144.862313551221,1.4307559499896982
144.962313551221,1.4318393932877296
145.062313551221,1.4329155008262089
145.162313551221,1.4339843649070538
145.26231355122098,1.4350460791619142
145.36231355122098,1.4361007385524305
145.46231355122097,1.4371484393704348
145.56231355122097,1.4381892792380953
145.66231355122096,1.439223357108005
145.76231355122096,1.4402507732632135
145.86231355122095,1.4412716293172032
145.96231355122094,1.4422860282138106
146.06231355122094,1.4432940742270937
146.16231355122093,1.4442958729611446
146.26231355122093,1.4452915313498462
146.36231355122092,1.4462811576565815
146.46231355122092,1.4472648614738821
146.5623135512209,1.4482427537230325
146.6623135512209,1.4492149466536157
146.7623135512209,1.4501815538430123
146.8623135512209,1.4511426901958453
146.9623135512209,1.452098471943378
147.06231355122088,1.4530490166428585
147.16231355122088,1.453994443176816
147.26231355122087,1.4549348717523092
147.36231355122086,1.4558704239001259
147.46231355122086,1.4568012224739328
147.56231355122085,1.45772739164938
147.66231355122085,1.4586490569231565
147.76231355122084,1.4595663451120011
147.86231355122084,1.4604793843516664
147.96231355122083,1.4613883040958355
148.06231355122083,1.462293235114997
148.16231355122082,1.463194309495272
148.2623135512208,1.4640916606371976
148.3623135512208,1.4649854232544701
148.4623135512208,1.4658757333726378
148.5623135512208,1.4667627283277587
148.6623135512208,1.467646546765009
148.76231355122079,1.4685273286372564
148.86231355122078,1.4694052152035835
148.96231355122077,1.470280349027778
149.06231355122077,1.4711528739767776
149.16231355122076,1.4720229352190746
149.26231355122076,1.4728906792230836
149.36231355122075,1.4737562537554654
149.46231355122075,1.474619807879414
149.56231355122074,1.4754814919529058
149.66231355122073,1.476341457626908
149.76231355122073,1.4771998578435497
149.86231355122072,1.478056846834254
149.96231355122072,1.478912580117836
150.0623135512207,1.4797672144985596
150.1623135512207,1.4806209080641577
150.2623135512207,1.4814738201838207
150.3623135512207,1.4823261115061395
150.4623135512207,1.4831779439570212
150.56231355122068,1.4840294807375631
150.66231355122068,1.4848808863218932
150.76231355122067,1.485732326454974
150.86231355122067,1.486583968150372
150.96231355122066,1.4874359796879895
151.06231355122065,1.4882885306117641
151.16231355122065,1.4891417917273309
151.26231355122064,1.4899959350996497
151.36231355122064,1.4908511340505988
151.46231355122063,1.4917075631565302
151.56231355122063,1.4925653982457951
151.66231355122062,1.4934248163962283
151.76231355122061,1.4942859959326018
151.8623135512206,1.4951491164240414
151.9623135512206,1.4960143586814065
152.0623135512206,1.496881904754639
152.1623135512206,1.4977519379300692
152.2623135512206,1.4986246427276944
152.36231355122058,1.4995002048984118
152.46231355122057,1.5003788114212235
152.56231355122057,1.5012606505003987
152.66231355122056,1.502145911562602
152.76231355122056,1.503034785253982
152.86231355122055,1.5039274634372235
152.96231355122055,1.504824139188559
153.06231355122054,1.5057250067947443
153.16231355122054,1.506630261749991
153.26231355122053,1.5075401007528608
153.36231355122052,1.5084547217031194
153.46231355122052,1.5093743236985453
153.5623135512205,1.5102991070317013
153.6623135512205,1.5112292731866581
153.7623135512205,1.5121650248356764
153.8623135512205,1.5131065658358445
153.9623135512205,1.5140541012256663
154.06231355122048,1.5150078372216078
154.16231355122048,1.515967981214591
154.26231355122047,1.5169347417664398
154.36231355122047,1.5179083286062767
154.46231355122046,1.5188889526268667
154.56231355122046,1.519876825880909
154.66231355122045,1.5208721615772731
154.76231355122044,1.5218751740771796
154.86231355122044,1.5228860788903245
154.96231355122043,1.523905092670943
155.06231355122043,1.5249324332138143
155.16231355122042,1.5259683194502016
155.26231355122042,1.5270129714437308
155.3623135512204,1.5280666103862006
155.4623135512204,1.5291294585933248
155.5623135512204,1.5302017395004075
155.6623135512204,1.53128367765794
155.7623135512204,1.5323754987271299
155.86231355122038,1.533477429475346
155.96231355122038,1.5345896977714921
156.06231355122037,1.5357125325812913
156.16231355122036,1.53684616396249
156.26231355122036,1.5379908230599746
156.36231355122035,1.539146742100796
156.46231355122035,1.540314154389104
156.56231355122034,1.541493294300983
156.66231355122034,1.5426843972791917
156.76231355122033,1.5438876998277977
156.86231355122032,1.5451034395067076
156.96231355122032,1.5463318549260894
157.0623135512203,1.54757318574068
157.1623135512203,1.548827672643977
157.2623135512203,1.550095557362312
157.3623135512203,1.551377082648798
157.4623135512203,1.5526724922771487
157.56231355122029,1.5539820310353658
157.66231355122028,1.5553059447192918
157.76231355122027,1.5566444801260162
157.86231355122027,1.557997885047142
157.96231355122026,1.559366408261898
158.06231355122026,1.5607502995300955
158.16231355122025,1.5621498095849278
158.26231355122025,1.5635651901255985
158.36231355122024,1.5649966938097863
158.46231355122023,1.566444574245924
158.56231355122023,1.5679090859853042
158.66231355122022,1.56939048451399
158.76231355122022,1.570889026244536
158.8623135512202,1.5724049685075059
158.9623135512202,1.573938569542786
159.0623135512202,1.575490088490683
159.1623135512202,1.5770597853828048
159.2623135512202,1.5786479211327098
159.36231355122018,1.5802547575263286
159.46231355122018,1.5818805572121373
159.56231355122017,1.5835255836910882
159.66231355122017,1.5851901013062795
159.76231355122016,1.5868743752323635
159.86231355122015,1.5885786714646808
159.96231355122015,1.5903032568081126
160.06231355122014,1.5920483988656475
160.16231355122014,1.593814366026645
160.26231355122013,1.595601427454796
160.36231355122013,1.597409853075764
160.46231355122012,1.5992399135645015
160.56231355122011,1.6010918803322318
160.6623135512201,1.602966025513083
160.7623135512201,1.604862621950369
160.8623135512201,1.6067819431825012
160.9623135512201,1.6087242634285248
161.0623135512201,1.6106898575732689
161.16231355122008,1.6126790011520944
161.26231355122007,1.6146919703352336
161.36231355122007,1.6167290419117055
161.46231355122006,1.6187904932727983
161.56231355122006,1.620876602395105
161.66231355122005,1.6229876478230985
161.76231355122005,1.625123908651235
161.86231355122004,1.6272856645055729
161.96231355122003,1.6294731955248898
162.06231355122003,1.6316867823412906
162.16231355122002,1.6339267060602856
162.26231355122002,1.6361932482403274
162.36231355122,1.638486690871794
162.46231355122,1.6408073163553987
162.56231355122,1.6431554074800117
162.66231355122,1.6455312473998838
162.76231355122,1.647935119611248
162.86231355121998,1.6503673079282875
162.96231355121998,1.6528280964584505
163.06231355121997,1.6553177695771006
163.16231355121997,1.657836611901474
163.26231355121996,1.6603849082639401
163.36231355121996,1.6629629436845337
163.46231355121995,1.6655710033427507
163.56231355121994,1.6682093725485807
163.66231355121994,1.6708783367127644
163.76231355121993,1.6735781813162485
163.86231355121993,1.6763091918788247
163.96231355121992,1.6790716539269277
164.06231355121992,1.6818658529605743
164.1623135512199,1.6846920744194214
164.2623135512199,1.6875506036479218
164.3623135512199,1.6904417258595525
164.4623135512199,1.6933657261000998
164.5623135512199,1.6963228892099727
164.66231355121988,1.6993134997855217
164.76231355121988,1.702337842139344
164.86231355121987,1.7053962002595475
164.96231355121986,1.7084888577679465
165.06231355121986,1.7116160978771742
165.16231355121985,1.7147782033466714
165.26231355121985,1.7179754564375442
165.36231355121984,1.7212081388662495
165.46231355121984,1.7244765317570865
165.56231355121983,1.7277809155934747
165.66231355121982,1.7311215701679772
165.76231355121982,1.7344987745310556
165.8623135512198,1.7379128069385201
165.9623135512198,1.741363944797649
166.0623135512198,1.7448524646119465
166.1623135512198,1.748378641924515
166.2623135512198,1.7519427512600068
166.36231355121978,1.7555450660651295
166.46231355121978,1.7591858586476676
166.56231355121977,1.7628654001140034
166.66231355121977,1.7665839603050881
166.76231355121976,1.7703418077308481
166.86231355121976,1.7741392095029849
166.96231355121975,1.777976431266139
167.06231355121975,1.7818537371273888
167.16231355121974,1.7857713895840455
167.26231355121973,1.7897296494497144
167.36231355121973,1.7937287757785938
167.46231355121972,1.7977690257879686
167.56231355121972,1.8018506547788717
167.6623135512197,1.8059739160548764
167.7623135512197,1.8101390608389871
167.8623135512197,1.8143463381885914
167.9623135512197,1.8185959949084438
168.0623135512197,1.8228882754616367
168.16231355121968,1.8272234218785361
168.26231355121968,1.8316016736636354
168.36231355121967,1.836023267700301
168.46231355121967,1.8404884381533684
168.56231355121966,1.8449974163695546
168.66231355121965,1.8495504307756554
168.76231355121965,1.8541477067744856
168.86231355121964,1.8587894666385334
168.96231355121964,1.863475929401288
169.06231355121963,1.8682073107462092
169.16231355121963,1.8729838228933042
169.26231355121962,1.8778056744832685
169.36231355121961,1.8826730704591732
169.4623135512196,1.8875862119456448
169.5623135512196,1.8925452961255178
169.6623135512196,1.8975505161139188
169.7623135512196,1.9026020608297534
169.8623135512196,1.9077001148645583
169.96231355121958,1.9128448583486921
170.06231355121957,1.9180364668148255
170.16231355121957,1.9232751110587094
170.26231355121956,1.92856095699718
170.36231355121956,1.9338941655233781
170.46231355121955,1.939274892359153
170.56231355121955,1.9447032879046204
170.66231355121954,1.9501794970848467
170.76231355121953,1.95570365919364
170.86231355121953,1.9612759077344109
170.96231355121952,1.9668963702580933
171.06231355121952,1.9725651681980916
171.1623135512195,1.9782824167022386
171.2623135512195,1.984048224461741
171.3623135512195,1.9898626935370949
171.4623135512195,1.9957259191809607
171.5623135512195,2.0016379896579695
171.66231355121948,2.0075989860614607
171.76231355121948,2.0136089821271295
171.86231355121947,2.0196680440435815
171.96231355121947,2.0257762302597846
172.06231355121946,2.031933591289411
172.16231355121946,2.0381401695120736
172.26231355121945,2.04439599897144
172.36231355121944,2.0507011051702544
172.46231355121944,2.0570555048622405
172.56231355121943,2.063459205840916
172.66231355121943,2.0699122067253186
172.76231355121942,2.0764144967426637
172.86231355121942,2.0829660555079417
172.9623135512194,2.0895668528004854
173.0623135512194,2.096216848337523
173.1623135512194,2.1029159915447506
173.2623135512194,2.109664221323951
173.3623135512194,2.116461465817694
173.46231355121938,2.1233076421711616
173.56231355121938,2.1302026562911376
173.66231355121937,2.1371464026022085
173.76231355121936,2.1441387638002354
173.86231355121936,2.151179610603143
173.96231355121935,2.158268801499098
174.06231355121935,2.165406182492139
174.16231355121934,2.17259158684533
174.26231355121934,2.1798248348215186
174.36231355121933,2.1871057334217774
174.46231355121932,2.194434076121623
174.56231355121932,2.201809642605105
174.6623135512193,2.209232198496864
174.7623135512193,2.216701495092272
174.8623135512193,2.2242172690857633
174.9623135512193,2.231779242297479
175.0623135512193,2.239387121398354
175.16231355121928,2.2470405976337764
175.26231355121928,2.254739346545969
175.36231355121927,2.2624830276952284
175.46231355121927,2.2702712843801933
175.56231355121926,2.278103743357297
175.66231355121926,2.2859800145595743
175.76231355121925,2.293899690815015
175.86231355121924,2.301862347564633
175.96231355121924,2.309867542580465
176.06231355121923,2.317914815683697
176.16231355121923,2.3260036884631257
176.26231355121922,2.3341336639941894
176.36231355121922,2.3423042265587912
176.4623135512192,2.3505148413661527
176.5623135512192,2.358764954274961
176.6623135512192,2.367053991517044
176.7623135512192,2.375381359422868
176.8623135512192,2.3837464441491165
176.96231355121918,2.392148611408641
177.06231355121918,2.400587206203088
177.16231355121917,2.4090615525584926
177.26231355121917,2.4175709532641703
177.36231355121916,2.4261146896152233
177.46231355121915,2.4346920211589924
177.56231355121915,2.443302185445812
177.66231355121914,2.4519443977844064
177.76231355121914,2.460617851002301
177.86231355121913,2.469321715211624
177.96231355121913,2.4780551375806636
178.06231355121912,2.4868172421115995
178.1623135512191,2.4956071294247817
178.2623135512191,2.504423876549989
178.3623135512191,2.5132665367250726
178.4623135512191,2.5221341392024175
178.5623135512191,2.5310256890636533
178.66231355121909,2.5399401670430715
178.76231355121908,2.5488765293601765
178.86231355121907,2.5578337075618647
178.96231355121907,2.5668106083746602
179.06231355121906,2.575806113567515
179.16231355121906,2.584819079825632
179.26231355121905,2.593848338635806
179.36231355121905,2.602892696183776
179.46231355121904,2.611950933264084
179.56231355121903,2.6210218052029344
179.66231355121903,2.630104041794583
179.76231355121902,2.6391963472517364
179.86231355121902,2.6482974001704953
179.962313551219,2.6574058535103458
180.062313551219,2.6665203345897184
180.162313551219,2.675639445097633
180.262313551219,2.6847617611219414
180.362313551219,2.69388583319469
180.46231355121898,2.7030101863551077
180.56231355121898,2.71213332023074
180.66231355121897,2.7212537091372377
180.76231355121897,2.7303698021972886
180.86231355121896,2.739480023479211
180.96231355121895,2.7485827721556877
181.06231355121895,2.7576764226831294
181.16231355121894,2.7667593250021385
181.26231355121894,2.775829804759549
181.36231355121893,2.7848861635524824
181.46231355121893,2.7939266791948807
181.56231355121892,2.8029496060069286
181.66231355121892,2.8119531751277926
181.7623135512189,2.82093559485207
181.8623135512189,2.8298950509903285
181.9623135512189,2.838829707254114
182.0623135512189,2.8477377056657454
182.1623135512189,2.8566171669932463
182.26231355121888,2.8654661912107007
182.36231355121888,2.874282857984304
182.46231355121887,2.8830652271843817
182.56231355121886,2.891811339423581
182.66231355121886,2.9005192166214426
182.76231355121885,2.909186862595526
182.86231355121885,2.9178122636792136
182.96231355121884,2.9263933893663157
183.06231355121884,2.9349281929825364
183.16231355121883,2.9434146123838514
183.26231355121882,2.951850570681789
183.36231355121882,2.960233976995594
183.4623135512188,2.968562727231192
183.5623135512188,2.976834704886852
183.6623135512188,2.985047781885388
183.7623135512188,2.9931998194327147
183.8623135512188,3.0012886689025167
183.96231355121878,3.0093121727467573
184.06231355121878,3.0172681654317053
184.16231355121877,3.0251544743991
184.26231355121877,3.0329689210520576
184.36231355121876,3.0407093217652506
184.46231355121876,3.048373488918851
184.56231355121875,3.0559592319556836
184.66231355121874,3.0634643584609913
184.76231355121874,3.070886675264158
184.86231355121873,3.0782239895616827
184.96231355121873,3.08547411006067
185.06231355121872,3.0926348481420285
185.16231355121872,3.0997040190425325
185.2623135512187,3.106679443054866
185.3623135512187,3.113558946744686
185.4623135512187,3.1203403641837344
185.5623135512187,3.1270215381979534
185.6623135512187,3.1336003216295247
185.76231355121868,3.140074578611709
185.86231355121868,3.146442185855302
185.96231355121867,3.1527010339455144
186.06231355121866,3.158849028647994
186.16231355121866,3.1648840922227213
186.26231355121865,3.170804164744415
186.36231355121865,3.1766072054280996
186.46231355121864,3.182291193958419
186.56231355121864,3.1878541318212417
186.66231355121863,3.1932940436361164
186.76231355121863,3.198608978488044
186.86231355121862,3.2037970112570653
186.9623135512186,3.2088562439440933
187.0623135512186,3.2137848069914288
187.1623135512186,3.218580860596362
187.2623135512186,3.2232425960162505
187.3623135512186,3.227768236863456
187.46231355121859,3.2321560403884986
187.56231355121858,3.2364042987498043
187.66231355121857,3.2405113402683834
187.76231355121857,3.244475530665806
187.86231355121856,3.2482952742838314
187.96231355121856,3.2519690152840512
188.06231355121855,3.255495238825915
188.16231355121855,3.258872472221531
188.26231355121854,3.262099286065636
188.36231355121853,3.2651742953391505
188.46231355121853,3.268096160484767
188.56231355121852,3.2708635884530373
188.66231355121852,3.2734753337174505
188.7623135512185,3.2759301992570435
188.8623135512185,3.27822703750509
188.9623135512185,3.280364751262497
189.0623135512185,3.2823422945745415
189.1623135512185,3.284158673569644
189.26231355121848,3.2858129472589264
189.36231355121848,3.2873042282953446
189.46231355121847,3.288631683691249
189.56231355121847,3.28979453549328
189.66231355121846,3.2907920614135633
189.76231355121845,3.2916235954162403
189.86231355121845,3.292288528258426
189.96231355121844,3.2927863079847604
190.06231355121844,3.293116440374785
190.16231355121843,3.2932784893424487
190.26231355121843,3.293272077287121
190.36231355121842,3.2930968853955656
190.46231355121841,3.2927526538944023
190.5623135512184,3.292239182252662
190.6623135512184,3.2915563293341235
190.7623135512184,3.2907155086793907
190.8623135512184,3.2897742830209147
190.9623135512184,3.2887405705678847
191.06231355121838,3.2876143847150585
191.16231355121838,3.2863957575293012
191.26231355121837,3.2850847397251677
191.36231355121836,3.2836814006315445
191.46231355121836,3.2821858281493914
191.56231355121835,3.2805981287006123
191.66231355121835,3.2789184271681155
191.76231355121834,3.277146866827106
191.86231355121834,3.275283609267685
191.96231355121833,3.2733288343088174
192.06231355121832,3.271282739903749
192.16231355121832,3.269145542036964
192.2623135512183,3.266917474612769
192.3623135512183,3.264598789335601
192.4623135512183,3.2621897555821793
192.5623135512183,3.2596906602655986
192.6623135512183,3.257101807691495
192.76231355121828,3.2544235194064117
192.86231355121828,3.251656134038484
192.96231355121827,3.2488000071306073
193.06231355121827,3.2458555109662024
193.16231355121826,3.242823034387764
193.26231355121826,3.2397029826083164
193.36231355121825,3.2364957770159553
193.46231355121824,3.2332018549716497
193.56231355121824,3.229821669600454
193.66231355121823,3.2263556895763257
193.76231355121823,3.222804398900721
193.86231355121822,3.2191682966751562
193.96231355121822,3.2154478968679214
194.0623135512182,3.211643728075147
194.1623135512182,3.207756333276402
194.2623135512182,3.2037862695850476
194.3623135512182,3.1997341079935304
194.4623135512182,3.1956004331138206
194.56231355121818,3.1913858429132196
194.66231355121818,3.1870909484457246
194.76231355121817,3.1827163735791775
194.86231355121816,3.178262754718407
194.96231355121816,3.173730740524574
195.06231355121815,3.1691209916309457
195.16231355121815,3.1644341803553027
195.26231355121814,3.1596709904092157
195.36231355121814,3.1548321166043793
195.46231355121813,3.149918264556262
195.56231355121812,3.1449301503852465
195.66231355121812,3.139868500415515
195.7623135512181,3.134734050871874
195.8623135512181,3.129527547574743
195.9623135512181,3.12424974563352
196.0623135512181,3.1189014091385445
196.1623135512181,3.1134833108518625
196.26231355121809,3.107996231897005
196.36231355121808,3.102440961447995
196.46231355121807,3.0968182964177893
196.56231355121807,3.0911290411463512
196.66231355121806,3.0853740070885696
196.76231355121806,3.079554012502213
196.86231355121805,3.073669882136121
196.96231355121805,3.067722446918827
197.06231355121804,3.0617125436478014
197.16231355121803,3.055641014679504
197.26231355121803,3.0495087076204297
197.36231355121802,3.0433164750193265
197.46231355121802,3.0370651740607615
197.562313551218,3.0307556662602195
197.662313551218,3.02438881716088
197.762313551218,3.0179654960322644
197.862313551218,3.0114865755708906
197.962313551218,3.0049529316031127
198.06231355121798,2.998365442790276
198.16231355121798,2.9917249903363605
198.26231355121797,2.985032457698225
198.36231355121797,2.9782887302986247
198.46231355121796,2.9714946952421086
198.56231355121795,2.9646512410339425
198.66231355121795,2.957759257302173
198.76231355121794,2.9508196345229587
198.86231355121794,2.9438332637492803
198.96231355121793,2.9368010363431436
199.06231355121793,2.9297238437113724
199.16231355121792,2.922602577045105
199.26231355121791,2.9154381270630783
199.3623135512179,2.9082313837587965
199.4623135512179,2.9009832361516716
199.5623135512179,2.8936945720422127
199.6623135512179,2.886366277771341
199.7623135512179,2.87899923798391
199.86231355121788,2.871594335396493
199.96231355121787,2.864152450569488
200.06231355121787,2.856674461683626
200.16231355121786,2.8491612443209084
200.26231355121786,2.841613671250037
200.36231355121785,2.83403261221638
200.46231355121785,2.8264189337365053
200.56231355121784,2.8187734988973268
200.66231355121784,2.811097167159888
200.76231355121783,2.8033907941678122
200.86231355121782,2.795655231560444
200.96231355121782,2.787891326790695
201.0623135512178,2.780099922947614
201.1623135512178,2.7722818585836886
201.2623135512178,2.7644379675468906
201.3623135512178,2.756569078817461
201.4623135512178,2.7486760163494375
201.56231355121778,2.740759598916923
201.66231355121778,2.732820639965084
201.76231355121777,2.72485994746587
201.86231355121777,2.716878323778438
201.96231355121776,2.7088765655142666
202.06231355121776,2.700855463406937
202.16231355121775,2.6928158021865634
202.26231355121774,2.6847583604588365
202.36231355121774,2.676683910588662
202.46231355121773,2.6685932185883545
202.56231355121773,2.6604870440103543
202.66231355121772,2.652366139844437
202.76231355121772,2.644231252419364
202.8623135512177,2.636083121308945
202.9623135512177,2.6279224792424607
203.0623135512177,2.6197500520194072
203.1623135512177,2.6115665584285055
203.2623135512177,2.603372710170934
203.36231355121768,2.5951692117877347
203.46231355121768,2.5869567605913266
203.56231355121767,2.5787360466010893
203.66231355121766,2.570507752482951
203.76231355121766,2.562272553492923
203.86231355121765,2.554031117424526
203.96231355121765,2.5457841045600462
204.06231355121764,2.537532167625562
204.16231355121764,2.529275951749677
204.26231355121763,2.5210160944258946
204.36231355121762,2.5127532254785785
204.46231355121762,2.504487967032427
204.5623135512176,2.496220933485391
204.6623135512176,2.487952731484988
204.7623135512176,2.4796839599079252
204.8623135512176,2.471415209842976
204.9623135512176,2.4631470645770395
205.06231355121758,2.454880099584319
205.16231355121758,2.446614882518543
205.26231355121757,2.4383519732081647
205.36231355121757,2.430091923654481
205.46231355121756,2.4218352780325834
205.56231355121756,2.4135825726950895
205.66231355121755,2.40533433617858
205.76231355121755,2.3970910892126676
205.86231355121754,2.3888533447316402
205.96231355121753,2.380621607888603
206.06231355121753,2.3723963760720563
206.16231355121752,2.3641781389248324
206.26231355121752,2.355967378365342
206.3623135512175,2.3477645686110415
206.4623135512175,2.339570176204078
206.5623135512175,2.3313846600390224
206.6623135512175,2.3232084713926473
206.7623135512175,2.3150420539556693
206.86231355121748,2.3068858438664015
206.96231355121748,2.298740269746244
207.06231355121747,2.290605752736963
207.16231355121747,2.2824827065396756
207.26231355121746,2.2743715374555014
207.36231355121745,2.266272644427804
207.46231355121745,2.258186419085973
207.56231355121744,2.2501132457906765
207.66231355121744,2.2420535016805383
207.76231355121743,2.2340075567201723
207.86231355121743,2.225975773749519
207.96231355121742,2.2179585085344384
208.06231355121741,2.2099561098184863
208.1623135512174,2.201968919375837
208.2623135512174,2.19399727206529
208.3623135512174,2.1860414958853087
208.4623135512174,2.1781019120300456
208.5623135512174,2.170178834946298
208.66231355121738,2.1622725723913434
208.76231355121737,2.154383425491616
208.86231355121737,2.146511688802161
208.96231355121736,2.13865765036684
209.06231355121736,2.13082159177922
209.16231355121735,2.123003788244118
209.26231355121735,2.1152045086397533
209.36231355121734,2.1074240155804564
209.46231355121733,2.0996625654799064
209.56231355121733,2.0919204086148455
209.66231355121732,2.084197789189232
209.76231355121732,2.0764949453987995
209.8623135512173,2.0688121094959797
209.9623135512173,2.0611495078551463
210.0623135512173,2.053507361038154
210.1623135512173,2.0458858838601333
210.2623135512173,2.038285285455503
210.36231355121728,2.030705769344174
210.46231355121728,2.0231475334979034
210.56231355121727,2.0156107704067803
210.66231355121727,2.0080956671457915
210.76231355121726,2.000602405441467
210.86231355121726,1.993131161738545
210.96231355121725,1.985682107266653
211.06231355121724,1.9782554081069625
211.16231355121724,1.970851225258798
211.26231355121723,1.963469714706175
211.36231355121723,1.956111027484239
211.46231355121722,1.9487753097455813
211.56231355121722,1.9414627028264149
211.6623135512172,1.9341733433125798
211.7623135512172,1.926907363105362
211.8623135512172,1.9196648894871025
211.9623135512172,1.9124460451865792
212.0623135512172,1.9052509484441387
212.16231355121718,1.8980797130765603
212.26231355121718,1.8909324485416406
212.36231355121717,1.8838092600024696
212.46231355121716,1.8767102483913938
212.56231355121716,1.8696355104736424
212.66231355121715,1.8625851389106052
212.76231355121715,1.8555592223227482
212.86231355121714,1.84855784535215
212.96231355121714,1.841581088724648
213.06231355121713,1.8346290293115817
213.16231355121712,1.827701740191121
213.26231355121712,1.8207992907091672
213.3623135512171,1.8139217465398167
213.4623135512171,1.8070691697453751
213.5623135512171,1.8002416188359174
213.6623135512171,1.7934391488283765
213.7623135512171,1.7866618113051607
213.86231355121708,1.7799096544722819
213.96231355121708,1.7731827232169977
214.06231355121707,1.7664810591649502
214.16231355121707,1.7598047007368
214.26231355121706,1.7531536832043504
214.36231355121706,1.7465280387461497
214.46231355121705,1.7399277965025726
214.56231355121704,1.7333529826303724
214.66231355121704,1.7268036203566988
214.76231355121703,1.7202797300325803
214.86231355121703,1.713781329185861
214.96231355121702,1.7073084325735992
215.06231355121702,1.70086105223391
215.162313551217,1.6944391975372624
215.262313551217,1.688042875237221
215.362313551217,1.6816720895206334
215.462313551217,1.6753268420572576
215.562313551217,1.6690071320488322
215.66231355121698,1.6627129562775882
215.76231355121698,1.6564443091541963
215.86231355121697,1.6502011827651546
215.96231355121697,1.6439835669196143
216.06231355121696,1.6377914491956427
216.16231355121695,1.6316248149859236
216.26231355121695,1.625483647542897
216.36231355121694,1.6193679280233388
216.46231355121694,1.6132776355323766
216.56231355121693,1.6072127471669495
216.66231355121693,1.6011732380587116
216.76231355121692,1.5951590814163716
216.86231355121691,1.5891702485674888
216.9623135512169,1.583206708999705
217.0623135512169,1.5772684304014315
217.1623135512169,1.5713553787019898
217.2623135512169,1.5654675181111986
217.3623135512169,1.5596048111584206
217.46231355121688,1.5537672187310716
217.56231355121687,1.5479547001125848
217.66231355121687,1.5421672130198434
217.76231355121686,1.5364047136400805
217.86231355121686,1.5306671566672472
217.96231355121685,1.5249544953378595
218.06231355121685,1.5192666814663172
218.16231355121684,1.5136036654797071
218.26231355121683,1.50796539645209
218.36231355121683,1.5023518221382772
218.46231355121682,1.4967628890070948
218.56231355121682,1.4911985422741496
218.6623135512168,1.4856587259340923
218.7623135512168,1.4801433827923827
218.8623135512168,1.4746524544965658
218.9623135512168,1.4691858815670615
219.0623135512168,1.4637436034274658
219.16231355121678,1.4583255584343762
219.26231355121678,1.4529316839067423
219.36231355121677,1.447561916154746
219.46231355121677,1.4422161905082147
219.56231355121676,1.4368944413445697
219.66231355121676,1.4315966021163276
219.76231355121675,1.4263226053781375
219.86231355121674,1.4210723828133776
219.96231355121674,1.4158458652603072
220.06231355121673,1.4106429827377778
220.16231355121673,1.4054636644705123
220.26231355121672,1.4003078389139552
220.36231355121672,1.3951754337786972
220.4623135512167,1.3900663760544782
220.5623135512167,1.3849805920337808
220.6623135512167,1.3799180073350057
220.7623135512167,1.3748785469252465
220.8623135512167,1.3698621351426636
220.96231355121668,1.364868695718457
221.06231355121668,1.3598981517984554
221.16231355121667,1.3549504259643097
221.26231355121666,1.3500254402543104
221.36231355121666,1.3451231161838253
221.46231355121665,1.340243374765366
221.56231355121665,1.3353861365282835
221.66231355121664,1.3305513215381024
221.76231355121664,1.3257388494154978
221.86231355121663,1.3209486393549144
221.96231355121662,1.3161806101428384
222.06231355121662,1.3114346801757255
222.1623135512166,1.3067107674775855
222.2623135512166,1.302008789717235
222.3623135512166,1.2973286642252146
222.4623135512166,1.292670308010384
222.5623135512166,1.288033637776191
222.66231355121658,1.283418569936624
222.76231355121658,1.2788250206318532
222.86231355121657,1.27425290574356
222.96231355121657,1.269702140909962
223.06231355121656,1.265172641540541
223.16231355121656,1.2606643228304713
223.26231355121655,1.2561770997747566
223.36231355121654,1.2517108871820837
223.46231355121654,1.2472655996883881
223.56231355121653,1.2428411517701419
223.66231355121653,1.238437457757369
223.76231355121652,1.2340544318463873
223.86231355121652,1.2296919881122836
223.9623135512165,1.2253500405211286
224.0623135512165,1.2210285029419297
224.1623135512165,1.2167272891583332
224.2623135512165,1.212446312880071
224.3623135512165,1.2081854877541638
224.46231355121648,1.2039447273758797
224.56231355121648,1.199723945299455
224.66231355121647,1.195523055048575
224.76231355121647,1.1913419701266303
224.86231355121646,1.1871806040267392
224.96231355121645,1.1830388702415453
225.06231355121645,1.1789166822727999
225.16231355121644,1.17481395364072
225.26231355121644,1.170730597893139
225.36231355121643,1.1666665286144409
225.46231355121643,1.1626216594342929
225.56231355121642,1.1585959040361713
225.6623135512164,1.1545891761656897
225.7623135512164,1.1506013896387268
225.8623135512164,1.1466324583493657
225.9623135512164,1.1426822962776384
226.0623135512164,1.1387508174970868
226.16231355121639,1.1348379361821366
226.26231355121638,1.1309435666152947
226.36231355121637,1.127067623194163
226.46231355121637,1.1232100204382849
226.56231355121636,1.1193706729958146
226.66231355121636,1.1155494956500192
226.76231355121635,1.111746403325617
226.86231355121635,1.1079613110949527
226.96231355121634,1.1041941341840076
227.06231355121633,1.1004447879782626
227.16231355121633,1.0967131880283978
227.26231355121632,1.092999250055844
227.36231355121632,1.089302889958188
227.4623135512163,1.0856240238144264
227.5623135512163,1.0819625678900804
227.6623135512163,1.0783184386421685
227.7623135512163,1.0746915527240384
227.8623135512163,1.0710818269900668
227.96231355121628,1.0674891785002243
228.06231355121628,1.0639135245245073
228.16231355121627,1.0603547825472461
228.26231355121627,1.0568128702712827
228.36231355121626,1.0532877056220262
228.46231355121625,1.049779206751388
228.56231355121625,1.0462872920415969
228.66231355121624,1.0428118801088964
228.76231355121624,1.0393528898071296
228.86231355121623,1.035910240231209
228.96231355121623,1.0324838507204792
229.06231355121622,1.029073640861967
229.16231355121622,1.0256795304935296
229.2623135512162,1.022301439706897
229.3623135512162,1.0189392888506126
229.4623135512162,1.015592998532871
229.5623135512162,1.0122624896242638
229.6623135512162,1.0089476832604232
229.76231355121618,1.0056485008445737
229.86231355121618,1.0023648640499938
229.96231355121617,0.9990966948223816
230.06231355121616,0.9958439153821369
230.16231355121616,0.9926064482265536
230.26231355121615,0.9893842161319278
230.36231355121615,0.9861771421555814
230.46231355121614,0.982985149637805
230.56231355121614,0.9798081622037206
230.66231355121613,0.9766461037650648
230.76231355121612,0.9734988985218969
230.86231355121612,0.9703664709642287
230.9623135512161,0.9672487458735844
231.0623135512161,0.9641456483244862
231.1623135512161,0.9610571036858678
231.2623135512161,0.9579830376224219
231.3623135512161,0.9549233760958781
231.46231355121608,0.9518780453662143
231.56231355121608,0.9488469719928049
231.66231355121607,0.9458300828355027
231.76231355121607,0.9428273050556617
231.86231355121606,0.9398385661170974
231.96231355121606,0.9368637937869879
232.06231355121605,0.9339029161367168
232.16231355121604,0.9309558615426597
232.26231355121604,0.9280225586869145
232.36231355121603,0.9251029365579778
232.46231355121603,0.9221969244513677
232.56231355121602,0.9193044519701943
232.66231355121602,0.9164254490256806
232.762313551216,0.9135598458376325
232.862313551216,0.9107075729348603
232.962313551216,0.9078685611555538
233.062313551216,0.9050427416476101
233.162313551216,0.9022300458689158
233.26231355121598,0.8994304055875861
233.36231355121598,0.8966437528821606
233.46231355121597,0.8938700201417541
233.56231355121596,0.8911091400661715
233.66231355121596,0.8883610456659772
233.76231355121595,0.885625670262528
233.86231355121595,0.882902947487968
233.96231355121594,0.8801928112851837
234.06231355121594,0.8774951959077252
234.16231355121593,0.8748100359196905
234.26231355121593,0.8721372661955744
234.36231355121592,0.8694768219200859
234.4623135512159,0.8668286385879292
234.5623135512159,0.8641926520035558
234.6623135512159,0.8615687982808825
234.7623135512159,0.8589570138429814
234.8623135512159,0.8563572354217371
234.96231355121589,0.8537694000574774
235.06231355121588,0.8511934450985739
235.16231355121587,0.8486293082010168
235.26231355121587,0.8460769273279612
235.36231355121586,0.8435362407492476
235.46231355121586,0.8410071870408987
235.56231355121585,0.8384897050845878
235.66231355121585,0.8359837340670871
235.76231355121584,0.8334892134796905
235.86231355121583,0.8310060831176136
235.96231355121583,0.8285342830793712
236.06231355121582,0.826073753766135
236.16231355121582,0.8236244358810695
236.2623135512158,0.8211862704286456
236.3623135512158,0.8187591987139378
236.4623135512158,0.8163431623419006
236.5623135512158,0.813938103216625
236.6623135512158,0.8115439635405796
236.76231355121578,0.8091606858138319
236.86231355121578,0.8067882128332541
236.96231355121577,0.8044264876917114
237.06231355121577,0.8020754537772351
237.16231355121576,0.7997350547721797
237.26231355121575,0.7974052346523649
237.36231355121575,0.7950859376862038
237.46231355121574,0.792777108433817
237.56231355121574,0.7904786917461315
237.66231355121573,0.7881906327639685
237.76231355121573,0.7859128769171182
237.86231355121572,0.7836453699234006
237.96231355121571,0.7813880577877171
238.0623135512157,0.7791408868010877
238.1623135512157,0.7769038035396807
238.2623135512157,0.7746767548638274
238.3623135512157,0.772459687917031
238.4623135512157,0.770252550124963
238.56231355121568,0.76805528919445
238.66231355121568,0.7658678531124531
238.76231355121567,0.7636901901450367
238.86231355121566,0.7615222488363301
238.96231355121566,0.759363978007481
239.06231355121565,0.7572153267555997
239.16231355121565,0.755076244452698
239.26231355121564,0.7529466807446198
239.36231355121564,0.7508265855499651
239.46231355121563,0.7487159090590071
239.56231355121562,0.7466146017326045
239.66231355121562,0.7445226143011061
239.7623135512156,0.7424398977632514
239.8623135512156,0.7403664033850647
239.9623135512156,0.7383020826987442
240.0623135512156,0.7362468875015479
240.1623135512156,0.7342007698546724
240.26231355121558,0.7321636820821299
240.36231355121558,0.7301355767696198
240.46231355121557,0.7281164067633961
240.56231355121557,0.7261061251691335
240.66231355121556,0.7241046853507872
240.76231355121556,0.7221120409294516
240.86231355121555,0.7201281457822162
240.96231355121554,0.7181529540410176
241.06231355121554,0.7161864200914908
241.16231355121553,0.7142284985718161
241.26231355121553,0.7122791443715656
241.36231355121552,0.7103383126305486
241.46231355121552,0.7084059587376522
241.5623135512155,0.7064820383296844
241.6623135512155,0.7045665072902133
241.7623135512155,0.7026593217484061
241.8623135512155,0.7007604380778667
241.9623135512155,0.6988698128954747
242.06231355121548,0.6969874030602194
242.16231355121548,0.6951131656720392
242.26231355121547,0.6932470580706557
242.36231355121546,0.6913890378344101
242.46231355121546,0.6895390627791003
242.56231355121545,0.6876970909568167
242.66231355121545,0.6858630806547785
242.76231355121544,0.6840369903941717
242.86231355121544,0.6822187789289865
242.96231355121543,0.6804084052448569
243.06231355121542,0.678605828557899
243.16231355121542,0.6768110083135519
243.2623135512154,0.6750239041854215
243.3623135512154,0.6732444760741201
243.4623135512154,0.6714726841061134
243.5623135512154,0.6697084886325664
243.6623135512154,0.6679518502281893
243.76231355121539,0.6662027296900884
243.86231355121538,0.664461088036617
243.96231355121537,0.6627268865062272
244.06231355121537,0.6610000865563268
244.16231355121536,0.6592806498621359
244.26231355121536,0.657568538315545
244.36231355121535,0.6558637140239786
244.46231355121535,0.6541661393092589
244.56231355121534,0.6524757767064718
