130.46231355122183,0.2748399132746177
130.56231355122182,0.2756732524277041
130.6623135512218,0.27651026342691937
130.7623135512218,0.2773509670945516
130.8623135512218,0.2781953843944815
130.9623135512218,0.27904353643327956
131.0623135512218,0.279895444461312
131.16231355122179,0.2807511298738558
131.26231355122178,0.2816106142122238
131.36231355122177,0.28247391916489833
131.46231355122177,0.2833410665686756
131.56231355122176,0.2842120784098181
131.66231355122176,0.28508697682521866
131.76231355122175,0.2859657841035725
131.86231355122175,0.28684852268656025
131.96231355122174,0.2877352151700408
132.06231355122173,0.2886258843052536
132.16231355122173,0.2895205530000321
132.26231355122172,0.2904192443200263
132.36231355122172,0.2913219814899364
132.4623135512217,0.2922287878947566
132.5623135512217,0.2931396870810292
132.6623135512217,0.2940547027581099
132.7623135512217,0.2949738587994427
132.8623135512217,0.29589717924384645
132.96231355122168,0.2968246882968121
133.06231355122168,0.29775641033181044
133.16231355122167,0.2986923698916116
133.26231355122167,0.2996325916896143
133.36231355122166,0.3005771006111886
133.46231355122165,0.30152592171502735
133.56231355122165,0.302479080234511
133.66231355122164,0.30343660157908303
133.76231355122164,0.3043985113356369
133.86231355122163,0.3053648352699151
133.96231355122163,0.3063355993279201
134.06231355122162,0.3073108296373361
134.16231355122162,0.3082905525089643
134.2623135512216,0.3092747944381692
134.3623135512216,0.31026358210633703
134.4623135512216,0.3112569423823476
134.5623135512216,0.3122549023240567
134.6623135512216,0.313257489179793
134.76231355122158,0.3142647303898658
134.86231355122158,0.3152766535880863
134.96231355122157,0.31629328660330225
135.06231355122156,0.31731465746094356
135.16231355122156,0.3183407943845835
135.26231355122155,0.3193717257975106
135.36231355122155,0.32040748032431504
135.46231355122154,0.3214480867924887
135.56231355122154,0.3224935742340373
135.66231355122153,0.3235439718871073
135.76231355122152,0.3245993091976256
135.86231355122152,0.3256596158209534
135.9623135512215,0.32672492162355427
136.0623135512215,0.3277952566846751
136.1623135512215,0.32887065129804244
136.2623135512215,0.3299511359735716
136.3623135512215,0.3310367414390916
136.46231355122148,0.3321274986420833
136.56231355122148,0.3332234387514323
136.66231355122147,0.33432459315919727
136.76231355122147,0.3354309934823919
136.86231355122146,0.3365426715647822
136.96231355122146,0.33765965947869947
137.06231355122145,0.3387819895268665
137.16231355122144,0.33990969424424144
137.26231355122144,0.3410428063998748
137.36231355122143,0.3421813589987832
137.46231355122143,0.34332538528383816
137.56231355122142,0.34447491873767044
137.66231355122142,0.3456299930845911
137.7623135512214,0.3467906422925266
137.8623135512214,0.3479569005749723
137.9623135512214,0.34912880239296007
138.0623135512214,0.35030638245704293
138.1623135512214,0.3514896757292968
138.26231355122138,0.35267871742533724
138.36231355122138,0.35387354301635426
138.46231355122137,0.3550741882311625
138.56231355122137,0.3562806890582697
138.66231355122136,0.35749308174796113
138.76231355122135,0.35871140281440095
138.86231355122135,0.3599356890377525
138.96231355122134,0.3611659774663131
139.06231355122134,0.36240230541866886
139.16231355122133,0.3636447104858661
139.26231355122133,0.3648932305335999
139.36231355122132,0.3661479037044218
139.4623135512213,0.36740876841996384
139.5623135512213,0.3686758633831819
139.6623135512213,0.36994922758061716
139.7623135512213,0.371228900284675
139.8623135512213,0.3725149210559229
139.96231355122129,0.37380732974540726
140.06231355122128,0.3751061664969878
140.16231355122127,0.3764114717496922
140.26231355122127,0.37772328624008794
140.36231355122126,0.3790416510046752
140.46231355122126,0.38036660738229655
140.56231355122125,0.38169819701656804
140.66231355122125,0.3830364618583285
140.76231355122124,0.3843814441681084
140.86231355122123,0.38573318651861893
140.96231355122123,0.38709173179726
141.06231355122122,0.38845712320864884
141.16231355122122,0.38982940427716806
141.2623135512212,0.39120861884953395
141.3623135512212,0.3925948110973854
141.4623135512212,0.39398802551989204
141.5623135512212,0.39538830694638377
141.6623135512212,0.39679570053900104
141.76231355122118,0.3982102517953643
141.86231355122118,0.3996320065512662
141.96231355122117,0.40106101098338276
142.06231355122117,0.40249731161200686
142.16231355122116,0.40394095530380236
142.26231355122115,0.4053919892745789
142.36231355122115,0.40685046109208917
142.46231355122114,0.4083164186788461
142.56231355122114,0.40978991031496254
142.66231355122113,0.41127098464101264
142.76231355122113,0.4127596906609139
142.86231355122112,0.41425607774483225
142.96231355122111,0.4157601956321077
143.0623135512211,0.41727209443420343
143.1623135512211,0.4187918246376754
143.2623135512211,0.4203194371071651
143.3623135512211,0.4218549830884147
143.4623135512211,0.4233985142113032
143.56231355122108,0.4249500824929069
143.66231355122108,0.42650974034058026
143.76231355122107,0.42807754055506064
143.86231355122106,0.4296535363335961
143.96231355122106,0.43123778127309387
144.06231355122105,0.43283032937329385
144.16231355122105,0.43443123503996334
144.26231355122104,0.4360405530881151
144.36231355122104,0.4376583387452494
144.46231355122103,0.4392846476546168
144.56231355122102,0.44091953587850635
144.66231355122102,0.4425630599015552
144.762313551221,0.44421527663408206
144.862313551221,0.44587624341544424
144.962313551221,0.44754601801741645
145.062313551221,0.4492246586475947
145.162313551221,0.45091222395282193
145.26231355122098,0.4526087730226374
145.36231355122098,0.4543143653927505
145.46231355122097,0.45602906104853536
145.56231355122097,0.4577529204285517
145.66231355122096,0.45948600442808674
145.76231355122096,0.4612283744027212
145.86231355122095,0.4629800921719197
145.96231355122094,0.464741220022642
146.06231355122094,0.46651182071298025
146.16231355122093,0.4682919574758173
146.26231355122093,0.4700816940225092
146.36231355122092,0.47188109454659155
146.46231355122092,0.47369022372750685
146.5623135512209,0.47550914673435773
146.6623135512209,0.4773379292296804
146.7623135512209,0.47917663737324295
146.8623135512209,0.4810253378258662
146.9623135512209,0.4828840977532662
147.06231355122088,0.4847529848299212
147.16231355122088,0.48663206724295915
147.26231355122087,0.4885214136960694
147.36231355122086,0.4904210934134363
147.46231355122086,0.4923311761436941
147.56231355122085,0.49425173216390517
147.66231355122085,0.4961828322835591
147.76231355122084,0.49812454784859433
147.86231355122084,0.5000769507454417
147.96231355122083,0.5020401134050873
148.06231355122083,0.5040141088071598
148.16231355122082,0.505999010484036
148.2623135512208,0.5079948925249677
148.3623135512208,0.5100018295802319
148.4623135512208,0.5120198968652964
148.5623135512208,0.5140491701650102
148.6623135512208,0.5160897258378104
148.76231355122079,0.5181416408199512
148.86231355122078,0.5202049926297497
148.96231355122077,0.522279859371852
149.06231355122077,0.5243663197415186
149.16231355122076,0.5264644530289257
149.26231355122076,0.5285743391234877
149.36231355122075,0.5306960585181935
149.46231355122075,0.5328296923139623
149.56231355122074,0.5349753222240169
149.66231355122073,0.5371330305782703
149.76231355122073,0.5393029003277316
149.86231355122072,0.5414850150489239
149.96231355122072,0.5436794589483195
150.0623135512207,0.5458863168667899
150.1623135512207,0.5481056742840666
150.2623135512207,0.5503376173232195
150.3623135512207,0.5525822327551437
150.4623135512207,0.5548396080030621
150.56231355122068,0.5571098311470378
150.66231355122068,0.5593929909284977
150.76231355122067,0.5616891767547664
150.86231355122067,0.56399847870361
150.96231355122066,0.5663209875277879
151.06231355122065,0.5686567946596153
151.16231355122065,0.5710059922155286
151.26231355122064,0.5733686730006627
151.36231355122064,0.5757449305134299
151.46231355122063,0.5781348589501054
151.56231355122063,0.5805385532094178
151.66231355122062,0.5829561088971407
151.76231355122061,0.5853876223306888
151.8623135512206,0.5878331905437129
151.9623135512206,0.5902929112906965
152.0623135512206,0.5927668830515535
152.1623135512206,0.5952552050362183
152.2623135512206,0.5977579771892408
152.36231355122058,0.6002753001943697
152.46231355122057,0.6028072754791358
152.56231355122057,0.6053540052194272
152.66231355122056,0.607915592344055
152.76231355122056,0.610492140539313
152.86231355122055,0.6130837542535246
152.96231355122055,0.6156905387015784
153.06231355122054,0.6183125998694519
153.16231355122054,0.6209500445187182
153.26231355122053,0.623602980191039
153.36231355122052,0.6262715152126376
153.46231355122052,0.6289557586987534
153.5623135512205,0.6316558205580765
153.6623135512205,0.6343718114971562
153.7623135512205,0.6371038430247888
153.8623135512205,0.6398520274563771
153.9623135512205,0.6426164779182604
154.06231355122048,0.6453973083520168
154.16231355122048,0.6481946335187322
154.26231355122047,0.6510085690032339
154.36231355122047,0.6538392312182895
154.46231355122046,0.6566867374087666
154.56231355122046,0.6595512056557522
154.66231355122045,0.6624327548806268
154.76231355122044,0.6653315048490966
154.86231355122044,0.6682475761751747
154.96231355122043,0.6711810903251135
155.06231355122043,0.6741321696212842
155.16231355122042,0.6771009372459985
155.26231355122042,0.680087517245275
155.3623135512204,0.6830920345325429
155.4623135512204,0.6861146148922797
155.5623135512204,0.6891553849835865
155.6623135512204,0.6922144723436885
155.7623135512204,0.6952920053913652
155.86231355122038,0.6983881134303016
155.96231355122038,0.7015029266523636
156.06231355122037,0.7046365761407857
156.16231355122036,0.707789193873275
156.26231355122036,0.7109609127250242
156.36231355122035,0.7141518664716294
156.46231355122035,0.7173621897919131
156.56231355122034,0.7205920182706421
156.66231355122034,0.7238414884011425
156.76231355122033,0.7271107375878034
156.86231355122032,0.7303999041484672
156.96231355122032,0.7337091273167021
157.0623135512203,0.7370385472439515
157.1623135512203,0.7403883050015557
157.2623135512203,0.7437585425826434
157.3623135512203,0.7471494029038833
157.4623135512203,0.750561029807099
157.56231355122029,0.7539935680607319
157.66231355122028,0.7574471633611571
157.76231355122027,0.760921962333838
157.86231355122027,0.7644181125343219
157.96231355122026,0.7679357624490657
158.06231355122026,0.7714750614960869
158.16231355122025,0.7750361600254384
158.26231355122025,0.7786192093194926
158.36231355122024,0.7822243615930388
158.46231355122023,0.7858517699931779
158.56231355122023,0.7895015885990161
158.66231355122022,0.7931739724211452
158.76231355122022,0.7968690774009052
158.8623135512202,0.8005870604094223
158.9623135512202,0.8043280792464145
159.0623135512202,0.8080922926387576
159.1623135512202,0.8118798602388048
159.2623135512202,0.8156909426224509
159.36231355122018,0.8195257012869347
159.46231355122018,0.82338429864837
159.56231355122017,0.8272668980389996
159.66231355122017,0.8311736637041593
159.76231355122016,0.83510476079895
159.86231355122015,0.8390603553846011
159.96231355122015,0.8430406144245226
160.06231355122014,0.8470457057800347
160.16231355122014,0.8510757982057628
160.26231355122013,0.8551310613446929
160.36231355122013,0.8592116657228733
160.46231355122012,0.8633177827437547
160.56231355122011,0.8674495846821583
160.6623135512201,0.8716072446778602
160.7623135512201,0.8757909367287825
160.8623135512201,0.8800008356837786
160.9623135512201,0.8842371172350021
161.0623135512201,0.8884999579098497
161.16231355122008,0.8927895350624614
161.26231355122007,0.897106026864771
161.36231355122007,0.9014496122970913
161.46231355122006,0.905820471138223
161.56231355122006,0.9102187839550723
161.66231355122005,0.9146447320917682
161.76231355122005,0.9190984976582609
161.86231355122004,0.92358026351839
161.96231355122003,0.9280902132774099
162.06231355122003,0.932628531268955
162.16231355122002,0.9371954025414321
162.26231355122002,0.9417910128438247
162.36231355122,0.946415548610893
162.46231355122,0.9510691969477553
162.56231355122,0.9557521456138327
162.66231355122,0.9604645830061456
162.76231355122,0.9652066981419382
162.86231355121998,0.9699786806406218
162.96231355121998,0.9747807207050131
163.06231355121997,0.9796130091018548
163.16231355121997,0.9844757371415973
163.26231355121996,0.9893690966574256
163.36231355121996,0.9942932799835108
163.46231355121995,0.9992484799324689
163.56231355121994,1.0042348897720053
163.66231355121994,1.0092527032007295
163.76231355121993,1.0143021143231141
163.86231355121993,1.0193833176235843
163.96231355121992,1.0244965079397086
164.06231355121992,1.0296418804344802
164.1623135512199,1.0348196305676576
164.2623135512199,1.0400299540661488
164.3623135512199,1.045273046893414
164.4623135512199,1.050549105217864
164.5623135512199,1.0558583253802343
164.66231355121988,1.0612009038599053
164.76231355121988,1.0665770372401524
164.86231355121987,1.0719869221722953
164.96231355121986,1.077430755338724
165.06231355121986,1.0829087334147798
165.16231355121985,1.0884210530294576
165.26231355121985,1.093967910724914
165.36231355121984,1.0995495029147475
165.46231355121984,1.1051660258410247
165.56231355121983,1.1108176755300303
165.66231355121982,1.1165046477467073
165.76231355121982,1.1222271379477653
165.8623135512198,1.127985341233424
165.9623135512198,1.1337794522977664
166.0623135512198,1.1396096653776702
166.1623135512198,1.1454761742002901
166.2623135512198,1.1513791719290614
166.36231355121978,1.157318851108193
166.46231355121978,1.16329540360562
166.56231355121977,1.1693090205543857
166.66231355121977,1.1753598922924224
166.76231355121976,1.1814482083006956
166.86231355121976,1.1875741571396876
166.96231355121975,1.1937379263841779
167.06231355121975,1.1999397025562981
167.16231355121974,1.2061796710568207
167.26231355121973,1.2124580160946519
167.36231355121973,1.218774920614498
167.46231355121972,1.2251305662226664
167.56231355121972,1.231525133110968
167.6623135512197,1.2379587999786925
167.7623135512197,1.2444317439526145
167.8623135512197,1.2509441405050026
167.9623135512197,1.2574961633695922
168.0623135512197,1.2640879844554884
168.16231355121968,1.2707197737589655
168.26231355121968,1.2773916992731247
168.36231355121967,1.28410392689538
168.46231355121967,1.2908566203327307
168.56231355121966,1.2976499410047895
168.66231355121965,1.3044840479445294
168.76231355121965,1.3113590976967138
168.86231355121964,1.3182752442139754
168.96231355121964,1.3252326387505076
169.06231355121963,1.3322314297533342
169.16231355121963,1.3392717627511226
169.26231355121962,1.3463537802405008
169.36231355121961,1.353477621569857
169.4623135512196,1.3606434228205682
169.5623135512196,1.3678513166856419
169.6623135512196,1.3751014323457247
169.7623135512196,1.382393895342453
169.8623135512196,1.389728827449106
169.96231355121958,1.3971063465385358
170.06231355121957,1.4045265664483362
170.16231355121957,1.4119895968432254
170.26231355121956,1.4194955430746075
170.36231355121956,1.4270445060372836
170.46231355121955,1.4346365820232887
170.56231355121955,1.442271862572821
170.66231355121954,1.4499504343222356
170.76231355121953,1.4576723788490866
170.86231355121953,1.4654377725141765
170.96231355121952,1.4732466863006073
171.06231355121952,1.481099185649795
171.1623135512195,1.4889953302944385
171.2623135512195,1.4969351740884143
171.3623135512195,1.5049187648335824
171.4623135512195,1.512946144103493
171.5623135512195,1.521017347063965
171.66231355121948,1.5291324022905364
171.76231355121948,1.5372913315827688
171.86231355121947,1.5454941497753982
171.96231355121947,1.5537408645463269
172.06231355121946,1.5620314762214462
172.16231355121946,1.5703659775762973
172.26231355121945,1.578744353634555
172.36231355121944,1.5871665814633555
172.46231355121944,1.5956326299654582
172.56231355121943,1.6041424596682539
172.66231355121943,1.6126960225096367
172.76231355121942,1.6212932616207443
172.86231355121942,1.629934111105589
172.9623135512194,1.6386184958176
173.0623135512194,1.6473463311330991
173.1623135512194,1.6561175227217393
173.2623135512194,1.6649319663139375
173.3623135512194,1.673789547465334
173.46231355121938,1.6826901413183257
173.56231355121938,1.6916336123607065
173.66231355121937,1.7006198141814726
173.76231355121936,1.709648589223839
173.86231355121936,1.7187197685355298
173.96231355121935,1.7278331715163986
174.06231355121935,1.7369886056634556
174.16231355121934,1.7461858663133616
174.26231355121934,1.7554247363824824
174.36231355121933,1.764704986104572
174.46231355121932,1.774026372766186
174.56231355121932,1.7833886404399144
174.6623135512193,1.7927915197155373
174.7623135512193,1.8022347274292105
174.8623135512193,1.8117179663907979
174.9623135512193,1.8212409251094672
175.0623135512193,1.830803277517682
175.16231355121928,1.840404682693719
175.26231355121928,1.8500447845828623
175.36231355121927,1.8597232117174072
175.46231355121927,1.8694395769356507
175.56231355121926,1.8791934771000187
175.66231355121926,1.8889844928145045
175.76231355121925,1.8988121881416073
175.86231355121924,1.9086761103189482
175.96231355121924,1.9185757894757653
176.06231355121923,1.928510738349499
176.16231355121923,1.9384804520026682
176.26231355121922,1.9484844075402745
176.36231355121922,1.9585220638279555
176.4623135512192,1.9685928612111308
176.5623135512192,1.9786962212353967
176.6623135512192,1.9888315463684139
176.7623135512192,1.9989982197235736
176.8623135512192,2.0091956047857082
176.96231355121918,2.019423045139135
177.06231355121918,2.029679864198335
177.16231355121917,2.0399653649415663
177.26231355121917,2.0502788296477346
177.36231355121916,2.0606195196368393
177.46231355121915,2.070986675014335
177.56231355121915,2.081379514419755
177.66231355121914,2.091797234779942
177.76231355121914,2.1022390110672617
177.86231355121913,2.112703996063168
177.96231355121913,2.1231913201274946
178.06231355121912,2.1337000909738815
178.1623135512191,2.144229393451723
178.2623135512191,2.1547782893350567
178.3623135512191,2.1653458171188094
178.4623135512191,2.175930991822827
178.5623135512191,2.1865328048041275
178.66231355121909,2.1971502235778204
178.76231355121908,2.2077821916471425
178.86231355121907,2.218427628343081
178.96231355121907,2.2290854286740314
179.06231355121906,2.2397544631859874
179.16231355121906,2.2504335778337285
179.26231355121905,2.261121593863496
179.36231355121905,2.271817307707653
179.46231355121904,2.2825194908918265
179.56231355121903,2.293226889955023
179.66231355121903,2.3039382263832477
179.76231355121902,2.3146521965571067
179.86231355121902,2.3253674717139354
179.962313551219,2.336082697924944
180.062313551219,2.3467964960879097
180.162313551219,2.3575074619359326
180.262313551219,2.3682141660627654
180.362313551219,2.3789151539652393
180.46231355121898,2.3896089461032997
180.56231355121898,2.4002940379781594
180.66231355121897,2.410968900229091
180.76231355121897,2.421631978749338
180.86231355121896,2.4322816948216737
180.96231355121895,2.442916445274076
181.06231355121895,2.4535346026560148
181.16231355121894,2.4641345154358216
181.26231355121894,2.47471450821962
181.36231355121893,2.485272881992248
181.46231355121893,2.49580791438065
181.56231355121892,2.5063178599401335
181.66231355121892,2.516800950463931
181.7623135512189,2.5272553953164563
181.8623135512189,2.5376793817906362
181.9623135512189,2.5480710754896925
182.0623135512189,2.5584286207337046
182.1623135512189,2.5687501409912885
182.26231355121888,2.579033739336689
182.36231355121888,2.5892774989325584
182.46231355121887,2.5994794835386825
182.56231355121886,2.609637738046877
182.66231355121886,2.6197502890422477
182.76231355121885,2.6298151453909937
182.86231355121885,2.6398302988548807
182.96231355121884,2.6497937247325054
183.06231355121884,2.6597033825274106
183.16231355121883,2.6695572166431027
183.26231355121882,2.6793531571049662
183.36231355121882,2.6890891203090503
183.4623135512188,2.6987630097976516
183.5623135512188,2.7083727170615846
183.6623135512188,2.7179161223689854
183.7623135512188,2.727391095620467
183.8623135512188,2.7367954972303763
183.96231355121878,2.7461271790338904
184.06231355121878,2.7553839852196207
184.16231355121877,2.764563753287357
184.26231355121877,2.7736643150305436
184.36231355121876,2.7826834975430277
184.46231355121876,2.7916191242495665
184.56231355121875,2.8004690159595427
184.66231355121874,2.809230991943289
184.76231355121874,2.817902871030369
184.86231355121873,2.826482472729105
184.96231355121873,2.8349676183666253
185.06231355121872,2.8433561322486143
185.16231355121872,2.8516458428379283
185.2623135512187,2.859834583951192
185.3623135512187,2.867920195972414
185.4623135512187,2.875900527082655
185.5623135512187,2.8837734345046955
185.6623135512187,2.8915367857616348
185.76231355121868,2.899188459948284
185.86231355121868,2.906726349014188
185.96231355121867,2.914148359057064
186.06231355121866,2.9214524116253924
186.16231355121866,2.9286364450288795
186.26231355121865,2.9356984156554384
186.36231355121865,2.9426362992933317
186.46231355121864,2.9494480924570654
186.56231355121864,2.9561318137155834
186.66231355121863,2.9626855050213114
186.76231355121863,2.969107233038525
186.86231355121862,2.975395090469542
186.9623135512186,2.9815471973771603
187.0623135512186,2.9875617025017887
187.1623135512186,2.993436784571671
187.2623135512186,2.999170653604591
187.3623135512186,3.0047615521994437
187.46231355121859,3.0102077568160364
187.56231355121858,3.0155075790414836
187.66231355121857,3.0206593668415467
187.76231355121857,3.025661505795278
187.86231355121856,3.0305124203113256
187.96231355121856,3.0352105748242644
188.06231355121855,3.0397544749693144
188.16231355121855,3.0441426687338518
188.26231355121854,3.048373747584088
188.36231355121853,3.0524463475653563
188.46231355121853,3.0563591503744325
188.56231355121852,3.060110884402371
188.66231355121852,3.063700325746341
188.7623135512185,3.0671262991890065
188.8623135512185,3.070387679143997
188.9623135512185,3.0734833905660977
189.0623135512185,3.0764124098247905
189.1623135512185,3.079173765539846
189.26231355121848,3.0817665393777123
189.36231355121848,3.084189866807492
189.46231355121847,3.0864429378153573
189.56231355121847,3.0885249975763167
189.66231355121846,3.0904353470822947
189.76231355121845,3.0921733437255585
189.86231355121845,3.093738401836589
189.96231355121844,3.095129993175556
190.06231355121844,3.0963476473766374
190.16231355121843,3.097390952344479
190.26231355121843,3.0982595546021785
190.36231355121842,3.0989531595902435
190.46231355121841,3.0994715319160546
190.5623135512184,3.0998144955534364
190.6623135512184,3.0999819339920256
190.7623135512184,3.0999852855163974
190.8623135512184,3.09988213771815
190.9623135512184,3.099680433777875
191.06231355121838,3.099380212171088
191.16231355121838,3.098981530151875
191.26231355121837,3.0984844637256104
191.36231355121836,3.097889107612742
191.46231355121836,3.0971955752036986
191.56231355121835,3.0964039985049414
191.66231355121835,3.0955145280762233
191.76231355121834,3.094527332959098
191.86231355121834,3.093442600596753
191.96231355121833,3.092260536745229
192.06231355121832,3.090981365376109
192.16231355121832,3.0896053285707614
192.2623135512183,3.0881326864062317
192.3623135512183,3.0865637168328766
192.4623135512183,3.0848987155438556
192.5623135512183,3.0831379958365916
192.6623135512183,3.0812818884663136
192.76231355121828,3.0793307414918236
192.86231355121828,3.077284920113601
192.96231355121827,3.0751448065044067
193.06231355121827,3.0729107996325085
193.16231355121826,3.0705833150777035
193.26231355121826,3.0681627848402697
193.36231355121825,3.065649657143026
193.46231355121824,3.0630443962266654
193.56231355121824,3.0603474821385253
193.66231355121823,3.0575594105149766
193.76231355121823,3.0546806923576155
193.86231355121822,3.051711853803439
193.96231355121822,3.048653435889192
194.0623135512182,3.0455059943100884
194.1623135512182,3.0422700991730847
194.2623135512182,3.038946334744928
194.3623135512182,3.035535299195162
194.4623135512182,3.0320376043343034
194.56231355121818,3.0284538753474046
194.66231355121818,3.0247847505231924
194.76231355121817,3.0210308809790147
194.86231355121816,3.0171929303817997
194.96231355121816,3.013271574665239
195.06231355121815,3.0092675017434187
195.16231355121815,3.005181411221107
195.26231355121814,3.0010140141009276
195.36231355121814,2.996766032487618
195.46231355121813,2.9924381992896145
195.56231355121812,2.9880312579181596
195.66231355121812,2.9835459619841664
195.7623135512181,2.978983074993047
195.8623135512181,2.974343370037724
195.9623135512181,2.9696276294900454
196.0623135512181,2.964836644690806
196.1623135512181,2.9599712156386033
196.26231355121809,2.955032150677722
196.36231355121808,2.950020266185269
196.46231355121807,2.9449363862577624
196.56231355121807,2.9397813423973767
196.66231355121806,2.934555973198049
196.76231355121806,2.9292611240316444
196.86231355121805,2.9238976467343822
196.96231355121805,2.9184663992937083
197.06231355121804,2.912968245535812
197.16231355121803,2.907404054813973
197.26231355121803,2.9017747016979225
197.36231355121802,2.8960810656643945
197.46231355121802,2.8903240307890505
197.562313551218,2.8845044854399515
197.662313551218,2.8786233219727344
197.762313551218,2.8726814364276767
197.862313551218,2.8666797282287884
197.962313551218,2.8606190998851106
198.06231355121798,2.8545004566943506
198.16231355121798,2.848324706449022
198.26231355121797,2.842092759145212
198.36231355121797,2.8358055266941373
198.46231355121796,2.829463922636601
198.56231355121795,2.8230688618604973
198.66231355121795,2.8166212603214755
198.76231355121794,2.8101220347668914
198.86231355121794,2.8035721024631592
198.96231355121793,2.7969723809266123
199.06231355121793,2.79032378765798
199.16231355121792,2.783627239880582
199.26231355121791,2.7768836542823325
199.3623135512179,2.7700939467616488
199.4623135512179,2.7632590321773516
199.5623135512179,2.7563798241026314
199.6623135512179,2.749457234583163
199.7623135512179,2.7424921738994446
199.86231355121788,2.7354855503334163
199.96231355121787,2.7284382699394296
200.06231355121787,2.7213512363196224
200.16231355121786,2.714225350403757
200.26231355121786,2.7070615102335602
200.36231355121785,2.699860610751622
200.46231355121785,2.692623543594879
200.56231355121784,2.685351196892732
200.66231355121784,2.6780444550698173
200.76231355121783,2.6707041986534614
200.86231355121782,2.6633313040858506
200.96231355121782,2.6559266435409183
201.0623135512178,2.648491084745979
201.1623135512178,2.6410254908081066
201.2623135512178,2.633530720045281
201.3623135512178,2.6260076258222864
201.4623135512178,2.618457056391374
201.56231355121778,2.6108798547376817
201.66231355121778,2.603276858429401
201.76231355121777,2.5956488994726845
201.86231355121777,2.5879968041712713
201.96231355121776,2.5803213929908257
202.06231355121776,2.5726234804279575
202.16231355121775,2.564903874883903
202.26231355121774,2.557163378542846
202.36231355121774,2.549402787254845
202.46231355121773,2.5416228904233313
202.56231355121773,2.5338244708971516
202.66231355121772,2.5260083048671147
202.76231355121772,2.518175161766999
202.8623135512177,2.510325804178988
202.9623135512177,2.5024609877434822
203.0623135512177,2.4945814610732437
203.1623135512177,2.486687965671831
203.2623135512177,2.478781235856266
203.36231355121768,2.4708619986838936
203.46231355121768,2.4629309738833594
203.56231355121767,2.454988873789681
203.66231355121766,2.4470364032833305
203.76231355121766,2.439074259733286
203.86231355121765,2.431103132943986
203.96231355121765,2.4231237051061276
204.06231355121764,2.415136650751254
204.16231355121764,2.407142636710061
204.26231355121763,2.399142322074359
204.36231355121762,2.3911363581626364
204.46231355121762,2.383125388489151
204.5623135512176,2.375110048736479
204.6623135512176,2.3670909667314763
204.7623135512176,2.359068762424558
204.8623135512176,2.3510440478722505
204.9623135512176,2.3430174272229385
205.06231355121758,2.3349894967057407
205.16231355121758,2.3269608446224486
205.26231355121757,2.318932051342453
205.36231355121757,2.3109036893006025
205.46231355121756,2.3028763229979083
205.56231355121756,2.294850509005044
205.66231355121755,2.2868267959685604
205.76231355121755,2.2788057246197493
205.86231355121754,2.270787827786088
205.96231355121753,2.2627736304052037
206.06231355121753,2.254763649541276
206.16231355121752,2.2467583944038205
206.26231355121752,2.2387583663687853
206.3623135512175,2.230764059001888
206.4623135512175,2.2227759580841346
206.5623135512175,2.2147945416394457
206.6623135512175,2.206820279964333
206.7623135512175,2.198853635659556
206.86231355121748,2.190895063663696
206.96231355121748,2.182945011288585
207.06231355121747,2.1750039182565266
207.16231355121747,2.167072216739241
207.26231355121746,2.1591503313984832
207.36231355121745,2.151238679428263
207.46231355121745,2.143337670598615
207.56231355121744,2.1354477073008526
207.66231355121744,2.1275691845942517
207.76231355121743,2.1197024902541064
207.86231355121743,2.1118480048210975
207.96231355121742,2.10400610165192
208.06231355121741,2.0961771469711126
208.1623135512174,2.088361499924039
208.2623135512174,2.0805595126309617
208.3623135512174,2.0727715302421594
208.4623135512174,2.06499789099404
208.5623135512174,2.05723892626619
208.66231355121738,2.049494960639319
208.76231355121737,2.0417663119540475
208.86231355121737,2.034053291370486
208.96231355121736,2.02635620342857
209.06231355121736,2.0186753461090894
209.16231355121735,2.0110110108953854
209.26231355121735,2.003363482835653
209.36231355121734,1.9957330406058207
209.46231355121733,1.9881199565729564
209.56231355121733,1.980524496859166
209.66231355121732,1.9729469214059336
209.76231355121732,1.9653874840388768
209.8623135512173,1.9578464325328726
209.9623135512173,1.9503240086775144
210.0623135512173,1.942820448342869
210.1623135512173,1.935335981545496
210.2623135512173,1.927870832514694
210.36231355121728,1.9204252197589435
210.46231355121728,1.912999356132509
210.56231355121727,1.9055934489021753
210.66231355121727,1.8982076998140778
210.76231355121726,1.890842305160609
210.86231355121726,1.88349745584736
210.96231355121725,1.8761733374600797
211.06231355121724,1.868870130331614
211.16231355121724,1.8615880096088069
211.26231355121723,1.8543271453193355
211.36231355121723,1.8470877024384518
211.46231355121722,1.8398698409556073
211.56231355121722,1.8326737159409434
211.6623135512172,1.8254994776116167
211.7623135512172,1.8183472713979423
211.8623135512172,1.8112172380093348
211.9623135512172,1.8041095135000242
212.0623135512172,1.7970242293345298
212.16231355121718,1.7899615124528694
212.26231355121718,1.7829214853354942
212.36231355121717,1.775904266067921
212.46231355121716,1.768909968405054
212.56231355121716,1.7619387018351773
212.66231355121715,1.7549905716436
212.76231355121715,1.7480656789759468
212.86231355121714,1.7411641209010702
212.96231355121714,1.7342859904735801
213.06231355121713,1.7274313767959724
213.16231355121712,1.7206003650803463
213.26231355121712,1.7137930367097
213.3623135512171,1.7070094692987912
213.4623135512171,1.7002497367545524
213.5623135512171,1.6935139093360556
213.6623135512171,1.6868020537140098
213.7623135512171,1.6801142330297882
213.86231355121708,1.6734505069539736
213.96231355121708,1.666810931744416
214.06231355121707,1.660195560303795
214.16231355121707,1.653604442236676
214.26231355121706,1.6470376239060627
214.36231355121706,1.640495148489429
214.46231355121705,1.6339770560342333
214.56231355121704,1.6274833835129057
214.66231355121704,1.6210141648773047
214.76231355121703,1.6145694311126386
214.86231355121703,1.6081492102908477
214.96231355121702,1.6017535276234451
215.06231355121702,1.59538240551381
215.162313551217,1.5890358636089321
215.262313551217,1.5827139188506067
215.362313551217,1.5764165855260754
215.462313551217,1.570143875318109
215.562313551217,1.5638957973545364
215.66231355121698,1.5576723582572145
215.76231355121698,1.5514735621904383
215.86231355121697,1.54529941090879
215.96231355121697,1.53914990380443
216.06231355121696,1.5330250379538255
216.16231355121695,1.526924808163918
216.26231355121695,1.5208492070177317
216.36231355121694,1.5147982249194243
216.46231355121694,1.5087718501387715
216.56231355121693,1.502770068855102
216.66231355121693,1.4967928652006717
216.76231355121692,1.4908402213034793
216.86231355121691,1.4849121173295368
216.9623135512169,1.4790085315245782
217.0623135512169,1.4731294402552226
217.1623135512169,1.4672748180495934
217.2623135512169,1.4614446376373824
217.3623135512169,1.4556388699893776
217.46231355121688,1.4498574843564493
217.56231355121687,1.4441004483079964
217.66231355121687,1.4383677277698586
217.76231355121686,1.4326592870616963
217.86231355121686,1.426975088933842
217.96231355121685,1.4213150946036257
218.06231355121685,1.4156792637911775
218.16231355121684,1.4100675547547112
218.26231355121683,1.4044799243252937
218.36231355121683,1.3989163279411025
218.46231355121682,1.3933767196811733
218.56231355121682,1.3878610522986452
218.6623135512168,1.3823692772535072
218.7623135512168,1.3769013447448442
218.8623135512168,1.3714572037425936
218.9623135512168,1.366036802018817
219.0623135512168,1.3606400861784798
219.16231355121678,1.3552670016897592
219.26231355121678,1.3499174929138726
219.36231355121677,1.344591503134437
219.46231355121677,1.3392889745863619
219.56231355121676,1.3340098484842744
219.66231355121676,1.3287540650504988
219.76231355121675,1.3235215635425703
219.86231355121674,1.3183122822803077
219.96231355121674,1.3131261586724405
220.06231355121673,1.3079631292427942
220.16231355121673,1.3028231296560442
220.26231355121672,1.2977060947430372
220.36231355121672,1.2926119585256888
220.4623135512167,1.287540654241457
220.5623135512167,1.282492114367405
220.6623135512167,1.2774662706438475
220.7623135512167,1.27246305409759
220.8623135512167,1.2674823950647724
220.96231355121668,1.2625242232133054
221.06231355121668,1.257588467564925
221.16231355121667,1.2526750565168485
221.26231355121666,1.2477839178630543
221.36231355121666,1.24291497881518
221.46231355121665,1.2380681660230481
221.56231355121665,1.2332434055948194
221.66231355121664,1.2284406231167841
221.76231355121664,1.223659743672794
221.86231355121663,1.218900691863335
221.96231355121662,1.2141633918242511
222.06231355121662,1.209447767245124
222.1623135512166,1.2047537413873062
222.2623135512166,1.2000812371016214
222.3623135512166,1.1954301768457287
222.4623135512166,1.190800482701161
222.5623135512166,1.1861920763900375
222.66231355121658,1.1816048792914586
222.76231355121658,1.1770388124575841
222.86231355121657,1.1724937966294031
222.96231355121657,1.1679697522521935
223.06231355121656,1.1634665994906845
223.16231355121656,1.158984258243919
223.26231355121655,1.1545226481598196
223.36231355121654,1.1500816886494725
223.46231355121654,1.1456612989011195
223.56231355121653,1.1412613978938717
223.66231355121653,1.1368819044111484
223.76231355121652,1.1325227370538407
223.86231355121652,1.1281838142532055
223.9623135512165,1.1238650542834991
224.0623135512165,1.119566375274346
224.1623135512165,1.115287695222854
224.2623135512165,1.1110289320054736
224.3623135512165,1.10679000338961
224.46231355121648,1.1025708270449917
224.56231355121648,1.098371320554795
224.66231355121647,1.0941914014265297
224.76231355121647,1.0900309871026976
224.86231355121646,1.0858899949712133
224.96231355121645,1.0817683423756006
225.06231355121645,1.0776659466249698
225.16231355121644,1.0735827250037706
225.26231355121644,1.0695185947813313
225.36231355121643,1.0654734732211855
225.46231355121643,1.0614472775901895
225.56231355121642,1.057439925167435
225.6623135512164,1.0534513332529576
225.7623135512164,1.049481419176248
225.8623135512164,1.0455301003045683
225.9623135512164,1.0415972940510734
226.0623135512164,1.037682917882745
226.16231355121639,1.0337868893281392
226.26231355121638,1.0299091259849527
226.36231355121637,1.0260495455274035
226.46231355121637,1.0222080657134445
226.56231355121636,1.018384604391794
226.66231355121636,1.0145790795087999
226.76231355121635,1.0107914091151367
226.86231355121635,1.0070215113723355
226.96231355121634,1.0032693045591516
227.06231355121633,0.9995347070777758
227.16231355121633,0.9958176374598862
227.26231355121632,0.9921180143725462
227.36231355121632,0.9884357566239551
227.4623135512163,0.9847707831690451
227.5623135512163,0.981123013114937
227.6623135512163,0.97749236572625
227.7623135512163,0.9738787604302713
227.8623135512163,0.9702821168219898
227.96231355121628,0.9667023546689913
228.06231355121628,0.9631393939162213
228.16231355121627,0.9595931546906188
228.26231355121627,0.9560635573056204
228.36231355121626,0.9525505222655373
228.46231355121625,0.9490539702698115
228.56231355121625,0.9455738222171484
228.66231355121624,0.94210999920953
228.76231355121624,0.938662422556114
228.86231355121623,0.9352310137770145
228.96231355121623,0.9318156946069728
229.06231355121622,0.9284163869989164
229.16231355121622,0.9250330131274099
229.2623135512162,0.9216654953920004
229.3623135512162,0.9183137564204578
229.4623135512162,0.9149777190719113
229.5623135512162,0.9116573064398895
229.6623135512162,0.9083524418552585
229.76231355121618,0.9050630488890644
229.86231355121618,0.9017890513552826
229.96231355121617,0.8985303733134724
230.06231355121616,0.8952869390713413
230.16231355121616,0.8920586731872209
230.26231355121615,0.8888455004724547
230.36231355121615,0.8856473459936993
230.46231355121614,0.8824641350751437
230.56231355121614,0.8792957933006437
230.66231355121613,0.8761422465157784
230.76231355121612,0.873003420829826
230.86231355121612,0.8698792426176608
230.9623135512161,0.8667696385215781
231.0623135512161,0.8636745354530414
231.1623135512161,0.8605938605943578
231.2623135512161,0.8575275414002825
231.3623135512161,0.8544755055995533
231.46231355121608,0.8514376811963559
231.56231355121608,0.8484139964717234
231.66231355121607,0.8454043799848694
231.76231355121607,0.8424087605744564
231.86231355121606,0.839427067359803
231.96231355121606,0.8364592297420285
232.06231355121605,0.8335051774051356
232.16231355121604,0.8305648403170383
232.26231355121604,0.8276381487305271
232.36231355121603,0.8247250331841824
232.46231355121603,0.8218254245032294
232.56231355121602,0.8189392538003395
232.66231355121602,0.8160664524763808
232.762313551216,0.8132069522211142
232.862313551216,0.8103606850138406
232.962313551216,0.8075275831239985
233.062313551216,0.8047075791117129
233.162313551216,0.8019006058282957
233.26231355121598,0.7991065964167032
233.36231355121598,0.7963254843119452
233.46231355121597,0.79355720324145
233.56231355121596,0.7908016872253897
233.66231355121596,0.7880588705769591
233.76231355121595,0.7853286879026156
233.86231355121595,0.7826110741022788
233.96231355121594,0.7799059643694901
234.06231355121594,0.7772132941915344
234.16231355121593,0.7745329993495242
234.26231355121593,0.7718650159184463
234.36231355121592,0.7692092802671745
234.4623135512159,0.7665657290584453
234.5623135512159,0.7639342992488014
234.6623135512159,0.7613149280885003
234.7623135512159,0.7587075531213925
234.8623135512159,0.7561121121847652
234.96231355121589,0.753528543409158
235.06231355121588,0.7509567852181467
235.16231355121587,0.7483967763280985
235.26231355121587,0.7458484557478987
235.36231355121586,0.7433117627786479
235.46231355121586,0.7407866370133351
235.56231355121585,0.7382730183364808
235.66231355121585,0.7357708469237569
235.76231355121584,0.7332800632415803
235.86231355121583,0.7308006080466825
235.96231355121583,0.7283324223856535
236.06231355121582,0.7258754475944662
236.16231355121582,0.7234296252979749
236.2623135512158,0.7209948974093924
236.3623135512158,0.7185712061297471
236.4623135512158,0.7161584939473186
236.5623135512158,0.7137567036370511
236.6623135512158,0.7113657782599512
236.76231355121578,0.7089856611624622
236.86231355121578,0.706616295975823
236.96231355121577,0.7042576266154074
237.06231355121577,0.7019095972800459
237.16231355121576,0.6995721524513315
237.26231355121575,0.6972452368929075
237.36231355121575,0.6949287956497399
237.46231355121574,0.6926227740473752
237.56231355121574,0.6903271176911809
237.66231355121573,0.6880417724655737
237.76231355121573,0.6857666845332321
237.86231355121572,0.6835018003342951
237.96231355121571,0.681247066585549
238.0623135512157,0.6790024302795994
238.1623135512157,0.6767678386840328
238.2623135512157,0.6745432393405636
238.3623135512157,0.6723285800641723
238.4623135512157,0.6701238089422301
238.56231355121568,0.6679288743336137
238.66231355121568,0.6657437248678095
238.76231355121567,0.663568309444007
238.86231355121566,0.6614025772301836
238.96231355121566,0.659246477662179
239.06231355121565,0.6570999604427604
239.16231355121565,0.6549629755406798
239.26231355121564,0.6528354731897219
239.36231355121564,0.6507174038877449
239.46231355121563,0.6486087183957124
239.56231355121562,0.6465093677367189
239.66231355121562,0.644419303195007
239.7623135512156,0.642338476314979
239.8623135512156,0.6402668389002012
239.9623135512156,0.6382043430124009
240.0623135512156,0.6361509409704602
240.1623135512156,0.6341065853494002
240.26231355121558,0.6320712289793636
240.36231355121558,0.6300448249445894
240.46231355121557,0.6280273265823829
240.56231355121557,0.6260186874820833
240.66231355121556,0.6240188614840232
240.76231355121556,0.6220278026784865
240.86231355121555,0.6200454654046618
240.96231355121554,0.6180718042495915
241.06231355121554,0.6161067740471179
241.16231355121553,0.614150329876825
241.26231355121553,0.6122024270629779
241.36231355121552,0.6102630211734605
241.46231355121552,0.6083320680187075
241.5623135512155,0.6064095236506364
241.6623135512155,0.6044953443615768
241.7623135512155,0.6025894866831963
241.8623135512155,0.6006919073854257
241.9623135512155,0.5988025634753824
242.06231355121548,0.5969214121962911
242.16231355121548,0.5950484110264046
242.26231355121547,0.5931835176779223
242.36231355121546,0.5913266900959075
242.46231355121546,0.589477886457205
242.56231355121545,0.5876370651693571
242.66231355121545,0.5858041848695179
242.76231355121544,0.5839792044233697
242.86231355121544,0.5821620829240369
242.96231355121543,0.5803527796910011
243.06231355121542,0.5785512542690147
243.16231355121542,0.5767574664270158
243.2623135512154,0.5749713761570443
243.3623135512154,0.5731929436731548
243.4623135512154,0.5714221294103338
243.5623135512154,0.5696588940234163
243.6623135512154,0.5679031983860013
243.76231355121539,0.5661550035893711
243.86231355121538,0.5644142709414097
243.96231355121537,0.5626809619655222
244.06231355121537,0.5609550383995564
244.16231355121536,0.5592364621947259
244.26231355121536,0.5575251955145321
244.36231355121535,0.5558212007336907
244.46231355121535,0.554124440437059
244.56231355121534,0.5524348774185632
