422.01636070039467,0.0014383515968489082
422.1163607003947,0.0014426373740311675
422.2163607003947,0.0014469423058438942
422.31636070039474,0.0014512665064276779
422.41636070039476,0.001455610090773255
422.5163607003948,0.0014599731747291054
422.6163607003948,0.0014643558750091301
422.71636070039483,0.0014687583092004098
422.81636070039485,0.0014731805957710407
422.9163607003949,0.001477622854078058
423.0163607003949,0.0014820852043754382
423.1163607003949,0.001486567767822186
423.21636070039494,0.0014910706664905081
423.31636070039497,0.001495594023374072
423.416360700395,0.001500137962396351
423.516360700395,0.0015047026084190607
423.61636070039503,0.0015092880872506786
423.71636070039506,0.0015138945256550616
423.8163607003951,0.0015185220513601492
423.9163607003951,0.0015231707930667606
424.0163607003951,0.0015278408804574887
424.11636070039515,0.0015325324442056834
424.21636070039517,0.0015372456159845342
424.3163607003952,0.0015419805284762511
424.4163607003952,0.0015467373153813398
424.51636070039524,0.0015515161114279805
424.61636070039526,0.001556317052381504
424.7163607003953,0.0015611402750539732
424.8163607003953,0.0015659859173138637
424.91636070039533,0.001570854118095854
425.01636070039535,0.0015757450174107158
425.1163607003954,0.0015806587563553162
425.2163607003954,0.001585595477122725
425.3163607003954,0.0015905553230124334
425.41636070039544,0.0015955384384406853
425.51636070039547,0.0016005449689509158
425.6163607003955,0.0016055750612243096
425.7163607003955,0.0016106288630904715
425.81636070039553,0.0016157065235382151
425.91636070039556,0.0016208081927264664
426.0163607003956,0.0016259340219952926
426.1163607003956,0.0016310841638770464
426.2163607003956,0.0016362587721076383
426.31636070039565,0.0016414580016379284
426.41636070039567,0.0016466820086452473
426.5163607003957,0.0016519309505450429
426.6163607003957,0.0016572049860026556
426.71636070039574,0.0016625042749452278
426.81636070039576,0.001667828978573741
426.9163607003958,0.0016731792593751872
427.0163607003958,0.001678555281134882
427.11636070039583,0.0016839572089489075
427.21636070039585,0.0016893852092366983
427.3163607003959,0.0016948394497537688
427.4163607003959,0.001700320099604581
427.5163607003959,0.001705827329255559
427.61636070039594,0.0017113613105482494
427.71636070039597,0.0017169222167126282
427.816360700396,0.0017225102223805602
427.916360700396,0.0017281255035994105
428.01636070039604,0.0017337682378458085
428.11636070039606,0.001739438604039569
428.2163607003961,0.0017451367825577714
428.3163607003961,0.0017508629552489994
428.4163607003961,0.0017566173054477429
428.51636070039615,0.0017624000179889622
428.61636070039617,0.0017682112792228243
428.7163607003962,0.0017740512770295996
428.8163607003962,0.0017799202008347377
428.91636070039624,0.0017858182416241103
429.01636070039626,0.0017917455919594341
429.1163607003963,0.0017977024459938683
429.2163607003963,0.0018036889994877928
429.31636070039633,0.0018097054498247703
429.41636070039635,0.001815751996027691
429.5163607003964,0.0018218288387751083
429.6163607003964,0.0018279361804177583
429.7163607003964,0.0018340742249952778
429.81636070039644,0.0018402431782531135
429.91636070039647,0.0018464432476596308
430.0163607003965,0.0018526746424234195
430.1163607003965,0.0018589375735108065
430.21636070039654,0.0018652322536635705
430.31636070039656,0.0018715588974168671
430.4163607003966,0.0018779177211173648
430.5163607003966,0.0018843089429415917
430.6163607003966,0.0018907327829145036
430.71636070039665,0.0018971894629282698
430.8163607003967,0.00190367920676128
430.9163607003967,0.00191020224009738
431.0163607003967,0.001916758790545333
431.11636070039674,0.0019233490876585139
431.21636070039676,0.0019299733629548409
431.3163607003968,0.001936631849936942
431.4163607003968,0.0019433247841125633
431.51636070039683,0.0019500524030152244
431.61636070039685,0.0019568149462251203
431.7163607003969,0.001963612655390273
431.8163607003969,0.001970445774247944
431.9163607003969,0.001977314548646296
432.01636070039694,0.0019842192265663275
432.11636070039697,0.001991160058144063
432.216360700397,0.0019981372956930205
432.316360700397,0.002005151193726945
432.41636070039704,0.0020122020089828256
432.51636070039706,0.002019290000444188
432.6163607003971,0.0020264154293646764
432.7163607003971,0.0020335785592919173
432.8163607003971,0.0020407796560916853
432.91636070039715,0.0020480189879723545
433.0163607003972,0.0020552968255096614
433.1163607003972,0.0020626134416717656
433.2163607003972,0.0020699691118446243
433.31636070039724,0.0020773641138576763
433.41636070039726,0.0020847987280098487
433.5163607003973,0.002092273237095883
433.6163607003973,0.00209978792643299
433.71636070039733,0.0021073430838878375
433.81636070039735,0.002114938999903872
433.9163607003974,0.0021225759675289856
434.0163607003974,0.002130254282443521
434.1163607003974,0.0021379742429886443
434.21636070039744,0.0021457361501950535
434.31636070039747,0.002153540307812062
434.4163607003975,0.002161387022337049
434.5163607003975,0.0021692766030452716
434.61636070039754,0.0021772093620200644
434.71636070039756,0.002185185614183419
434.8163607003976,0.0021932056773269464
434.9163607003976,0.0022012698721432414
435.0163607003976,0.002209378522257642
435.11636070039765,0.002217531954260395
435.2163607003977,0.0022257304977392305
435.3163607003977,0.0022339744853123603
435.4163607003977,0.0022422642526618926
435.51636070039774,0.0022506001385676805
435.61636070039776,0.002258982484941606
435.7163607003978,0.0022674116368623038
435.8163607003978,0.0022758879426103373
435.91636070039783,0.002284411753703829
436.01636070039785,0.002292983424934552
436.1163607003979,0.002301603314404492
436.2163607003979,0.0023102717835628843
436.3163607003979,0.002318989197243734
436.41636070039795,0.0023277559237038286
436.51636070039797,0.0023365723346612456
436.616360700398,0.0023454388053343665
436.716360700398,0.0023543557144814027
436.81636070039804,0.002363323444440444
436.91636070039806,0.002372342381170031
437.0163607003981,0.002381412914290268
437.1163607003981,0.0023905354371244777
437.2163607003981,0.0023997103467414092
437.31636070039815,0.002408938043998006
437.4163607003982,0.0024182189335827447
437.5163607003982,0.0024275534240595516
437.6163607003982,0.0024369419279123023
437.71636070039824,0.0024463848615899225
437.81636070039826,0.002455882645552093
437.9163607003983,0.002465435704315564
438.0163607003983,0.0024750444665010943
438.11636070039833,0.0024847093648810315
438.21636070039835,0.0024944308364275233
438.3163607003984,0.0025042093223613905
438.4163607003984,0.0025140452682016565
438.5163607003984,0.002523939123815755
438.61636070039845,0.0025338913434704196
438.71636070039847,0.002543902385883266
438.8163607003985,0.0025539727142750816
438.9163607003985,0.0025641027964228283
439.01636070039854,0.0025742931047133748
439.11636070039856,0.0025845441161979686
439.2163607003986,0.0025948563126474552
439.3163607003986,0.0026052301806082593
439.4163607003986,0.0026156662114591436
439.51636070039865,0.00262616490146875
439.6163607003987,0.002636726751853945
439.7163607003987,0.0026473522688389636
439.8163607003987,0.002658041963715396
439.91636070039874,0.0026687963529029956
440.01636070039876,0.002679615958011346
440.1163607003988,0.00269050130590239
440.2163607003988,0.0027014529287538373
440.31636070039883,0.002712471364123463
440.41636070039885,0.0027235571550143114
440.5163607003989,0.0027347108499408295
440.6163607003989,0.002745933002995922
440.7163607003989,0.0027572241739189677
440.81636070039895,0.0027685849281648034
440.91636070039897,0.00278001583697368
441.016360700399,0.002791517477442228
441.116360700399,0.002803090432595429
441.21636070039904,0.0028147352914596234
441.31636070039906,0.002826452649136561
441.4163607003991,0.0028382431068785245
441.5163607003991,0.002850107272164523
441.6163607003991,0.0028620457587775964
441.71636070039915,0.0028740591868832354
441.8163607003992,0.0028861481831089354
441.9163607003992,0.0028983133806249083
442.0163607003992,0.002910555419225968
442.11636070039924,0.002922874945414613
442.21636070039926,0.0029352726124853177
442.3163607003993,0.002947749080610062
442.4163607003993,0.0029603050169251196
442.51636070039933,0.002972941095619111
442.61636070039935,0.002985657998022363
442.7163607003994,0.0029984564126975892
442.8163607003994,0.0030113370355319036
442.9163607003994,0.003024300569830203
443.01636070039945,0.003037347726409941
443.11636070039947,0.003050479223697301
443.2163607003995,0.003063695787824817
443.3163607003995,0.003076998152730447
443.41636070039954,0.0030903870602581266
443.51636070039956,0.0031038632602598416
443.6163607003996,0.003117427510699227
443.7163607003996,0.0031310805777567344
443.8163607003996,0.0031448232359363813
443.91636070039965,0.003158656268174123
444.0163607003997,0.0031725804659478623
444.1163607003997,0.003186596629389135
444.2163607003997,0.003200705567396498
444.31636070039974,0.003214908097750641
444.41636070039976,0.003229205047231268
444.5163607003998,0.0032435972517357637
444.6163607003998,0.0032580855563996884
444.71636070039983,0.0032726708157191212
444.81636070039985,0.003287353893674898
444.9163607003999,0.0033021356638587664
445.0163607003999,0.003317017009601492
445.1163607003999,0.003331998824102966
445.21636070039995,0.003347082010564318
445.31636070039997,0.0033622674823221062
445.4163607004,0.0033775561629845996
445.5163607004,0.0033929489865701895
445.61636070040004,0.0034084468976479797
445.71636070040006,0.003424050851480586
445.8163607004001,0.003439761814169186
445.9163607004001,0.0034555807628008617
446.0163607004001,0.0034715086855982773
446.11636070040015,0.0034875465820717244
446.2163607004002,0.003503695463173594
446.3163607004002,0.003519956351455306
446.4163607004002,0.0035363302812267466
446.51636070040024,0.0035528182987182564
446.61636070040026,0.003569421462245222
446.7163607004003,0.0035861408423753065
446.8163607004003,0.0036029775220983835
446.91636070040033,0.0036199325969992076
447.01636070040036,0.003637007175432892
447.1163607004004,0.0036542023787032164
447.2163607004004,0.003671519341243848
447.3163607004004,0.0036889592108025103
447.41636070040045,0.00370652314862816
447.51636070040047,0.0037242123296612304
447.6163607004005,0.003742027942726993
447.7163607004005,0.0037599711907321015
447.81636070040054,0.0037780432908643743
447.91636070040056,0.0037962454747958786
448.0163607004006,0.0038145789888893735
448.1163607004006,0.003833045094408181
448.2163607004006,0.0038516450677295528
448.31636070040065,0.0038703802005615835
448.4163607004007,0.00388925180016376
448.5163607004007,0.003908261189571195
448.6163607004007,0.003927409707822635
448.71636070040074,0.003946698710192288
448.81636070040076,0.0039661295684255875
448.9163607004008,0.003985703670978911
449.0163607004008,0.004005422423263382
449.11636070040083,0.004025287247892807
449.21636070040086,0.004045299584935829
449.3163607004009,0.004065460892172391
449.4163607004009,0.004085772645354575
449.5163607004009,0.0041062363384719225
449.61636070040095,0.004126853484021307
449.71636070040097,0.004147625613281468
449.816360700401,0.004168554276592263
449.916360700401,0.00418964104363877
450.01636070040104,0.0042108875037403124
450.11636070040106,0.004232295266144512
450.2163607004011,0.004253865960326463
450.3163607004011,0.004275601236293137
450.4163607004011,0.004297502764893116
450.51636070040115,0.004319572238131766
450.6163607004012,0.004341811369491962
450.7163607004012,0.004364221894260457
450.8163607004012,0.004386805569860034
450.91636070040124,0.004409564176187542
451.01636070040126,0.004432499515957942
451.1163607004013,0.004455613415054476
451.2163607004013,0.004478907722885091
451.31636070040133,0.004502384312745251
451.41636070040136,0.004526045082187238
451.5163607004014,0.004549891953396127
451.6163607004014,0.004573926873572514
451.7163607004014,0.004598151815322173
451.81636070040145,0.004622568777052778
451.91636070040147,0.0046471797833778266
452.0163607004015,0.004671986885527919
452.1163607004015,0.004696992161769555
452.21636070040154,0.004722197717831584
452.31636070040156,0.0047476056873394885
452.4163607004016,0.004773218232257649
452.5163607004016,0.00479903754333978
452.61636070040163,0.0048250658405876706
452.71636070040165,0.0048513053737184435
452.8163607004017,0.004877758422640495
452.9163607004017,0.004904427297938295
453.0163607004017,0.004931314341366246
453.11636070040174,0.004958421926351788
453.21636070040176,0.004985752458507942
453.3163607004018,0.005013308376155505
453.4163607004018,0.005041092150855099
453.51636070040183,0.005069106287949273
453.61636070040186,0.005097353327114904
453.7163607004019,0.005125835842926081
453.8163607004019,0.005154556445427731
453.9163607004019,0.005183517780720211
454.01636070040195,0.005212722531555088
454.11636070040197,0.005242173417942383
454.216360700402,0.005271873197769496
454.316360700402,0.00530182466743209
454.41636070040204,0.005332030662477194
454.51636070040206,0.005362494058258788
454.6163607004021,0.005393217770606148
454.7163607004021,0.005424204756505235
454.81636070040213,0.0054554580147934215
454.91636070040215,0.005486980586867838
455.0163607004022,0.005518775557407672
455.1163607004022,0.005550846055110699
455.2163607004022,0.00558319525344438
455.31636070040224,0.005615826371411863
455.41636070040227,0.005648742674333212
455.5163607004023,0.005681947474642208
455.6163607004023,0.0057154441326990775
455.71636070040233,0.005749236057619516
455.81636070040236,0.005783326708120377
455.9163607004024,0.005817719593382393
456.0163607004024,0.005852418273930347
456.1163607004024,0.005887426362531057
456.21636070040245,0.005922747525109632
456.31636070040247,0.0059583854816843765
456.4163607004025,0.005994344007320808
456.5163607004025,0.006030626933105211
456.61636070040254,0.006067238147138187
456.71636070040256,0.0061041815955486895
456.8163607004026,0.006141461283528985
456.9163607004026,0.006179081276391068
457.01636070040263,0.006217045700645011
457.11636070040265,0.006255358745099776
457.2163607004027,0.006294024661987025
457.3163607004027,0.006333047768108471
457.4163607004027,0.006372432446007325
457.51636070040274,0.006412183145164416
457.61636070040277,0.006452304383219592
457.7163607004028,0.006492800747218975
457.8163607004028,0.006533676894888736
457.91636070040283,0.0065749375559359825
458.01636070040286,0.006616587533377457
458.1163607004029,0.006658631704896695
458.2163607004029,0.006701075024230351
458.3163607004029,0.006743922522584391
458.41636070040295,0.0067871793100808915
458.51636070040297,0.006830850577236203
458.616360700403,0.006874941596471226
458.716360700403,0.006919457723654635
458.81636070040304,0.006964404399679803
458.91636070040306,0.007009787152076332
459.0163607004031,0.0070556115966570136
459.1163607004031,0.007101883439201088
459.21636070040313,0.00714860847717477
459.31636070040315,0.007195792601489907
459.4163607004032,0.007243441798301785
459.5163607004032,0.007291562150847033
459.6163607004032,0.007340159841322688
459.71636070040324,0.0073892411528073965
459.81636070040327,0.007438812471225899
459.9163607004033,0.007488880287357855
460.0163607004033,0.0075394511988921675
460.11636070040333,0.007590531912527973
460.21636070040336,0.007642129246123479
460.3163607004034,0.007694250130893929
460.4163607004034,0.007746901613659919
460.5163607004034,0.007800090859147425
460.61636070040345,0.007853825152340836
460.71636070040347,0.007908111900890429
460.8163607004035,0.007962958637575684
460.9163607004035,0.00801837302282591
461.01636070040354,0.008074362847299718
461.11636070040356,0.008130936034524867
461.2163607004036,0.008188100643600094
461.3163607004036,0.008245864871960606
461.41636070040363,0.008304237058208888
461.51636070040365,0.008363225685012628
461.6163607004037,0.008422839382071492
461.7163607004037,0.008483086929154686
461.8163607004037,0.00854397725921116
461.91636070040374,0.008605519461554445
462.01636070040377,0.008667722785124137
462.1163607004038,0.008730596641826136
462.2163607004038,0.008794150609953796
462.31636070040383,0.008858394437692173
462.41636070040386,0.008923338046707707
462.5163607004039,0.008988991535825636
462.6163607004039,0.009055365184797638
462.7163607004039,0.009122469458162141
462.81636070040395,0.009190315009199944
462.91636070040397,0.009258912683987736
463.016360700404,0.009328273525552355
463.116360700404,0.00939840877812851
463.21636070040404,0.00946932989152297
463.31636070040406,0.009541048525588198
463.4163607004041,0.009613576554808498
463.5163607004041,0.009686926073001952
463.61636070040413,0.00976110939814139
463.71636070040415,0.009836139077297827
463.8163607004042,0.00991202789170988
463.9163607004042,0.009988788861982779
464.0163607004042,0.01006643525342075
464.11636070040424,0.010144980581496595
464.21636070040427,0.010224438617462505
464.3163607004043,0.010304823394106164
464.4163607004043,0.010386149211656445
464.51636070040433,0.010468430643843077
464.61636070040436,0.010551682544114795
464.7163607004044,0.010635920052020683
464.8163607004044,0.010721158599759502
464.9163607004044,0.010807413918902043
465.01636070040445,0.010894702047291625
465.11636070040447,0.010983039336128085
465.2163607004045,0.011072442457240747
465.3163607004045,0.011162928410556074
465.41636070040454,0.011254514531765849
465.51636070040456,0.011347218500202
465.6163607004046,0.01144105834692431
465.7163607004046,0.011536052463027484
465.81636070040463,0.011632219608174331
465.91636070040465,0.011729578919361949
466.0163607004047,0.011828149919928067
466.1163607004047,0.011927952528805021
466.2163607004047,0.012029007070028918
466.31636070040474,0.012131334282512028
466.41636070040477,0.012234955330086499
466.5163607004048,0.012339891811827954
466.6163607004048,0.012446165772667658
466.71636070040483,0.012553799714302389
466.81636070040486,0.012662816606411375
466.9163607004049,0.012773239898190004
467.0163607004049,0.012885093530210378
467.1163607004049,0.012998401946619066
467.21636070040495,0.013113190107682879
467.31636070040497,0.013229483502693781
467.416360700405,0.01334730816324449
467.516360700405,0.013466690676886646
467.61636070040504,0.013587658201184042
467.71636070040506,0.013710238478173594
467.8163607004051,0.013834459849247388
467.9163607004051,0.013960351270469549
468.01636070040513,0.01408794232834206
468.11636070040515,0.014217263256034406
468.2163607004052,0.01434834495009223
468.3163607004052,0.014481218987640812
468.4163607004052,0.014615917644099828
468.51636070040524,0.014752473911426296
468.61636070040527,0.014890921516903369
468.7163607004053,0.015031294942493195
468.8163607004053,0.015173629444772792
468.91636070040533,0.01531796107547244
469.01636070040536,0.015464326702637064
469.1163607004054,0.015612764032431536
469.2163607004054,0.015763311631611838
469.3163607004054,0.015916008950684714
469.41636070040545,0.016070896347779234
469.51636070040547,0.01622801511325479
469.6163607004055,0.016387407495070637
469.7163607004055,0.016549116724943285
469.81636070040554,0.016713187045318895
469.91636070040556,0.016879663737188928
470.0163607004056,0.017048593148778237
470.1163607004056,0.017220022725136102
470.21636070040563,0.01739400103866156
470.31636070040565,0.01757057782059585
470.4163607004057,0.017749803993515837
470.5163607004057,0.01793173170486369
470.6163607004057,0.018116414361549302
470.71636070040574,0.01830390666566345
470.81636070040577,0.01849426465134101
470.9163607004058,0.01868754572281518
471.0163607004058,0.018883808693705095
471.11636070040583,0.019083113827580937
471.21636070040586,0.01928552287985218
471.3163607004059,0.01949109914102661
471.4163607004059,0.019699907481389282
471.5163607004059,0.01991201439715272
471.61636070040595,0.020127488058131384
471.71636070040597,0.020346398356995782
471.816360700406,0.020568816960163314
471.916360700406,0.02079481736038558
472.01636070040604,0.021024474931093735
472.11636070040606,0.02125786698256627
472.2163607004061,0.021495072819985635
472.3163607004061,0.021736173803453034
472.41636070040613,0.021981253410033177
472.51636070040615,0.022230397297903538
472.6163607004062,0.022483693372685642
472.7163607004062,0.022741231856038685
472.8163607004062,0.023003105356599024
472.91636070040624,0.023269408943352186
473.01636070040627,0.023540240221527273
473.1163607004063,0.02381569941110721
473.2163607004063,0.02409588942805166
473.31636070040634,0.02438091596833323
473.41636070040636,0.024670887594891205
473.5163607004064,0.024965915827611145
473.6163607004064,0.02526611523644259
473.7163607004064,0.025571603537771347
473.81636070040645,0.02588250169416714
473.91636070040647,0.026198934017631775
474.0163607004065,0.026521028276477777
474.1163607004065,0.02684891580597174
474.21636070040654,0.027182731622882088
474.31636070040656,0.027522614544075247
474.4163607004066,0.027868707309309956
474.5163607004066,0.028221156708384345
474.61636070040663,0.02858011371279575
474.71636070040665,0.028945733612079073
474.8163607004067,0.029318176154994623
474.9163607004067,0.02969760569574261
475.0163607004067,0.03008419134538676
475.11636070040674,0.030478107128675876
475.21636070040677,0.03087953214645784
475.3163607004068,0.031288650743886655
475.4163607004068,0.03170565268462939
475.51636070040684,0.03213073333128552
475.61636070040686,0.03256409383223789
475.7163607004069,0.03300594131515974
475.8163607004069,0.03345648908740914
475.9163607004069,0.033915956843547056
476.01636070040695,0.03438457088022184
476.116360700407,0.034862564318667855
476.216360700407,0.0353501773350713
476.316360700407,0.03584765739906151
476.41636070040704,0.03635525952059006
476.51636070040706,0.036873246505464426
476.6163607004071,0.03740188921980616
476.7163607004071,0.03794146686370646
476.81636070040713,0.03849226725435403
476.91636070040715,0.03905458711891104
477.0163607004072,0.03962873239741335
477.1163607004072,0.04021501855596935
477.2163607004072,0.04081377091052999
477.31636070040724,0.04142532496149731
477.41636070040727,0.042050026739433616
477.5163607004073,0.042688233162124695
477.6163607004073,0.043340312403239795
477.71636070040734,0.044006644272818383
477.81636070040736,0.044687620609796565
477.9163607004074,0.04538364568676694
478.0163607004074,0.04609513662714142
478.1163607004074,0.046822523834858826
478.21636070040745,0.04756625143674595
478.3163607004075,0.048326777737602286
478.4163607004075,0.04910457568803407
478.5163607004075,0.04990013336501144
478.61636070040754,0.050713954465063805
478.71636070040756,0.051546558809959925
478.8163607004076,0.052398482864642465
478.9163607004076,0.05327028026709781
479.01636070040763,0.05416252236974283
479.11636070040765,0.055075798791796034
479.2163607004077,0.056010717981973046
479.3163607004077,0.056967907790702085
479.4163607004077,0.05794801605089221
479.51636070040774,0.05895171116610535
479.61636070040777,0.059979682704777465
479.7163607004078,0.061032641998906144
479.8163607004078,0.06211132274536461
479.91636070040784,0.06321648160771622
480.01636070040786,0.06434889881608458
480.1163607004079,0.06550937876227825
480.2163607004079,0.0666987505869737
480.3163607004079,0.06791786875532087
480.41636070040795,0.06916761361684716
480.516360700408,0.07044889194499628
480.616360700408,0.07176263745103859
480.716360700408,0.0731098112664289
480.81636070040804,0.0744914023869565
480.91636070040806,0.07590842807122647
481.0163607004081,0.07736193418512395
481.1163607004081,0.07885299548293734
481.21636070040813,0.08038271581474334
481.31636070040815,0.08195222824848321
481.4163607004082,0.08356269509387126
481.5163607004082,0.08521530781387153
481.6163607004082,0.08691128680794423
481.71636070040825,0.08865188104959403
481.81636070040827,0.0904383675589382
481.9163607004083,0.09227205068904706
482.0163607004083,0.09415426120268369
482.11636070040834,0.09608635511378018
482.21636070040836,0.09806971226552545
482.3163607004084,0.10010573461430426
482.4163607004084,0.10219584418591499
482.5163607004084,0.10434148066750772
482.61636070040845,0.10654409859552687
482.7163607004085,0.10880516409662606
482.8163607004085,0.11112615113505857
482.9163607004085,0.11350853721645739
483.01636070040854,0.11595379849423257
483.11636070040856,0.11846340422106816
483.2163607004086,0.12103881048424638
483.3163607004086,0.12368145315982483
483.41636070040863,0.12639274001711964
483.51636070040865,0.12917404190160142
483.6163607004087,0.1320266829213033
483.7163607004087,0.13495192955931307
483.8163607004087,0.13795097863303524
483.91636070040875,0.14102494401985738
484.01636070040877,0.14417484206886538
484.1163607004088,0.1474015756195779
484.2163607004088,0.1507059165516092
484.31636070040884,0.15408848679405884
484.41636070040886,0.15754973773063013
484.5163607004089,0.16108992794642135
484.6163607004089,0.1647090992754494
484.7163607004089,0.16840705112475057
484.81636070040895,0.17218331307185256
484.916360700409,0.17603711575805786
485.016360700409,0.17996736013083992
485.116360700409,0.1839725851252382
485.21636070040904,0.18805093391690786
485.31636070040906,0.1922001189288243
485.4163607004091,0.1964173858298347
485.5163607004091,0.20069947682640854
485.61636070040913,0.2050425936189741
485.71636070040915,0.2094423604707728
485.8163607004092,0.21389378791952593
485.9163607004092,0.21839123774928634
486.0163607004092,0.22292838993007338
486.11636070040925,0.22749821232415357
486.21636070040927,0.23209293404743664
486.3163607004093,0.23670402345907535
486.4163607004093,0.241322171828011
486.51636070040934,0.24593728378729135
486.61636070040936,0.25053847573033095
486.7163607004094,0.2551140833222644
486.8163607004094,0.2596516792882635
486.9163607004094,0.2641381025932277
487.01636070040945,0.26855950003796797
487.1163607004095,0.27290138116094403
487.2163607004095,0.2771486871479139
487.3163607004095,0.28128587421229734
487.41636070040954,0.2852970116164769
487.51636070040956,0.28916589416111366
487.6163607004096,0.29287616858123494
487.7163607004096,0.29641147286304553
487.81636070040963,0.2997555870461643
487.91636070040965,0.30289259361761006
488.0163607004097,0.30580704515455953
488.1163607004097,0.30848413645310374
488.2163607004097,0.3109098780116667
488.31636070040975,0.31307126744223024
488.41636070040977,0.31495645518055543
488.5163607004098,0.3165549007759476
488.6163607004098,0.3178575160752679
488.71636070040984,0.3188567917827955
488.81636070040986,0.319546904178541
488.9163607004099,0.3199237992068736
489.0163607004099,0.3199843743687552
489.1163607004099,0.31971490366478234
489.21636070040995,0.3191125423830118
489.31636070041,0.31818104678663833
489.41636070041,0.31692618384430504
489.51636070041,0.31535564267401134
489.61636070041004,0.3134789182319168
489.71636070041006,0.3113071704851519
489.8163607004101,0.3088530628883538
489.9163607004101,0.3061305844014517
490.01636070041013,0.30315485953117755
490.11636070041016,0.299941950950725
490.2163607004102,0.29650865916006625
490.3163607004102,0.29287232341063163
490.4163607004102,0.28905062775546336
490.51636070041025,0.2850614156266467
490.61636070041027,0.2809225158148585
490.7163607004103,0.2766515821602139
490.8163607004103,0.2722659486864998
490.91636070041034,0.26778250134652537
491.01636070041036,0.2632175670148745
491.1163607004104,0.2585868198815012
491.2163607004104,0.25390520497642177
491.3163607004104,0.24918687819884625
491.41636070041045,0.24444516193606503
491.5163607004105,0.23969251513746534
491.6163607004105,0.23494051655364984
491.7163607004105,0.23019985975419693
491.81636070041054,0.2254803584932074
491.91636070041056,0.22079096099172915
492.0163607004106,0.21613977174252064
492.1163607004106,0.21153407950763625
492.21636070041063,0.20698039026572354
492.31636070041066,0.20248446396712624
492.4163607004107,0.19805135406513535
492.5163607004107,0.19368544890613856
492.6163607004107,0.18939051417599723
492.71636070041075,0.18516973571157147
492.81636070041077,0.18102576209253332
492.9163607004108,0.17696074652775867
493.0163607004108,0.17297638764155596
493.11636070041084,0.1690739688471546
493.21636070041086,0.16525439606801348
493.3163607004109,0.16151823363171094
493.4163607004109,0.15786573821675928
493.5163607004109,0.15429689078014538
493.61636070041095,0.1508114264333323
493.716360700411,0.14740886226753364
493.816360700411,0.14408852315599233
493.916360700411,0.14084956558245532
494.01636070041104,0.13769099956171435
494.11636070041106,0.13461170873062608
494.2163607004111,0.13161046869702964
494.3163607004111,0.12868596373999588
494.41636070041113,0.1258368019583663
494.51636070041116,0.12306152896600785
494.6163607004112,0.12035864023201615
494.7163607004112,0.11772659216257982
494.8163607004112,0.11516381201866291
494.91636070041125,0.11266870676032528
495.01636070041127,0.11023967090458628
495.1163607004113,0.10787509347942734
495.2163607004113,0.10557336415196501
495.31636070041134,0.10333287860413008
495.41636070041136,0.10115204322445495
495.5163607004114,0.09902927917987696
495.6163607004114,0.09696302592686937
495.7163607004114,0.09495174421675967
495.81636070041145,0.09299391864581899
495.9163607004115,0.09108805979663237
496.0163607004115,0.08923270601339897
496.1163607004115,0.08742642485017765
496.21636070041154,0.0856678142276854
496.31636070041156,0.08395550333107683
496.4163607004116,0.08228815327817679
496.5163607004116,0.0806644575848985
496.61636070041163,0.07908314245204959
496.71636070041166,0.07754296689539755
496.8163607004117,0.07604272273872457
496.9163607004117,0.07458123448763786
497.0163607004117,0.07315735910010701
497.11636070041175,0.07176998566805931
497.21636070041177,0.07041803502287074
497.3163607004118,0.06910045927623122
497.4163607004118,0.06781624130662904
497.51636070041184,0.06656439420057958
497.61636070041186,0.06534396065671112
497.7163607004119,0.06415401235990419
497.8163607004119,0.06299364933185343
497.91636070041193,0.06186199926367614
498.01636070041195,0.06075821683551881
498.116360700412,0.05968148302751059
498.216360700412,0.05863100442586853
498.316360700412,0.05760601252747392
498.41636070041204,0.05660576304580315
498.51636070041206,0.055629535220705524
498.6163607004121,0.054676631134173384
498.7163607004121,0.053746375033937914
498.81636070041213,0.05283811266644773
498.91636070041216,0.0519512106205411
499.0163607004122,0.051085055682903203
499.1163607004122,0.05023905420620715
499.2163607004122,0.0494126314906648
499.31636070041225,0.04860523117956284
499.41636070041227,0.047816314669225875
499.5163607004123,0.04704536053373078
499.6163607004123,0.04629186396459462
499.71636070041234,0.04555533622556764
499.81636070041236,0.04483530412258559
499.9163607004124,0.04413130948886729
500.0163607004124,0.043442908685085026
500.11636070041243,0.04276967211448489
500.21636070041245,0.042111183752791326
500.3163607004125,0.04146704069269359
500.4163607004125,0.04083685270268116
500.5163607004125,0.04022024179996961
500.61636070041254,0.0396168418372374
500.71636070041257,0.03902629810287692
500.8163607004126,0.038448266934450005
500.9163607004126,0.03788241534502723
501.01636070041263,0.037328420662083105
501.11636070041266,0.036785970178613875
501.2163607004127,0.03625476081614127
501.3163607004127,0.03573449879926463
501.4163607004127,0.03522489934142351
501.51636070041275,0.034725686341534834
501.61636070041277,0.034236592091171206
501.7163607004128,0.03375735699195076
501.8163607004128,0.033287729282813525
501.91636070041284,0.032827464776864324
502.01636070041286,0.032376326607468496
502.1163607004129,0.03193408498329265
502.2163607004129,0.03150051695198954
502.31636070041293,0.031075406172233436
502.41636070041295,0.030658542693819034
502.516360700413,0.030249722745545077
502.616360700413,0.02984874853061101
502.716360700413,0.02945542802926257
502.81636070041304,0.029069574808430317
502.91636070041307,0.028691007838112213
503.0163607004131,0.028319551314259374
503.1163607004131,0.027955034487931577
503.21636070041313,0.02759729150049638
503.31636070041316,0.027246161224653453
503.4163607004132,0.026901487111072524
503.5163607004132,0.026563117040440783
503.6163607004132,0.02623090318072243
503.71636070041325,0.025904701849439698
503.81636070041327,0.025584373380791718
503.9163607004133,0.025269781997433544
504.0163607004133,0.024960795686744343
504.11636070041334,0.02465728608141988
504.21636070041336,0.02435912834422993
504.3163607004134,0.02406620105678773
504.4163607004134,0.02377838611218351
504.51636070041343,0.02349556861133992
504.61636070041345,0.023217636762952475
504.7163607004135,0.022944481786882874
504.8163607004135,0.022675997820878365
504.9163607004135,0.022412081830494705
505.01636070041354,0.02215263352210517
505.11636070041357,0.021897555258882182
505.2163607004136,0.021646751979642644
505.3163607004136,0.021400131120452016
505.41636070041363,0.021157602538886187
505.51636070041366,0.020919078440854062
505.6163607004137,0.020684473309887364
505.7163607004137,0.020453703838807746
505.8163607004137,0.02022668886368486
505.91636070041375,0.020003349300001923
506.01636070041377,0.019783608080949033
506.1163607004138,0.019567390097767028
506.2163607004138,0.019354622142067887
506.31636070041384,0.019145232850060465
506.41636070041386,0.018939152648612935
506.5163607004139,0.018736313703086066
506.6163607004139,0.01853664986687387
506.71636070041393,0.018340096632590553
506.81636070041395,0.018146591084845162
506.916360700414,0.017956071854547322
507.016360700414,0.017768479074689765
507.116360700414,0.01758375433755537
507.21636070041404,0.01740184065329838
507.31636070041407,0.01722268240985132
507.4163607004141,0.01704622533411114
507.5163607004141,0.016872416454359603
507.61636070041413,0.016701204063874868
507.71636070041416,0.016532537685692617
507.8163607004142,0.01636636803847685
507.9163607004142,0.01620264700346181
508.0163607004142,0.01604132759242792
508.11636070041425,0.015882363916676166
508.21636070041427,0.01572571115696652
508.3163607004143,0.015571325534387292
508.4163607004143,0.015419164282123638
508.51636070041434,0.015269185618094502
508.61636070041436,0.015121348718428459
508.7163607004144,0.01497561369174999
508.8163607004144,0.014831941554248794
508.91636070041443,0.014690294205505773
509.01636070041445,0.014550634405050111
509.1163607004145,0.01441292574962311
509.2163607004145,0.01427713265112505
509.3163607004145,0.014143220315222298
509.41636070041454,0.014011154720592804
509.51636070041457,0.013880902598788778
509.6163607004146,0.013752431414696195
509.7163607004146,0.01362570934757141
509.81636070041463,0.01350070527263603
509.91636070041466,0.013377388743211718
510.0163607004147,0.013255729973377288
510.1163607004147,0.013135699821131146
510.2163607004147,0.013017269772042695
510.31636070041475,0.012900411923376808
510.41636070041477,0.01278509896867624
510.5163607004148,0.012671304182787167
510.6163607004148,0.01255900140731373
510.71636070041484,0.012448165036487794
510.81636070041486,0.012338770003440797
510.9163607004149,0.01223079176686489
511.0163607004149,0.012124206298051008
511.11636070041493,0.01201899006829204
511.21636070041495,0.011915120036639618
511.316360700415,0.011812573638003384
511.416360700415,0.011711328771582095
511.516360700415,0.01161136378961618
511.61636070041504,0.011512657486451822
511.71636070041507,0.011415189087906842
511.8163607004151,0.011318938240929156
511.9163607004151,0.011223885003538743
512.0163607004151,0.011130009835044452
512.1163607004152,0.01103729358652724
512.2163607004152,0.010945717491581736
512.3163607004152,0.010855263157308259
512.4163607004152,0.010765912555547704
512.5163607004152,0.010677648014351991
512.6163607004153,0.010590452209682964
512.7163607004153,0.010504308157332875
512.8163607004153,0.010419199205059845
512.9163607004153,0.010335109024931911
513.0163607004154,0.010252021605873376
513.1163607004154,0.01016992124640758
513.2163607004154,0.010088792547590188
513.3163607004154,0.01000862040612746
513.4163607004155,0.009929390007674023
513.5163607004155,0.00985108682030489
513.6163607004155,0.00977369658815671
513.7163607004155,0.009697205325233207
513.8163607004155,0.009621599309370184
513.9163607004156,0.009546865076355356
514.0163607004156,0.009472989414198638
514.1163607004156,0.009399959357548504
514.2163607004156,0.009327762182250282
514.3163607004157,0.00925638540004231
514.4163607004157,0.009185816753386002
514.5163607004157,0.009116044210426085
514.6163607004157,0.009047055960077268
514.7163607004157,0.008978840407233799
514.8163607004158,0.008911386168098459
514.9163607004158,0.008844682065627635
515.0163607004158,0.008778717125089248
515.1163607004158,0.00871348056973034
515.2163607004159,0.00864896181655133
515.3163607004159,0.008585150472183984
515.4163607004159,0.008522036328870166
515.5163607004159,0.00845960936053868
515.616360700416,0.008397859718977475
515.716360700416,0.008336777730098575
515.816360700416,0.008276353890293268
515.916360700416,0.008216578862875034
516.016360700416,0.00815744347460789
516.1163607004161,0.00809893871231779
516.2163607004161,0.008041055719584883
516.3163607004161,0.007983785793514442
516.4163607004161,0.007927120381584333
516.5163607004162,0.007871051078567025
516.6163607004162,0.007815569623524117
516.7163607004162,0.007760667896871474
516.8163607004162,0.007706337917513092
516.9163607004162,0.007652571840041886
517.0163607004163,0.0075993619520056555
517.1163607004163,0.007546700671236462
517.2163607004163,0.007494580543241829
517.3163607004163,0.007442994238656106
517.4163607004164,0.007391934550750435
517.5163607004164,0.007341394392999821
517.6163607004164,0.007291366796705819
517.7163607004164,0.007241844908673382
517.8163607004165,0.007192821988940516
517.9163607004165,0.007144291408559354
518.0163607004165,0.007096246647427371
518.1163607004165,0.007048681292167406
518.2163607004165,0.007001589034055312
518.3163607004166,0.006954963666993995
518.4163607004166,0.006908799085532662
518.5163607004166,0.006863089282930156
518.6163607004166,0.006817828349261273
518.7163607004167,0.006773010469564976
518.8163607004167,0.006728629922033433
518.9163607004167,0.00668468107624093
519.0163607004167,0.006641158391411596
519.1163607004167,0.006598056414725019
519.2163607004168,0.006555369779658805
519.3163607004168,0.006513093204367186
519.4163607004168,0.0064712214900947505
519.5163607004168,0.00642974951962449
519.6163607004169,0.006388672255759284
519.7163607004169,0.006347984739836027
519.8163607004169,0.006307682090271591
519.9163607004169,0.006267759501139871
520.016360700417,0.006228212240779156
520.116360700417,0.00618903565042907
520.216360700417,0.006150225142896422
520.316360700417,0.006111776201249229
520.416360700417,0.0060736843775382595
520.5163607004171,0.006035945291545433
520.6163607004171,0.0059985546295584485
520.7163607004171,0.005961508143171019
520.8163607004171,0.005924801648108079
520.9163607004172,0.005888431023075425
521.0163607004172,0.005852392208633186
521.1163607004172,0.005816681206092548
521.2163607004172,0.005781294076435234
521.3163607004172,0.00574622693925518
521.4163607004173,0.005711475971721882
521.5163607004173,0.005677037407564948
521.6163607004173,0.005642907536079322
521.7163607004173,0.005609082701150743
521.8163607004174,0.005575559300300934
521.9163607004174,0.00554233378375211
522.0163607004174,0.005509402653510331
522.1163607004174,0.005476762462467279
522.2163607004175,0.005444409813520048
522.3163607004175,0.005412341358708534
522.4163607004175,0.005380553798370022
522.5163607004175,0.00534904388031058
522.6163607004175,0.005317808398992895
522.7163607004176,0.005286844194740175
522.8163607004176,0.005256148152955743
522.9163607004176,0.005225717203357993
523.0163607004176,0.005195548319230371
523.1163607004177,0.0051656385166860014
523.2163607004177,0.005135984853946704
523.3163607004177,0.0051065844306360155
523.4163607004177,0.005077434387085963
523.5163607004177,0.0050485319036572395
523.6163607004178,0.005019874200072526
523.7163607004178,0.00499145853476265
523.8163607004178,0.004963282204225302
523.9163607004178,0.0049353425423960505
524.0163607004179,0.004907636920031379
524.1163607004179,0.004880162744103461
524.2163607004179,0.004852917457206491
524.3163607004179,0.004825898536974227
524.416360700418,0.004799103495508573
524.516360700418,0.00477252987881895
524.616360700418,0.0047461752662722
524.716360700418,0.004720037270052834
524.816360700418,0.004694113534633371
524.9163607004181,0.004668401736254586
525.0163607004181,0.004642899582415421
525.1163607004181,0.00461760481137239
525.2163607004181,0.004592515191648255
525.3163607004182,0.004567628521549792
525.4163607004182,0.0045429426286944415
525.5163607004182,0.0045184553695456695
525.6163607004182,0.004494164628956867
525.7163607004182,0.004470068319723571
525.8163607004183,0.004446164382143888
525.9163607004183,0.004422450783586905
526.0163607004183,0.004398925518068954
526.1163607004183,0.0043755866058375415
526.2163607004184,0.00435243209296282
526.3163607004184,0.004329460050936401
526.4163607004184,0.004306668576277401
526.5163607004184,0.004284055790145561
526.6163607004185,0.004261619837961272
526.7163607004185,0.004239358889032405
526.8163607004185,0.004217271136187776
526.9163607004185,0.004195354795417138
527.0163607004185,0.004173608105517524
527.1163607004186,0.004152029327745888
527.2163607004186,0.0041306167454778385
527.3163607004186,0.004109368663872389
527.4163607004186,0.0040882834095426
527.5163607004187,0.00406735933023198
527.6163607004187,0.004046594794496548
527.7163607004187,0.0040259881913924265
527.8163607004187,0.00400553793016888
527.9163607004187,0.003985242439966673
528.0163607004188,0.00396510016952164
528.1163607004188,0.003945109586873386
528.2163607004188,0.003925269179078999
528.3163607004188,0.003905577451931679
528.4163607004189,0.0038860329296841888
528.5163607004189,0.0038666341547770457
528.6163607004189,0.0038473796875713373
528.7163607004189,0.003828268106086093
528.816360700419,0.0038092980057401133
528.916360700419,0.0037904679990981766
529.016360700419,0.003771776715621525
529.116360700419,0.0037532228014225725
529.216360700419,0.003734804919023729
529.3163607004191,0.003716521747120281
529.4163607004191,0.0036983719803472337
529.5163607004191,0.003680354329050058
529.6163607004191,0.0036624675190592574
529.7163607004192,0.0036447102914686754
529.8163607004192,0.003627081402417495
529.9163607004192,0.003609579622875837
530.0163607004192,0.0035922037384339073
530.1163607004192,0.0035749525490946115
530.2163607004193,0.003557824869069585
530.3163607004193,0.0035408195265785756
530.4163607004193,0.003523935363652088
530.5163607004193,0.0035071712359372774
530.6163607004194,0.003490526012506992
530.7163607004194,0.003473998575671921
530.8163607004194,0.0034575878207957936
530.9163607004194,0.003441292656113569
531.0163607004195,0.0034251120025525577
531.1163607004195,0.0034090447935564306
531.2163607004195,0.003393089974912055
531.3163607004195,0.0033772465045791102
531.4163607004195,0.0033615133525224292
531.5163607004196,0.0033458895005470165
531.6163607004196,0.003330373942135702
531.7163607004196,0.003314965682289366
531.8163607004196,0.0032996637373697065
531.9163607004197,0.0032844671349444945
532.0163607004197,0.0032693749136352727
532.1163607004197,0.003254386122967455
532.2163607004197,0.0032394998232227836
532.3163607004198,0.003224715085294106
532.4163607004198,0.003210030990542414
532.5163607004198,0.0031954466306561313
532.6163607004198,0.0031809611075125873
532.7163607004198,0.0031665735330416436
532.8163607004199,0.0031522830290914455
532.9163607004199,0.003138088727296251
533.0163607004199,0.003123989768946293
533.1163607004199,0.0031099853048596657
533.21636070042,0.0030960744952561684
533.31636070042,0.0030822565096330955
533.41636070042,0.0030685305266429297
533.51636070042,0.003054895733972896
533.61636070042,0.003041351328226375
533.7163607004201,0.003027896514806096
533.8163607004201,0.0030145305077991236
533.9163607004201,0.003001252529863585
534.0163607004201,0.0029880618121171073
534.1163607004202,0.002974957594026943
534.2163607004202,0.002961939123301749
534.3163607004202,0.002949005655784998
534.4163607004202,0.0029361564553499844
534.5163607004203,0.0029233907937964007
534.6163607004203,0.0029107079507484698
534.7163607004203,0.002898107213554584
534.8163607004203,0.0028855878771884506
534.9163607004203,0.002873149244151689
535.0163607004204,0.0028607906243778933
535.1163607004204,0.0028485113351380924
535.2163607004204,0.00283631070094762
535.3163607004204,0.0028241880534743496
535.4163607004205,0.0028121427314482827
535.5163607004205,0.002800174080572459
535.6163607004205,0.0027882814534351784
535.7163607004205,0.0027764642094234926
535.8163607004205,0.002764721714637973
535.9163607004206,0.002753053341808707
536.0163607004206,0.002741458470212523
536.1163607004206,0.002729936485591409
536.2163607004206,0.0027184867800721137
536.3163607004207,0.002707108752086909
536.4163607004207,0.0026958018062954903
536.5163607004207,0.0026845653535080044
536.6163607004207,0.00267339881060918
536.7163607004208,0.0026623016004835424
536.8163607004208,0.002651273151941699
536.9163607004208,0.002640312899647677
537.0163607004208,0.0026294202840472947
537.1163607004208,0.00261859475129755
537.2163607004209,0.0026078357531970076
537.3163607004209,0.0025971427471171765
537.4163607004209,0.002586515195934853
537.5163607004209,0.002575952567965419
537.616360700421,0.0025654543368970745
537.716360700421,0.0025550199817260025
537.816360700421,0.0025446489866924314
537.916360700421,0.0025343408412175977
538.016360700421,0.0025240950398415893
538.1163607004211,0.0025139110821620517
538.2163607004211,0.002503788472773747
538.3163607004211,0.0024937267212089553
538.4163607004211,0.002483725341878693
538.5163607004212,0.0024737838540147532
538.6163607004212,0.0024639017816125404
538.7163607004212,0.0024540786533746935
538.8163607004212,0.002444314002655482
538.9163607004213,0.0024346073674059686
539.0163607004213,0.002424958290119921
539.1163607004213,0.002415366317780459
539.2163607004213,0.0024058310018074333
539.3163607004213,0.0023963518980055234
539.4163607004214,0.0023869285665130318
539.5163607004214,0.0023775605717513814
539.6163607004214,0.0023682474823752903
539.7163607004214,0.002358988871223627
539.8163607004215,0.002349784315270917
539.9163607004215,0.0023406333955795122
540.0163607004215,0.0023315356972524
540.1163607004215,0.0023224908093866436
540.2163607004215,0.002313498325027443
540.3163607004216,0.0023045578411228203
540.4163607004216,0.0022956689584788946
540.5163607004216,0.002286831281715762
540.6163607004216,0.0022780444192239597
540.7163607004217,0.0022693079831215056
540.8163607004217,0.0022606215892115077
540.9163607004217,0.0022519848569403328
541.0163607004217,0.0022433974093563317
541.1163607004218,0.0022348588730690937
541.2163607004218,0.002226368878209256
541.3163607004218,0.002217927058388823
541.4163607004218,0.002209533050662016
541.5163607004218,0.0022011864954866274
541.6163607004219,0.002192887036685885
541.7163607004219,0.002184634321410808
541.8163607004219,0.002176428000103053
541.9163607004219,0.0021682677264582436
542.016360700422,0.002160153157389773
542.116360700422,0.0021520839529930776
542.216360700422,0.002144059776510366
542.316360700422,0.0021360802942958063
542.416360700422,0.0021281451757811615
542.5163607004221,0.002120254093441862
542.6163607004221,0.002112406722763515
542.7163607004221,0.0021046027422088423
542.8163607004221,0.00209684183318504
542.9163607004222,0.0020891236800115514
543.0163607004222,0.0020814479698882567
543.1163607004222,0.0020738143928640544
543.2163607004222,0.0020662226418058536
543.3163607004223,0.0020586724123679524
543.4163607004223,0.0020511634029617993
543.5163607004223,0.0020436953147261448
543.6163607004223,0.0020362678514975604
543.7163607004223,0.0020288807197813333
543.8163607004224,0.002021533628722722
543.9163607004224,0.0020142262900785736
544.0163607004224,0.002006958418189295
544.1163607004224,0.0019997297299511763
544.2163607004225,0.001992539944789054
544.3163607004225,0.0019853887846293192
544.4163607004225,0.0019782759738732553
544.5163607004225,0.00197120123937071
544.6163607004225,0.001964164310394092
544.7163607004226,0.0019571649186126854
544.8163607004226,0.0019502027980672864
544.9163607004226,0.0019432776851451474
545.0163607004226,0.0019363893185552286
545.1163607004227,0.0019295374393037581
545.2163607004227,0.0019227217906700829
545.3163607004227,0.0019159421181828228
545.4163607004227,0.0019091981695963094
545.5163607004228,0.0019024896948673152
545.6163607004228,0.0018958164461320645
545.7163607004228,0.001889178177683523
545.8163607004228,0.0018825746459489613
545.9163607004228,0.001876005609467793
546.0163607004229,0.0018694708288696767
546.1163607004229,0.0018629700668528837
546.2163607004229,0.0018565030881629255
546.3163607004229,0.0018500696595714385
546.416360700423,0.001843669549855322
546.516360700423,0.0018373025297761226
546.616360700423,0.0018309683720596707
546.716360700423,0.001824666851375955
546.816360700423,0.0018183977443192384
546.9163607004231,0.0018121608293884118
547.0163607004231,0.0018059558869675777
547.1163607004231,0.001799782699306868
547.2163607004231,0.0017936410505034839
547.3163607004232,0.0017875307264829646
547.4163607004232,0.0017814515149806723
547.5163607004232,0.0017754032055235
547.6163607004232,0.0017693855894117892
547.7163607004233,0.0017633984597014644
547.8163607004233,0.0017574416111863721
547.9163607004233,0.0017515148403808307
548.0163607004233,0.0017456179455023818
548.1163607004233,0.0017397507264547418
548.2163607004234,0.001733912984810955
548.3163607004234,0.0017281045237967387
548.4163607004234,0.0017223251482740246
548.5163607004234,0.001716574664724688
548.6163607004235,0.0017108528812344675
548.7163607004235,0.0017051596074770675
548.8163607004235,0.0016994946546984486
548.9163607004235,0.0016938578357012927
549.0163607004235,0.001688248964829651
549.1163607004236,0.0016826678579537672
549.2163607004236,0.001677114332455072
549.3163607004236,0.0016715882072113521
549.4163607004236,0.0016660893025820878
549.5163607004237,0.0016606174403939558
549.6163607004237,0.0016551724439264985
549.7163607004237,0.0016497541378979565
549.8163607004237,0.0016443623484512615
549.9163607004238,0.0016389969031401852
550.0163607004238,0.0016336576309156484
550.1163607004238,0.001628344362112183
550.2163607004238,0.0016230569284345457
550.3163607004238,0.001617795162944484
550.4163607004239,0.0016125589000476506
550.5163607004239,0.0016073479754806612
550.6163607004239,0.0016021622262983027
550.7163607004239,0.0015970014908608804
550.816360700424,0.0015918656088217077
550.916360700424,0.001586754421114735
551.016360700424,0.0015816677699423164
551.116360700424,0.0015766054987631133
551.216360700424,0.0015715674522801283
551.3163607004241,0.0015665534764288777
551.4163607004241,0.0015615634183656889
551.5163607004241,0.0015565971264561308
551.6163607004241,0.00155165445026357
551.7163607004242,0.0015467352405378538
551.8163607004242,0.001541839349204117
551.9163607004242,0.001536966629351711
552.0163607004242,0.0015321169352232554
552.1163607004243,0.001527290122203809
552.2163607004243,0.0015224860468101575
552.3163607004243,0.0015177045666802213
552.4163607004243,0.0015129455405625742
552.5163607004243,0.001508208828306081
552.6163607004244,0.0015034942908496432
552.7163607004244,0.0014988017902120576
552.8163607004244,0.0014941311894819855
552.9163607004244,0.0014894823528080292
553.0163607004245,0.001484855145388915
553.1163607004245,0.0014802494334637845
553.2163607004245,0.0014756650843025863
553.3163607004245,0.0014711019661965744
553.4163607004245,0.0014665599484489067
553.5163607004246,0.001462038901365345
553.6163607004246,0.0014575386962450536
553.7163607004246,0.0014530592053714963
553.8163607004246,0.0014486003020034327
553.9163607004247,0.0014441618603660046
554.0163607004247,0.001439743755641924
554.1163607004247,0.0014353458639627498
554.2163607004247,0.001430968062400259
554.3163607004248,0.001426610228957908
554.4163607004248,0.0014222722425623854
554.5163607004248,0.0014179539830552542
554.6163607004248,0.001413655331184678
554.7163607004248,0.001409376168597241
554.8163607004249,0.0014051163778298467
554.9163607004249,0.0014008758423017073
555.0163607004249,0.001396654446306414
555.1163607004249,0.0013924520750040906
555.216360700425,0.001388268614413629
555.316360700425,0.0013841039514050062
555.416360700425,0.0013799579736916813
555.516360700425,0.0013758305698230702
555.616360700425,0.0013717216291771
555.7163607004251,0.0013676310419528388
555.8163607004251,0.001363558699163205
555.9163607004251,0.001359504492627747
556.0163607004251,0.0013554683149655025
556.1163607004252,0.0013514500595879267
556.2163607004252,0.0013474496206918973
556.3163607004252,0.0013434668932527892
556.4163607004252,0.0013395017730176194
556.5163607004253,0.0013355541564982654
556.6163607004253,0.0013316239409647487
556.7163607004253,0.0013277110244385901
556.8163607004253,0.001323815305686232
556.9163607004253,0.0013199366842125268
557.0163607004254,0.0013160750602542915
557.1163607004254,0.0013122303347739292
557.2163607004254,0.0013084024094531157
557.3163607004254,0.0013045911866865455
557.4163607004255,0.0013007965695757467
557.5163607004255,0.0012970184619229552
557.6163607004255,0.0012932567682250509
557.7163607004255,0.0012895113936675557
557.8163607004255,0.0012857822441186932
557.9163607004256,0.0012820692261235026
558.0163607004256,0.0012783722468980186
558.1163607004256,0.0012746912143235054
558.2163607004256,0.0012710260369407488
558.3163607004257,0.0012673766239444059
558.4163607004257,0.0012637428851774107
558.5163607004257,0.0012601247311254374
558.6163607004257,0.0012565220729114138
558.7163607004258,0.0012529348222900956
558.8163607004258,0.0012493628916426882
558.9163607004258,0.001245806193971528
559.0163607004258,0.0012422646428948089
559.1163607004258,0.0012387381526413697
559.2163607004259,0.0012352266380455234
559.3163607004259,0.001231730014541947
559.4163607004259,0.0012282481981606113
559.5163607004259,0.0012247811055217709
559.616360700426,0.001221328653830995
559.716360700426,0.0012178907608742507
559.816360700426,0.0012144673450130347
559.916360700426,0.0012110583251795505
560.016360700426,0.0012076636208719347
560.1163607004261,0.001204283152149527
560.2163607004261,0.00120091683962819
560.3163607004261,0.001197564604475672
560.4163607004261,0.0011942263684070122
560.5163607004262,0.0011909020536799986
560.6163607004262,0.0011875915830906586
560.7163607004262,0.0011842948799688049
560.8163607004262,0.0011810118681736125
560.9163607004263,0.00117774247208925
561.0163607004263,0.0011744866166205434
561.1163607004263,0.0011712442271886857
561.2163607004263,0.0011680152297269897
561.3163607004263,0.001164799550676676
561.4163607004264,0.0011615971169827057
561.5163607004264,0.0011584078560896531
561.6163607004264,0.0011552316959376123
561.7163607004264,0.0011520685649581508
561.8163607004265,0.0011489183920702943
561.9163607004265,0.0011457811066765552
562.0163607004265,0.001142656638658994
562.1163607004265,0.0011395449183753234
562.2163607004265,0.0011364458766550437
562.3163607004266,0.0011333594447956175
562.4163607004266,0.001130285554558682
562.5163607004266,0.0011272241381662929
562.6163607004266,0.0011241751282972088
562.7163607004267,0.0011211384580832044
562.8163607004267,0.001118114061105425
562.9163607004267,0.0011151018713907697
563.0163607004267,0.00111210182340831
563.1163607004268,0.0011091138520657451
563.2163607004268,0.0011061378927058848
563.3163607004268,0.00110317388110317
563.4163607004268,0.001100221753460222
563.5163607004268,0.001097281446404427
563.6163607004269,0.0010943528969845505
563.7163607004269,0.0010914360426673819
563.8163607004269,0.0010885308213344144
563.9163607004269,0.00108563717127855
564.016360700427,0.0010827550312008409
564.116360700427,0.0010798843402072544
564.216360700427,0.001077025037805475
564.316360700427,0.0010741770639017291
564.416360700427,0.001071340358797643
564.5163607004271,0.0010685148631871288
564.6163607004271,0.0010657005181532973
564.7163607004271,0.0010628972651654037
564.8163607004271,0.001060105046075813
564.9163607004272,0.0010573238031170034
565.0163607004272,0.0010545534788985883
565.1163607004272,0.0010517940164043696
565.2163607004272,0.0010490453589894182
565.3163607004273,0.001046307450377178
565.4163607004273,0.0010435802346566007
565.5163607004273,0.0010408636562793006
565.6163607004273,0.0010381576600567415
565.7163607004273,0.0010354621911574451
565.8163607004274,0.001032777195104224
565.9163607004274,0.0010301026177714431
566.0163607004274,0.001027438405382303
566.1163607004274,0.001024784504506148
566.2163607004275,0.0010221408620558
566.3163607004275,0.0010195074252849134
566.4163607004275,0.0010168841417853582
566.5163607004275,0.0010142709594846192
566.6163607004275,0.0010116678266432289
566.7163607004276,0.0010090746918522111
566.8163607004276,0.001006491504030559
566.9163607004276,0.0010039182124227269
567.0163607004276,0.0010013547665961482
567.1163607004277,0.0009988011164387765
567.2163607004277,0.0009962572121566438
567.3163607004277,0.0009937230042714469
567.4163607004277,0.0009911984436181485
567.5163607004278,0.0009886834813426046
567.6163607004278,0.0009861780688992107
567.7163607004278,0.000983682158048567
567.8163607004278,0.0009811957008551682
567.9163607004278,0.0009787186496851108
568.0163607004279,0.0009762509572038205
568.1163607004279,0.0009737925763738005
568.2163607004279,0.0009713434604524
568.3163607004279,0.0009689035629896008
568.416360700428,0.0009664728378258226
568.516360700428,0.000964051239089752
568.616360700428,0.0009616387211961828
568.716360700428,0.0009592352388438837
568.816360700428,0.0009568407470134767
568.9163607004281,0.00095445520096534
569.0163607004281,0.0009520785562375256
569.1163607004281,0.0009497107686436952
569.2163607004281,0.0009473517942710762
569.3163607004282,0.0009450015894784319
569.4163607004282,0.0009426601108940535
569.5163607004282,0.0009403273154137645
569.6163607004282,0.0009380031601989467
569.7163607004283,0.000935687602674581
