422.01636070039467,0.0008720937515855952
422.1163607003947,0.0009123726396248748
422.2163607003947,0.0009542467599297746
422.31636070039474,0.0009977655331033354
422.41636070039476,0.0010429792391776287
422.5163607003948,0.0010899389996854986
422.6163607003948,0.0011386967577225625
422.71636070039483,0.0011893052559423837
422.81636070039485,0.001241818012429256
422.9163607003949,0.001296289294394754
423.0163607003949,0.0013527740896461405
423.1163607003949,0.0014113280757768497
423.21636070039494,0.0014720075870315757
423.31636070039497,0.0015348695788010703
423.416360700395,0.0015999715897044942
423.516360700395,0.0016673717012201314
423.61636070039503,0.0017371284948284834
423.71636070039506,0.00180930100663515
423.8163607003951,0.0018839486794445268
423.9163607003951,0.0019611313122592147
424.0163607003951,0.002040909007184061
424.11636070039515,0.0021233421137180604
424.21636070039517,0.002208491170421818
424.3163607003952,0.0022964168439529855
424.4163607003952,0.0023871798654669907
424.51636070039524,0.0024808409643854936
424.61636070039526,0.00257746079954033
424.7163607003953,0.0026770998877061955
424.8163607003953,0.002779818529541038
424.91636070039533,0.0028856767329589815
425.01636070039535,0.0029947341339666787
425.1163607003954,0.0031070499150001978
425.2163607003954,0.0032226827208058947
425.3163607003954,0.0033416905719152764
425.41636070039544,0.0034641307757704584
425.51636070039547,0.0035900598355636305
425.6163607003955,0.0037195333568607993
425.7163607003955,0.0038526059520870306
425.81636070039553,0.003989331142957504
425.91636070039556,0.004129761260945769
426.0163607003956,0.00427394734588778
426.1163607003956,0.004421939042827492
426.2163607003956,0.0045737844972170046
426.31636070039565,0.004729530248591425
426.41636070039567,0.004889221122845901
426.5163607003957,0.005052900123249343
426.6163607003957,0.005220608320336478
426.71636070039574,0.005392384740826951
426.81636070039576,0.005568266255727007
426.9163607003958,0.005748287467776199
427.0163607003958,0.0059324805984081455
427.11636070039583,0.006120875374400863
427.21636070039585,0.006313498914398612
427.3163607003959,0.0065103756154931405
427.4163607003959,0.006711527040058212
427.5163607003959,0.006916971803036904
427.61636070039594,0.007126725459886458
427.71636070039597,0.007340800395390627
427.816360700396,0.0075592057135540755
427.916360700396,0.007781947128797958
428.01636070039604,0.008009026858679637
428.11636070039606,0.008240443518363366
428.2163607003961,0.008476192017071909
428.3163607003961,0.008716263456751869
428.4163607003961,0.008960645033188037
428.51636070039615,0.009209319939803857
428.61636070039617,0.009462267274386626
428.7163607003962,0.00971946194897706
428.8163607003962,0.009980874603163128
428.91636070039624,0.010246471521018204
429.01636070039626,0.010516214551922769
429.1163607003963,0.010790061035507819
429.2163607003963,0.011067963730956365
429.31636070039633,0.01134987075089705
429.41636070039635,0.011635725500121047
429.5163607003964,0.01192546661934984
429.6163607003964,0.012219027934277414
429.7163607003964,0.012516338410105637
429.81636070039644,0.012817322111786307
429.91636070039647,0.013121898170177322
430.0163607003965,0.013429980754314036
430.1163607003965,0.013741479049989451
430.21636070039654,0.014056297244829345
430.31636070039656,0.014374334520039972
430.4163607003966,0.014695485048996874
430.5163607003966,0.015019638002834065
430.6163607003966,0.015346677563182354
430.71636070039665,0.015676482942195202
430.8163607003967,0.016008928409989007
430.9163607003967,0.016343883329613066
431.0163607003967,0.01668121219965211
431.11636070039674,0.017020774704551513
431.21636070039676,0.017362425772742003
431.3163607003968,0.017706015642627013
431.4163607003968,0.018051389936481615
431.51636070039683,0.01839838974229746
431.61636070039685,0.018746851703593286
431.7163607003969,0.019096608117195144
431.8163607003969,0.01944748703897521
431.9163607003969,0.019799312397521862
432.01636070039694,0.020151904115698
432.11636070039697,0.020505078240027997
432.216360700397,0.020858647077837425
432.316360700397,0.021212419342053118
432.41636070039704,0.021566200303554314
432.51636070039706,0.02191979195094918
432.6163607003971,0.022272993157634063
432.7163607003971,0.022625599855976303
432.8163607003971,0.02297740521844479
432.91636070039715,0.02332819984549599
433.0163607003972,0.023677771960006807
433.1163607003972,0.024025907608029667
433.2163607003972,0.024372390865629222
433.31636070039724,0.024717004051544658
433.41636070039726,0.025059527945406255
433.5163607003973,0.025399742011220156
433.6163607003973,0.025737424625820772
433.71636070039733,0.026072353311976437
433.81636070039735,0.026404304975820424
433.9163607003974,0.026733056148266585
434.0163607003974,0.02705838323005666
434.1163607003974,0.027380062740074554
434.21636070039744,0.027697871566551954
434.31636070039747,0.028011587220779444
434.4163607003975,0.028320988092927553
434.5163607003975,0.0286258537095736
434.61636070039754,0.028925964992522167
434.71636070039756,0.02922110451849972
434.8163607003976,0.029511056779298005
434.9163607003976,0.02979560844193498
435.0163607003976,0.030074548608397953
435.11636070039765,0.03034766907452975
435.2163607003977,0.030614764587616337
435.3163607003977,0.030875633102232406
435.4163607003977,0.031130076033901045
435.51636070039774,0.031377898510123695
435.61636070039776,0.031618909618337875
435.7163607003978,0.0318529226503627
435.8163607003978,0.03207975534289515
435.91636070039783,0.03229923011362463
436.01636070039785,0.032511174292538504
436.1163607003979,0.03271542034799758
436.2163607003979,0.032911806107167804
436.3163607003979,0.03310017497040276
436.41636070039795,0.03328037611918043
436.51636070039797,0.03345226471720828
436.616360700398,0.033615702104321396
436.716360700398,0.03377055598281056
436.81636070039804,0.033916700595829845
436.91636070039806,0.034054016897547154
437.0163607003981,0.03418239271471545
437.1163607003981,0.034301722899357824
437.2163607003981,0.03441190947227539
437.31636070039815,0.03451286175710404
437.4163607003982,0.034604496504663226
437.5163607003982,0.034686738007358
437.6163607003982,0.03475951820341438
437.71636070039824,0.03482277677074708
437.81636070039826,0.03487646121027834
437.9163607003983,0.0349205269185469
438.0163607003983,0.034954937249466314
438.11636070039833,0.03497966356511316
438.21636070039835,0.0349946852754464
438.3163607003984,0.03499998986688089
438.4163607003984,0.03499456300973884
438.5163607003984,0.034977204808649756
438.61636070039845,0.034947930709788085
438.71636070039847,0.03490677064807261
438.8163607003985,0.03485376668439824
438.9163607003985,0.03478897293400845
439.01636070039854,0.034712455474422865
439.11636070039856,0.03462429223313936
439.2163607003986,0.03452457285537761
439.3163607003986,0.03441339855217858
439.4163607003986,0.034290881929220036
439.51636070039865,0.034157146796753524
439.6163607003987,0.03401232796111169
439.7163607003987,0.03385657099827763
439.8163607003987,0.03369003201004835
439.91636070039874,0.03351287736336423
440.01636070039876,0.03332528341341353
440.1163607003988,0.03312743621115706
440.2163607003988,0.03291953119595163
440.31636070039883,0.03270177287398302
440.41636070039885,0.03247437448324863
440.5163607003989,0.03223755764585749
440.6163607003989,0.03199155200844082
440.7163607003989,0.03173659487148866
440.81636070039895,0.031472930808449345
440.91636070039897,0.031200811275446112
441.016360700399,0.030920494212480963
441.116360700399,0.030632243637009286
441.21636070039904,0.03033632923077901
441.31636070039906,0.03003302592083647
441.4163607003991,0.029722613455606627
441.5163607003991,0.029405375976958487
441.6163607003991,0.02908160158916698
441.71636070039915,0.028751581925680902
441.8163607003992,0.02841561171460191
441.9163607003992,0.028073988343773063
442.0163607003992,0.02772701142636611
442.11636070039924,0.027374982367845354
442.21636070039926,0.02701820393517236
442.3163607003993,0.026656979829099647
442.4163607003993,0.02629161426038395
442.51636070039933,0.02592241153072925
442.61636070039935,0.02554967561924821
442.7163607003994,0.02517370977520659
442.8163607003994,0.02479481611779
442.9163607003994,0.024413295243605006
443.01636070039945,0.024029445842597953
443.11636070039947,0.02364356432304487
443.2163607003995,0.0232559444462342
443.3163607003995,0.022866876971431693
443.41636070039954,0.022476649311682913
443.51636070039956,0.02208554520097418
443.6163607003996,0.02169384437323734
443.7163607003996,0.021301822253647445
443.8163607003996,0.02090974966262557
443.91636070039965,0.020517892532921807
444.0163607003997,0.02012651164011567
444.1163607003997,0.01973586234683345
444.2163607003997,0.01934619436094385
444.31636070039974,0.01895775150795535
444.41636070039976,0.018570771517801
444.5163607003998,0.018185485826158344
444.6163607003998,0.017802119390415348
444.71636070039983,0.017420890520355954
444.81636070039985,0.017042010723602827
444.9163607003999,0.016665684565819162
445.0163607003999,0.016292109545636493
445.1163607003999,0.015921475984241415
445.21636070039995,0.01555396692952099
445.31636070039997,0.015189758074634498
445.4163607004,0.014829017690848042
445.5163607004,0.014471906574438784
445.61636070040004,0.014118578007446675
445.71636070040006,0.013769177732024285
445.8163607004001,0.013423843938109139
445.9163607004001,0.013082707264118294
446.0163607004001,0.0127458908103415
446.11636070040015,0.01241351016468749
446.2163607004002,0.012085673440417489
446.3163607004002,0.011762481325481198
446.4163607004002,0.011444027143053091
446.51636070040024,0.011130396922851083
446.61636070040026,0.010821669482805243
446.7163607004003,0.01051791652063166
446.8163607004003,0.01021920271485517
446.91636070040033,0.009925585834815086
447.01636070040036,0.009637116859179947
447.1163607004004,0.009353840102490615
447.2163607004004,0.0090757933492459
447.3163607004004,0.008803007995041166
447.41636070040045,0.008535509194268152
447.51636070040047,0.008273316013883281
447.6163607004005,0.008016441592752199
447.7163607004005,0.007764893306080093
447.81636070040054,0.007518672934440305
447.91636070040056,0.007277776836918069
448.0163607004006,0.007042196127891536
448.1163607004006,0.006811916856978843
448.2163607004006,0.00658692019168755
448.31636070040065,0.0063671826023112684
448.4163607004007,0.00615267604862801
448.5163607004007,0.005943368167964983
448.6163607004007,0.0057392224642059874
448.71636070040074,0.005540198497329422
448.81636070040076,0.005346252073077688
448.9163607004008,0.005157335432372091
449.0163607004008,0.004973397440101245
449.11636070040083,0.004794383772925423
449.21636070040086,0.00462023710575418
449.3163607004009,0.004450897296569835
449.4163607004009,0.00428630156928503
449.5163607004009,0.004126384694338406
449.61636070040095,0.003971079166748634
449.71636070040097,0.003820315381363176
449.816360700401,0.0036740218050545885
449.916360700401,0.003532125145633573
450.01636070040104,0.003394550517264375
450.11636070040106,0.0032612216021845066
450.2163607004011,0.00313206080854704
450.3163607004011,0.003006989424219825
450.4163607004011,0.002885927766391927
450.51636070040115,0.002768795326853308
450.6163607004012,0.002655510912829212
450.7163607004012,0.002545992783265859
450.8163607004012,0.0024401587804788677
450.91636070040124,0.0023379264570903145
451.01636070040126,0.002239213198194312
451.1163607004013,0.0021439363387047504
451.2163607004013,0.002052013275851889
451.31636070040133,0.001963361576807379
451.41636070040136,0.0018778990814294135
451.5163607004014,0.0017955440001315253
451.6163607004014,0.0017162150068897768
451.7163607004014,0.0016398313274137764
451.81636070040145,0.0015663128225171673
451.91636070040147,0.0014955800667328354
452.0163607004015,0.001427554422227211
452.1163607004015,0.0013621581080765495
452.21636070040154,0.0012993142649760819
452.31636070040156,0.0012389470154603682
452.4163607004016,0.0011809815197200686
452.5163607004016,0.001125344027106709
452.61636070040163,0.0010719619234228343
452.71636070040165,0.0010207637741002109
452.8163607004017,0.0009716793633735182
452.9163607004017,0.0009246397295612186
453.0163607004017,0.0008795771965690487
453.11636070040174,0.0008364254017348432
453.21636070040176,0.0007951193201361881
453.3163607004018,0.00075559528548476
453.4163607004018,0.0007177910077330671
453.51636070040183,0.0006816455875208029
453.61636070040186,0.0006470995275890608
453.7163607004019,0.0006140947412913257
453.8163607004019,0.000582574558330438
453.9163607004019,0.0005524837278506603
454.01636070040195,0.0005237684190135631
454.11636070040197,0.0004963762191857031
454.216360700402,0.00047025612986504814
454.316360700402,0.00044535856047176663
454.41636070040204,0.0004216353201274305
454.51636070040206,0.0003990396075448362
454.6163607004021,0.00037752599914859153
454.7163607004021,0.00035705043554436173
454.81636070040213,0.00033757020645217803
454.91636070040215,0.0003190439342166044
455.0163607004022,0.0003014315560037468
455.1163607004022,0.00028469430479216606
455.2163607004022,0.00026879468926168726
455.31636070040224,0.0002536964726809478
455.41636070040227,0.0002393646508912526
455.5163607004023,0.00022576542948097867
455.6163607004023,0.0002128662002413693
455.71636070040233,0.00020063551699110626
455.81636070040236,0.0001890430708535656
455.9163607004024,0.00017805966506714865
456.0163607004024,0.00016765718940556026
456.1163607004024,0.00015780859428137826
456.21636070040245,0.00014848786460274675
456.31636070040247,0.0001396699934495278
456.4163607004025,0.0001313309556317813
456.5163607004025,0.0001234476811900076
456.61636070040254,0.00011599802889321243
456.71636070040256,0.00010896075978751098
456.8163607004026,0.00010231551084472224
456.9163607004026,9.604276875719598e-05
457.01636070040263,9.01238439219781e-05
457.11636070040265,8.454084465436106e-05
457.2163607004027,7.927665166788776e-05
457.3163607004027,7.431489285498128e-05
457.4163607004027,6.96399183995689e-05
457.51636070040274,6.523677625035071e-05
457.61636070040277,6.109118798074404e-05
457.7163607004028,5.718952505900565e-05
457.8163607004028,5.351878554960491e-05
457.91636070040283,5.006657126458969e-05
458.01636070040286,4.682106538145182e-05
458.1163607004029,4.377101054186731e-05
458.2163607004029,4.090568744364781e-05
458.3163607004029,3.821489393630691e-05
458.41636070040295,3.568892462880388e-05
458.51636070040297,3.331855101628678e-05
458.616360700403,3.109500213101225e-05
458.716360700403,2.9009945721067477e-05
458.81636070040304,2.7055469959062566e-05
458.91636070040306,2.5224065681594747e-05
459.0163607004031,2.3508609159007358e-05
459.1163607004031,2.190234539377749e-05
459.21636070040313,2.039887194475777e-05
459.31636070040315,1.8992123273475473e-05
459.4163607004032,1.767635560774731e-05
459.5163607004032,1.644613231700001e-05
459.6163607004032,1.5296309792895117e-05
459.71636070040324,1.4222023828133828e-05
459.81636070040327,1.321867648566523e-05
459.9163607004033,1.2281923449934316e-05
460.0163607004033,1.1407661851282448e-05
460.11636070040333,1.0592018554148963e-05
460.21636070040336,9.83133889931607e-06
460.3163607004034,9.122175890087876e-06
460.4163607004034,8.461279811993177e-06
460.5163607004034,7.845588275350742e-06
460.61636070040345,7.272216669830403e-06
460.71636070040347,6.7384490199807665e-06
460.8163607004035,6.241729230573641e-06
460.9163607004035,5.7796527105315256e-06
461.01636070040354,5.349958364157476e-06
461.11636070040356,4.950520938371574e-06
461.2163607004036,4.579343714674926e-06
461.3163607004036,4.234551534606678e-06
461.41636070040363,3.9143841475301185e-06
461.51636070040365,3.617189869679168e-06
461.6163607004037,3.3414195435130794e-06
461.7163607004037,3.0856207865639257e-06
461.8163607004037,2.8484325191163997e-06
461.91636070040374,2.6285797602302015e-06
462.01636070040377,2.4248686818009244e-06
462.1163607004038,2.2361819105535175e-06
462.2163607004038,2.0614740680720296e-06
462.31636070040383,1.8997675391886259e-06
462.41636070040386,1.750148459282473e-06
462.5163607004039,1.6117629112739626e-06
462.6163607004039,1.4838133233401354e-06
462.7163607004039,1.365555058622437e-06
462.81636070040395,1.2562931884466115e-06
462.91636070040397,1.155379440825855e-06
463.016360700404,1.0622093162712478e-06
463.116360700404,9.762193631869697e-07
463.21636070040404,8.968846053815305e-07
463.31636070040406,8.237161144787718e-07
463.4163607004041,7.562587202637298e-07
463.5163607004041,6.94088852247518e-07
463.61636070040413,6.368125059818417e-07
463.71636070040415,5.840633278969583e-07
463.8163607004042,5.355008126765907e-07
463.9163607004042,4.908086074187681e-07
464.0163607004042,4.496929170628538e-07
464.11636070040424,4.1188100578934275e-07
464.21636070040427,3.771197893205692e-07
464.3163607004043,3.4517451326662636e-07
464.4163607004043,3.158275128716191e-07
464.51636070040433,2.8887704972058455e-07
464.61636070040436,2.6413622116688835e-07
464.7163607004044,2.414319384335787e-07
464.8163607004044,2.2060396952992446e-07
464.9163607004044,2.015040433061962e-07
465.01636070040445,1.8399501114556948e-07
465.11636070040447,1.6795006296191325e-07
465.2163607004045,1.5325199433610525e-07
465.3163607004045,1.397925217815071e-07
465.41636070040454,1.2747164328132581e-07
465.51636070040456,1.161970413868676e-07
465.6163607004046,1.0588352630625596e-07
465.7163607004046,9.645251654808632e-08
465.81636070040463,8.783155481387e-08
465.91636070040465,7.995385695705033e-08
466.0163607004047,7.275789194500481e-08
466.1163607004047,6.618699087387876e-08
466.2163607004047,6.018898319447779e-08
466.31636070040474,5.471585841089783e-08
466.41636070040477,4.9723451612243815e-08
466.5163607004048,4.517115129181698e-08
466.6163607004048,4.102162799768354e-08
466.71636070040483,3.724058244371696e-08
466.81636070040486,3.379651179118599e-08
466.9163607004049,3.0660492887878546e-08
467.0163607004049,2.780598132476229e-08
467.1163607004049,2.5208625239430056e-08
467.21636070040495,2.2846092861204825e-08
467.31636070040497,2.069791285493112e-08
467.416360700405,1.8745326579296243e-08
467.516360700405,1.6971151431147836e-08
467.61636070040504,1.5359654499835504e-08
467.71636070040506,1.3896435805241618e-08
467.8163607004051,1.256832044000821e-08
467.9163607004051,1.1363258980640591e-08
468.01636070040513,1.027023557379726e-08
468.11636070040515,9.279183143281678e-09
468.2163607004052,8.380905200150691e-09
468.3163607004052,7.567003773057479e-09
468.4163607004052,6.829813008568563e-09
468.51636070040524,6.162338021833846e-09
468.61636070040527,5.5581986067533925e-09
468.7163607004053,5.0115774417683136e-09
468.8163607004053,4.517172452703339e-09
468.91636070040533,4.070153017793481e-09
469.01636070040536,3.666119722225521e-09
469.1163607004054,3.301067390298519e-09
469.2163607004054,2.9713511427368447e-09
469.3163607004054,2.6736552448506454e-09
469.41636070040545,2.4049645282035846e-09
469.51636070040547,2.162538184287616e-09
469.6163607004055,1.9438857434836654e-09
469.7163607004055,1.7467450663695812e-09
469.81636070040554,1.5690621872819683e-09
469.91636070040556,1.4089728620035699e-09
470.0163607004056,1.2647856825865488e-09
470.1163607004056,1.1349666326860349e-09
470.21636070040563,1.018124966415419e-09
470.31636070040565,9.130003026918703e-10
470.4163607004057,8.184508353602258e-10
470.5163607004057,7.334425671072828e-10
470.6163607004057,6.570394823451161e-10
470.71636070040574,5.88394580888067e-10
470.81636070040577,5.267417004079167e-10
470.9163607004058,4.713880613582497e-10
471.0163607004058,4.2170747334212885e-10
471.11636070040583,3.771341467864228e-10
471.21636070040586,3.3715705830792144e-10
471.3163607004059,3.0131482233643707e-10
471.4163607004059,2.6919102542212944e-10
471.5163607004059,2.404099832206941e-10
471.61636070040595,2.1463288344169142e-10
471.71636070040597,1.9155428108189753e-10
471.816360700406,1.7089891506524677e-10
471.916360700406,1.5241881799113203e-10
472.01636070040604,1.358906930693303e-10
472.11636070040606,1.211135345076874e-10
472.2163607004061,1.0790646963192383e-10
472.3163607004061,9.610680286843564e-11
472.41636070040613,8.556824342297919e-11
472.51636070040615,7.61593000519071e-11
472.6163607004062,6.776182775868799e-11
472.7163607004062,6.026971256656555e-11
472.8163607004062,5.358768172751503e-11
472.91636070040624,4.7630227836544727e-11
473.01636070040627,4.23206363367327e-11
473.1163607004063,3.759010683144907e-11
473.2163607004063,3.337695947273225e-11
473.31636070040634,2.962591847502618e-11
473.41636070040636,2.6287465517208266e-11
473.5163607004064,2.3317256448433247e-11
473.6163607004064,2.0675595309700897e-11
473.7163607004064,1.832696022784787e-11
473.81636070040645,1.6239576236056342e-11
473.91636070040647,1.438503052890477e-11
474.0163607004065,1.2737926074036944e-11
474.1163607004065,1.1275569880043126e-11
474.21636070040654,9.977692564174202e-12
474.31636070040656,8.826196176886124e-12
474.4163607004066,7.804927525528735e-12
474.5163607004066,6.8994744991421915e-12
474.61636070040663,6.096983132509531e-12
474.71636070040665,5.38599336235184e-12
474.8163607004067,4.756291623705752e-12
474.9163607004067,4.198778611791682e-12
475.0163607004067,3.7053506956359604e-12
475.11636070040674,3.2687936157798777e-12
475.21636070040677,2.8826872309156174e-12
475.3163607004068,2.5413201984325574e-12
475.4163607004068,2.2396135827464923e-12
475.51636070040684,1.9730524839252725e-12
475.61636070040686,1.7376248684431423e-12
475.7163607004069,1.5297668647367806e-12
475.8163607004069,1.3463138593714088e-12
475.9163607004069,1.1844567957586707e-12
476.01636070040695,1.0417031371448959e-12
476.116360700407,9.15842009594268e-13
476.216360700407,8.049130894626098e-13
476.316360700407,7.071788438815565e-13
476.41636070040704,6.210997724944327e-13
476.51636070040706,5.453123345087237e-13
476.6163607004071,4.786092774241832e-13
476.7163607004071,4.199221128949524e-13
476.81636070040713,3.683055113934886e-13
476.91636070040715,3.22923410940018e-13
477.0163607004072,2.830366563952089e-13
477.1163607004072,2.479920049136612e-13
477.2163607004072,2.172123503289182e-13
477.31636070040724,1.9018803467442946e-13
477.41636070040727,1.664691289096162e-13
477.5163607004073,1.4565857736990665e-13
477.6163607004073,1.2740611163391755e-13
477.71636070040734,1.1140284952629035e-13
477.81636070040736,9.737650396519583e-14
477.9163607004074,8.508713442263496e-14
478.0163607004074,7.432338098677759e-14
478.1163607004074,6.489912748301732e-14
478.21636070040745,5.6650545900428336e-14
478.3163607004075,4.943347955158671e-14
478.4163607004075,4.3121127028320936e-14
478.5163607004075,3.7601993159798954e-14
478.61636070040754,3.2778076882815835e-14
478.71636070040756,2.8563269242651966e-14
478.8163607004076,2.4881937697264412e-14
478.9163607004076,2.1667675534658682e-14
479.01636070040763,1.886219756615479e-14
479.11636070040765,1.6414365356641673e-14
479.2163607004077,1.427932712356514e-14
479.3163607004077,1.2417759103324293e-14
479.4163607004077,1.0795196668520186e-14
479.51636070040774,9.381444801466569e-15
479.61636070040777,8.150058705895423e-15
479.7163607004078,7.077886385431053e-15
479.8163607004078,6.144665948118744e-15
479.91636070040784,5.332671223574702e-15
480.01636070040786,4.6264000143589326e-15
480.1163607004079,4.012299955980234e-15
480.2163607004079,3.478527539479347e-15
480.3163607004079,3.0147363648140036e-15
480.41636070040795,2.611891149447636e-15
480.516360700408,2.2621044210198818e-15
480.616360700408,1.958493181462329e-15
480.716360700408,1.6950531475165464e-15
480.81636070040804,1.466548453861855e-15
480.91636070040806,1.2684149540248813e-15
481.0163607004081,1.0966754745360211e-15
481.1163607004081,9.478655726433289e-16
481.21636070040813,8.189685201601439e-16
481.31636070040815,7.073583882635454e-16
481.4163607004082,6.107502425497385e-16
481.5163607004082,5.271565764108804e-16
481.6163607004082,4.548492156229917e-16
481.71636070040825,3.923260195237636e-16
481.81636070040827,3.382817857303944e-16
481.9163607004083,2.915828372611834e-16
482.0163607004083,2.5124483429790983e-16
482.11636070040834,2.1641340865061664e-16
482.21636070040836,1.8634726814185212e-16
482.3163607004084,1.604034613926645e-16
482.4163607004084,1.3802453155836427e-16
482.5163607004084,1.1872732103940535e-16
482.61636070040845,1.020932186231895e-16
482.7163607004085,8.77596663747007e-17
482.8163607004085,7.541276631131322e-17
482.9163607004085,6.478084684419133e-17
483.01636070040854,5.562886647623866e-17
483.11636070040856,4.77535476067415e-17
483.2163607004086,4.097914676371128e-17
483.3163607004086,3.515377939407877e-17
483.41636070040863,3.014622769023266e-17
483.51636070040865,2.5843168995947676e-17
483.6163607004087,2.2146770271675615e-17
483.7163607004087,1.8972601045932102e-17
483.8163607004087,1.624782335724323e-17
483.91636070040875,1.390962250639323e-17
484.01636070040877,1.1903847085377105e-17
484.1163607004088,1.0183830809957735e-17
484.2163607004088,8.709372229634725e-18
484.31636070040884,7.445851485856506e-18
484.41636070040886,6.363465992455166e-18
484.5163607004089,5.436569270709099e-18
484.6163607004089,4.643099228289054e-18
484.7163607004089,3.964083964478491e-18
484.81636070040895,3.3832147466662083e-18
484.916360700409,2.886477164296794e-18
485.016360700409,2.461832651722722e-18
485.116360700409,2.098943603064292e-18
485.21636070040904,1.7889361998032477e-18
485.31636070040906,1.5241958525197927e-18
485.4163607004091,1.2981908368985344e-18
485.5163607004091,1.1053202939640664e-18
485.61636070040913,9.407832768995788e-19
485.71636070040915,8.004659717447204e-19
485.8163607004092,6.808446054913304e-19
485.9163607004092,5.78901890214243e-19
486.0163607004092,4.920551425385425e-19
486.11636070040925,4.1809446975258657e-19
486.21636070040927,3.5512963228361516e-19
486.3163607004093,3.0154438146587154e-19
486.4163607004093,2.5595723538876747e-19
486.51636070040934,2.1718779745664336e-19
486.61636070040936,1.8422784503253945e-19
486.7163607004094,1.562165217067967e-19
486.8163607004094,1.3241905852974446e-19
486.9163607004094,1.1220852889010452e-19
487.01636070040945,9.50502102706518e-20
487.1163607004095,8.048818531524011e-20
487.2163607004095,6.813386575119048e-20
487.3163607004095,5.765616681755097e-20
487.41636070040954,4.8773097897635415e-20
487.51636070040956,4.124456786315432e-20
487.6163607004096,3.4866231917620896e-20
487.7163607004096,2.946423109413967e-20
487.81636070040963,2.489069655051251e-20
487.91636070040965,2.1019908874594162e-20
488.0163607004097,1.7745018164583455e-20
488.1163607004097,1.4975244028322456e-20
488.2163607004097,1.2633486151641167e-20
488.31636070040975,1.0654285976889378e-20
488.41636070040977,8.982088532395069e-21
488.5163607004098,7.569760754639684e-21
488.6163607004098,6.3773289140536025e-21
488.71636070040984,5.370903136282939e-21
488.81636070040986,4.521761627638222e-21
488.9163607004099,3.805571173172235e-21
489.0163607004099,3.201723870684986e-21
489.1163607004099,2.692772973386256e-21
489.21636070040995,2.263953206414957e-21
489.31636070041,1.9027730568598822e-21
489.41636070041,1.5986683640765692e-21
489.51636070041,1.3427081005952979e-21
489.61636070041004,1.1273445712952894e-21
489.71636070041006,9.462014020494108e-22
489.8163607004101,7.938936664445734e-22
489.9163607004101,6.658753342741133e-22
490.01636070041013,5.5830993872617e-22
490.11636070041016,4.679609681095122e-22
490.2163607004102,3.9209900762194286e-22
490.3163607004102,3.2842309999080006e-22
490.4163607004102,2.74994171870509e-22
490.51636070041025,2.301786951554902e-22
490.61636070041027,1.9260102698437956e-22
490.7163607004103,1.6110310613147233e-22
490.8163607004103,1.347103826595062e-22
490.91636070041034,1.1260302723963217e-22
491.01636070041036,9.409161078795963e-23
491.1163607004104,7.859656774874629e-23
491.2163607004104,6.563086065627717e-23
491.3163607004104,5.478535225034698e-23
491.41636070041045,4.571646672649785e-23
491.5163607004105,3.8135785654157607e-23
491.6163607004105,3.1801278384934627e-23
491.7163607004105,2.650991284218539e-23
491.81636070041054,2.2091431661514108e-23
491.91636070041056,1.840311178823402e-23
492.0163607004106,1.53253537249933e-23
492.1163607004106,1.2757970421141889e-23
492.21636070041063,1.0617065952262806e-23
492.31636070041066,8.832411204407516e-24
492.4163607004107,7.345238221419786e-24
492.5163607004107,6.106387093639341e-24
492.6163607004107,5.074749600767627e-24
492.71636070041075,4.2159625583808725e-24
492.81636070041077,3.5013112007315304e-24
492.9163607004108,2.9068091694551915e-24
493.0163607004108,2.4124269445472223e-24
493.11636070041084,2.0014449997535038e-24
493.21636070041086,1.659911715896135e-24
493.3163607004109,1.3761892499005506e-24
493.4163607004109,1.1405732252976303e-24
493.5163607004109,9.449743587242641e-25
493.61636070041095,7.826520316102185e-25
493.716360700411,6.4799141197536125e-25
493.816360700411,5.363170747288872e-25
493.916360700411,4.437371995191291e-25
494.01636070041104,3.670133763825532e-25
494.11636070041106,3.034518493686408e-25
494.2163607004111,2.5081270077838496e-25
494.3163607004111,2.0723404374932445e-25
494.41636070041113,1.7116876561380477e-25
494.51636070041116,1.4133176306286223e-25
494.6163607004112,1.166559447369736e-25
494.7163607004112,9.625555761324842e-26
494.8163607004112,7.939562904263867e-26
494.91636070041125,6.546651373438225e-26
495.01636070041127,5.396270047185672e-26
495.1163607004113,4.4465171994707766e-26
495.2163607004113,3.6626727605314994e-26
495.31636070041134,3.015977527733994e-26
495.41636070041136,2.4826181407257083e-26
495.5163607004114,2.042883441727778e-26
495.6163607004114,1.6804635341462058e-26
495.7163607004114,1.381867611286805e-26
495.81636070041145,1.1359406035216996e-26
495.9163607004115,9.334620140625008e-27
496.0163607004115,7.668130873247324e-27
496.1163607004115,6.297007692584297e-27
496.21636070041154,5.169288510195858e-27
496.31636070041156,4.242082988540382e-27
496.4163607004116,3.480001167280049e-27
496.5163607004116,2.8538520816886076e-27
496.61636070041163,2.3395663688289584e-27
496.71636070041166,1.9173046287288177e-27
496.8163607004117,1.5707197781013353e-27
496.9163607004117,1.286347019121135e-27
497.0163607004117,1.0530995257733068e-27
497.11636070041175,8.618516760505272e-28
497.21636070041177,7.050947556166305e-28
497.3163607004118,5.7665263252762495e-28
497.4163607004118,4.7144704084878685e-28
497.51636070041184,3.853038866321492e-28
497.61636070041186,3.1479346367580946e-28
497.7163607004119,2.570986895740918e-28
497.8163607004119,2.099064871104541e-28
497.91636070041193,1.7131827729022161e-28
498.01636070041195,1.397762476029187e-28
498.116360700412,1.140026368633075e-28
498.216360700412,9.294975652141751e-29
498.316360700412,7.575886454703604e-29
498.41636070041204,6.172633592581008e-29
498.51636070041206,5.0275845120117966e-29
498.6163607004121,4.0935500240062955e-29
498.7163607004121,3.3319054185423515e-29
498.81636070041213,2.711047133728612e-29
498.91636070041216,2.205125503991802e-29
499.0163607004122,1.7930045715205576e-29
499.1163607004122,1.4574085804009403e-29
499.2163607004122,1.1842218988933e-29
499.31636070041225,9.619149937242426e-30
499.41636070041227,7.810739277487893e-30
499.5163607004123,6.340148482073315e-30
499.6163607004123,5.144682254682899e-30
499.71636070041234,4.173203143620931e-30
499.81636070041236,3.384015434847595e-30
499.9163607004124,2.7431337607813246e-30
500.0163607004124,2.222866986052189e-30
500.11636070041243,1.800660371897904e-30
500.21636070041245,1.4581492495539773e-30
500.3163607004125,1.1803858399705042e-30
500.4163607004125,9.552077643932707e-31
500.5163607004125,7.727224632545699e-31
500.61636070041254,6.2488639828817115e-31
500.71636070041257,5.051617351761076e-31
500.8163607004126,4.082363399324471e-31
500.9163607004126,3.297954939831009e-31
501.01636070041263,2.663358412293596e-31
501.11636070041266,2.1501380816181336e-31
501.2163607004127,1.7352215349280482e-31
501.3163607004127,1.3998946285183358e-31
501.4163607004127,1.1289835291351658e-31
501.51636070041275,9.101892575580741e-32
501.61636070041277,7.335464936975663e-32
501.7163607004128,5.909835958751072e-32
501.8163607004128,4.7596503213122416e-32
501.91636070041284,3.832008901924387e-32
502.01636070041286,3.0841096607657746e-32
502.1163607004129,2.481332447899367e-32
502.2163607004129,1.9956847486822435e-32
502.31636070041293,1.6045407921469687e-32
502.41636070041295,1.289619013205282e-32
502.516360700413,1.0361531051700568e-32
502.616360700413,8.322202495897722e-33
502.716360700413,6.681969138115442e-33
502.81636070041304,5.36318147638622e-33
502.91636070041307,4.30320821553075e-33
503.0163607004131,3.451549203073687e-33
503.1163607004131,2.767499924892537e-33
503.21636070041313,2.218262856853627e-33
503.31636070041316,1.777420715536413e-33
503.4163607004132,1.42370269862875e-33
503.5163607004132,1.139987841979055e-33
503.6163607004132,9.125002067576471e-34
503.71636070041325,7.301592040026668e-34
503.81636070041327,5.840553375389344e-34
503.9163607004133,4.670273032289803e-34
504.0163607004133,3.7332096969997535e-34
504.11636070041334,2.983144840444862e-34
504.21636070041336,2.3829675898273752e-34
504.3163607004134,1.9028903852063956e-34
504.4163607004134,1.5190121528279451e-34
504.51636070041343,1.2121617223236043e-34
504.61636070041345,9.669671571512978e-35
504.7163607004135,7.711071357829708e-35
504.8163607004135,6.147089850574777e-35
504.9163607004135,4.898648080535552e-35
505.01636070041354,3.9024267600850837e-35
505.11636070041357,3.107743178949813e-35
505.2163607004136,2.47404345437225e-35
505.3163607004136,1.9688896019288695e-35
505.41636070041363,1.5663443613938808e-35
505.51636070041366,1.2456756389337635e-35
505.6163607004137,9.903176858134711e-36
505.7163607004137,7.870384310894361e-36
505.8163607004137,6.252722926949628e-36
505.91636070041375,4.9658576964304765e-36
506.01636070041377,3.9424954090709276e-36
506.1163607004138,3.1289596528542656e-36
506.2163607004138,2.4824503457402394e-36
506.31636070041384,1.9688517609949846e-36
506.41636070041386,1.5609798859676784e-36
506.5163607004139,1.2371815539186178e-36
506.6163607004139,9.802151394281782e-37
506.71636070041393,7.763565407547131e-37
506.81636070041395,6.146853565731726e-37
506.916360700414,4.8651513887578954e-37
507.016360700414,3.8493880244195245e-37
507.116360700414,3.0446604345853524e-37
507.21636070041404,2.407342465858562e-37
507.31636070041407,1.902780669915156e-37
507.4163607004141,1.5034584327674363e-37
507.5163607004141,1.187533747849644e-37
507.61636070041413,9.376749978384415e-38
507.71636070041416,7.401343362421952e-38
507.8163607004142,5.840104379930282e-38
507.9163607004142,4.6066212516242935e-38
508.0163607004142,3.632421560976516e-38
508.11636070041425,2.863266839102944e-38
508.21636070041427,2.256208560950493e-38
508.3163607004143,1.777249917045663e-38
508.4163607004143,1.3994893667758857e-38
508.51636070041434,1.1016472232086875e-38
508.61636070041436,8.668966521224639e-39
508.7163607004144,6.819365183892159e-39
508.8163607004144,5.362563042388394e-39
508.91636070041443,4.215535143420503e-39
509.01636070041445,3.3127209803607297e-39
509.1163607004145,2.6023687958539053e-39
509.2163607004145,2.043641287070082e-39
509.3163607004145,1.604324936088468e-39
509.41636070041454,1.2590177129876219e-39
509.51636070041457,9.876957548774878e-40
509.6163607004146,7.745801705522989e-40
509.7163607004146,6.072414420088905e-40
509.81636070041463,4.758918548447513e-40
509.91636070041466,3.728266778596173e-40
510.0163607004147,2.91982976149946e-40
510.1163607004147,2.285914179206129e-40
510.2163607004147,1.7890157032593234e-40
510.31636070041475,1.3996525005544757e-40
510.41636070041477,1.094657196875863e-40
510.5163607004148,8.558307558813017e-41
510.6163607004148,6.688819601549107e-41
510.71636070041484,5.225921926511187e-41
510.81636070041486,4.0815788602448137e-41
510.9163607004149,3.186730281563141e-41
511.0163607004149,2.487220354199266e-41
511.11636070041493,1.940595677004914e-41
511.21636070041495,1.5135880723205936e-41
511.316360700415,1.1801363141899607e-41
511.416360700415,9.198319543158536e-42
511.516360700415,7.166987573047628e-42
511.61636070041504,5.5823447126652974e-42
511.71636070041507,4.346588142691559e-42
511.8163607004151,3.3832350512106084e-42
511.9163607004151,2.6324958353553192e-42
512.0163607004151,2.0476468358865636e-42
512.1163607004152,1.592187672373989e-42
512.2163607004152,1.2376142466569797e-42
512.3163607004152,9.616746844971761e-43
512.4163607004152,7.470039664741142e-43
512.5163607004152,5.800553979401889e-43
512.6163607004153,4.50264676881843e-43
512.7163607004153,3.4939615711281402e-43
512.8163607004153,2.71031775796084e-43
512.9163607004153,2.1017165193128e-43
513.0163607004154,1.6292206480963544e-43
513.1163607004154,1.2625178116617023e-43
513.2163607004154,9.780182589032897e-44
513.3163607004154,7.573702685337664e-44
513.4163607004155,5.863020092555685e-44
513.5163607004155,4.537183596062906e-44
513.6163607004155,3.50996806063893e-44
513.7163607004155,2.7143873113342807e-44
513.8163607004155,2.0984194788882542e-44
513.9163607004156,1.6216780637964235e-44
514.0163607004156,1.2528203980106616e-44
514.1163607004156,9.675308691371513e-45
514.2163607004156,7.469519837452666e-45
514.3163607004157,5.764642516103747e-45
514.4163607004157,4.447376701044823e-45
514.5163607004157,3.429946083119679e-45
514.6163607004157,2.6443717595686144e-45
514.7163607004157,2.0380252874251907e-45
514.8163607004158,1.5701764767928773e-45
514.9163607004158,1.2093143486152266e-45
515.0163607004158,9.310688251794232e-46
515.1163607004158,7.165990130930772e-46
515.2163607004159,5.513437636363026e-46
515.3163607004159,4.240534178619884e-46
515.4163607004159,3.2603971885992817e-46
515.5163607004159,2.5059493716823486e-46
515.616360700416,1.9254219379528063e-46
515.716360700416,1.478874701083116e-46
515.816360700416,1.1355040406413309e-46
515.916360700416,8.715610811889885e-47
516.016360700416,6.68742330815941e-47
516.1163607004161,5.1294599198375335e-47
516.2163607004161,3.933111944233826e-47
516.3163607004161,3.0147604889737235e-47
516.4163607004161,2.310048844078083e-47
516.5163607004162,1.7694624519765984e-47
516.6163607004162,1.3549191483679263e-47
516.7163607004162,1.0371396798269691e-47
516.8163607004162,7.936206516605915e-48
516.9163607004162,6.070724320766651e-48
517.0163607004163,4.6421578397215547e-48
517.1163607004163,3.5485516844744726e-48
517.2163607004163,2.7116535873370857e-48
517.3163607004163,2.0714245595399186e-48
517.4163607004164,1.5818156754167963e-48
517.5163607004164,1.2075203804153884e-48
517.6163607004164,9.214778589283775e-49
517.7163607004164,7.029544430001091e-49
517.8163607004165,5.360697444086208e-49
517.9163607004165,4.0866482034013414e-49
518.0163607004165,3.1143330226407806e-49
518.1163607004165,2.3725462587852803e-49
518.2163607004165,1.806825318178569e-49
518.3163607004166,1.3755281630925547e-49
518.4163607004166,1.0468263516599146e-49
518.5163607004166,7.964007254937387e-50
518.6163607004166,6.05676171508684e-50
518.7163607004167,4.604698184827943e-50
518.8163607004167,3.4995619977493043e-50
518.9163607004167,2.6587533775463818e-50
519.0163607004167,2.01926937201239e-50
519.1163607004167,1.5330711183019994e-50
519.2163607004168,1.1635423270830903e-50
519.3163607004168,8.827828994087859e-51
519.4163607004168,6.69541463905595e-51
519.5163607004168,5.076365499861192e-51
519.6163607004169,3.847513309512063e-51
519.7163607004169,2.9151386692170774e-51
519.8163607004169,2.2079546373923866e-51
519.9163607004169,1.671756095063209e-51
520.016360700417,1.265340837367134e-51
520.116360700417,9.574012155197908e-52
520.216360700417,7.241562195441674e-52
520.316360700417,5.475482511269975e-52
520.416360700417,4.138704010345366e-52
520.5163607004171,3.127218165433031e-52
520.6163607004171,2.3621302050412227e-52
520.7163607004171,1.78361586446995e-52
520.8163607004171,1.346327326022833e-52
520.9163607004172,1.0159020467640872e-52
521.0163607004172,7.663106310513908e-53
521.1163607004172,5.778428002193657e-53
521.2163607004172,4.355784678145844e-53
521.3163607004172,3.2822748115387535e-53
521.4163607004173,2.472494405518536e-53
521.5163607004173,1.861862204165092e-53
521.6163607004173,1.4015596781559184e-53
521.7163607004173,1.0546964739806254e-53
521.8163607004174,7.934055500159834e-54
521.9163607004174,5.966433640892085e-54
522.0163607004174,4.485245673431404e-54
522.1163607004174,3.370617705383997e-54
522.2163607004175,2.5321218459379298e-54
522.3163607004175,1.901566610910915e-54
522.4163607004175,1.4275467075098171e-54
522.5163607004175,1.0713242879335903e-54
522.6163607004175,8.037174833092942e-55
522.7163607004176,6.027506966864811e-55
522.8163607004176,4.518807771470051e-55
522.9163607004176,3.386584010364724e-55
523.0163607004176,2.5371823449473125e-55
523.1163607004177,1.9001738996448264e-55
523.2163607004177,1.4226132743342526e-55
523.3163607004177,1.0647121392798015e-55
523.4163607004177,7.965799944571385e-56
523.5163607004177,5.95769718501618e-56
523.6163607004178,4.454298280400468e-56
523.7163607004178,3.3291396048915054e-56
523.8163607004178,2.487348048255401e-56
523.9163607004178,1.8577743045807847e-56
524.0163607004179,1.3870789621055013e-56
524.1163607004179,1.0352881867785074e-56
524.2163607004179,7.724549717468597e-57
524.3163607004179,5.76151806100915e-57
524.416360700418,4.295883775673932e-57
524.516360700418,3.20198991072162e-57
524.616360700418,2.3858285749266032e-57
524.716360700418,1.7770938055145423e-57
524.816360700418,1.323223821979011e-57
524.9163607004181,9.84936221899523e-58
525.0163607004181,7.328831694978431e-58
525.1163607004181,5.451464997664103e-58
525.2163607004181,4.0536247987144564e-58
525.3163607004182,3.0131843906136795e-58
525.4163607004182,2.2390289574484292e-58
525.5163607004182,1.663204120842157e-58
525.6163607004182,1.2350462886376538e-58
525.7163607004182,9.167961020275805e-59
525.8163607004183,6.8032138382749235e-59
525.9163607004183,5.046698109434685e-59
526.0163607004183,3.7424186714621964e-59
526.1163607004183,2.7742733932491097e-59
526.2163607004184,2.0558810474900286e-59
526.3163607004184,1.522995252946357e-59
526.4163607004184,1.1278489953192066e-59
526.5163607004184,8.349398795979408e-60
526.6163607004185,6.178901805030306e-60
526.7163607004185,4.571084215399479e-60
526.8163607004185,3.3804848372592217e-60
526.9163607004185,2.499140097490988e-60
527.0163607004185,1.84694538568906e-60
527.1163607004186,1.3644868198843634e-60
527.2163607004186,1.007712108709934e-60
527.3163607004186,7.439700453213872e-61
527.4163607004186,5.49068163770675e-61
527.5163607004187,4.0508756975624294e-61
527.6163607004187,2.987606608291026e-61
527.7163607004187,2.2026715703638072e-61
527.8163607004187,1.6234088982307085e-61
527.9163607004187,1.1960736927947972e-61
528.0163607004188,8.809267445511586e-62
528.1163607004188,6.485948450157021e-62
528.2163607004188,4.773742956960811e-62
528.3163607004188,3.512338864550449e-62
528.4163607004189,2.5833641500168293e-62
528.5163607004189,1.8994448493831677e-62
528.6163607004189,1.39610984193768e-62
528.7163607004189,1.0258038617405882e-62
528.816360700419,7.534612318048457e-63
528.916360700419,5.532345997852146e-63
529.016360700419,4.0607812602240596e-63
529.116360700419,2.9796256182534895e-63
529.216360700419,2.1855746440624062e-63
529.3163607004191,1.602586308663812e-63
529.4163607004191,1.1747056383308577e-63
529.5163607004191,8.607727682428259e-64
529.6163607004191,6.305213915473894e-64
529.7163607004192,4.617032932370034e-64
529.8163607004192,3.379698506675387e-64
529.9163607004192,2.4731177128702866e-64
530.0163607004192,1.8091036783730614e-64
530.1163607004192,1.3229211690251165e-64
530.2163607004193,9.670664480145448e-65
530.3163607004193,7.066925392549783e-65
530.4163607004193,5.162458072017762e-65
530.5163607004193,3.7699397469442145e-65
530.6163607004194,2.7520994366650003e-65
530.7163607004194,2.008379012223529e-65
530.8163607004194,1.4651398060750261e-65
530.9163607004194,1.0684748444134326e-65
531.0163607004195,7.789352833616838e-66
531.1163607004195,5.676626126928844e-66
531.2163607004195,4.135528780535558e-66
531.3163607004195,3.011782767125709e-66
531.4163607004195,2.1926437786084692e-66
531.5163607004196,1.5957481832567127e-66
531.6163607004196,1.1609472225890537e-66
531.7163607004196,8.443304183193275e-67
531.8163607004196,6.138527914366404e-67
531.9163607004197,4.4613662248790704e-67
532.0163607004197,3.24133079752104e-67
532.1163607004197,2.354131274115484e-67
532.2163607004197,1.7091880142731894e-67
532.3163607004198,1.2405116323394663e-67
532.4163607004198,9.000438816672736e-68
532.5163607004198,6.52797327162867e-68
532.6163607004198,4.73309140622452e-68
532.7163607004198,3.430546073712144e-68
532.8163607004199,2.4856127146999703e-68
532.9163607004199,1.8003440500355728e-68
533.0163607004199,1.3035551035413992e-68
533.1163607004199,9.435287140061098e-69
533.21636070042,6.827043799565387e-69
533.31636070042,4.938125207981314e-69
533.41636070042,3.5706176410700243e-69
533.51636070042,2.5809312484233545e-69
533.61636070042,1.864924978807883e-69
533.7163607004201,1.347094728433578e-69
533.8163607004201,9.727175417416493e-70
533.9163607004201,7.021456341069597e-70
534.0163607004201,5.066633522711029e-70
534.1163607004202,3.654800076342333e-70
534.2163607004202,2.635479236335732e-70
534.3163607004202,1.899797943491565e-70
534.4163607004202,1.3690114109339227e-70
534.5163607004203,9.86185388149594e-71
534.6163607004203,7.101693087265128e-71
534.7163607004203,5.112308769714654e-71
534.8163607004203,3.678951761444501e-71
534.9163607004203,2.646567354738906e-71
535.0163607004204,1.9032404075724117e-71
535.1163607004204,1.3682208007107629e-71
535.2163607004204,9.832649723298375e-72
535.3163607004204,7.063773878287979e-72
535.4163607004205,5.072883037691217e-72
535.5163607004205,3.6418726110586737e-72
535.6163607004205,2.61364435965943e-72
535.7163607004205,1.8750811809395558e-72
535.8163607004205,1.344762216266012e-72
535.9163607004206,9.641015076355591e-73
536.0163607004206,6.90958344980119e-73
536.1163607004206,4.9503147299723575e-73
536.2163607004206,3.5454029099675534e-73
536.3163607004207,2.538342509548776e-73
536.4163607004207,1.816714529994115e-73
536.5163607004207,1.2997954039744912e-73
536.6163607004207,9.296407339620904e-74
536.7163607004208,6.646716163832433e-74
536.8163607004208,4.7506273257793014e-74
536.9163607004208,3.394271926691621e-74
537.0163607004208,2.4243434350734383e-74
537.1163607004208,1.7309857528051075e-74
537.2163607004209,1.2355055050251233e-74
537.3163607004209,8.815515571326256e-75
537.4163607004209,6.287856033397055e-75
537.5163607004209,4.48341874035036e-75
537.616360700421,3.195713642358464e-75
537.716360700421,2.277079802152866e-75
537.816360700421,1.621961294012227e-75
537.916360700421,1.1549270726320321e-75
538.016360700421,8.220921059902347e-76
538.1163607004211,5.849762509258142e-76
538.2163607004211,4.161096927083067e-76
538.3163607004211,2.958893066776954e-76
538.4163607004211,2.103306426614088e-76
538.5163607004212,1.4946092578036924e-76
538.6163607004212,1.0617068705625984e-76
538.7163607004212,7.53934172093416e-77
538.8163607004212,5.3519749142957015e-77
538.9163607004213,3.797926456157168e-77
539.0163607004213,2.694206458446291e-77
539.1163607004213,1.91058795567306e-77
539.2163607004213,1.3544252419779332e-77
539.3163607004213,9.598312442995786e-78
539.4163607004214,6.799650136551266e-78
539.5163607004214,4.815374765932444e-78
539.6163607004214,3.40898788890479e-78
539.7163607004214,2.4125296783560133e-78
539.8163607004215,1.70675707399181e-78
539.9163607004215,1.207042603295074e-78
540.0163607004215,8.533463341316609e-79
540.1163607004215,6.030869011605395e-79
540.2163607004215,4.260752476877775e-79
540.3163607004216,3.00915497518546e-79
540.4163607004216,2.124489776399799e-79
540.5163607004216,1.4993967893589096e-79
540.6163607004216,1.0578652428726984e-79
540.7163607004217,7.460981454519431e-80
540.8163607004217,5.260335128632632e-80
540.9163607004217,3.707513207160263e-80
541.0163607004217,2.6121844559463616e-80
541.1163607004218,1.8398262691463926e-80
541.2163607004218,1.2953932528644992e-80
541.3163607004218,9.117552789289941e-81
541.4163607004218,6.415149517562018e-81
541.5163607004218,4.512187311311191e-81
541.6163607004219,3.1726290573777303e-81
541.7163607004219,2.2299920548121566e-81
541.8163607004219,1.5668924015415915e-81
541.9163607004219,1.100593323376722e-81
542.016360700422,7.727987552041496e-82
542.116360700422,5.424476029759878e-82
542.216360700422,3.8062824769951974e-82
542.316360700422,2.669906651834534e-82
542.416360700422,1.8721600763287075e-82
542.5163607004221,1.3123259680708781e-82
542.6163607004221,9.195859054606801e-83
542.7163607004221,6.441614492988476e-83
542.8163607004221,4.510752464301092e-83
542.9163607004222,3.15758536416208e-83
543.0163607004222,2.2095968713099417e-83
543.1163607004222,1.5456915502689355e-83
543.2163607004222,1.0808973694319502e-83
543.3163607004223,7.556104014090983e-84
543.4163607004223,5.280356393574429e-84
543.5163607004223,3.688759871941322e-84
543.6163607004223,2.576020852537393e-84
543.7163607004223,1.7983333748641866e-84
543.8163607004224,1.2549975413443283e-84
543.9163607004224,8.755226507627735e-85
544.0163607004224,6.105816358523417e-85
544.1163607004224,4.2566890923104144e-85
544.2163607004225,2.966551987779011e-85
544.3163607004225,2.0667304455889437e-85
544.4163607004225,1.439353775996846e-85
544.5163607004225,1.0020816426867798e-85
544.6163607004225,6.974137438313021e-86
544.7163607004226,4.8520999416426254e-86
544.8163607004226,3.3745884388943604e-86
544.9163607004226,2.3461929827268483e-86
545.0163607004226,1.6306414937634036e-86
545.1163607004227,1.132935245059e-86
545.2163607004227,7.868709763022259e-87
545.3163607004227,5.463284365431294e-87
545.4163607004227,3.791891712506985e-87
545.5163607004228,2.630933598544503e-87
545.6163607004228,1.8248017490418053e-87
545.7163607004228,1.265241214839444e-87
545.8163607004228,8.76966114985392e-88
545.9163607004228,6.076368954456785e-88
546.0163607004229,4.2087904164945895e-88
546.1163607004229,2.914219797555628e-88
546.2163607004229,2.017154433641566e-88
546.3163607004229,1.395750636741135e-88
546.416360700423,9.654468296791268e-89
546.516360700423,6.675760191689882e-89
546.616360700423,4.614503022088809e-89
546.716360700423,3.188606907921426e-89
546.816360700423,2.2025656966243674e-89
546.9163607004231,1.5209278071896288e-89
547.0163607004231,1.0498812263240772e-89
547.1163607004231,7.244752945679633e-90
547.2163607004231,4.997569367885686e-90
547.3163607004232,3.4462432019858607e-90
547.4163607004232,2.3756631132343625e-90
547.5163607004232,1.6371015779811861e-90
547.6163607004232,1.1277640343686366e-90
547.7163607004233,7.76627373990102e-91
547.8163607004233,5.346369722018373e-91
547.9163607004233,3.67923157438949e-91
548.0163607004233,2.531087151382758e-91
548.1163607004233,1.7406398236622582e-91
548.2163607004234,1.1966373998483287e-91
548.3163607004234,8.223715351071477e-92
548.4163607004234,5.649700263542039e-92
548.5163607004234,3.880025556452091e-92
548.6163607004235,2.6637631417353796e-92
548.7163607004235,1.828135849085053e-92
548.8163607004235,1.2542183932203154e-92
548.9163607004235,8.601807245705042e-93
549.0163607004235,5.897366085862702e-93
549.1163607004236,4.041832485064384e-93
549.2163607004236,2.769174812916582e-93
549.3163607004236,1.8965935800833925e-93
549.4163607004236,1.298524117131544e-93
549.5163607004237,8.887458884390284e-94
549.6163607004237,6.080748336875445e-94
549.7163607004237,4.158994015052027e-94
549.8163607004237,2.8436189629184327e-94
549.9163607004238,1.9435975752623054e-94
550.0163607004238,1.3279848975680415e-94
550.1163607004238,9.07051120487251e-95
550.2163607004238,6.193301644527544e-95
550.3163607004238,4.2273143325807014e-95
550.4163607004239,2.884421286717578e-95
550.5163607004239,1.9674544315505456e-95
550.6163607004239,1.3415365622902362e-95
550.7163607004239,9.144336203565595e-96
550.816360700424,6.230941836882548e-96
550.916360700424,4.244309544068797e-96
551.016360700424,2.890095831425837e-96
551.116360700424,1.967294046122425e-96
551.216360700424,1.338684245015832e-96
551.3163607004241,9.106235286697331e-97
551.4163607004241,6.192291938958459e-97
551.5163607004241,4.2093575749126436e-97
551.6163607004241,2.8604348234739096e-97
551.7163607004242,1.943122292104657e-97
551.8163607004242,1.3195323815189703e-97
551.9163607004242,8.957603009369491e-98
552.0163607004242,6.078765786912882e-98
552.1163607004243,4.1237359647365033e-98
552.2163607004243,2.7965212964160708e-98
552.3163607004243,1.8958206615894153e-98
552.4163607004243,1.284778362475723e-98
552.5163607004243,8.703842349920601e-99
552.6163607004244,5.894482180160461e-99
552.7163607004244,3.990544357362778e-99
552.8163607004244,2.700663449249782e-99
552.9163607004244,1.8270929062097084e-99
553.0163607004245,1.23567038091801e-99
553.1163607004245,8.354038696825128e-100
553.2163607004245,5.646016839567262e-100
553.3163607004245,3.8145182425152835e-100
553.4163607004245,2.576256282565805e-100
553.5163607004246,1.7393631789803035e-100
553.6163607004246,1.1739330268252988e-100
553.7163607004246,7.920419976630002e-101
553.8163607004246,5.342012999463314e-101
553.9163607004247,3.60174955477892e-101
554.0163607004247,2.427582076960824e-101
554.1163607004247,1.6356341678003645e-101
554.2163607004247,1.1016668126627186e-101
554.3163607004248,7.417647647747294e-102
554.4163607004248,4.9926827813615134e-102
554.5163607004248,3.359337109607762e-102
554.6163607004248,2.259566057610319e-102
554.7163607004248,1.5193167915035783e-102
554.8163607004249,1.0212297869083925e-102
554.9163607004249,6.861995837307444e-103
555.0163607004249,4.609239419548668e-103
555.1163607004249,3.0949948108780747e-103
555.216360700425,2.0775066545969036e-103
555.316360700425,1.3940449019322354e-103
555.416360700425,9.351105183750263e-104
555.516360700425,6.270482530292703e-104
555.616360700425,4.203304211864072e-104
555.7163607004251,2.8166476643601746e-104
555.8163607004251,1.8868008630721935e-104
555.9163607004251,1.2634889519098732e-104
556.0163607004251,8.458019301111759e-105
556.1163607004252,5.660016999634381e-105
556.2163607004252,3.786331546545761e-105
556.3163607004252,2.532044795911553e-105
556.4163607004252,1.6926843164247566e-105
556.5163607004253,1.1311817670892794e-105
556.6163607004253,7.556847586068578e-106
556.7163607004253,5.046621926725042e-106
556.8163607004253,3.369090818644504e-106
556.9163607004253,2.248415169070976e-106
557.0163607004254,1.500003027751201e-106
557.1163607004254,1.0003675723821489e-106
557.2163607004254,6.669279455527129e-107
557.3163607004254,4.444777917462317e-107
557.4163607004255,2.9612362545554957e-107
557.5163607004255,1.97218608316056e-107
557.6163607004255,1.3130297386082238e-107
557.7163607004255,8.738825668901811e-108
557.8163607004255,5.81411248125768e-108
557.9163607004256,3.8669238868313406e-108
558.0163607004256,2.5709856869775687e-108
558.1163607004256,1.7087775691026053e-108
558.2163607004256,1.1353329718734367e-108
558.3163607004257,7.540719868587094e-109
558.4163607004257,5.00673038190751e-109
558.5163607004257,3.3231308542463456e-109
558.6163607004257,2.2049183981689605e-109
558.7163607004258,1.4624783324243833e-109
558.8163607004258,9.697017964741014e-110
558.9163607004258,6.427451385709484e-110
559.0163607004258,4.2588391865249647e-110
559.1163607004258,2.8209508731069737e-110
559.2163607004259,1.867891496915372e-110
559.3163607004259,1.2364017406516885e-110
559.4163607004259,8.181245238091444e-111
559.5163607004259,5.411666875636306e-111
559.616360700426,3.578446589646229e-111
559.716360700426,2.3654287149482618e-111
559.816360700426,1.5630649703410922e-111
559.916360700426,1.0325142080782426e-111
560.016360700426,6.818155210565233e-112
560.1163607004261,4.50079850827011e-112
560.2163607004261,2.970052313740973e-112
560.3163607004261,1.9592527616034746e-112
560.4163607004261,1.292018335195423e-112
560.5163607004262,8.517236894275745e-113
560.6163607004262,5.612813566937224e-113
560.7163607004262,3.6975524918917067e-113
560.8163607004262,2.4350053499794126e-113
560.9163607004263,1.603014061478914e-113
561.0163607004263,1.0549371459373229e-113
561.1163607004263,6.940131159986037e-114
561.2163607004263,4.564157389837312e-114
561.3163607004263,3.0005812197728563e-114
561.4163607004264,1.9719777113269702e-114
561.5163607004264,1.2955389000454286e-114
561.6163607004264,8.508455936485052e-115
561.7163607004264,5.586025205907474e-115
561.8163607004265,3.6661216237227685e-115
561.9163607004265,2.405263643249306e-115
562.0163607004265,1.5775035509025914e-115
562.1163607004265,1.0342602766449451e-115
562.2163607004265,6.778618378651847e-116
562.3163607004266,4.441241254434083e-116
562.4163607004266,2.908837004532386e-116
562.5163607004266,1.9045231155148497e-116
562.6163607004266,1.2465363587318576e-116
562.7163607004267,8.15596762802312e-117
562.8163607004267,5.3345510658767726e-117
562.9163607004267,3.48796486008201e-117
563.0163607004267,2.27980743474634e-117
563.1163607004268,1.4896219766048973e-117
563.2163607004268,9.729842645616902e-118
563.3163607004268,6.353125042595712e-118
563.4163607004268,4.146873909030257e-118
563.5163607004268,2.705864830515119e-118
563.6163607004269,1.7649938895526923e-118
563.7163607004269,1.1508855970069342e-118
563.8163607004269,7.501928911814513e-119
563.9163607004269,4.8883869326009955e-119
564.016360700427,3.184271172221029e-119
564.116360700427,2.0735110605820986e-119
564.216360700427,1.3497536424775344e-119
564.316360700427,8.78323495682106e-120
564.416360700427,5.713553963158016e-120
564.5163607004271,3.715437902151119e-120
564.6163607004271,2.4152690783990106e-120
564.7163607004271,1.569541763101037e-120
564.8163607004271,1.0196052698756585e-120
564.9163607004272,6.621297590486262e-121
565.0163607004272,4.298391650937931e-121
565.1163607004272,2.7894636162273853e-121
565.2163607004272,1.8096194643779e-121
565.3163607004273,1.1735609695401286e-121
565.4163607004273,7.608094462451462e-122
565.5163607004273,4.930579613685917e-122
565.6163607004273,3.194272009066071e-122
565.7163607004273,2.068700676898058e-122
565.8163607004274,1.339291948181926e-122
565.9163607004274,8.667716532165485e-123
566.0163607004274,5.607715630509413e-123
566.1163607004274,3.626762406479848e-123
566.2163607004275,2.34479062513047e-123
566.3163607004275,1.5154474222980163e-123
566.4163607004275,9.791055632118756e-124
566.5163607004275,6.323681727730346e-124
566.6163607004275,4.082839706593539e-124
566.7163607004276,2.6351570075614714e-124
566.8163607004276,1.7002097550718008e-124
566.9163607004276,1.0966053276421768e-124
567.0163607004276,7.070498588789704e-125
567.1163607004277,4.557236519583611e-125
567.2163607004277,2.9363305160637894e-125
567.3163607004277,1.8912988078229211e-125
567.4163607004277,1.2177754081027014e-125
567.5163607004278,7.838375975726309e-126
567.6163607004278,5.043555718248707e-126
567.7163607004278,3.2441385643571244e-126
567.8163607004278,2.085997621048539e-126
567.9163607004278,1.3408495870688683e-126
568.0163607004279,8.61585054707508e-127
568.1163607004279,5.53436874381129e-127
568.2163607004279,3.553774505956089e-127
568.3163607004279,2.2812006342136783e-127
568.416360700428,1.4638242598306467e-127
568.516360700428,9.390013956224083e-128
568.616360700428,6.021370848778597e-128
568.716360700428,3.8599026738791435e-128
568.816360700428,2.4734843868443556e-128
568.9163607004281,1.5845057993789253e-128
569.0163607004281,1.0146828811250234e-128
569.1163607004281,6.495591043283024e-129
569.2163607004281,4.1567973813013256e-129
569.3163607004282,2.6591992394476784e-129
569.4163607004282,1.7005708897489555e-129
569.5163607004282,1.0871524373550588e-129
569.6163607004282,6.947650892028805e-130
569.7163607004283,4.438511732589797e-130
