0,6.185376608323014e-22
1,2.9117663579814093e-21
2,1.3425057578730596e-20
3,6.06240640498623e-20
4,2.6812863249307286e-19
5,1.1614769523372244e-18
6,4.9277339962783545e-18
7,2.0476379627839936e-17
8,8.333517387557038e-17
9,3.3217946079462196e-16
10,1.296840193743979e-15
11,4.9587179408804214e-15
12,1.8570414849679328e-14
13,6.81150472709697e-14
14,2.4469989090105673e-13
15,8.609813532248321e-13
16,2.967037070967652e-12
17,1.0014319796141461e-11
18,3.3104664901430695e-11
19,1.0718307019093596e-10
20,3.3988535063699764e-10
21,1.0556208431154303e-09
22,3.2110918156276967e-09
23,9.56680115423939e-09
24,2.791579674446404e-08
25,7.97815674523517e-08
26,2.2331832318988212e-07
27,6.122311304419731e-07
28,1.6439012121778337e-06
29,4.323199523454263e-06
30,1.1135355842083082e-05
31,2.809132194566233e-05
32,6.940799689971392e-05
33,0.00016796395855055957
34,0.0003980997902019035
35,0.0009241384768630036
36,0.002101122692581827
37,0.00467880591821929
38,0.01020441011520927
39,0.021797668086323895
40,0.04560384098552127
41,0.09344629065516499
42,0.18753916047534866
43,0.3686303809103083
44,0.7096750535133117
45,1.3381266188522845
46,2.4711786182426407
47,4.4697200379966535
48,7.918187159023578
49,13.738536136939118
50,23.346641510720055
51,38.85774784740939
52,63.343213710137604
53,101.13275026730007
54,158.1440289817894
55,242.20496231969219
56,363.3143328627032
57,533.7664620321825
58,768.0496406584692
59,1082.4218610316275
60,1494.0773299337432
61,2019.8487694501416
62,2674.446340428276
63,3468.3121719636492
64,4405.261849845544
65,5480.17633319502
66,6677.080223784079
67,7967.974074275439
68,9312.76163577784
69,10660.518266141136
70,11952.187756040987
71,13124.590192627145
72,14115.40531917065
73,14868.604569662246
74,15339.680939343769
75,15500.000000003593
76,15429.737587760152
77,15220.85560422894
78,14878.98396310127
79,14413.225099143114
80,13835.751297147885
81,13161.27635040845
82,12406.433542175026
83,11589.096593713002
84,10727.682110426676
85,9840.471156138772
86,8944.984112766211
87,8057.437367048062
88,7192.303193670014
89,6361.986151889023
90,5576.621077244143
91,4843.989980498749
92,4169.548408381302
93,3556.54647699224
94,3006.2260957945873
95,2518.0739273438317
96,2090.1092921334134
97,1719.1873213943277
98,1401.2998877230095
99,1131.859860404963
100,905.9576862576845
101,718.5828586400952
102,564.8062271060757
103,439.92210347439953
104,339.55159443160227
105,259.7104644433852
106,196.84609672265526
107,147.84881570480357
108,110.04303924771921
109,81.16354113311415
110,59.321630726463184
111,42.96539998549739
112,30.837440263209338
113,21.932668123294157
114,15.458177751317033
115,10.796396122526671
116,7.472277776695968
117,5.124846826702362
118,3.483072023133625
119,2.3458363095975843
120,1.5656209974847275
121,1.035450290504473
122,0.6786182817187211
123,0.44073296991030586
124,0.2836476623183655
125,0.18089916459231128
126,0.11432668152222566
127,0.07159988389776668
128,0.044435566608311994
129,0.02732768295150141
130,0.016654384327361108
131,0.01005791679171341
132,0.006019233323830578
133,0.0035696694455241195
134,0.0020978213911080168
135,0.001221694731487656
136,0.0007050348363600777
137,0.00040319221282198397
138,0.00022849009529210814
139,0.00012831466836425712
140,7.140669240040177e-05
141,3.9378141170851e-05
142,2.151915383887792e-05
143,1.1653298012538083e-05
144,6.253543849002369e-06
145,3.3255021258248527e-06
146,1.752435103524092e-06
147,9.151248364310446e-07
148,4.7355717846280366e-07
149,2.4283886269404384e-07
150,1.2340070477520891e-07
151,6.213993201984374e-08
152,3.100827389006901e-08
153,1.5333386856868548e-08
154,7.513672792029695e-09
155,3.6485487011303776e-09
156,1.7556651998969078e-09
157,8.371763244330459e-10
158,3.955905047866457e-10
159,1.8523730919403268e-10
160,8.595373486903708e-11
161,3.9523438892959356e-11
162,1.8009364231926696e-11
163,8.13196914259284e-12
164,3.638704151802374e-12
165,1.6134349283345263e-12
166,7.089405969122761e-13
167,3.0868954638120984e-13
168,1.3319492646929592e-13
169,5.695175690649637e-14
170,2.413127416291977e-14
171,1.0132277260900619e-14
172,4.215873399847651e-15
173,1.738288032102776e-15
174,7.10247319449918e-16
175,2.8757501454073715e-16
176,1.1538421012944746e-16
177,4.5877030172218046e-17
178,1.8075815301375078e-17
179,7.057553479017311e-18
180,2.7306380919840333e-18
181,1.046954468174289e-18
182,3.977820018663566e-19
183,1.4976700579181676e-19
184,5.587799949102181e-20
185,2.0659472830008787e-20
186,7.569223085839003e-21
187,2.7481286454433035e-21
188,9.887272339816194e-22
189,3.5250852009153316e-22
190,1.2454216863493511e-22
191,4.360305443833987e-23
192,1.5127636708436606e-23
193,5.200905269041011e-24
194,1.7719052074253657e-24
195,5.982128109769812e-25
196,2.0013572471969128e-25
197,6.635096000548371e-26
198,2.179834327469483e-26
199,7.096650999380096e-27
200,2.289481255898766e-27
201,7.319382115820522e-28
202,2.3188114312167827e-28
203,7.27964378867241e-29
204,2.2646886765885835e-29
205,6.981690177114622e-30
206,2.1328795003639636e-30
207,6.45692514603043e-31
208,1.937041240827994e-31
209,5.758450879582402e-32
210,1.6963917427893573e-32
211,4.952224415755422e-33
212,1.4326106258744847e-33
213,4.106858153014411e-34
214,1.1666616490830895e-34
215,3.284231971242204e-35
216,9.161707266341857e-36
217,2.53263545068976e-36
218,6.93781373840589e-37
219,1.8833293489497945e-37
220,5.066214767169362e-38
221,1.350500043561003e-38
222,3.56746148003719e-39
223,9.338511680265767e-40
224,2.4224215650901643e-40
225,6.226951249605031e-41
226,1.5861888444188976e-41
227,4.0039440540987153e-42
228,1.0015549780459856e-42
229,2.48264870421042e-43
230,6.098309083358766e-44
231,1.4844216406720338e-44
232,3.580624722599261e-45
233,8.558822479954382e-46
234,2.0273228499009387e-46
235,4.758668981790457e-47
236,1.1068831092277407e-47
237,2.5513598011933265e-48
238,5.827675226713492e-49
239,1.3190846205662792e-49
240,2.958718565314101e-50
241,6.576401817607723e-51
242,1.4485273794172003e-51
243,3.1616861742391293e-52
244,6.838557385591528e-53
245,1.46576354135198e-53
246,3.113271660652483e-54
247,6.552753115731525e-55
248,1.3667348757647772e-55
249,2.82486977385415e-56
250,5.785838014386943e-57
251,1.1743236121789404e-57
252,2.361908124275704e-58
253,4.707516929845263e-59
254,9.297677218947317e-60
255,1.8197457901319922e-60
