0,1.9999999999999998
1,1.9999999999999998
2,1.9999999999999998
3,1.9999999999999998
4,1.9999999999999998
5,1.9999999999999998
6,1.9999999999999998
7,1.9999999999999998
8,1.9999999999999998
9,1.9999999999999998
10,1.9999999999999998
11,1.9999999999999998
12,1.9999999999999998
13,1.9999999999999998
14,1.9999999999999998
15,1.9999999999999998
16,1.9999999999999998
17,1.9999999999999998
18,1.9999999999999998
19,1.9999999999999998
20,1.9999999999999998
21,1.9999999999999998
22,1.9999999999999998
23,1.9999999999999998
24,1.9999999999999998
25,1.9999999999999998
26,1.9999999999999998
27,1.9999999999999998
28,1.9999999999999998
29,1.9999999999999998
30,1.9999999999999998
31,1.9999999999999998
32,1.9999999999999998
33,1.9999999999999998
34,1.9999999999999998
35,1.9999999999999998
36,1.9999999999999998
37,1.9999999999999998
38,1.9999999999999998
39,1.9999999999999998
40,1.9999999999999998
41,1.9999999999999998
42,1.9999999999999998
43,1.9999999999999998
44,1.9999999999999998
45,1.9999999999999998
46,1.9999999999999998
47,1.9999999999999998
48,1.9999999999999998
49,1.9999999999999998
50,1.9999999999999998
51,1.9999999999999998
52,1.9999999999999998
53,1.9999999999999998
54,1.9999999999999998
55,1.9999999999999998
56,1.9999999999999998
57,1.9999999999999998
58,1.9999999999999998
59,1.9999999999999998
60,1.9999999999999998
61,1.9999999999999998
62,1.9999999999999998
63,1.9999999999999998
64,1.9999999999999998
65,1.9999999999999998
66,1.9999999999999998
67,1.9999999999999998
68,1.9999999999999998
69,1.9999999999999998
70,1.9999999999999998
71,1.9999999999999998
72,1.9999999999999998
73,1.9999999999999998
74,1.9999999999999998
75,1.9999999999999998
76,1.9999999999999998
77,1.9999999999999998
78,1.9999999999999998
79,1.9999999999999998
80,1.9999999999999998
81,1.9999999999999998
82,1.9999999999999998
83,1.9999999999999998
84,1.9999999999999998
85,1.9999999999999998
86,1.9999999999999998
87,1.9999999999999998
88,1.9999999999999998
89,1.9999999999999998
90,1.9999999999999998
91,1.9999999999999998
92,1.9999999999999998
93,1.9999999999999998
94,1.9999999999999998
95,1.9999999999999998
96,2.0000000000002807
97,2.0000000011805708
98,2.000001825441816
99,2.001038368302721
100,2.217297784814856
101,18.73299419239117
102,476.8974839221531
103,5028.281751153787
104,21528.9008874306
105,53599.3670824079
106,112565.78345075874
107,164008.5993470766
108,140673.6937256737
109,93714.8967584778
110,48489.82770459352
111,19487.287229121117
112,6083.6526952737
113,1476.2703713062842
114,279.57054541543727
115,42.58918574146678
116,6.609862994315927
117,2.4066365542225654
118,2.0278590006726627
119,2.0014823998764353
120,2.000061264081308
121,2.000001966469431
122,2.0000000490240506
123,2.000000000949231
124,2.000000000014275
125,2.0000000000001665
126,2.0000000000000013
127,1.9999999999999998
128,1.9999999999999998
129,1.9999999999999998
130,1.9999999999999998
131,1.9999999999999998
132,1.9999999999999998
133,1.9999999999999998
134,1.9999999999999998
135,1.9999999999999998
136,1.9999999999999998
137,1.9999999999999998
138,1.9999999999999998
139,1.9999999999999998
140,1.9999999999999998
141,1.9999999999999998
142,1.9999999999999998
143,1.9999999999999998
144,1.9999999999999998
145,1.9999999999999998
146,1.9999999999999998
147,1.9999999999999998
148,1.9999999999999998
149,1.9999999999999998
150,1.9999999999999998
151,1.9999999999999998
152,1.9999999999999998
153,1.9999999999999998
154,1.9999999999999998
155,1.9999999999999998
156,1.9999999999999998
157,1.9999999999999998
158,1.9999999999999998
159,1.9999999999999998
160,1.9999999999999998
161,1.9999999999999998
162,1.9999999999999998
163,1.9999999999999998
164,1.9999999999999998
165,1.9999999999999998
166,1.9999999999999998
167,1.9999999999999998
168,1.9999999999999998
169,1.9999999999999998
170,1.9999999999999998
171,1.9999999999999998
172,1.9999999999999998
173,1.9999999999999998
174,1.9999999999999998
175,1.9999999999999998
176,1.9999999999999998
177,1.9999999999999998
178,1.9999999999999998
179,1.9999999999999998
180,1.9999999999999998
181,1.9999999999999998
182,1.9999999999999998
183,1.9999999999999998
184,1.9999999999999998
185,1.9999999999999998
186,1.9999999999999998
187,1.9999999999999998
188,1.9999999999999998
189,1.9999999999999998
190,1.9999999999999998
191,1.9999999999999998
192,1.9999999999999998
193,1.9999999999999998
194,1.9999999999999998
195,1.9999999999999998
196,1.9999999999999998
197,1.9999999999999998
198,1.9999999999999998
199,1.9999999999999998
200,1.9999999999999998
201,1.9999999999999998
202,1.9999999999999998
203,1.9999999999999998
204,1.9999999999999998
205,1.9999999999999998
206,1.9999999999999998
207,1.9999999999999998
208,1.9999999999999998
209,1.9999999999999998
210,1.9999999999999998
211,1.9999999999999998
212,1.9999999999999998
213,1.9999999999999998
214,1.9999999999999998
215,1.9999999999999998
216,1.9999999999999998
217,1.9999999999999998
218,1.9999999999999998
219,1.9999999999999998
220,1.9999999999999998
221,1.9999999999999998
222,1.9999999999999998
223,1.9999999999999998
224,1.9999999999999998
225,1.9999999999999998
226,1.9999999999999998
227,1.9999999999999998
228,1.9999999999999998
229,1.9999999999999998
230,1.9999999999999998
231,1.9999999999999998
232,1.9999999999999998
233,1.9999999999999998
234,1.9999999999999998
235,1.9999999999999998
236,1.9999999999999998
237,1.9999999999999998
238,1.9999999999999998
239,1.9999999999999998
240,1.9999999999999998
241,1.9999999999999998
242,1.9999999999999998
243,1.9999999999999998
244,1.9999999999999998
245,1.9999999999999998
246,1.9999999999999998
247,1.9999999999999998
248,1.9999999999999998
249,1.9999999999999998
250,1.9999999999999998
251,1.9999999999999998
252,1.9999999999999998
253,1.9999999999999998
254,1.9999999999999998
