0,2.959980937980898e-39
1,1.6900958367274165e-38
2,9.500531414874882e-38
3,5.257734036833739e-37
4,2.864596634378178e-36
5,1.5365351153868716e-35
6,8.11401210352887e-35
7,4.2183534048215735e-34
8,2.1590585506004512e-33
9,1.0879276820119709e-32
10,5.39696726108291e-32
11,2.635807494285672e-31
12,1.267335913752587e-30
13,5.9990702056673454e-30
14,2.7956982555561236e-29
15,1.282657766753358e-28
16,5.7935591290782535e-28
17,2.5762869933938373e-27
18,1.1278651742087674e-26
19,4.8610969363940106e-26
20,2.0626499230061801e-25
21,8.616500489312167e-25
22,3.543647037978896e-24
23,1.434776145017249e-23
24,5.719156563233858e-23
25,2.2443675072719407e-22
26,8.671018409854372e-22
27,3.2980739763340606e-21
28,1.2349939379891302e-20
29,4.5528506877440835e-20
30,1.652403622102031e-19
31,5.90422660733639e-19
32,2.076940454665544e-18
33,7.192820498650084e-18
34,2.4523844166870612e-17
35,8.231747150126878e-17
36,2.720255173191161e-16
37,8.849962215546052e-16
38,2.834570981883984e-15
39,8.938145208603191e-15
40,2.7747357115805792e-14
41,8.480276060624075e-14
42,2.5515994825689964e-13
43,7.558387778212459e-13
44,2.204245597278909e-12
45,6.328560604248692e-12
46,1.7888093386909486e-11
47,4.977798497950079e-11
48,1.3637184615341477e-10
49,3.6781232350525864e-10
50,9.766568065453795e-10
51,2.5531235691177047e-09
52,6.570763518610128e-09
53,1.6648456986068185e-08
54,4.152850415703553e-08
55,1.0198416321406508e-07
56,2.465660819830517e-07
57,5.868783385418683e-07
58,1.375235184328674e-06
59,3.1726343234290463e-06
60,7.205717150699968e-06
61,1.611196654611302e-05
62,3.546778286992016e-05
63,7.686589342829332e-05
64,0.00016400136642355758
65,0.0003444890344593527
66,0.0007123894624173845
67,0.0014503530080910705
68,0.002906993776356797
69,0.005736257422318843
70,0.011143646118769869
71,0.02131278187277468
72,0.04012981124415282
73,0.07438891811355962
74,0.13575740154213087
75,0.24391187222788868
76,0.4314361298406436
77,0.7513014584874861
78,1.2880303636621915
79,2.1739628531297184
80,3.6123704878300735
81,5.909443719407493
82,9.51732861422598
83,15.090293184895163
84,23.55561454675858
85,36.19973149996511
86,54.768444711850876
87,81.57735422294923
88,119.62528134673502
89,172.69926024520154
90,245.4551400645168
91,343.4534898187762
92,473.12716572729727
93,641.655593919918
94,856.7226194969971
95,1126.140638273779
96,1457.3342675540566
97,1856.6920241217986
98,2328.813528608522
99,2875.7008621921805
100,3495.963169487067
101,4184.120065499784
102,4930.098278752069
103,5719.014055951698
104,6531.319058726159
105,7343.359406236432
106,8128.357898820634
107,8857.78224817248
108,9503.013156578801
109,10037.182252119446
110,10437.01813802027
111,10684.524890529836
112,10768.324657850977
113,10734.69821013415
114,10634.447591994423
115,10469.439426697301
116,10242.720429911466
117,9958.423850767691
118,9621.644173535145
119,9238.285385416482
120,8814.889119586662
121,8358.449649886994
122,7876.2230182197645
123,7375.537514299341
124,6863.612318960668
125,6347.390405779382
126,5833.390826941915
127,5327.584355710345
128,4835.2951938393335
129,4361.130153759998
130,3908.935464467885
131,3481.780191005521
132,3081.964252819078
133,2711.0482147527346
134,2369.9014295554584
135,2058.7647409181286
136,1777.3238055729546
137,1524.7891440760325
138,1299.9792551831672
139,1101.403494184267
140,927.3418835016223
141,775.9195558285071
142,645.1740893957812
143,533.1145487340272
144,437.77156498843
145,357.2382561006452
146,289.70218420844503
147,233.46886703490574
148,186.97759927462118
149,148.8105014280249
150,117.69580349905273
151,92.50639857310435
152,72.25467735963865
153,56.08459085964222
154,43.26179581371258
155,33.16262711498303
156,25.26252227343092
157,19.124403072775856
158,14.387404860226328
159,10.756238872336905
160,7.991380494306621
161,5.900197883105899
162,4.3290713412975785
163,3.1565037207375974
164,2.2871848497038005
165,1.646946997778525
166,1.1785319953475633
167,0.8380820311806239
168,0.5922636495500557
169,0.4159364921786697
170,0.29028351185895507
171,0.2013265769545017
172,0.13875966663264427
173,0.09504051551552889
174,0.06469008416091084
175,0.04375725262578363
176,0.029413436882963783
177,0.01964829628003521
178,0.013043298106635291
179,0.00860465256961985
180,0.005641085159403819
181,0.0036751525424047224
182,0.0023794220446388408
183,0.0015309146859838207
184,0.0009788449281300327
185,0.000621956767594552
186,0.00039272622044863735
187,0.00024643534433111005
188,0.00015367367960093884
189,9.523122750390686e-05
190,5.864657736758866e-05
191,3.5891313989029193e-05
192,2.1828276286753836e-05
193,1.3192676808495792e-05
194,7.923732429750454e-06
195,4.7294438914178185e-06
196,2.8052640780442752e-06
197,1.653563284951079e-06
198,9.686152189091601e-07
199,5.638520364156484e-07
200,3.261838206746835e-07
201,1.8751804858280175e-07
202,1.071290198744017e-07
203,6.082114412822878e-08
204,3.4315113273528994e-08
205,1.9239761555358272e-08
206,1.0720062841509898e-08
207,5.9357879024200116e-09
208,3.2662003028249043e-09
209,1.7860378258642593e-09
210,9.705588798138767e-10
211,5.241269843139681e-10
212,2.812772122826836e-10
213,1.5000853716049481e-10
214,7.950250266408007e-11
215,4.1872512551659426e-11
216,2.191596711383559e-11
217,1.139923366403373e-11
218,5.892153728600111e-12
219,3.0266059375414005e-12
220,1.5449736881084587e-12
221,7.837358132860475e-13
222,3.950951467199008e-13
223,1.9793249291731727e-13
224,9.854075636538881e-14
225,4.8752634109090855e-14
226,2.396975952954954e-14
227,1.171150385943919e-14
228,5.686500110136557e-15
229,2.743852965714323e-15
230,1.3157095160798409e-15
231,6.269639843197075e-16
232,2.968988865269749e-16
233,1.3971979549155002e-16
234,6.534174237593225e-17
235,3.0367348815195136e-17
236,1.402511536590226e-17
237,6.437087370953308e-18
238,2.9359980494874057e-18
239,1.3307777126303363e-18
240,5.994302729326134e-19
241,2.683213454526913e-19
242,1.1935899982268644e-19
243,5.27640977457736e-20
244,2.3179563785117292e-20
245,1.0119414807842962e-20
246,4.390246806569378e-21
247,1.8928049805764303e-21
248,8.10972638451823e-22
249,3.4529471458561696e-22
250,1.461023013716065e-22
251,6.143382841720777e-23
252,2.5670924014497583e-23
253,1.0660039631124751e-23
254,4.3990564462626274e-24
