0,9.524479446469348e-94
1,6.489599185508665e-92
2,4.248373788980533e-90
3,2.672118954604422e-88
4,1.6147938079369416e-86
5,9.37576220305732e-85
6,5.230272458359392e-83
7,2.8033044268802997e-81
8,1.4435918896135063e-79
9,7.142443683552061e-78
10,3.395294397224791e-76
11,1.5507302887257673e-74
12,6.80492468728791e-73
13,2.869053173331509e-71
14,1.1622032677820693e-69
15,4.523283495469849e-68
16,1.6914288903714072e-66
17,6.076897364000945e-65
18,2.0976753713236508e-63
19,6.957014007262423e-62
20,2.2168468804417893e-60
21,6.786982619956042e-59
22,1.996392813208521e-57
23,5.642135076417086e-56
24,1.532036743931334e-54
25,3.9968983591109317e-53
26,1.0018558719115719e-51
27,2.4127682667469886e-50
28,5.582827349308666e-49
29,1.2411406592708114e-47
30,2.6510384683407686e-46
31,5.440505791215812e-45
32,1.0727307869837304e-43
33,2.0322186544449616e-42
34,3.698948996328566e-41
35,6.468662210462087e-40
36,1.0868730596201198e-38
37,1.7545728125445844e-37
38,2.7213987934668173e-36
39,4.0554700733087066e-35
40,5.806553537939558e-34
41,7.987739429660217e-33
42,1.0557414292073566e-31
43,1.3406624954639531e-30
44,1.6357223092954324e-29
45,1.9174670705014894e-28
46,2.159605736768921e-27
47,2.3369490890017676e-26
48,2.429697746220868e-25
49,2.427076532748662e-24
50,2.3293937834018724e-23
51,2.1479816842380016e-22
52,1.903033600038845e-21
53,1.619908780461974e-20
54,1.324838326282731e-19
55,1.0410304385065283e-18
56,7.859450685599145e-18
57,5.70097556221726e-17
58,3.973144736725862e-16
59,2.6604053570314172e-15
60,1.7115494919013363e-14
61,1.0579358418541897e-13
62,6.282860550315358e-13
63,3.5849551847442205e-12
64,1.9653425739146825e-11
65,1.0351922546865498e-10
66,5.23880202270136e-10
67,2.547247706182948e-09
68,1.1899770725297098e-08
69,5.3411432827066944e-08
70,2.303340182585177e-07
71,9.543554551095087e-07
72,3.799185133976843e-06
73,1.4531116172277243e-05
74,5.3399318348802785e-05
75,0.00018853877123197613
76,0.0006395784941263668
77,0.0020845640929330546
78,0.006527770449390452
79,0.019640055736435694
80,0.05677390655924301
81,0.1576823421256136
82,0.42077077340814606
83,1.078788457659906
84,2.657389635088342
85,6.289301332049713
86,14.301374854886621
87,31.245062513407962
88,65.58631437897837
89,132.27363108107483
90,256.307636345355
91,477.17538906683023
92,853.5377774469416
93,1466.8836901393288
94,2422.1265637388833
95,3842.6090939641167
96,5857.115665810315
97,8577.675559638821
98,12069.343599072336
99,16316.458765326934
100,21193.192600382892
101,26448.13681756182
102,31711.880883007347
103,36532.310555638534
104,40435.28429753595
105,43000.35903393494
106,43935.126714117636
107,43096.01598276647
108,40546.26600369146
109,36589.17217685232
110,31669.57820339288
111,26291.777692936124
112,20935.609097017947
113,15989.65991442627
114,11713.34216202556
115,8230.20039109268
116,5546.614292735297
117,3585.366035767693
118,2222.93626322042
119,1321.930120134776
120,754.0114874026785
121,412.5108762616661
122,216.46157881948926
123,108.94673431489635
124,52.59392572099179
125,24.35257768745085
126,10.815391956285422
127,4.6070992228319065
128,1.8823520234145439
129,0.7376699658307455
130,0.2772753963763513
131,0.0999651322659741
132,0.03456795850516135
133,0.011465338886593344
134,0.0036474389938519294
135,0.0011129538455953761
136,0.00032572736724934903
137,9.143644246256879e-05
138,2.461911114025468e-05
139,6.357895627701036e-06
140,1.5748616096771117e-06
141,3.7416173902079267e-07
142,8.526373072971777e-08
143,1.863619577910522e-08
144,3.906952884561872e-09
145,7.856101042405859e-10
146,1.515178935752762e-10
147,2.80290749244858e-11
148,4.9732647776928446e-12
149,8.463741213905586e-13
150,1.381564441996862e-13
151,2.163056656758587e-14
152,3.2482737304149885e-15
153,4.678701321739391e-16
154,6.46377157367962e-17
155,8.565143743086937e-18
156,1.0886074152511083e-18
157,1.3270763132326612e-19
158,1.551702585633566e-20
159,1.74023959958967e-21
160,1.8719644069211294e-22
161,1.93140834623739e-23
162,1.9113428557721162e-24
163,1.8142246701154249e-25
164,1.651701319822909e-26
165,1.4423144025293515e-27
166,1.2080261669994223e-28
167,9.704668832210882e-30
168,7.4777867347742995e-31
169,5.526541136417056e-32
170,3.917614657739095e-33
171,2.663655171516418e-34
172,1.7370897770387236e-35
173,1.0865619787300848e-36
174,6.518906026415679e-38
175,3.751309646641915e-39
176,2.0705183515772047e-40
177,1.0961329458292764e-41
178,5.565899436505002e-43
179,2.7107873871121257e-44
180,1.2663201982977437e-45
181,5.673872715063237e-47
182,2.4383925368735518e-48
183,1.005114709846572e-49
184,3.973887922492062e-51
185,1.5069664257318937e-52
186,5.481248802032227e-54
187,1.9122445501251947e-55
188,6.398752685434122e-57
189,2.0536914482762195e-58
190,6.32212446188982e-60
191,1.866718644040958e-61
192,5.286675642112803e-63
193,1.4360661420123515e-64
194,3.741572779163578e-66
195,9.350222132994912e-68
196,2.2411846361391362e-69
197,5.152539402467796e-71
198,1.1361952870195894e-72
199,2.4031043093931363e-74
200,4.8750630615716273e-76
201,9.485840773875518e-78
202,1.7703510785605e-79
203,3.1690635350018735e-81
204,5.441147129545025e-83
205,8.960618129244694e-85
206,1.4153812777585195e-86
207,2.1443560648112245e-88
208,3.116078079782249e-90
209,4.343179102025332e-92
210,5.806241874176393e-94
211,7.445099135844785e-96
212,9.156591158194554e-98
213,1.0801526578692903e-99
214,1.2221497710968369e-101
215,1.3263303262830735e-103
216,1.3805970647854118e-105
217,1.378383826301849e-107
218,1.3199618165437185e-109
219,1.2123849730447565e-111
220,1.0680896294707282e-113
221,9.025324563865655e-116
222,7.314858609975219e-118
223,5.686394946450917e-120
224,4.239904564512383e-122
225,3.0322368350650302e-124
226,2.079975090837129e-126
227,1.3684884166469626e-128
228,8.635989276096536e-131
229,5.227223142451879e-133
230,3.0347153562281724e-135
231,1.6898683094480026e-137
232,9.025592838452161e-140
233,4.62366745291951e-142
234,2.2718801699742173e-144
235,1.070710909418043e-146
236,4.840018386407739e-149
237,2.098503858621582e-151
238,8.726910251274776e-154
239,3.480961533139508e-156
240,1.331759843225587e-158
241,4.886980246846221e-161
242,1.7200585435765223e-163
243,5.806759655037505e-166
244,1.8802363721034564e-168
245,5.839545213712051e-171
246,1.739536629191352e-173
247,4.970225665118671e-176
248,1.3620925391058652e-178
249,3.580346816977952e-181
250,9.026752972760483e-184
251,2.182860563552924e-186
252,5.063005612517079e-189
253,1.1263640993457077e-191
254,2.4034614877631343e-194
