137.22251774866754,0.1947715997082256
137.32251774866754,0.19569740688310516
137.42251774866753,0.19662944643825278
137.52251774866752,0.19756771222866304
137.62251774866752,0.19851219732039957
137.7225177486675,0.19946289398366956
137.8225177486675,0.20041979368598867
137.9225177486675,0.20138288708543906
138.0225177486675,0.2023521640240229
138.1225177486675,0.2033276135211144
138.22251774866749,0.20430922376701255
138.32251774866748,0.20529698211659797
138.42251774866747,0.20629087508309552
138.52251774866747,0.20729088833194595
138.62251774866746,0.2082970066747894
138.72251774866746,0.20930921406356284
138.82251774866745,0.21032749358471425
138.92251774866745,0.21135182745353676
139.02251774866744,0.212382197008624
139.12251774866743,0.2134185827064513
139.22251774866743,0.21446096411608315
139.32251774866742,0.21550931991401118
139.42251774866742,0.2165636278791246
139.5225177486674,0.2176238648878153
139.6225177486674,0.21869000690922133
139.7225177486674,0.21976202900060984
139.8225177486674,0.22083990530290315
139.9225177486674,0.22192360903635014
140.02251774866738,0.22301311249634537
140.12251774866738,0.22410838704939812
140.22251774866737,0.2252094031292548
140.32251774866737,0.22631613023317632
140.42251774866736,0.22742853691837273
140.52251774866735,0.22854659079859868
140.62251774866735,0.2296702585409106
140.72251774866734,0.23079950586258957
140.82251774866734,0.23193429752823036
140.92251774866733,0.23307459734700103
141.02251774866733,0.2342203681700737
141.12251774866732,0.2353715718882297
141.22251774866731,0.23652816942964128
141.3225177486673,0.23769012075783136
141.4225177486673,0.23885738486981473
141.5225177486673,0.24002991979442173
141.6225177486673,0.2412076825908075
141.7225177486673,0.24239062934714778
141.82251774866728,0.24357871517952479
141.92251774866727,0.24477189423100376
142.02251774866727,0.2459701196709032
142.12251774866726,0.24717334369426025
142.22251774866726,0.24838151752149334
142.32251774866725,0.24959459139826412
142.42251774866725,0.25081251459553994
142.52251774866724,0.25203523540985967
142.62251774866724,0.25326270116380395
142.72251774866723,0.2544948582066714
142.82251774866722,0.25573165191536334
142.92251774866722,0.2569730266954779
143.0225177486672,0.2582189259826157
143.1225177486672,0.259469292243898
143.2225177486672,0.2607240669796994
143.3225177486672,0.26198319072559695
143.4225177486672,0.26324660305453534
143.52251774866718,0.264514242579212
143.62251774866718,0.26578604695468167
143.72251774866717,0.26706195288118195
143.82251774866717,0.2683418961071821
143.92251774866716,0.2696258114326552
144.02251774866716,0.27091363271257485
144.12251774866715,0.2722052928606385
144.22251774866714,0.2735007238532172
144.32251774866714,0.27479985673353374
144.42251774866713,0.27610262161606897
144.52251774866713,0.2774089476911986
144.62251774866712,0.2787187632300604
144.72251774866712,0.2800319955896522
144.8225177486671,0.2813485712181624
144.9225177486671,0.28266841566053325
145.0225177486671,0.28399145356425654
145.1225177486671,0.2853176086854042
145.2225177486671,0.2866468038948921
145.32251774866708,0.28797896118497907
145.42251774866708,0.2893140016760006
145.52251774866707,0.2906518456233382
145.62251774866706,0.2919924124246234
145.72251774866706,0.29333562062717883
145.82251774866705,0.29468138793569304
145.92251774866705,0.29602963122013304
146.02251774866704,0.29738026652389155
146.12251774866704,0.2987332090721698
146.22251774866703,0.3000883732805967
146.32251774866702,0.3014456727640821
146.42251774866702,0.30280502034590623
146.522517748667,0.3041663280670428
146.622517748667,0.3055295071957173
146.722517748667,0.3068944682371979
146.822517748667,0.30826112094382085
146.922517748667,0.30962937432524734
147.02251774866698,0.310999136658953
147.12251774866698,0.3123703155009485
147.22251774866697,0.31374281769673007
147.32251774866697,0.31511654939246014
147.42251774866696,0.31649141604637593
147.52251774866696,0.31786732244042626
147.62251774866695,0.31924417269213407
147.72251774866695,0.3206218702666848
147.82251774866694,0.3220003179892388
147.92251774866693,0.3233794180574664
148.02251774866693,0.3247590720543045
148.12251774866692,0.32613918096093353
148.22251774866692,0.32751964516997234
148.3225177486669,0.3289003644988911
148.4225177486669,0.33028123820363886
148.5225177486669,0.33166216499248496
148.6225177486669,0.33304304304007304
148.7225177486669,0.33442377000168466
148.82251774866688,0.33580424302771134
148.92251774866688,0.33718435877833347
149.02251774866687,0.3385640134384029
149.12251774866687,0.3399431027325286
149.22251774866686,0.3413215219403618
149.32251774866685,0.3426991659120798
149.42251774866685,0.34407592908406476
149.52251774866684,0.34545170549477694
149.62251774866684,0.34682638880081773
149.72251774866683,0.3481998722931823
149.82251774866683,0.34957204891369764
149.92251774866682,0.3509428112716446
150.02251774866681,0.3523120516605605
150.1225177486668,0.3536796620752196
150.2225177486668,0.35504553422879
150.3225177486668,0.3564095595701619
150.4225177486668,0.3577716293014467
150.5225177486668,0.3591316343956422
150.62251774866678,0.360489465614462
150.72251774866677,0.36184501352632553
150.82251774866677,0.363198168524506
150.92251774866676,0.3645488208454329
151.02251774866676,0.3658968605871455
151.12251774866675,0.3672421777278952
151.22251774866675,0.36858466214489183
151.32251774866674,0.3699242036331924
151.42251774866673,0.3712606919247272
151.52251774866673,0.37259401670746073
151.62251774866672,0.37392406764468367
151.72251774866672,0.3752507343944333
151.8225177486667,0.3765739066290363
151.9225177486667,0.3778934740547733
152.0225177486667,0.37920932643165983
152.1225177486667,0.3805213535933397
152.2225177486667,0.3818294454670883
152.32251774866668,0.383133492093921
152.42251774866668,0.38443338364880275
152.52251774866667,0.3857290104609564
152.62251774866667,0.3870202630342639
152.72251774866666,0.3883070320677575
152.82251774866666,0.38958920847619755
152.92251774866665,0.39086668341073094
153.02251774866664,0.3921393482796285
153.12251774866664,0.39340709476909547
153.22251774866663,0.39466981486415187
153.32251774866663,0.3959274008695784
153.42251774866662,0.39717974543092355
153.52251774866662,0.39842674155556784
153.6225177486666,0.3996682826338416
153.7225177486666,0.40090426246019056
153.8225177486666,0.40213457525438695
153.9225177486666,0.40335911568277993
154.0225177486666,0.40457777887958296
154.12251774866658,0.4057904604681919
154.22251774866658,0.40699705658253116
154.32251774866657,0.4081974638884225
154.42251774866656,0.4093915796049731
154.52251774866656,0.41057930152597705
154.62251774866655,0.4117605280413281
154.72251774866655,0.41293515815843684
154.82251774866654,0.4141030915236504
154.92251774866654,0.41526422844366795
155.02251774866653,0.4164184699069499
155.12251774866652,0.4175657176051144
155.22251774866652,0.4187058739543183
155.3225177486665,0.4198388421166175
155.4225177486665,0.42096452602130213
155.5225177486665,0.4220828303862033
155.6225177486665,0.42319366073896525
155.7225177486665,0.4242969234382808
155.82251774866648,0.42539252569508385
155.92251774866648,0.4264803755936955
156.02251774866647,0.42756038211292
156.12251774866647,0.42863245514708503
156.22251774866646,0.4296965055270228
156.32251774866646,0.4307524450409882
156.42251774866645,0.43180018645550855
156.52251774866644,0.4328396435361619
156.62251774866644,0.4338707310682791
156.72251774866643,0.43489336487756586
156.82251774866643,0.43590746185064005
156.92251774866642,0.43691293995548164
157.02251774866642,0.437909718261789
157.1225177486664,0.4388977169612397
157.2225177486664,0.4398768573876504
157.3225177486664,0.4408470620370333
157.4225177486664,0.44180825458754286
157.5225177486664,0.442760359919312
157.62251774866638,0.4437033041341716
157.72251774866638,0.4446370145752505
157.82251774866637,0.4455614198464524
157.92251774866637,0.446476449831805
158.02251774866636,0.4473820357146795
158.12251774866635,0.44827810999687506
158.22251774866635,0.44916460651756573
158.32251774866634,0.45004146047210625
158.42251774866634,0.4509086084306929
158.52251774866633,0.45176598835687665
158.62251774866633,0.45261353962592465
158.72251774866632,0.45345120304302744
158.82251774866631,0.4542789208613481
158.9225177486663,0.4550966367999106
159.0225177486663,0.45590429606132443
159.1225177486663,0.4567018453493419
159.2225177486663,0.457489232886246
159.3225177486663,0.45826640843006483
159.42251774866628,0.45903332329161134
159.52251774866627,0.45978993035134413
159.62251774866627,0.46053618407604785
159.72251774866626,0.4612720405353299
159.82251774866626,0.46199745741793063
159.92251774866625,0.46271239404784625
160.02251774866625,0.4634168114002601
160.12251774866624,0.46411067211728085
160.22251774866623,0.46479394052348616
160.32251774866623,0.465466582641268
160.42251774866622,0.46612856620597964
160.52251774866622,0.46677986068088023
160.6225177486662,0.4674204372718769
160.7225177486662,0.46805026894206136
160.8225177486662,0.46866933042604014
160.9225177486662,0.469277598244056
161.0225177486662,0.4698750507159
161.12251774866618,0.4704616679746116
161.22251774866618,0.4710374319799664
161.32251774866617,0.4716023265317497
161.42251774866617,0.4721563372828153
161.52251774866616,0.4726994517519269
161.62251774866616,0.4732316593363832
161.72251774866615,0.4737529513244246
161.82251774866614,0.47426332090742007
161.92251774866614,0.47476276319183486
162.02251774866613,0.4752512752109773
162.12251774866613,0.4757288559365246
162.22251774866612,0.47619550628982704
162.32251774866612,0.47665122915298996
162.4225177486661,0.47709602937973367
162.5225177486661,0.4775299138060307
162.6225177486661,0.4779528912605202
162.7225177486661,0.4783649725746997
162.8225177486661,0.47876617059289406
162.92251774866608,0.47915650018200207
163.02251774866608,0.4795359782410201
163.12251774866607,0.4799046237103442
163.22251774866606,0.48026245758084984
163.32251774866606,0.48060950290275106
163.42251774866605,0.48094578479423794
163.52251774866605,0.48127133044989434
163.62251774866604,0.48158616914889646
163.72251774866604,0.4818903322629918
163.82251774866603,0.4821860710472924
163.92251774866602,0.4824770967364665
164.02251774866602,0.4827635009702155
164.122517748666,0.48304532093757324
164.222517748666,0.4833225948455279
164.322517748666,0.48359536192660535
164.422517748666,0.48386366244650736
164.522517748666,0.4841275377118056
164.62251774866598,0.4843870300776921
164.72251774866598,0.4846421829557865
164.82251774866597,0.4848930408220021
164.92251774866597,0.4851396492244706
165.02251774866596,0.4853820547915263
165.12251774866596,0.48562030523975075
165.22251774866595,0.4858544493820782
165.32251774866594,0.4860845371359629
165.42251774866594,0.4863106195316081
165.52251774866593,0.4865327487202575
165.62251774866593,0.4867509779825496
165.72251774866592,0.48696536173693544
165.82251774866592,0.4871759555481592
165.9225177486659,0.48738281613580237
166.0225177486659,0.4875860013828919
166.1225177486659,0.48778557034457076
166.2225177486659,0.4879815832568327
166.3225177486659,0.48817410154531915
166.42251774866588,0.48836318783417887
166.52251774866588,0.4885489059549895
166.62251774866587,0.4887313209557403
166.72251774866587,0.48891049910987466
166.82251774866586,0.48908650792539266
166.92251774866585,0.4892594161540115
167.02251774866585,0.4894292938003815
167.12251774866584,0.4895962121313592
167.22251774866584,0.4897602436853316
167.32251774866583,0.4899214622815938
167.42251774866583,0.49007994302977353
167.52251774866582,0.4902357623393041
167.6225177486658,0.4903889979289403
167.7225177486658,0.49053972883631525
167.8225177486658,0.49068803542753436
167.9225177486658,0.49083399940680456
168.0225177486658,0.49097770382609157
168.12251774866579,0.4911192330948046
168.22251774866578,0.491258672989501
168.32251774866577,0.4913961106636074
168.42251774866577,0.4915316346571516
168.52251774866576,0.49166533490649905
168.62251774866576,0.4917973027540876
168.72251774866575,0.49192763095815495
168.82251774866575,0.4920564137024492
168.92251774866574,0.49218374660591757
169.02251774866573,0.4923097267323628
169.12251774866573,0.49243445260005936
169.22251774866572,0.4925580241913195
169.32251774866572,0.4926805429619999
169.4225177486657,0.49280211185093675
169.5225177486657,0.49292283528929914
169.6225177486657,0.49304281920984777
169.7225177486657,0.4931621710560862
169.8225177486657,0.49328099979129053
169.92251774866568,0.49339941590740377
170.02251774866568,0.49351753143377813
170.12251774866567,0.49363545994575
170.22251774866567,0.4937533165730284
170.32251774866566,0.4938712180078816
170.42251774866565,0.4939892825130978
170.52251774866565,0.4941076299297039
170.62251774866564,0.4942263816844169
170.72251774866564,0.49434566079680703
170.82251774866563,0.4944655918861471
170.92251774866563,0.49458630117792257
171.02251774866562,0.4947079165099757
171.12251774866562,0.49483056733825437
171.2225177486656,0.4949543847421357
171.3225177486656,0.49507950142929324
171.4225177486656,0.49520605174007276
171.5225177486656,0.4953341716513435
171.6225177486656,0.49546399877978564
171.72251774866558,0.4955956723845764
171.82251774866558,0.49572933336943337
171.92251774866557,0.49586512428397156
172.02251774866556,0.4960031893243293
172.12251774866556,0.4961436743330154
172.22251774866555,0.49628672679792735
172.32251774866555,0.496432495850488
172.42251774866554,0.4965811322628466
172.52251774866554,0.49673278844408536
172.62251774866553,0.4968876184353715
172.72251774866552,0.49704577790399185
172.82251774866552,0.4972074241362032
172.9225177486655,0.4973727160288284
173.0225177486655,0.4975418140795264
173.1225177486655,0.49771488037565936
173.2225177486655,0.4978920785816774
173.3225177486655,0.49807357392493723
173.42251774866548,0.49825953317986826
173.52251774866548,0.498450124650395
173.62251774866547,0.49864551815051966
173.72251774866547,0.4988458849829668
173.82251774866546,0.49905139791578657
173.92251774866546,0.49926223115680685
174.02251774866545,0.4994785603258234
174.12251774866544,0.4997005624244092
174.22251774866544,0.49992841580322067
174.32251774866543,0.5001623001266741
174.42251774866543,0.5004023963348574
174.52251774866542,0.5006488866025416
174.62251774866542,0.5009019542951461
174.7225177486654,0.5011617839215086
174.8225177486654,0.5014285610833056
174.9225177486654,0.5017024724209601
175.0225177486654,0.5019837055558705
175.1225177486654,0.5022724490287855
175.22251774866538,0.502568892234147
175.32251774866538,0.5028732253502103
175.42251774866537,0.5031856392647523
175.52251774866536,0.5035063254961653
175.62251774866536,0.5038354761097272
175.72251774866535,0.5041732836288387
175.82251774866535,0.5045199409410019
175.92251774866534,0.5048756411983131
176.02251774866534,0.5052405777122355
176.12251774866533,0.5056149438424073
176.22251774866533,0.5059989328792359
176.32251774866532,0.5063927379200197
176.4225177486653,0.5067965517383356
176.5225177486653,0.5072105666464182
176.6225177486653,0.5076349743502522
176.7225177486653,0.5080699657970951
176.8225177486653,0.5085157310151339
176.92251774866529,0.5089724589449811
177.02251774866528,0.5094403372627021
177.12251774866527,0.5099195521940658
177.22251774866527,0.510410288319699
177.32251774866526,0.5109127283708254
177.42251774866526,0.5114270530152623
177.52251774866525,0.5119534406333436
177.62251774866525,0.5124920670834364
177.72251774866524,0.5130431054567144
177.82251774866523,0.5136067258208468
177.92251774866523,0.5141830949522675
178.02251774866522,0.5147723760566797
178.12251774866522,0.5153747284774578
178.2225177486652,0.5159903073916114
178.3225177486652,0.5166192634929737
178.4225177486652,0.517261742662288
178.5225177486652,0.5179178856238655
178.6225177486652,0.518587827588504
178.72251774866518,0.5192716978823556
178.82251774866518,0.519969619561455
178.92251774866517,0.5206817090116246
179.02251774866517,0.5214080755334923
179.12251774866516,0.5221488209123791
179.22251774866515,0.5229040389728274
179.32251774866515,0.5236738151175728
179.42251774866514,0.5244582258507835
179.52251774866514,0.5252573382854248
179.62251774866513,0.5260712096346368
179.72251774866513,0.5268998866870542
179.82251774866512,0.5277434052660332
179.92251774866511,0.5286017896728004
180.0225177486651,0.5294750521135847
180.1225177486651,0.5303631921108464
180.2225177486651,0.5312661958987778
180.3225177486651,0.5321840358033121
180.4225177486651,0.5331166696069438
180.52251774866508,0.5340640398987396
180.62251774866508,0.535026073409995
180.72251774866507,0.5360026803360783
180.82251774866506,0.536993753645093
180.92251774866506,0.5379991683740835
181.02251774866505,0.5390187809136133
181.12251774866505,0.5400524282816535
181.22251774866504,0.5410999273878284
181.32251774866504,0.5421610742891918
181.42251774866503,0.5432356434388284
181.52251774866502,0.5443233869287085
181.62251774866502,0.5454240337283661
181.722517748665,0.5465372889211054
181.822517748665,0.5476628329396009
181.922517748665,0.5488003208029028
182.022517748665,0.5499493813570218
182.122517748665,0.5511096165214322
182.22251774866498,0.5522806005439975
182.32251774866498,0.553461879266996
182.42251774866497,0.5546529694070955
182.52251774866497,0.5558533578523035
182.62251774866496,0.5570625009790932
182.72251774866496,0.5582798239930838
182.82251774866495,0.5595047202968262
182.92251774866494,0.5607365508884189
183.02251774866494,0.5619746437948469
183.12251774866493,0.563218293544097
183.22251774866493,0.5644667606802635
183.32251774866492,0.5657192713259984
183.42251774866492,0.5669750167968055
183.5225177486649,0.5682331532717924
183.6225177486649,0.5694928015256124
183.7225177486649,0.5707530467264156
183.8225177486649,0.5720129383047053
183.9225177486649,0.5732714898980481
184.02251774866488,0.574527679376615
184.12251774866488,0.575780448954535
184.22251774866487,0.5770287053920191
184.32251774866486,0.5782713202931553
184.42251774866486,0.5795071305041875
184.52251774866485,0.5807349386169698
184.62251774866485,0.5819535135821251
184.72251774866484,0.5831615914362358
184.82251774866484,0.5843578761471558
184.92251774866483,0.5855410405812452
185.02251774866482,0.5867097275960022
185.12251774866482,0.5878625512611912
185.2225177486648,0.588998098211146
185.3225177486648,0.5901149291304556
185.4225177486648,0.5912115803747323
185.5225177486648,0.5922865657275934
185.6225177486648,0.593338378294384
185.72251774866479,0.5943654925325187
185.82251774866478,0.5953663664176255
185.92251774866477,0.596339443743941
186.02251774866477,0.5972831565566395
186.12251774866476,0.5981959277129761
186.22251774866476,0.599076173568291
186.32251774866475,0.5999223067820734
186.42251774866475,0.6007327392384065
186.52251774866474,0.6015058850742393
186.62251774866473,0.6022401638080356
186.72251774866473,0.602934003560473
186.82251774866472,0.6035858443579843
186.92251774866472,0.6041941415090823
187.0225177486647,0.6047573690425747
187.1225177486647,0.6052740231959849
187.2225177486647,0.6057426259417443
187.3225177486647,0.6061617285380239
187.4225177486647,0.606529915090438
187.52251774866468,0.6068458061102894
187.62251774866468,0.6071080620545397
187.72251774866467,0.6073153868322866
187.82251774866467,0.6074665312622263
187.92251774866466,0.607560296465374
188.02251774866465,0.6075955371772137
188.12251774866465,0.60757116496346
188.22251774866464,0.6074861513237416
188.32251774866464,0.6073395306677573
188.42251774866463,0.6071304031488157
188.52251774866463,0.6068579373401517
188.62251774866462,0.6065213727400068
188.72251774866461,0.6061200220921771
188.8225177486646,0.605653273509551
188.9225177486646,0.6051205923890924
189.0225177486646,0.6045215231077525
189.1225177486646,0.6038556904899132
189.2225177486646,0.603122801038171
189.32251774866458,0.6023226439205462
189.42251774866457,0.6014550917085401
189.52251774866457,0.6005286080462277
189.62251774866456,0.5995772666193147
189.72251774866456,0.5986046620171398
189.82251774866455,0.5976108449100895
189.92251774866455,0.5965958750207925
190.02251774866454,0.5955598210935487
190.12251774866454,0.5945027608543685
190.22251774866453,0.5934247809616928
190.32251774866452,0.5923259769478871
190.42251774866452,0.5912064531516169
190.5225177486645,0.5900663226412309
190.6225177486645,0.5889057071292944
190.7225177486645,0.587724736878428
190.8225177486645,0.5865235505986305
190.9225177486645,0.5853022953362707
191.02251774866448,0.5840611263549528
191.12251774866448,0.5828002070084747
191.22251774866447,0.5815197086061074
191.32251774866447,0.5802198102704408
191.42251774866446,0.5789006987880516
191.52251774866446,0.5775625684532582
191.62251774866445,0.5762056209052414
191.72251774866444,0.5748300649588187
191.82251774866444,0.5734361164291648
191.92251774866443,0.5720239979507855
192.02251774866443,0.570593938791055
192.12251774866442,0.5691461746586334
192.22251774866442,0.5676809475070888
192.3225177486644,0.5661985053340511
192.4225177486644,0.5646991019762299
192.5225177486644,0.5631829969006303
192.6225177486644,0.5616504549923049
192.7225177486644,0.5601017463389799
192.82251774866438,0.5585371460128923
192.92251774866438,0.5569569338501811
193.02251774866437,0.555361394228165
193.12251774866436,0.5537508158408467
193.22251774866436,0.5521254914729742
193.32251774866435,0.5504857177729893
193.42251774866435,0.5488317950251915
193.52251774866434,0.547164026921435
193.62251774866434,0.5454827203326773
193.72251774866433,0.5437881850806889
193.82251774866432,0.5420807337102267
193.92251774866432,0.5403606812619672
194.0225177486643,0.5386283450464926
194.1225177486643,0.5368840444196026
194.2225177486643,0.5351281005592332
194.3225177486643,0.5333608362442401
194.4225177486643,0.5315825756353019
194.52251774866428,0.5297936440581905
194.62251774866428,0.5279943677896399
194.72251774866427,0.5261850738460411
194.82251774866427,0.5243660897751745
194.92251774866426,0.5225377434511873
195.02251774866426,0.5207003628730044
195.12251774866425,0.5188542759663587
195.22251774866425,0.5169998103896112
195.32251774866424,0.5151372933435197
195.42251774866423,0.5132670513851074
195.52251774866423,0.5113894102457696
195.62251774866422,0.5095046946537437
195.72251774866422,0.5076132281610638
195.8225177486642,0.5057153329750999
195.9225177486642,0.5038113297947814
196.0225177486642,0.5019015376515885
196.1225177486642,0.49998627375538457
196.2225177486642,0.498065853345154
196.32251774866418,0.49614058954470225
196.42251774866418,0.4942107932233587
196.52251774866417,0.49227677286172045
196.62251774866417,0.4903388344224616
196.72251774866416,0.4883972812262246
196.82251774866415,0.48645241383260285
196.92251774866415,0.48450452992621335
197.02251774866414,0.48255392420785237
197.12251774866414,0.48060088829071645
197.22251774866413,0.478645710601667
197.32251774866413,0.4766886762875066
197.42251774866412,0.474730067126231
197.52251774866411,0.4727701614432113
197.6225177486641,0.4708092340322582
197.7225177486641,0.4688475560815115
197.8225177486641,0.4668853951040937
197.9225177486641,0.46492301487346227
198.0225177486641,0.46296067536338875
198.12251774866408,0.46099863269249
198.22251774866407,0.4590371390732301
198.32251774866407,0.4570764427653131
198.42251774866406,0.4551167880333752
198.52251774866406,0.45315841510889004
198.62251774866405,0.4512015601561924
198.72251774866405,0.4492464552425241
198.82251774866404,0.44729332831200663
198.92251774866403,0.44534240316343765
199.02251774866403,0.4433938994318123
199.12251774866402,0.4414480325734645
199.22251774866402,0.4395050138547251
199.322517748664,0.4375650503439908
199.422517748664,0.43562834490709723
199.522517748664,0.4336950962058922
199.622517748664,0.43176549869989805
199.722517748664,0.4298397426509607
199.82251774866398,0.42791801413077435
199.92251774866398,0.42600049503117776
200.02251774866397,0.42408736307711586
200.12251774866397,0.422178791842159
200.22251774866396,0.4202749507664777
200.32251774866396,0.4183760051771671
200.42251774866395,0.41648211631081977
200.52251774866394,0.41459344133824305
200.62251774866394,0.41271013339122403
200.72251774866393,0.41083234159123977
200.82251774866393,0.4089602110800171
200.92251774866392,0.40709388305184707
201.02251774866392,0.4052334947875572
201.1225177486639,0.403379179690053
201.2225177486639,0.4015310673213346
201.3225177486639,0.39968928344090254
201.4225177486639,0.39785395004546553
201.5225177486639,0.39602518540986426
201.62251774866388,0.39420310412913095
201.72251774866388,0.39238781716160276
201.82251774866387,0.39057943187301075
201.92251774866386,0.3887780520814693
202.02251774866386,0.3869837781032904
202.12251774866385,0.3851967067995527
202.22251774866385,0.3834169316233544
202.32251774866384,0.38164454266768266
202.42251774866384,0.3798796267138348
202.52251774866383,0.37812226728032794
202.62251774866382,0.3763725446722354
202.72251774866382,0.37463053603089236
202.8225177486638,0.37289631538391277
202.9225177486638,0.37116995369546396
203.0225177486638,0.3694515189167459
203.1225177486638,0.36774107603662476
203.2225177486638,0.36603868713237264
203.32251774866378,0.36434441142046725
203.42251774866378,0.36265830530740606
203.52251774866377,0.36098042244049416
203.62251774866377,0.359310813758564
203.72251774866376,0.35764952754258894
203.82251774866376,0.35599660946615375
203.92251774866375,0.35435210264574635
204.02251774866374,0.3527160476908389
204.12251774866374,0.3510884827537253
204.22251774866373,0.34946944357908594
204.32251774866373,0.3478589635532512
204.42251774866372,0.34625707375313713
204.52251774866372,0.344663802994828
204.6225177486637,0.3430791778817824
204.7225177486637,0.34150322285264023
204.8225177486637,0.33993596022861017
204.9225177486637,0.3383774102604182
205.0225177486637,0.3368275911747987
205.12251774866368,0.33528651922051206
205.22251774866368,0.33375420871387246
205.32251774866367,0.3322306720837716
205.42251774866367,0.3307159199161861
205.52251774866366,0.3292099609981546
205.62251774866365,0.3277128023612155
205.72251774866365,0.32622444932429423
205.82251774866364,0.3247449055360309
205.92251774866364,0.3232741730165411
206.02251774866363,0.32181225219860166
206.12251774866363,0.3203591419682563
206.22251774866362,0.31891483970483475
206.3225177486636,0.3174793413203805
206.4225177486636,0.31605264129848537
206.5225177486636,0.31463473273252396
206.6225177486636,0.31322560736329014
206.7225177486636,0.3118252556160298
206.82251774866359,0.31043366663687133
206.92251774866358,0.3090508283286517
207.02251774866357,0.30767672738613966
207.12251774866357,0.30631134933065496
207.22251774866356,0.304954678544086
207.32251774866356,0.3036066983023072
207.42251774866355,0.30226739080799747
207.52251774866355,0.3009367372228634
207.62251774866354,0.29961471769926856
207.72251774866353,0.29830131141127403
207.82251774866353,0.296996496585092
207.92251774866352,0.2957002505289577
208.02251774866352,0.2944125496624232
208.1225177486635,0.2931333695450781
208.2225177486635,0.2918626849047018
208.3225177486635,0.2906004696648522
208.4225177486635,0.28934669697189697
208.5225177486635,0.28810133922149184
208.62251774866348,0.2868643680845132
208.72251774866348,0.2856357545324489
208.82251774866347,0.28441546886225566
208.92251774866347,0.28320348072068774
209.02251774866346,0.2819997591281039
209.12251774866345,0.28080427250175927
209.22251774866345,0.2796169886785888
209.32251774866344,0.2784378749374886
209.42251774866344,0.277266898021103
209.52251774866343,0.2761040241571228
209.62251774866343,0.2749492190791035
209.72251774866342,0.2738024480468088
209.82251774866342,0.2726636758660883
209.9225177486634,0.2715328669082942
210.0225177486634,0.2704099851292469
210.1225177486634,0.2692949940877548
210.2225177486634,0.268187856963695
210.3225177486634,0.2670885365756653
210.42251774866338,0.2659969953982101
210.52251774866338,0.2649131955786316
210.62251774866337,0.26383709895339075
210.72251774866336,0.2627686670641061
210.82251774866336,0.2617078611731578
210.92251774866335,0.26065464227890334
211.02251774866335,0.25960897113051257
211.12251774866334,0.2585708082424284
211.22251774866334,0.2575401139084608
211.32251774866333,0.2565168482155208
211.42251774866332,0.2555009710570003
211.52251774866332,0.25449244214580685
211.6225177486633,0.2534912210270572
211.7225177486633,0.2524972670904385
211.8225177486633,0.2515105395822432
211.9225177486633,0.25053099761708286
212.0225177486633,0.24955860018928938
212.12251774866328,0.24859330618400888
212.22251774866328,0.24763507438799381
212.32251774866327,0.24668386350010135
212.42251774866327,0.2457396321415028
212.52251774866326,0.24480233886561026
212.62251774866326,0.24387194216772695
212.72251774866325,0.24294840049442679
212.82251774866324,0.24203167225266903
212.92251774866324,0.24112171581865366
213.02251774866323,0.24021848954642355
213.12251774866323,0.23932195177621818
213.22251774866322,0.2384320608425849
213.32251774866322,0.2375487750822532
213.4225177486632,0.236672052841777
213.5225177486632,0.2358018524849499
213.6225177486632,0.23493813239999928
213.7225177486632,0.23408085100656367
213.8225177486632,0.23322996676245794
213.92251774866318,0.23238543817023266
214.02251774866318,0.23154722378353043
214.12251774866317,0.23071528221324544
214.22251774866317,0.22988957213349004
214.32251774866316,0.22907005228737298
214.42251774866315,0.22825668149259382
214.52251774866315,0.22744941864685786
214.62251774866314,0.22664822273311575
214.72251774866314,0.22585305282463203
214.82251774866313,0.2250638680898867
214.92251774866313,0.2242806277973135
215.02251774866312,0.22350329131987962
215.1225177486631,0.22273181813950996
215.2225177486631,0.22196616785135967
215.3225177486631,0.22120630016793963
215.4225177486631,0.22045217492309713
215.5225177486631,0.21970375207585646
215.62251774866309,0.2189609917141223
215.72251774866308,0.21822385405824918
215.82251774866307,0.21749229946448118
215.92251774866307,0.21676628842826373
216.02251774866306,0.2160457815874325
216.12251774866306,0.2153307397252806
216.22251774866305,0.2146211237735086
216.32251774866305,0.21391689481505974
216.42251774866304,0.21321801408684335
216.52251774866303,0.21252444298234918
216.62251774866303,0.21183614305415577
216.72251774866302,0.21115307601633534
216.82251774866302,0.21047520374675796
216.922517748663,0.2098024882892975
217.022517748663,0.20913489185594242
217.122517748663,0.2084723768288128
217.222517748663,0.20781490576208736
217.322517748663,0.20716244138384207
217.42251774866298,0.20651494659780267
217.52251774866298,0.20587238448501372
217.62251774866297,0.20523471830542617
217.72251774866297,0.20460191149940588
217.82251774866296,0.20397392768916467
217.92251774866295,0.20335073068011655
218.02251774866295,0.20273228446216104
218.12251774866294,0.20211855321089522
218.22251774866294,0.2015095012887566
218.32251774866293,0.20090509324609912
218.42251774866293,0.20030529382220338
218.52251774866292,0.19971006794622342
218.62251774866291,0.19911938073807176
218.7225177486629,0.19853319750924392
218.8225177486629,0.19795148376358507
218.9225177486629,0.1973742051979991
219.0225177486629,0.19680132770310305
219.1225177486629,0.19623281736382764
219.22251774866288,0.19566864045996524
219.32251774866288,0.19510876346666783
219.42251774866287,0.1945531530548949
219.52251774866286,0.19400177609181413
219.62251774866286,0.19345459964115513
219.72251774866285,0.19291159096351812
219.82251774866285,0.19237271751663887
219.92251774866284,0.19183794695561085
220.02251774866284,0.19130724713306613
220.12251774866283,0.19078058609931609
220.22251774866282,0.19025793210245304
220.32251774866282,0.18973925358841434
220.4225177486628,0.18922451920100936
220.5225177486628,0.18871369778191122
220.6225177486628,0.1882067583706136
220.7225177486628,0.18770367020435455
220.8225177486628,0.18720440271800715
220.92251774866278,0.1867089255439392
221.02251774866278,0.18621720851184193
221.12251774866277,0.18572922164852962
221.22251774866277,0.18524493517770974
221.32251774866276,0.18476431951972605
221.42251774866276,0.1842873452912743
221.52251774866275,0.18381398330509188
221.62251774866274,0.18334420456962225
221.72251774866274,0.18287798028865493
221.82251774866273,0.18241528186094164
221.92251774866273,0.18195608087978965
222.02251774866272,0.18150034913263285
222.12251774866272,0.18104805860058154
222.2225177486627,0.1805991814579509
222.3225177486627,0.18015369007177012
222.4225177486627,0.17971155700127173
222.5225177486627,0.179272754997362
222.6225177486627,0.17883725700207362
222.72251774866268,0.17840503614800057
222.82251774866268,0.1779760657577163
222.92251774866267,0.17755031934317533
223.02251774866266,0.17712777060509938
223.12251774866266,0.17670839343234812
223.22251774866265,0.1762921619012755
223.32251774866265,0.1758790502750715
223.42251774866264,0.17546903300309097
223.52251774866264,0.1750620847201687
223.62251774866263,0.17465818024592228
223.72251774866263,0.17425729458404277
223.82251774866262,0.17385940292157337
223.9225177486626,0.17346448062817754
224.0225177486626,0.17307250325539553
224.1225177486626,0.17268344653589124
224.2225177486626,0.17229728638268862
224.3225177486626,0.17191399888839898
224.42251774866259,0.17153356032443878
224.52251774866258,0.1711559471402389
224.62251774866257,0.17078113596244554
224.72251774866257,0.17040910359411277
224.82251774866256,0.17003982701388803
224.92251774866256,0.1696732833751897
225.02251774866255,0.169309450005378
225.12251774866255,0.16894830440491931
225.22251774866254,0.16858982424654392
225.32251774866253,0.16823398737439788
225.42251774866253,0.16788077180318917
225.52251774866252,0.1675301557173285
225.62251774866252,0.16718211747006467
225.7225177486625,0.1668366355826155
225.8225177486625,0.16649368874329373
225.9225177486625,0.16615325580662904
226.0225177486625,0.16581531579248562
226.1225177486625,0.16547984788517628
226.22251774866248,0.16514683143257253
226.32251774866248,0.16481624594521188
226.42251774866247,0.16448807109540148
226.52251774866247,0.1641622867163195
226.62251774866246,0.16383887280111312
226.72251774866245,0.1635178095019947
226.82251774866245,0.1631990771293355
226.92251774866244,0.16288265615075714
227.02251774866244,0.1625685271902216
227.12251774866243,0.16225667102711924
227.22251774866243,0.16194706859535563
227.32251774866242,0.16163970098243685
227.42251774866241,0.16133454942855383
227.5225177486624,0.16103159532566574
227.6225177486624,0.1607308202165825
227.7225177486624,0.160432205794047
227.8225177486624,0.16013573389981622
227.9225177486624,0.1598413865237429
228.02251774866238,0.15954914580285634
228.12251774866237,0.15925899402044358
228.22251774866237,0.15897091360513063
228.32251774866236,0.15868488712996387
228.42251774866236,0.15840089731149207
228.52251774866235,0.15811892700884866
228.62251774866235,0.15783895922283503
228.72251774866234,0.1575609770950041
228.82251774866234,0.1572849639067454
228.92251774866233,0.15701090307837073
229.02251774866232,0.156738778168201
229.12251774866232,0.1564685728716545
229.2225177486623,0.15620027102033643
229.3225177486623,0.15593385658112968
229.4225177486623,0.15566931365528758
229.5225177486623,0.15540662647752782
229.6225177486623,0.15514577941512842
229.72251774866228,0.15488675696702553
229.82251774866228,0.15462954376291294
229.92251774866227,0.15437412456234378
230.02251774866227,0.1541204842538343
230.12251774866226,0.1538686078539697
230.22251774866226,0.15361848050651225
230.32251774866225,0.15337008748151199
230.42251774866224,0.15312341417441938
230.52251774866224,0.1528784461052008
230.62251774866223,0.15263516891745638
230.72251774866223,0.15239356837754056
230.82251774866222,0.15215363037368534
230.92251774866222,0.15191534091512604
231.0225177486622,0.15167868613123034
231.1225177486622,0.15144365227062953
231.2225177486622,0.1512102257003533
231.3225177486622,0.15097839290496712
231.4225177486622,0.15074814048571283
231.52251774866218,0.1505194551596522
231.62251774866218,0.15029232375881374
231.72251774866217,0.15006673322934252
231.82251774866216,0.1498426706306535
231.92251774866216,0.14962012313458786
232.02251774866215,0.14939907802457275
232.12251774866215,0.14917952269478446
232.22251774866214,0.1489614446493149
232.32251774866214,0.1487448315013417
232.42251774866213,0.14852967097230146
232.52251774866212,0.14831595089106692
232.62251774866212,0.14810365919312732
232.7225177486621,0.14789278391977265
232.8225177486621,0.1476833132172814
232.9225177486621,0.14747523533611176
233.0225177486621,0.14726853863009706
233.1225177486621,0.14706321155564417
233.22251774866209,0.14685924267093634
233.32251774866208,0.1466566206351393
233.42251774866207,0.1464553342076116
233.52251774866207,0.14625537224711824
233.62251774866206,0.14605672371104866
233.72251774866206,0.1458593776546384
233.82251774866205,0.14566332323019437
233.92251774866205,0.14546854968632458
234.02251774866204,0.14527504636717128
234.12251774866203,0.1450828027116484
234.22251774866203,0.14489180825268272
234.32251774866202,0.14470205261645924
234.42251774866202,0.14451352552167035
234.522517748662,0.14432621677876906
234.622517748662,0.14414011628922638
234.722517748662,0.14395521404479256
234.822517748662,0.1437715001267626
234.922517748662,0.14358896470524551
235.02251774866198,0.14340759803843794
235.12251774866198,0.14322739047190186
235.22251774866197,0.14304833243784604
235.32251774866197,0.142870414454412
235.42251774866196,0.14269362712496403
235.52251774866195,0.14251796113738288
235.62251774866195,0.1423434072633642
235.72251774866194,0.1421699563577208
235.82251774866194,0.1419975993576889
235.92251774866193,0.14182632728223887
236.02251774866193,0.14165613123138981
236.12251774866192,0.14148700238552844
236.22251774866191,0.1413189320047321
236.3225177486619,0.14115191142809597
236.4225177486619,0.14098593207306412
236.5225177486619,0.14082098543476537
236.6225177486619,0.1406570630853525
236.7225177486619,0.1404941566733463
236.82251774866188,0.14033225792298332
236.92251774866187,0.14017135863356803
237.02251774866187,0.14001145067882903
237.12251774866186,0.13985252600627937
237.22251774866186,0.13969457663658114
237.32251774866185,0.13953759466291407
237.42251774866185,0.13938157225034836
237.52251774866184,0.13922650163522163
237.62251774866183,0.13907237512451986
237.72251774866183,0.13891918509526283
237.82251774866182,0.13876692399389312
237.92251774866182,0.13861558433566984
238.0225177486618,0.13846515870406587
238.1225177486618,0.13831563975016975
238.2225177486618,0.1381670201920912
238.3225177486618,0.1380192928143711
238.4225177486618,0.13787245046739519
238.52251774866178,0.13772648606681237
238.62251774866178,0.13758139259295626
238.72251774866177,0.1374371630902717
238.82251774866177,0.1372937906667447
238.92251774866176,0.13715126849333645
239.02251774866176,0.13700958980342187
239.12251774866175,0.13686874789223147
239.22251774866174,0.13672873611629782
239.32251774866174,0.13658954789290545
239.42251774866173,0.13645117669954543
239.52251774866173,0.1363136160733731
239.62251774866172,0.13617685961067058
239.72251774866172,0.1360409009663125
239.8225177486617,0.13590573385323623
239.9225177486617,0.1357713520419158
240.0225177486617,0.1356377493598395
240.1225177486617,0.13550491969099193
240.2225177486617,0.1353728569753394
240.32251774866168,0.13524155520831965
240.42251774866168,0.1351110084403348
240.52251774866167,0.13498121077624906
240.62251774866166,0.13485215637488937
240.72251774866166,0.13472383944855038
240.82251774866165,0.13459625426250316
240.92251774866165,0.13446939513450754
241.02251774866164,0.13434325643432835
241.12251774866164,0.1342178325832554
241.22251774866163,0.13409311805362717
241.32251774866162,0.1339691073683583
241.42251774866162,0.1338457951004706
241.5225177486616,0.13372317587262808
241.6225177486616,0.1336012443566753
241.7225177486616,0.13347999527317977
241.8225177486616,0.1333594233909775
241.9225177486616,0.13323952352672278
242.02251774866158,0.13312029054444097
242.12251774866158,0.13300171935508545
242.22251774866157,0.13288380491609766
242.32251774866157,0.13276654223097115
