488.91095520777117,0.41980372258613563
489.0109552077712,0.4293621179178228
489.1109552077712,0.4390801270138723
489.21095520777124,0.44895876557100095
489.31095520777126,0.4589990078236167
489.4109552077713,0.4692017850904072
489.5109552077713,0.4795679843169925
489.6109552077713,0.4900984466157258
489.71095520777135,0.5007939658037439
489.81095520777137,0.5116552869404053
489.9109552077714,0.5226831048652713
490.0109552077714,0.5338780627378148
490.11095520777144,0.5452407505800632
490.21095520777146,0.5567717038234079
490.3109552077715,0.5684714018608321
490.4109552077715,0.5803402666058328
490.51095520777153,0.5923786610593329
490.61095520777155,0.604586887885899
490.7109552077716,0.6169651880005992
490.8109552077716,0.6295137391678542
490.9109552077716,0.6422326546136494
491.01095520777164,0.655121981652494
491.11095520777167,0.668181700330527
491.2109552077717,0.68141172208618
491.3109552077717,0.694811888429824
491.41095520777174,0.7083819696438363
491.51095520777176,0.7221216635045271
491.6109552077718,0.7360305940273862
491.7109552077718,0.7501083102371036
491.8109552077718,0.7643542849638306
491.91095520777185,0.7787679136671523
492.0109552077719,0.7933485132892376
492.1109552077719,0.8080953211386458
492.2109552077719,0.8230074938062515
492.31095520777194,0.8380841061147666
492.41095520777196,0.8533241501033155
492.510955207772,0.8687265340485278
492.610955207772,0.8842900815235993
492.71095520777203,0.9000135304967628
492.81095520777205,0.9158955324706034
492.9109552077721,0.9319346516636359
493.0109552077721,0.9481293642355524
493.1109552077721,0.9644780575575289
493.21095520777214,0.9809790295289619
493.31095520777217,0.9976304879419927
493.4109552077722,1.0144305498951471
493.5109552077722,1.031377241257399
493.61095520777224,1.0484684961839479
493.71095520777226,1.0657021566849607
493.8109552077723,1.0830759722485137
493.9109552077723,1.1005875995189274
494.0109552077723,1.1182346020316705
494.11095520777235,1.1360144500059588
494.2109552077724,1.1539245201961519
494.3109552077724,1.171962095803007
494.4109552077724,1.1901243664458159
494.51095520777244,1.2084084281964023
494.61095520777246,1.2268112836759224
494.7109552077725,1.2453298422153654
494.8109552077725,1.2639609200806006
494.91095520777253,1.282701240762778
495.01095520777255,1.3015474353348344
495.1109552077726,1.320496042874812
495.2109552077726,1.3395435109566378
495.3109552077726,1.3586861962089674
495.41095520777264,1.377920364942635
495.51095520777267,1.3972421938472002
495.6109552077727,1.41664777075702
495.7109552077727,1.436133095487223
495.81095520777274,1.4556940807398937
495.91095520777276,1.4753265530807231
496.0109552077728,1.4950262539863126
496.1109552077728,1.5147888409622579
496.2109552077728,1.5346098887320763
496.31095520777285,1.554484890496975
496.4109552077729,1.5744092592663887
496.5109552077729,1.594378329259155
496.6109552077729,1.6143873573751195
496.71095520777294,1.6344315247369074
496.81095520777296,1.6545059383015095
496.910955207773,1.6746056325412875
497.010955207773,1.6947255711939073
497.11095520777303,1.7148606490806593
497.21095520777305,1.735005693992542
497.3109552077731,1.7551554686434223
497.4109552077731,1.7753046726895083
497.5109552077731,1.7954479448143077
497.61095520777315,1.815579864878165
497.71095520777317,1.8356949561314122
497.8109552077732,1.8557876874900814
497.9109552077732,1.8758524758730752
498.01095520777324,1.8958836885996089
498.11095520777326,1.9158756458456723
498.2109552077733,1.9358226231581959
498.3109552077733,1.9557188540255288
498.4109552077733,1.9755585325027802
498.51095520777335,1.995335815890495
498.6109552077734,2.0150448274650876
498.7109552077734,2.034679659259377
498.8109552077734,2.05423437489151
498.91095520777344,2.073703012440501
499.01095520777346,2.0930795873665478
499.1109552077735,2.1123580954742307
499.2109552077735,2.13153251591664
499.31095520777353,2.1505968142384226
499.41095520777355,2.169544945455681
499.5109552077736,2.188370857170613
499.6109552077736,2.2070684927187125
499.7109552077736,2.225631794346323
499.81095520777365,2.24405470641627
499.91095520777367,2.2623311786392697
500.0109552077737,2.2804551693287425
500.1109552077737,2.2984206486766525
500.21095520777374,2.3162216020479276
500.31095520777376,2.333852033290985
500.4109552077738,2.351305968061862
500.5109552077738,2.3685774571594065
500.6109552077738,2.385660579868961
500.71095520777385,2.4025494473119395
500.8109552077739,2.419238205798683
500.9109552077739,2.4357210401819396
501.0109552077739,2.4519921772083157
501.11095520777394,2.4680458888650154
501.21095520777396,2.4838764957191675
501.310955207774,2.4994783702470476
501.410955207774,2.5148459401504715
501.51095520777403,2.5299736916576405
501.61095520777405,2.544856172805726
501.7109552077741,2.55948799670246
501.8109552077741,2.5738638447640154
501.9109552077741,2.587978469926469
502.01095520777415,2.601826699828133
502.11095520777417,2.615403439960068
502.2109552077742,2.6287036767820946
502.3109552077742,2.6417224808016493
502.41095520777424,2.654455009612835
502.51095520777426,2.6668965108930567
502.6109552077743,2.679042325354644
502.7109552077743,2.690887889648907
502.8109552077743,2.702428739220084
502.91095520777435,2.713660511106698
503.0109552077744,2.724578946687852
503.1109552077744,2.735179894372056
503.2109552077744,2.745459312226204
503.31095520777444,2.7554132705423737
503.41095520777446,2.765037954340172
503.5109552077745,2.774329665802391
503.6109552077745,2.7832848266418035
503.71095520777453,2.791899980396977
503.81095520777455,2.80017179465504
503.9109552077746,2.808097063199413
504.0109552077746,2.8156727080805464
504.1109552077746,2.8228957816078157
504.21095520777465,2.8297634682607535
504.31095520777467,2.83627308651789
504.4109552077747,2.8424220906015414
504.5109552077747,2.8482080721369503
504.61095520777474,2.8536287617242713
504.71095520777476,2.858682030421962
504.8109552077748,2.8633658911402216
504.9109552077748,2.8676784999432017
505.0109552077748,2.8716181572587947
505.11095520777485,2.875183308994889
505.2109552077749,2.878372547561061
505.3109552077749,2.8811846127947707
505.4109552077749,2.8836183927911985
505.51095520777494,2.885672924635969
505.61095520777496,2.887347395040075
505.710955207775,2.8886411408764223
505.810955207775,2.889553649617501
505.91095520777503,2.8900845596737708
506.01095520777505,2.8902338673581403
506.1109552077751,2.8900220972688837
506.2109552077751,2.8894629825672595
506.3109552077751,2.88855672485196
506.41095520777515,2.887303650834985
506.51095520777517,2.885704212145345
506.6109552077752,2.883758985057782
506.7109552077752,2.8814686701467322
506.81095520777524,2.878834091865824
506.91095520777526,2.8758561980532593
507.0109552077753,2.8725360593635023
507.1109552077753,2.8688748686257446
507.2109552077753,2.8648739401296925
507.31095520777535,2.8605347088392645
507.4109552077754,2.85585872953487
507.5109552077754,2.8508476758849755
507.6109552077754,2.845503339447746
507.71095520777544,2.8398276286035835
507.81095520777546,2.833822567419461
507.9109552077755,2.827490294445996
508.0109552077755,2.820833061448263
508.11095520777553,2.813853232071398
508.21095520777556,2.806553280442113
508.3109552077756,2.798935789707257
508.4109552077756,2.7910034505106567
508.5109552077756,2.7827590594094747
508.61095520777565,2.7742055172314006
508.71095520777567,2.765345827374023
508.8109552077757,2.7561830940477754
508.9109552077757,2.746720520463896
509.01095520777574,2.736961406968886
509.11095520777576,2.7269091491269792
509.2109552077758,2.716567235752186
509.3109552077758,2.7059392468915107
509.4109552077758,2.6950288517609637
509.51095520777585,2.6838398066360454
509.6109552077759,2.672375952698389
509.7109552077759,2.66064121384029
509.8109552077759,2.648639594428885
509.91095520777594,2.636375177031749
510.01095520777596,2.623852120105727
510.110955207776,2.6110746556508215
510.210955207776,2.598047086830996
510.31095520777603,2.5847737855637485
510.41095520777606,2.571259190080355
510.5109552077761,2.5575078024586753
510.6109552077761,2.5435241861304427
510.7109552077761,2.529312963364956
510.81095520777615,2.514878812731118
510.91095520777617,2.500226466539761
511.0109552077762,2.485360708268203
511.1109552077762,2.4702863699690005
511.21095520777624,2.4550083296648393
511.31095520777626,2.4395315087315304
511.4109552077763,2.4238608692710577
511.5109552077763,2.4080014114766297
511.6109552077763,2.3919581709916793
511.71095520777635,2.3757362162647513
511.8109552077764,2.3593406459022046
511.9109552077764,2.34277658602064
512.0109552077764,2.3260491876009737
512.1109552077764,2.309163623846029
512.2109552077765,2.2921250875435315
512.3109552077765,2.2749387884363643
512.4109552077765,2.257609950601911
512.5109552077765,2.240143809842313
512.6109552077766,2.2225456110874275
512.7109552077766,2.204820605812259
512.8109552077766,2.1869740494706016
512.9109552077766,2.169011198946621
513.0109552077766,2.150937310026045
513.1109552077767,2.1327576348886366
513.2109552077767,2.1144774196235687
513.3109552077767,2.0961019017692926
513.4109552077767,2.077636307879463
513.5109552077768,2.059085851116445
513.6109552077768,2.0404557288738836
513.7109552077768,2.0217511204297995
513.8109552077768,2.002977184631612
513.9109552077769,1.9841390576144644
514.0109552077769,1.9652418505541949
514.1109552077769,1.9462906474562256
514.2109552077769,1.9272905029816367
514.3109552077769,1.908246440311622
514.410955207777,1.8891634490514888
514.510955207777,1.8700464831753265
514.610955207777,1.850900459012409
514.710955207777,1.8317302532763637
514.810955207777,1.8125407011380876
514.9109552077771,1.7933365943433437
515.0109552077771,1.7741226793759244
515.1109552077771,1.7549036556672293
515.2109552077771,1.7356841738530397
515.3109552077772,1.7164688340782415
515.4109552077772,1.697262184350192
515.5109552077772,1.6780687189413792
515.6109552077772,1.6588928768419664
515.7109552077773,1.6397390402627885
515.8109552077773,1.620611533189287
515.9109552077773,1.6015146199868484
516.0109552077773,1.582452504057951
516.1109552077774,1.563429326551473
516.2109552077774,1.5444491651244812
516.3109552077774,1.5255160327567574
516.4109552077774,1.5066338766182794
516.5109552077774,1.487806576989825
516.6109552077775,1.4690379462368253
516.7109552077775,1.4503317278365375
516.8109552077775,1.4316915954585752
516.9109552077775,1.4131211520987736
517.0109552077776,1.39462392926634
517.1109552077776,1.3762033862241807
517.2109552077776,1.3578629092822616
517.3109552077776,1.3396058111438138
517.4109552077776,1.3214353303041568
517.5109552077777,1.3033546305018644
517.6109552077777,1.285366800221966
517.7109552077777,1.2674748522508354
517.8109552077777,1.2496817232823711
517.9109552077778,1.2319902735750516
518.0109552077778,1.2144032866593948
518.1109552077778,1.1969234690953314
518.2109552077778,1.1795534502789522
518.3109552077779,1.162295782298067
518.4109552077779,1.1451529398359768
518.5109552077779,1.128127320122823
518.6109552077779,1.111221242933861
518.7109552077779,1.0944369506339584
518.810955207778,1.077776608267605
518.910955207778,1.061242303693686
519.010955207778,1.044836047764246
519.110955207778,1.028559774546445
519.210955207778,1.0124153415868882
519.3109552077781,0.996404530217481
519.4109552077781,0.9805290459019497
519.5109552077781,0.9647905186221324
519.6109552077781,0.9491905033031456
519.7109552077782,0.9337304802764954
519.8109552077782,0.9184118557801952
519.9109552077782,0.9032359624949347
520.0109552077782,0.888204060115328
520.1109552077783,0.873317335955259
520.2109552077783,0.8585769055863244
520.3109552077783,0.8439838135083705
520.4109552077783,0.8295390338511043
520.5109552077784,0.8152434711057527
520.6109552077784,0.8010979608857369
520.7109552077784,0.787103270715322
520.8109552077784,0.773260100845194
520.9109552077784,0.7595690850939145
521.0109552077785,0.7460307917142026
521.1109552077785,0.7326457242829828
521.2109552077785,0.719414322614146
521.3109552077785,0.706336963692967
521.4109552077786,0.6934139626311164
521.5109552077786,0.6806455736412207
521.6109552077786,0.6680319910299118
521.7109552077786,0.6555733502083233
521.8109552077786,0.6432697287189848
521.9109552077787,0.631121147278084
522.0109552077787,0.6191275708320583
522.1109552077787,0.6072889096274955
522.2109552077787,0.5956050202933295
522.3109552077788,0.5840757069343202
522.4109552077788,0.5727007222348255
522.5109552077788,0.5614797685718738
522.6109552077788,0.5504124991365684
522.7109552077789,0.5394985190628557
522.8109552077789,0.5287373865627079
522.9109552077789,0.5181286140667843
523.0109552077789,0.5076716693696499
523.1109552077789,0.49736597677863703
523.210955207779,0.487210918265463
523.310955207779,0.4772058346197228
523.410955207779,0.46735002660339475
523.510955207779,0.4576427561055183
523.610955207779,0.44808324729621
523.7109552077791,0.4386706877792157
523.8109552077791,0.42940422974219783
523.9109552077791,0.4202829911039932
524.0109552077791,0.41130605665807884
524.1109552077792,0.40247247921151563
524.2109552077792,0.39378128071864854
524.3109552077792,0.385231453408871
524.4109552077792,0.3768219609077736
524.5109552077793,0.3685517393510198
524.6109552077793,0.3604196984903145
524.7109552077793,0.35242472279084797
524.8109552077793,0.34456567251961756
524.9109552077794,0.33684138482405596
525.0109552077794,0.3292506748004097
525.1109552077794,0.32179233655133344
525.2109552077794,0.314465144232191
525.3109552077794,0.30726785308556825
525.4109552077795,0.3001992004635298
525.5109552077795,0.29325790683716774
525.6109552077795,0.28644267679301527
525.7109552077795,0.27975220001591605
525.8109552077796,0.2731851522579624
525.9109552077796,0.26674019629313467
526.0109552077796,0.2604159828572967
526.1109552077796,0.25421115157322044
526.2109552077796,0.24812433186033245
526.3109552077797,0.2421541438288995
526.4109552077797,0.23629919915838296
526.5109552077797,0.2305581019597188
526.6109552077797,0.2249294496212922
526.7109552077798,0.21941183363840167
526.8109552077798,0.21400384042602036
526.9109552077798,0.20870405211468426
527.0109552077798,0.20351104732935443
527.1109552077799,0.1984234019511188
527.2109552077799,0.19343968986161372
527.3109552077799,0.1885584836700677
527.4109552077799,0.18377835542288265
527.51095520778,0.17909787729568605
527.61095520778,0.17451562226780343
527.71095520778,0.17003016477911767
527.81095520778,0.16564008136929423
527.91095520778,0.16134395129937018
528.0109552077801,0.15714035715571648
528.1109552077801,0.1530278854363996
528.2109552077801,0.14900512711998065
528.3109552077801,0.14507067821680616
528.4109552077801,0.14122314030285477
528.5109552077802,0.13746112103621927
528.6109552077802,0.1337832346563153
528.7109552077802,0.13018810246591864
528.8109552077802,0.1266743532961464
528.9109552077803,0.12324062395450665
529.0109552077803,0.11988555965615416
529.1109552077803,0.11660781443849709
529.2109552077803,0.11340605155931197
529.3109552077804,0.1102789438785326
529.4109552077804,0.10722517422388715
529.5109552077804,0.10424343574056792
529.6109552077804,0.10133243222512388
529.7109552077804,0.09849087844377685
529.8109552077805,0.0957175004353671
529.9109552077805,0.09301103579914284
530.0109552077805,0.09037023396761336
530.1109552077805,0.08779385646469282
530.2109552077806,0.08528067714936684
530.3109552077806,0.0828294824451202
530.4109552077806,0.08043907155536717
530.5109552077806,0.0781082566651339
530.6109552077806,0.07583586312924308
530.7109552077807,0.07362072964725722
530.8109552077807,0.07146170842544004
530.9109552077807,0.06935766532599853
531.0109552077807,0.06730748000387039
531.1109552077808,0.06531004603132622
531.2109552077808,0.06336427101065538
531.3109552077808,0.06146907667520862
531.4109552077808,0.059623398979070444
531.5109552077809,0.05782618817563684
531.6109552077809,0.05607640888537437
531.7109552077809,0.05437304015303657
531.8109552077809,0.05271507549461575
531.910955207781,0.05110152293430708
532.010955207781,0.04953140503176137
532.110955207781,0.04800375889990462
532.210955207781,0.04651763621359954
532.310955207781,0.045072103209424036
532.4109552077811,0.04366624067684177
532.5109552077811,0.042299143941036496
532.6109552077811,0.040969922837682055
532.7109552077811,0.039677701679917014
532.8109552077811,0.03842161921779207
532.9109552077812,0.03720082859045458
533.0109552077812,0.03601449727133423
533.1109552077812,0.03486180700658951
533.2109552077812,0.03374195374707321
533.3109552077813,0.03265414757407165
533.4109552077813,0.03159761261907002
533.5109552077813,0.030571586977791897
