488.91095520777117,-0.8440803662553307
489.0109552077712,-0.836036388973973
489.1109552077712,-0.8278468855374306
489.21095520777124,-0.8195104884022262
489.31095520777126,-0.8110258730530795
489.4109552077713,-0.8023917596306331
489.5109552077713,-0.7936069145595999
489.6109552077713,-0.7846701521761363
489.71095520777135,-0.7755803363532325
489.81095520777137,-0.7663363821228728
489.9109552077714,-0.7569372572937203
490.0109552077714,-0.7473819840630402
490.11095520777144,-0.7376696406215766
490.21095520777146,-0.7277993627500563
490.3109552077715,-0.7177703454060058
490.4109552077715,-0.7075818442995212
490.51095520777153,-0.697233177456636
490.61095520777155,-0.6867237267689115
490.7109552077716,-0.6760529395278563
490.8109552077716,-0.665220329942777
490.9109552077716,-0.6542254806406458
491.01095520777164,-0.6430680441465606
491.11095520777167,-0.6317477443433654
491.2109552077717,-0.6202643779089971
491.3109552077717,-0.608617815730101
491.41095520777174,-0.5968080042904704
491.51095520777176,-0.5848349670328556
491.6109552077718,-0.5726988056926756
491.7109552077718,-0.5603997016021767
491.8109552077718,-0.5479379169635785
491.91095520777185,-0.5353137960897425
492.0109552077719,-0.5225277666109089
492.1109552077719,-0.5095803406460506
492.2109552077719,-0.49647211593739193
492.31095520777194,-0.4832037769466546
492.41095520777196,-0.46977609591159775
492.510955207772,-0.4561899338614306
492.610955207772,-0.4424462415896864
492.71095520777203,-0.42854606058315925
492.81095520777205,-0.414490523905523
492.9109552077721,-0.40028085703426397
493.0109552077721,-0.38591837864957945
493.1109552077721,-0.37140450137391445
493.21095520777214,-0.3567407324608258
493.31095520777217,-0.3419286744318899
493.4109552077722,-0.3269700256603947
493.5109552077722,-0.3118665809005794
493.61095520777224,-0.2966202317612152
493.71095520777226,-0.28123296712235124
493.8109552077723,-0.2657068734940755
493.9109552077723,-0.25004413531618375
494.0109552077723,-0.2342470351976671
494.11095520777235,-0.21831795409498245
494.2109552077724,-0.20225937142809713
494.3109552077724,-0.18607386513333912
494.4109552077724,-0.1697641116521278
494.51095520777244,-0.15333288585470184
494.61095520777246,-0.13678306089799985
494.7109552077725,-0.12011760801690441
494.8109552077725,-0.10333959624809586
494.91095520777253,-0.08645219208581811
495.01095520777255,-0.06945865906890658
495.1109552077726,-0.05236235729847394
495.2109552077726,-0.03516674288571586
495.3109552077726,-0.01787536732933237
495.41095520777264,-0.0004918768221338077
495.51095520777267,0.016979988513552424
495.6109552077727,0.034536395461999714
495.7109552077727,0.05217341862199243
495.81095520777274,0.06988704138673052
495.91095520777276,0.08767315699587686
496.0109552077728,0.10552756965983523
496.1109552077728,0.1234459957562688
496.2109552077728,0.14142406509883143
496.31095520777285,0.15945732227799247
496.4109552077729,0.1775412280737929
496.5109552077729,0.1956711609402877
496.6109552077729,0.21384241856137498
496.71095520777294,0.23205021947764237
496.81095520777296,0.25028970478378065
496.910955207773,0.2685559398960806
497.010955207773,0.28684391638941076
497.11095520777303,0.30514855390305673
497.21095520777305,0.32346470211469525
497.3109552077731,0.3417871427817274
497.4109552077731,0.3601105918491232
497.5109552077731,0.37842970162285505
497.61095520777315,0.3967390630079337
497.71095520777317,0.4150332078099943
497.8109552077732,0.433306611099304
497.9109552077732,0.45155369363599895
498.01095520777324,0.46976882435529976
498.11095520777326,0.48794632291136386
498.2109552077733,0.506080462278399
498.3109552077733,0.524165471407565
498.4109552077733,0.5421955379381527
498.51095520777335,0.560164810961441
498.6109552077734,0.578067403835596
498.7109552077734,0.5958973970498875
498.8109552077734,0.6136488411364538
498.91095520777344,0.631315759627793
499.01095520777346,0.6488921520580644
499.1109552077735,0.6663719970062862
499.2109552077735,0.6837492551793956
499.31095520777353,0.7010178725331309
499.41095520777355,0.7181717834286179
499.5109552077736,0.735204913822511
499.6109552077736,0.7521111844884611
499.7109552077736,0.7688845142676697
499.81095520777365,0.7855188233462198
499.91095520777367,0.8020080365568436
500.0109552077737,0.8183460867027268
500.1109552077737,0.8345269179009427
500.21095520777374,0.8505444889430427
500.31095520777376,0.8663927766703003
500.4109552077738,0.882065779361096
500.5109552077738,0.8975575201278656
500.6109552077738,0.9128620503210327
500.71095520777385,0.9279734529373171
500.8109552077739,0.9428858460297724
500.9109552077739,0.9575933861169053
501.0109552077739,0.9720902715882018
501.11095520777394,0.9863707461033768
501.21095520777396,1.000429101982633
501.310955207774,1.014259683585239
501.410955207774,1.0278568906736973
501.51095520777403,1.0412151817607795
501.61095520777405,1.0543290774367233
501.7109552077741,1.0671931636738572
501.8109552077741,1.0798020951059408
501.9109552077741,1.0921505982795132
502.01095520777415,1.1042334748745617
502.11095520777417,1.1160456048918062
502.2109552077742,1.1275819498039503
502.3109552077742,1.1388375556682386
502.41095520777424,1.149807556197696
502.51095520777426,1.1604871757884418
502.6109552077743,1.1708717325005091
502.7109552077743,1.1809566409896175
502.8109552077743,1.1907374153873844
502.91095520777435,1.2002096721275093
503.0109552077744,1.2093691327154783
503.1109552077744,1.2182116264393974
503.2109552077744,1.2267330930196056
503.31095520777444,1.234929585194752
503.41095520777446,1.2427972712420843
503.5109552077745,1.2503324374297415
503.6109552077745,1.2575314903988999
503.71095520777453,1.2643909594736749
503.81095520777455,1.2709074988967415
503.9109552077746,1.2770778899887043
504.0109552077746,1.2828990432293002
504.1109552077746,1.2883680002585884
504.21095520777465,1.2934819357963558
504.31095520777467,1.2982381594780188
504.4109552077747,1.3026341176054075
504.5109552077747,1.3066673948108414
504.61095520777474,1.3103357156330389
504.71095520777476,1.3136369460034345
504.8109552077748,1.3165690946415802
504.9109552077748,1.319130314358386
505.0109552077748,1.3213189032660226
505.11095520777485,1.3231333058934225
505.2109552077749,1.3245721142063571
505.3109552077749,1.325634068531198
505.4109552077749,1.3263180583815282
505.51095520777494,1.3266231231868675
505.61095520777496,1.3265484529228635
505.710955207775,1.3260933886423945
505.810955207775,1.3252574229071086
505.91095520777503,1.3240402001190277
506.01095520777505,1.3224417234776156
506.1109552077751,1.3204825253546755
506.2109552077751,1.318176347563384
506.3109552077751,1.3155234012235972
506.41095520777515,1.3125240234280646
506.51095520777517,1.3091786770359688
506.6109552077752,1.3054879503910173
506.7109552077752,1.3014525569643212
506.81095520777524,1.2970733349223877
506.91095520777526,1.2923512466206013
507.0109552077753,1.287287378022628
507.1109552077753,1.2818829380462504
507.2109552077753,1.2761392578361912
507.31095520777535,1.2700577899645356
507.4109552077754,1.263640107559457
507.5109552077754,1.2568879033629554
507.6109552077754,1.2498029887184328
507.71095520777544,1.2423872924889388
507.81095520777546,1.2346428599070083
507.9109552077755,1.226571851357051
508.0109552077755,1.218176541091315
508.11095520777553,1.2094593158804963
508.21095520777556,1.2004226736001211
508.3109552077756,1.191069221753867
508.4109552077756,1.1814016759350654
508.5109552077756,1.1714228582276376
508.61095520777565,1.1611356955478045
508.71095520777567,1.1505432179279196
508.8109552077757,1.1396485567438486
508.9109552077757,1.128454942887335
509.01095520777574,1.1169657048848602
509.11095520777576,1.1051842669645189
509.2109552077758,1.0931141470724888
509.3109552077758,1.0807589548406997
509.4109552077758,1.0681223895073462
509.51095520777585,1.055208237791914
509.6109552077759,1.042020371726443
509.7109552077759,1.0285627464447384
509.8109552077759,1.0148393979313215
509.91095520777594,1.0008544407318904
510.01095520777596,0.9866120656271162
510.110955207776,0.9721165372716056
510.210955207776,0.9573721917998976
510.31095520777603,0.9423834344013566
510.41095520777606,0.9271547368658659
510.5109552077761,0.9116906351022283
510.6109552077761,0.8959957266311904
510.7109552077761,0.8800746680550264
510.81095520777615,0.863932172505621
510.91095520777617,0.8475730070730063
511.0109552077762,0.8310019902162966
511.1109552077762,0.8142239891589864
511.21095520777624,0.7972439172705745
511.31095520777626,0.7800667314364569
511.4109552077763,0.7626974294180711
511.5109552077763,0.7451410472052213
511.6109552077763,0.727402656362544
511.71095520777635,0.7094873613720569
511.8109552077764,0.6914002969737116
511.9109552077764,0.6731466255058729
512.0109552077764,0.6547315342476403
512.1109552077764,0.6361602327648903
512.2109552077765,0.6174379502619205
512.3109552077765,0.5985699329405572
512.4109552077765,0.579561441368555
512.5109552077765,0.5604177478591139
512.6109552077766,0.5411441338633018
512.7109552077766,0.5217458873771559
512.8109552077766,0.5022283003651942
512.9109552077766,0.48259666620208064
513.0109552077766,0.4628562771340925
513.1109552077767,0.44301242176208167
513.2109552077767,0.4230703825475368
513.3109552077767,0.40303543334333947
513.4109552077767,0.38291283695078393
513.5109552077768,0.3627078427043724
513.6109552077768,0.3424256840858755
513.7109552077768,0.3220715763691131
513.8109552077768,0.3016507142968625
513.9109552077769,0.28116826979126097
514.0109552077769,0.2606293896990448
514.1109552077769,0.24003919357289938
514.2109552077769,0.2194027714901856
514.3109552077769,0.19872518191022825
514.410955207777,0.1780114495713434
514.510955207777,0.15726656342870582
514.610955207777,0.1364954746341418
514.710955207777,0.11570309455886152
514.810955207777,0.0948942928601153
514.9109552077771,0.07407389559270605
515.0109552077771,0.053246683366240166
515.1109552077771,0.03241738954895945
515.2109552077771,0.011590698518941345
515.3109552077772,-0.00922875603659179
515.4109552077772,-0.030036392773156173
515.5109552077772,-0.05082768429143725
515.6109552077772,-0.07159815868967856
515.7109552077773,-0.09234340106546535
515.8109552077773,-0.11305905496641633
515.9109552077773,-0.1337408237893225
516.0109552077773,-0.15438447212733308
516.1109552077774,-0.17498582706483123
516.2109552077774,-0.1955407794196926
516.3109552077774,-0.21604528493266328
516.4109552077774,-0.23649536540364924
516.5109552077774,-0.2568871097747454
516.6109552077775,-0.2772166751598868
516.7109552077775,-0.2974802878210503
516.8109552077775,-0.3176742440909712
516.9109552077775,-0.3377949112424017
517.0109552077776,-0.3578387283039639
517.1109552077776,-0.3778022068227027
517.2109552077776,-0.39768193157349385
517.3109552077776,-0.41747456121548865
517.4109552077776,-0.4371768288958304
517.5109552077777,-0.45678554280091865
517.6109552077777,-0.47629758665552946
517.7109552077777,-0.4957099201701447
517.8109552077777,-0.5150195794368861
517.9109552077778,-0.534223677274474
518.0109552077778,-0.5533194035226825
518.1109552077778,-0.5723040252867861
518.2109552077778,-0.5911748871325373
518.3109552077779,-0.6099294112322395
518.4109552077779,-0.6285650974625199
518.5109552077779,-0.6470795234544329
518.6109552077779,-0.665470344596558
518.7109552077779,-0.6837352939917842
518.810955207778,-0.7018721823685046
518.910955207778,-0.7198788979469657
519.010955207778,-0.7377534062615472
519.110955207778,-0.7554937499397749
519.210955207778,-0.7730980484388832
519.3109552077781,-0.7905644977407806
519.4109552077781,-0.807891370006278
519.5109552077781,-0.8250770131894773
519.6109552077781,-0.8421198506132168
519.7109552077782,-0.8590183805065033
519.8109552077782,-0.8757711755048767
519.9109552077782,-0.892376882114658
520.0109552077782,-0.9088342201420554
520.1109552077783,-0.9251419820881157
520.2109552077783,-0.9412990325105175
520.3109552077783,-0.9573043073532128
520.4109552077783,-0.9731568132449413
520.5109552077784,-0.9888556267676372
520.6109552077784,-1.0043998936957728
520.7109552077784,-1.0197888282076708
520.8109552077784,-1.035021712069841
520.9109552077784,-1.0500978937953882
521.0109552077785,-1.0650167877775458
521.1109552077785,-1.0797778733993955
521.2109552077785,-1.094380694120829
521.3109552077785,-1.108824856543806
521.4109552077786,-1.1231100294569778
521.5109552077786,-1.1372359428607166
521.6109552077786,-1.1512023869736152
521.7109552077786,-1.1650092112214991
521.8109552077786,-1.1786563232100018
521.9109552077787,-1.1921436876817317
522.0109552077787,-1.205471325459074
522.1109552077787,-1.2186393123736452
522.2109552077787,-1.2316477781834163
522.3109552077788,-1.24449690547852
522.4109552077788,-1.2571869285767263
522.5109552077788,-1.2697181324095899
522.6109552077788,-1.2820908514002283
522.7109552077789,-1.2943054683337083
522.8109552077789,-1.3063624132209846
522.9109552077789,-1.3182621621573296
523.0109552077789,-1.330005236176179
523.1109552077789,-1.341592200099302
523.210955207779,-1.3530236613841904
523.310955207779,-1.3643002689695434
523.410955207779,-1.3754227121197142
523.510955207779,-1.3863917192689577
523.610955207779,-1.3972080568663132
523.7109552077791,-1.40787252822193
523.8109552077791,-1.4183859723556287
523.9109552077791,-1.4287492628484735
524.0109552077791,-1.4389633066981096
524.1109552077792,-1.4490290431786015
524.2109552077792,-1.4589474427054938
524.3109552077792,-1.468719505706786
524.4109552077792,-1.4783462615005014
524.5109552077793,-1.4878287671795092
524.6109552077793,-1.497168106504235
524.7109552077793,-1.5063653888038746
524.8109552077793,-1.5154217478867138
524.9109552077794,-1.5243383409601197
525.0109552077794,-1.5331163475607683
525.1109552077794,-1.5417569684956351
525.2109552077794,-1.550261424794265
525.3109552077794,-1.5586309566728105
525.4109552077795,-1.566866822510314
525.5109552077795,-1.5749702978376783
525.6109552077795,-1.5829426743397605
525.7109552077795,-1.5907852588709928
525.8109552077796,-1.5984993724849208
525.9109552077796,-1.6060863494780273
526.0109552077796,-1.613547536448185
526.1109552077796,-1.6208842913680677
526.2109552077796,-1.6280979826738262
526.3109552077797,-1.6351899883693122
526.4109552077797,-1.6421616951461224
526.5109552077797,-1.6490144975197034
526.6109552077797,-1.6557497969817512
526.7109552077798,-1.662369001169111
526.8109552077798,-1.6688735230493668
526.9109552077798,-1.6752647801232952
527.0109552077798,-1.6815441936443343
527.1109552077799,-1.687713187855203
527.2109552077799,-1.693773189241791
527.3109552077799,-1.6997256258044184
527.4109552077799,-1.7055719263465456
527.51095520778,-1.7113135197810085
527.61095520778,-1.7169518344538188
527.71095520778,-1.722488297485576
527.81095520778,-1.7279243341304997
527.91095520778,-1.733261367153095
528.0109552077801,-1.7385008162224338
528.1109552077801,-1.7436440973240326
528.2109552077801,-1.7486926221892838
528.3109552077801,-1.7536477977423908
528.4109552077801,-1.7585110255647394
528.5109552077802,-1.7632837013766283
528.6109552077802,-1.7679672145362677
528.7109552077802,-1.7725629475559432
528.8109552077802,-1.7770722756352317
528.9109552077803,-1.7814965662111417
529.0109552077803,-1.7858371785250453
529.1109552077803,-1.7900954632062525
529.2109552077803,-1.7942727618720753
529.3109552077804,-1.7983704067442117
529.4109552077804,-1.8023897202812784
529.5109552077804,-1.806332014827308
529.6109552077804,-1.8101985922760202
529.7109552077804,-1.8139907437506633
529.8109552077805,-1.8177097492992285
529.9109552077805,-1.821356877604813
530.0109552077805,-1.8249333857109193
530.1109552077805,-1.8284405187614619
530.2109552077806,-1.8318795097552467
530.3109552077806,-1.8352515793146917
530.4109552077806,-1.8385579354685389
530.5109552077806,-1.8417997734483154
530.6109552077806,-1.8449782754982906
530.7109552077807,-1.8480946106986746
530.8109552077807,-1.851149934801795
530.9109552077807,-1.8541453900809954
531.0109552077807,-1.8570821051919864
531.1109552077808,-1.8599611950463828
531.2109552077808,-1.8627837606971558
531.3109552077808,-1.8655508892357293
531.4109552077808,-1.8682636537004478
531.5109552077809,-1.8709231129961374
531.6109552077809,-1.8735303118244875
531.7109552077809,-1.8760862806249765
531.8109552077809,-1.8785920355260624
531.910955207781,-1.8810485783063615
532.010955207781,-1.883456896365543
532.110955207781,-1.8858179627046543
532.210955207781,-1.8881327359156097
532.310955207781,-1.8904021601795618
532.4109552077811,-1.8926271652738842
532.5109552077811,-1.8948086665874921
532.6109552077811,-1.8969475651442302
532.7109552077811,-1.899044747634058
532.8109552077811,-1.9011010864517652
532.9109552077812,-1.9031174397429542
533.0109552077812,-1.9050946514570224
533.1109552077812,-1.9070335514068886
533.2109552077812,-1.9089349553352035
533.3109552077813,-1.9107996649867893
533.4109552077813,-1.9126284681870578
533.5109552077813,-1.914422138926158
