1.0,1.4619504261895274e-57
1.1,1.8435868319802873e-57
1.2000000000000002,2.3243735093653766e-57
1.3000000000000003,2.9299459268812306e-57
1.4000000000000004,3.692535353239687e-57
1.5000000000000004,4.6526575381455796e-57
1.6000000000000005,5.861231578621769e-57
1.7000000000000006,7.38223800576749e-57
1.8000000000000007,9.296052621641308e-57
1.9000000000000008,1.1703627008047488e-56
2.000000000000001,1.4731729639605534e-56
2.100000000000001,1.8539515311029066e-56
2.200000000000001,2.3326757814160536e-56
2.300000000000001,2.9344164819216816e-56
2.4000000000000012,3.6906298899850666e-56
2.5000000000000013,4.64077597971695e-56
2.6000000000000014,5.834344683318969e-56
2.7000000000000015,7.333392494854233e-56
2.8000000000000016,9.215717323556056e-56
2.9000000000000017,1.1578831362949976e-55
3.0000000000000018,1.4544931526040504e-55
3.100000000000002,1.8267116635165478e-55
3.200000000000002,2.293716247572943e-55
3.300000000000002,2.8795243048625957e-55
3.400000000000002,3.6142082649369816e-55
3.500000000000002,4.5354143445426784e-55
3.6000000000000023,5.69026028432436e-55
3.7000000000000024,7.137706138070812e-55
3.8000000000000025,8.951515416359391e-55
3.9000000000000026,1.122395281941059e-54
4.000000000000003,1.4070400825063288e-54
4.100000000000003,1.763512225890973e-54
4.200000000000003,2.2098451816929307e-54
4.3000000000000025,2.7685769010298014e-54
4.400000000000003,3.4678691478542084e-54
4.5000000000000036,4.342903519535388e-54
4.600000000000003,5.437622189207103e-54
4.700000000000003,6.806898040361515e-54
4.800000000000003,8.51923954898167e-54
4.900000000000004,1.0660161478989904e-53
5.0000000000000036,1.333638440729989e-53
5.100000000000003,1.6681065791341924e-53
5.200000000000004,2.0860314602140306e-53
5.300000000000004,2.6081302785145903e-53
5.400000000000004,3.2602362848718925e-53
5.5000000000000036,4.074555527267015e-53
5.600000000000004,5.091230658245613e-53
5.700000000000005,6.360286430599189e-53
5.800000000000004,7.944049537836932e-53
5.900000000000004,9.920157825313968e-53
6.000000000000004,1.2385301637648419e-52
6.100000000000005,1.5459874460279949e-52
6.200000000000005,1.9293752644083693e-52
6.300000000000004,2.4073476834321294e-52
6.400000000000005,3.0031173186142925e-52
6.500000000000005,3.745563353982411e-52
6.600000000000005,4.6706074160668925e-52
6.700000000000005,5.822921700757339e-52
6.800000000000005,7.258049144874213e-52
6.900000000000006,9.045034489571557e-52
7.000000000000005,1.1269688662819786e-51
7.100000000000005,1.4038638081491378e-51
7.2000000000000055,1.748434655904605e-51
7.300000000000006,2.1771342130815584e-51
7.400000000000006,2.7103936284978406e-51
7.500000000000005,3.373579129339502e-51
7.600000000000006,4.198177563151494e-51
7.700000000000006,5.2232651633996487e-51
7.800000000000006,6.497326820518333e-51
7.900000000000006,8.080509032760725e-51
8.000000000000007,1.0047409335804899e-50
8.100000000000007,1.2490529238278096e-50
8.200000000000006,1.5524547595760526e-50
8.300000000000006,1.9291608260833153e-50
8.400000000000006,2.3967861380088717e-50
8.500000000000007,2.977155387606527e-50
8.600000000000007,3.6973033921488266e-50
8.700000000000006,4.590711962344425e-50
8.800000000000008,5.698838742476404e-50
8.900000000000007,7.073006549863954e-50
9.000000000000007,8.776737731752436e-50
9.100000000000007,1.0888637757543666e-49
9.200000000000006,1.3505956528731323e-49
9.300000000000008,1.6748985769274684e-49
9.400000000000007,2.076648764750422e-49
9.500000000000007,2.5742395064371037e-49
9.600000000000009,3.1904079771949857e-49
9.700000000000008,3.9532553055440774e-49
9.800000000000008,4.897504806201925e-49
9.900000000000007,6.066053660059269e-49
10.000000000000007,7.511886079845554e-49
10.100000000000009,9.300431682040333e-49
10.200000000000008,1.1512472060301834e-48
10.300000000000008,1.4247722241213812e-48
10.40000000000001,1.7629242802706988e-48
10.500000000000009,2.1808874179048747e-48
10.600000000000009,2.6973928571418633e-48
10.700000000000008,3.335542877745192e-48
10.800000000000008,4.12382494104498e-48
10.90000000000001,5.0973597172281445e-48
11.000000000000009,6.299436646964217e-48
11.100000000000009,7.783402887950933e-48
11.20000000000001,9.614986486750382e-48
11.30000000000001,1.1875152997268563e-47
11.40000000000001,1.4663617301880348e-47
11.500000000000009,1.8103160012249998e-47
11.600000000000009,2.234493167523405e-47
11.70000000000001,2.7574969480078936e-47
11.80000000000001,3.402220196213727e-47
11.90000000000001,4.196827941060069e-47
12.00000000000001,5.175964386135245e-47
12.10000000000001,6.382234580424119e-47
12.20000000000001,7.868022886012052e-47
12.30000000000001,9.697724333141126e-47
12.40000000000001,1.1950482037235503e-46
12.50000000000001,1.4723544748496475e-46
12.60000000000001,1.8136384157404537e-46
12.70000000000001,2.2335742820138966e-46
12.800000000000011,2.7501821754462537e-46
12.900000000000011,3.3855863423462924e-46
13.00000000000001,4.166944284284422e-46
13.10000000000001,5.1275849198421805e-46
13.20000000000001,6.3084025425043534e-46
13.300000000000011,7.759563706501065e-46
13.400000000000011,9.542596852239768e-46
13.50000000000001,1.1732949958922553e-45
13.600000000000012,1.442312039659439e-45
13.700000000000012,1.77264841891301e-45
13.800000000000011,2.178198000152029e-45
13.900000000000011,2.6759837434487575e-45
14.00000000000001,3.286858099171014e-45
14.100000000000012,4.036359201583639e-45
14.200000000000012,4.955757295909996e-45
14.300000000000011,6.083333398247313e-45
14.400000000000013,7.465941400635147e-45
14.500000000000012,9.160916054167742e-45
14.600000000000012,1.123840292598304e-44
14.700000000000012,1.3784203059267277e-44
14.800000000000011,1.6903245310599253e-44
14.900000000000013,2.0723823975052865e-44
15.000000000000012,2.540276928241283e-44
15.100000000000012,3.113175480604315e-44
15.200000000000014,3.81449901630511e-44
15.300000000000013,4.672860129171629e-44
15.400000000000013,5.723206612147393e-44
15.500000000000012,7.008215309057969e-44
15.600000000000012,8.579990673504506e-44
15.700000000000014,1.0502134212798558e-43
15.800000000000013,1.2852265272652776e-43
15.900000000000013,1.5725090955839014e-43
16.000000000000014,1.923614401638135e-43
16.100000000000016,2.3526333118986153e-43
16.200000000000014,2.8767480856536706e-43
16.30000000000001,3.516906253345195e-43
16.400000000000013,4.2986404349836595e-43
16.500000000000014,5.25306549553097e-43
16.600000000000016,6.418091143325908e-43
16.700000000000014,7.839896210672009e-43
16.800000000000015,9.57472071271727e-43
16.900000000000013,1.1691043724609872e-42
17.000000000000014,1.427222958629806e-42
17.100000000000016,1.7419742469614882e-42
17.200000000000014,2.125705056421388e-42
17.300000000000015,2.5934366831859927e-42
17.400000000000013,3.1634404377790315e-42
17.500000000000014,3.8579362122850536e-42
17.600000000000016,4.703940199484055e-42
17.700000000000014,5.734293393822756e-42
17.800000000000015,6.988909165527427e-42
17.900000000000016,8.516286253630837e-42
18.000000000000014,1.0375343260472537e-41
18.100000000000016,1.2637642498243466e-41
18.200000000000017,1.5390085258022996e-41
18.300000000000015,1.873817775074602e-41
18.400000000000016,2.2809987718936585e-41
18.500000000000014,2.7760936774567157e-41
18.600000000000016,3.3779603769682035e-41
18.700000000000017,4.109475102158307e-41
18.800000000000015,4.99838292810606e-41
18.900000000000016,6.078327050066695e-41
19.000000000000014,7.390094159655539e-41
19.100000000000016,8.983120974817787e-41
19.200000000000017,1.0917316304739547e-40
19.300000000000015,1.3265264274387398e-40
19.400000000000016,1.6114887884699452e-40
19.500000000000018,1.9572668413806477e-40
19.600000000000016,2.3767535837334353e-40
19.700000000000017,2.8855569141232507e-40
19.80000000000002,3.502567393522701e-40
19.900000000000016,4.2506439129804416e-40
20.000000000000018,5.157441579291821e-40
20.100000000000016,6.256411106931652e-40
20.200000000000017,7.5880049924601e-40
20.30000000000002,9.201132950696792e-40
20.400000000000016,1.1154917754985847e-39
20.500000000000018,1.3520813040489939e-39
20.600000000000016,1.6385157151955268e-39
20.700000000000017,1.985225216828794e-39
20.80000000000002,2.4048075322224004e-39
20.900000000000016,2.9124751761676368e-39
21.000000000000018,3.526594369804615e-39
21.10000000000002,4.2693342328087526e-39
21.200000000000017,5.167448654504038e-39
21.30000000000002,6.253217762336329e-39
21.40000000000002,7.565581326850732e-39
21.500000000000018,9.151502946373848e-39
21.60000000000002,1.1067611656789336e-38
21.700000000000017,1.338217696926884e-38
21.80000000000002,1.617748455913325e-38
21.90000000000002,1.9552693280175156e-38
22.000000000000018,2.362727030085383e-38
22.10000000000002,2.8545120477945787e-38
22.200000000000017,3.4479549228578285e-38
22.30000000000002,4.163922588490855e-38
22.40000000000002,5.027534771532679e-38
22.500000000000018,6.069024454536001e-38
22.60000000000002,7.324771149208061e-38
22.70000000000002,8.838541426875756e-38
22.80000000000002,1.0662977964909787e-37
22.90000000000002,1.286138651840227e-37
23.00000000000002,1.5509879974196262e-37
23.10000000000002,1.8699950300140324e-37
23.20000000000002,2.254155313672421e-37
23.30000000000002,2.71668064328151e-37
23.40000000000002,3.2734424428835157e-37
23.50000000000002,3.943503206746072e-37
23.60000000000002,4.749753331200165e-37
23.70000000000002,5.719674076801249e-37
23.80000000000002,6.8862514496543675e-37
23.90000000000002,8.289070624305441e-37
24.00000000000002,9.97562629911001e-37
24.10000000000002,1.2002891257789273e-36
24.20000000000002,1.4439193621465231e-36
24.300000000000022,1.7366463067886552e-36
24.40000000000002,2.0882917971000294e-36
24.50000000000002,2.5106279334066974e-36
24.600000000000023,3.017761398058479e-36
24.70000000000002,3.626592923773417e-36
24.800000000000022,4.357366490106205e-36
24.90000000000002,5.23432563246309e-36
25.00000000000002,6.286497589120928e-36
25.100000000000023,7.548629989541887e-36
25.20000000000002,9.06230952229497e-36
25.300000000000022,1.0877297656004502e-35
25.40000000000002,1.305312519157713e-35
25.50000000000002,1.5660995399921963e-35
25.600000000000023,1.878605498533014e-35
25.70000000000002,2.2530103394140052e-35
25.800000000000022,2.701482439744523e-35
25.900000000000023,3.23856398140368e-35
26.00000000000002,3.881630417827448e-35
26.100000000000023,4.651438165719678e-35
26.200000000000024,5.572777324597975e-35
26.300000000000022,6.675249400730342e-35
26.400000000000023,7.994193779998171e-35
26.50000000000002,9.571791166879815e-35
26.600000000000023,1.1458377514724445e-34
26.700000000000024,1.3714008270416413e-34
26.800000000000022,1.64103202274565e-34
26.900000000000023,1.963274714192445e-34
27.00000000000002,2.348315577195111e-34
27.100000000000023,2.8082981456175374e-34
27.200000000000024,3.3576957108431727e-34
27.300000000000022,4.013754699817914e-34
27.400000000000023,4.797021740944813e-34
27.500000000000025,5.731970081690341e-34
27.600000000000023,6.847743928480017e-34
27.700000000000024,8.179042720856589e-34
27.800000000000026,9.76717142540171e-34
27.900000000000023,1.166128775569453e-33
28.000000000000025,1.3919882928374534e-33
28.100000000000023,1.661253931253961e-33
28.200000000000024,1.9822016309343013e-33
28.300000000000026,2.364672523381912e-33
28.400000000000023,2.8203665124837287e-33
28.500000000000025,3.3631904591749975e-33
28.600000000000023,4.009671038355593e-33
28.700000000000024,4.779444176912744e-33
28.800000000000026,5.695835155305317e-33
28.900000000000023,6.786546021921753e-33
29.000000000000025,8.084469999777188e-33
29.100000000000026,9.628656142040775e-33
29.200000000000024,1.14654517140413e-32
29.300000000000026,1.3649854759734148e-32
29.400000000000027,1.6247115185409984e-32
29.500000000000025,1.9334629621799726e-32
29.600000000000026,2.3004183494889965e-32
29.700000000000024,2.7364603365800675e-32
29.800000000000026,3.2544893949786507e-32
29.900000000000027,3.869794759802216e-32
30.000000000000025,4.600492978072463e-32
30.100000000000026,5.468046266645229e-32
30.200000000000024,6.497875074338485e-32
30.300000000000026,7.720081815340959e-32
30.400000000000027,9.170305768936974e-32
30.500000000000025,1.0890732703813976e-31
30.600000000000026,1.293128697748757e-31
30.700000000000028,1.5351038792628009e-31
30.800000000000026,1.821986509130627e-31
30.900000000000027,2.162040938672888e-31
31.00000000000003,2.56503938472664e-31
31.100000000000026,3.0425346367530617e-31
31.200000000000028,3.6081816429667077e-31
31.300000000000026,4.278116656053333e-31
31.400000000000027,5.071404146175936e-31
31.50000000000003,6.0105634821664075e-31
31.600000000000026,7.122189486981672e-31
31.700000000000028,8.437683444389959e-31
31.800000000000026,9.994114033353435e-31
31.900000000000027,1.1835231068304703e-30
32.00000000000003,1.4012658913575871e-30
32.10000000000002,1.6587301119395656e-30
32.20000000000003,1.9630993312916033e-30
32.300000000000026,2.3228447808392594e-30
32.40000000000003,2.747954093699646e-30
32.50000000000003,3.250200292685484e-30
32.60000000000003,3.843458050777794e-30
32.70000000000003,4.544075452950483e-30
32.800000000000026,5.371310906715278e-30
32.90000000000003,6.347846509318664e-30
33.00000000000003,7.500391123048979e-30
33.10000000000003,8.860388684318462e-30
33.20000000000003,1.0464849932769702e-29
33.300000000000026,1.2357328858561846e-29
33.40000000000003,1.4589068805004096e-29
33.50000000000003,1.7220347418167765e-29
33.60000000000003,2.0322054608019882e-29
33.70000000000003,2.397754349705897e-29
33.800000000000026,2.828480112227499e-29
33.90000000000003,3.3358993587503925e-29
34.00000000000003,3.933544962578605e-29
34.10000000000003,4.6373157346189827e-29
34.20000000000003,5.46588615642234e-29
34.30000000000003,6.44118638489597e-29
34.40000000000003,7.588964461211521e-29
34.50000000000003,8.939444662019279e-29
34.60000000000003,1.0528098270233494e-28
34.70000000000003,1.2396545770265058e-28
34.80000000000003,1.4593612652442129e-28
34.90000000000003,1.7176564717673076e-28
35.00000000000003,2.0212553092368593e-28
35.10000000000003,2.3780304195419892e-28
35.20000000000003,2.797209575999947e-28
35.30000000000003,3.289606683823754e-28
35.400000000000034,3.8678917663384523e-28
35.50000000000003,4.54690644940179e-28
35.60000000000003,5.34403253297318e-28
35.70000000000003,6.279622491269228e-28
35.80000000000003,7.3775021999391245e-28
35.900000000000034,8.665557883162701e-28
36.00000000000003,1.0176421243833545e-27
36.10000000000003,1.1948269030395187e-27
36.20000000000003,1.4025755955893567e-27
36.30000000000003,1.6461102978017802e-27
36.400000000000034,1.9315366542349157e-27
36.50000000000003,2.265991856474924e-27
36.60000000000003,2.6578171775414536e-27
36.70000000000003,3.1167590673804844e-27
36.80000000000003,3.6542034874660785e-27
36.900000000000034,4.283448920417121e-27
37.00000000000003,5.020024369837683e-27
37.10000000000003,5.882059685530552e-27
37.20000000000003,6.890716732039632e-27
37.30000000000003,8.070691289874876e-27
37.400000000000034,9.450797168452263e-27
37.500000000000036,1.1064645852111298e-26
37.60000000000003,1.2951437135211727e-26
37.70000000000003,1.515687867511064e-26
37.80000000000003,1.7734255255708026e-26
37.900000000000034,2.074567187035918e-26
38.000000000000036,2.4263498571833443e-26
38.10000000000003,2.837204948010018e-26
38.20000000000003,3.316953347999352e-26
38.30000000000003,3.8770320088658264e-26
38.400000000000034,4.5307570852141734e-26
38.500000000000036,5.293629458568503e-26
38.60000000000004,6.183689396944755e-26
38.70000000000003,7.221928164202084e-26
38.80000000000003,8.432765621895772e-26
38.900000000000034,9.844604285686942e-26
39.000000000000036,1.1490471937831538e-25
39.10000000000004,1.3408766790599723e-25
39.20000000000003,1.5644121381484988e-25
39.30000000000003,1.8248403904442158e-25
39.400000000000034,2.1281878593572637e-25
39.500000000000036,2.4814550135802575e-25
39.60000000000004,2.892772096523306e-25
39.70000000000003,3.3715794762241486e-25
39.80000000000003,3.9288364635001073e-25
39.900000000000034,4.577263040335281e-25
40.000000000000036,5.331619625364552e-25
40.10000000000004,6.209030792487394e-25
40.20000000000003,7.229359767795303e-25
40.30000000000003,8.415641577139148e-25
40.400000000000034,9.794583922476392e-25
40.500000000000036,1.1397146253347873e-24
40.60000000000004,1.3259209097696268e-24
40.70000000000004,1.5422347554978407e-24
40.80000000000003,1.7934724970012083e-24
40.900000000000034,2.0852125239336185e-24
41.000000000000036,2.4239145000178647e-24
41.10000000000004,2.8170570169468584e-24
41.20000000000004,3.2732964998604184e-24
41.30000000000003,3.802650605983336e-24
41.400000000000034,4.416709846344914e-24
41.500000000000036,5.128881721451425e-24
41.60000000000004,5.954672306022463e-24
41.70000000000004,6.912010957614266e-24
41.80000000000004,8.021624673110737e-24
41.900000000000034,9.307469591637365e-24
42.000000000000036,1.0797228260719508e-23
42.10000000000004,1.2522882565359939e-23
42.20000000000004,1.4521373691062168e-23
42.30000000000004,1.6835362178976713e-23
42.400000000000034,1.9514103065533833e-23
42.500000000000036,2.2614453315825658e-23
42.60000000000004,2.6202031300338186e-23
42.70000000000004,3.035255097501858e-23
42.80000000000004,3.515335675815955e-23
42.900000000000034,4.070518891493867e-23
43.000000000000036,4.7124213630891685e-23
43.10000000000004,5.454435695808785e-23
43.20000000000004,6.311998754257068e-23
43.30000000000004,7.302899959138948e-23
43.400000000000034,8.447635502964209e-23
43.500000000000036,9.769815236595361e-23
43.60000000000004,1.129662995809871e-22
43.70000000000004,1.3059387955168425e-22
43.80000000000004,1.5094130932141467e-22
43.90000000000004,1.7442340914853286e-22
44.000000000000036,2.0151751396931508e-22
44.10000000000004,2.3277277898776294e-22
44.20000000000004,2.688208528867343e-22
44.30000000000004,3.1038811702027626e-22
44.40000000000004,3.5830971732605696e-22
44.500000000000036,4.1354564807873532e-22
44.60000000000004,4.771991835460536e-22
44.70000000000004,5.5053799574216695e-22
44.80000000000004,6.350183445157127e-22
44.90000000000004,7.323127809805751e-22
45.00000000000004,8.443418677227788e-22
45.10000000000004,9.733104903517836e-22
45.20000000000004,1.1217494160051033e-21
45.30000000000004,1.2925628467210171e-21
45.40000000000004,1.4890828207064643e-21
45.50000000000004,1.7151314341969352e-21
45.60000000000004,1.975091992816667e-21
45.70000000000004,2.2739903563532578e-21
45.80000000000004,2.6175879172142776e-21
45.90000000000004,3.0124878534283285e-21
46.00000000000004,3.466256525172598e-21
46.10000000000004,3.98756214316778e-21
46.20000000000004,4.586333132094903e-21
46.30000000000004,5.273938947225035e-21
46.40000000000004,6.063396483116809e-21
46.50000000000004,6.96960564563953e-21
46.60000000000004,8.009618149651721e-21
46.70000000000004,9.202944162225267e-21
46.80000000000004,1.0571902044236837e-20
46.90000000000004,1.2142017161444098e-20
47.00000000000004,1.394247655119292e-20
47.100000000000044,1.600664715544365e-20
47.20000000000004,1.8372666379357247e-20
47.30000000000004,2.1084114923619336e-20
47.40000000000004,2.4190783186457557e-20
47.50000000000004,2.7749544058843135e-20
47.600000000000044,3.182534666720825e-20
47.70000000000004,3.649234757878598e-20
47.80000000000004,4.183519820544015e-20
47.90000000000004,4.7950509656468976e-20
48.00000000000004,5.494851913762982e-20
48.100000000000044,6.295498521561337e-20
48.200000000000045,7.211334291306459e-20
48.30000000000004,8.258715372386921e-20
48.40000000000004,9.456289030350584e-20
48.50000000000004,1.0825310086448801e-19
48.600000000000044,1.2390000427079435e-19
48.700000000000045,1.4177957356585918e-19
48.80000000000004,1.6220617328590909e-19
48.90000000000004,1.8553782451596561e-19
49.00000000000004,2.1218218136574193e-19
49.100000000000044,2.4260331351898164e-19
49.200000000000045,2.7732940190166773e-19
49.30000000000004,3.1696146850174456e-19
49.40000000000004,3.6218327715722497e-19
49.50000000000004,4.137725599371716e-19
49.600000000000044,4.72613743826752e-19
49.700000000000045,5.397123750788634e-19
49.80000000000004,6.16211464132801e-19
49.90000000000004,7.03410002786954e-19
50.00000000000004,8.027839377515411e-19
50.100000000000044,9.160099212568675e-19
50.200000000000045,1.044992200560431e-18
50.30000000000005,1.191893054558873e-18
50.40000000000004,1.3591672379091475e-18
50.50000000000004,1.549600951819733e-18
50.600000000000044,1.7663559267952772e-18
50.700000000000045,2.0130192770148304e-18
50.80000000000005,2.293659869707401e-18
50.90000000000004,2.6128920470018198e-18
51.00000000000004,2.975947643539906e-18
51.100000000000044,3.388757362086093e-18
51.200000000000045,3.858042703037015e-18
51.30000000000005,4.391419793922737e-18
51.40000000000005,4.997516633696957e-18
51.50000000000004,5.6861054560798214e-18
51.600000000000044,6.468252128945546e-18
51.700000000000045,7.356484745540106e-18
51.80000000000005,8.364983831308301e-18
51.90000000000005,9.509796890794967e-18
52.00000000000004,1.0809080356384609e-17
52.100000000000044,1.2283372378920599e-17
52.200000000000045,1.3955900324376737e-17
52.30000000000005,1.585292731620233e-17
52.40000000000005,1.800414269579279e-17
52.50000000000004,2.0443101870558604e-17
52.600000000000044,2.3207721687837767e-17
52.700000000000045,2.6340838221875796e-17
52.80000000000005,2.98908346997243e-17
52.90000000000005,3.391234823065265e-17
53.00000000000004,3.846706505429172e-17
53.100000000000044,4.3624615198252845e-17
53.200000000000045,4.9463578750936775e-17
53.30000000000005,5.607261742590561e-17
53.40000000000005,6.355174673851327e-17
53.50000000000005,7.201376595363455e-17
53.600000000000044,8.158586501759799e-17
53.700000000000045,9.241142998276241e-17
53.80000000000005,1.0465207099716094e-16
53.90000000000005,1.1848989979521607e-16
54.00000000000005,1.3413008682273967e-16
54.100000000000044,1.5180373169855557e-16
54.200000000000045,1.7177108469822482e-16
54.30000000000005,1.9432516138966082e-16
54.40000000000005,2.1979579750807494e-16
54.50000000000005,2.485541966866205e-16
54.60000000000005,2.810180298238549e-16
54.700000000000045,3.1765715174099377e-16
54.80000000000005,3.5900000844047017e-16
54.90000000000005,4.056408168102777e-16
55.00000000000005,4.582476081239266e-16
55.10000000000005,5.175712372715231e-16
55.200000000000045,5.844554714438235e-16
55.30000000000005,6.59848285111084e-16
55.40000000000005,7.448145027393511e-16
55.50000000000005,8.405499469325435e-16
55.60000000000005,9.48397267759261e-16
55.700000000000045,1.0698636491198432e-15
55.80000000000005,1.2066406103534932e-15
55.90000000000005,1.3606261461221435e-15
56.00000000000005,1.5339494752098136e-15
56.10000000000005,1.7289986995429834e-15
56.200000000000045,1.948451708802222e-15
56.30000000000005,2.1953107038242936e-15
56.40000000000005,2.4729407539947283e-15
56.50000000000005,2.785112850450923e-15
56.60000000000005,3.136051968651965e-15
56.70000000000005,3.5304907112709608e-15
56.80000000000005,3.973729166033294e-15
56.90000000000005,4.471701683729152e-15
57.00000000000005,5.031051359903655e-15
57.10000000000005,5.659213090494014e-15
57.20000000000005,6.364506167827206e-15
57.30000000000005,7.156237489913005e-15
57.40000000000005,8.044816573949341e-15
57.50000000000005,9.041883695605412e-15
57.60000000000005,1.0160452620291074e-14
57.70000000000005,1.1415069552710346e-14
57.800000000000054,1.2821990108148658e-14
57.90000000000005,1.4399376304927606e-14
58.00000000000005,1.6167515794219295e-14
58.10000000000005,1.814906578310314e-14
58.20000000000005,2.0369324371720268e-14
58.300000000000054,2.285653231824136e-14
58.40000000000005,2.5642208568961802e-14
58.50000000000005,2.876152324831945e-14
58.60000000000005,3.225371219844325e-14
58.70000000000005,3.61625375937875e-14
58.800000000000054,4.0536799637636893e-14
58.90000000000005,4.543090487838701e-14
59.00000000000005,5.0905497269508766e-14
59.10000000000005,5.702815874353797e-14
59.20000000000005,6.387418678334472e-14
59.300000000000054,7.152745725995238e-14
59.40000000000005,8.008138167262413e-14
59.50000000000005,8.963996888178391e-14
59.60000000000005,1.0031900247732404e-13
59.70000000000005,1.122473460836895e-13
59.800000000000054,1.2556839017917219e-13
59.900000000000055,1.4044165541181578e-13
60.00000000000005,1.5704456894069913e-13
60.10000000000005,1.7557443203307545e-13
60.20000000000005,1.9625059901994528e-13
60.300000000000054,2.1931688977178667e-13
60.400000000000055,2.450442601203759e-13
60.50000000000005,2.737337571418532e-13
60.60000000000005,3.0571978895198633e-13
60.70000000000005,3.413737416706915e-13
60.800000000000054,3.8110797951529767e-13
60.900000000000055,4.253802676087952e-13
61.00000000000006,4.746986610717299e-13
61.10000000000005,5.296269083377467e-13
61.20000000000005,5.907904214304168e-13
61.300000000000054,6.588828712025824e-13
61.400000000000055,7.346734713134581e-13
61.50000000000006,8.190150210505914e-13
61.60000000000005,9.12852784045765e-13
61.70000000000005,1.0172342875433762e-12
61.800000000000054,1.1333201352179823e-12
61.900000000000055,1.2623959356731428e-12
62.00000000000006,1.4058854587591102e-12
62.10000000000005,1.5653651428033132e-12
62.20000000000005,1.7425800878418573e-12
62.300000000000054,1.9394616830671755e-12
62.400000000000055,2.1581470310713465e-12
62.50000000000006,2.4010003471767306e-12
62.60000000000005,2.670636529330061e-12
62.70000000000005,2.9699471128248536e-12
62.800000000000054,3.3021288446542192e-12
62.900000000000055,3.670715134741249e-12
63.00000000000006,4.0796106658144075e-12
63.10000000000006,4.5331294704799925e-12
63.20000000000005,5.03603681329076e-12
63.300000000000054,5.593595247541623e-12
63.400000000000055,6.211615251371787e-12
63.50000000000006,6.896510885782518e-12
63.60000000000006,7.655360958661571e-12
63.70000000000005,8.495976224150611e-12
63.800000000000054,9.426973196020314e-12
63.900000000000055,1.0457855207492191e-11
64.00000000000006,1.1599101408546982e-11
64.10000000000005,1.2862264455605725e-11
64.20000000000006,1.4260077718012566e-11
64.30000000000005,1.5806572901476495e-11
64.40000000000006,1.751720907107711e-11
64.50000000000006,1.9409014146162805e-11
64.60000000000005,2.1500740037119543e-11
64.70000000000006,2.3813032700188532e-11
64.80000000000005,2.6368618502035183e-11
64.90000000000006,2.9192508411364155e-11
65.00000000000006,3.231222167138567e-11
65.10000000000005,3.575803075531478e-11
65.20000000000006,3.9563229568248065e-11
65.30000000000005,4.37644270338375e-11
65.40000000000006,4.840186839428681e-11
65.50000000000006,5.351978675854448e-11
65.60000000000005,5.916678765756797e-11
65.70000000000006,6.53962696085217e-11
65.80000000000005,7.226688395339155e-11
65.90000000000006,7.984303752338152e-11
66.00000000000006,8.819544199035016e-11
66.10000000000005,9.740171410252449e-11
66.20000000000006,1.0754703136569829e-10
66.30000000000005,1.18724848125479e-10
66.40000000000006,1.3103767743325933e-10
66.50000000000006,1.445979445409354e-10
66.60000000000005,1.5952891837004263e-10
66.70000000000006,1.7596572784257412e-10
66.80000000000005,1.9405647054682573e-10
66.90000000000006,2.1396342184548613e-10
67.00000000000006,2.3586435321849803e-10
67.10000000000007,2.599539693742734e-10
67.20000000000006,2.8644547446339773e-10
67.30000000000005,3.155722785943299e-10
67.40000000000006,3.4758985678486485e-10
67.50000000000006,3.827777734924091e-10
67.60000000000007,4.214418869555248e-10
67.70000000000006,4.639167487547992e-10
67.80000000000005,5.105682152700934e-10
67.90000000000006,5.617962890793505e-10
68.00000000000006,6.180382098201334e-10
68.10000000000007,6.797718156262524e-10
68.20000000000006,7.475191979662605e-10
68.30000000000005,8.218506745590498e-10
68.40000000000006,9.033891070316759e-10
68.50000000000006,9.928145921285787e-10
68.60000000000007,1.090869557589313e-09
68.70000000000006,1.198364296295636e-09
68.80000000000005,1.3161829749624396e-09
68.90000000000006,1.445290156521885e-09
69.00000000000006,1.5867378784429257e-09
69.10000000000007,1.7416733325534112e-09
69.20000000000006,1.911347195504952e-09
69.30000000000005,2.0971226628619177e-09
69.40000000000006,2.3004852439202576e-09
69.50000000000006,2.5230533787926112e-09
69.60000000000007,2.7665899440532018e-09
69.70000000000006,3.033014718340354e-09
69.80000000000007,3.3244178847945523e-09
69.90000000000006,3.643074653084985e-09
70.00000000000006,3.991461090082218e-09
70.10000000000007,4.372271254990021e-09
70.20000000000006,4.788435741992961e-09
70.30000000000007,5.243141741237565e-09
70.40000000000006,5.739854737275802e-09
70.50000000000006,6.282341973005502e-09
70.60000000000007,6.874697816670609e-09
70.70000000000006,7.521371179686513e-09
70.80000000000007,8.22719514397185e-09
70.90000000000006,8.997418969140112e-09
71.00000000000006,9.837742662393796e-09
71.10000000000007,1.075435430730683e-08
71.20000000000006,1.175397036194782e-08
71.30000000000007,1.2843879152037646e-08
71.40000000000006,1.4031987801108692e-08
71.50000000000006,1.5326872857021813e-08
71.60000000000007,1.673783489274366e-08
71.70000000000006,1.8274957379091504e-08
71.80000000000007,1.9949170148278643e-08
71.90000000000006,2.1772317789612438e-08
72.00000000000006,2.3757233342730038e-08
72.10000000000007,2.5917817679346135e-08
72.20000000000006,2.8269124991773682e-08
72.30000000000007,3.082745483554068e-08
72.40000000000006,3.36104512043592e-08
72.50000000000006,3.6637209148665806e-08
72.60000000000007,3.992838948399044e-08
72.70000000000006,4.350634217272939e-08
72.80000000000007,4.739523900256888e-08
72.90000000000006,5.162121622697323e-08
73.00000000000006,5.62125278780179e-08
73.10000000000007,6.119971050946397e-08
73.20000000000006,6.661576017859713e-08
73.30000000000007,7.249632252910753e-08
73.40000000000006,7.887989689431394e-08
73.50000000000007,8.58080554006332e-08
73.60000000000007,9.332567811538089e-08
73.70000000000006,1.0148120535117979e-07
73.80000000000007,1.1032690831144029e-07
73.90000000000006,1.1991917933796198e-07
74.00000000000007,1.3031884310285053e-07
74.10000000000007,1.4159149017280435e-07
74.20000000000006,1.5380783446490349e-07
74.30000000000007,1.6704409620924115e-07
74.40000000000006,1.8138241213572622e-07
74.50000000000007,1.9691127471014877e-07
74.60000000000007,2.1372600235858475e-07
74.70000000000006,2.3192924273976852e-07
74.80000000000007,2.516315112523362e-07
74.90000000000006,2.7295176709841694e-07
75.00000000000007,2.9601802936711046e-07
75.10000000000007,3.2096803575129325e-07
75.20000000000006,3.479499466695571e-07
75.30000000000007,3.771230977319439e-07
75.40000000000006,4.086588036642422e-07
75.50000000000007,4.4274121699128205e-07
75.60000000000007,4.795682449751022e-07
75.70000000000006,5.193525285101411e-07
75.80000000000007,5.623224868943706e-07
75.90000000000006,6.087234326238281e-07
76.00000000000007,6.58818760598492e-07
76.10000000000007,7.128912163799456e-07
76.20000000000007,7.712442484076947e-07
76.30000000000007,8.342034493598989e-07
76.40000000000006,9.021180921385762e-07
76.50000000000007,9.753627662672747e-07
76.60000000000007,1.0543391208134579e-06
76.70000000000007,1.1394777202877825e-06
76.80000000000007,1.231240020328791e-06
76.90000000000006,1.3301204703562065e-06
77.00000000000007,1.436648750767565e-06
77.10000000000007,1.5513921526642146e-06
77.20000000000007,1.6749581085234822e-06
77.30000000000007,1.8079968826837403e-06
77.40000000000006,1.951204430982232e-06
77.50000000000007,2.105325439377887e-06
77.60000000000007,2.271156551908576e-06
77.70000000000007,2.4495497988719484e-06
77.80000000000007,2.641416236682381e-06
77.90000000000006,2.847729811446802e-06
78.00000000000007,3.069531458916317e-06
78.10000000000007,3.3079334541131265e-06
78.20000000000007,3.564124024602314e-06
78.30000000000007,3.839372242075148e-06
78.40000000000006,4.135033207640409e-06
78.50000000000007,4.452553546976586e-06
78.60000000000007,4.793477232288866e-06
78.70000000000007,5.1594517488366324e-06
78.80000000000007,5.552234624651093e-06
78.90000000000006,5.97370034295422e-06
79.00000000000007,6.425847657711933e-06
79.10000000000007,6.910807333716371e-06
79.20000000000007,7.4308503335893965e-06
79.30000000000007,7.988396475131997e-06
79.40000000000006,8.586023583521709e-06
79.50000000000007,9.226477163968822e-06
79.60000000000007,9.912680621598816e-06
79.70000000000007,1.064774605652249e-05
79.80000000000007,1.1434985663289602e-05
79.90000000000008,1.2277923765206023e-05
80.00000000000007,1.3180309515311199e-05
80.10000000000007,1.4146130297187358e-05
80.20000000000007,1.5179625860177624e-05
80.30000000000007,1.6285303225051768e-05
80.40000000000008,1.7467952397663244e-05
80.50000000000007,1.8732662929687758e-05
80.60000000000007,2.0084841367137527e-05
80.70000000000007,2.153022962898508e-05
80.80000000000007,2.3074924359927627e-05
80.90000000000008,2.4725397303066282e-05
81.00000000000007,2.6488516740056422e-05
81.10000000000007,2.8371570048136248e-05
81.20000000000007,3.0382287425315304e-05
81.30000000000007,3.252886683694606e-05
81.40000000000008,3.482000023888766e-05
81.50000000000007,3.726490113449133e-05
81.60000000000007,3.9873333524728556e-05
81.70000000000007,4.2655642312894405e-05
81.80000000000007,4.5622785227498486e-05
81.90000000000008,4.87863663291699e-05
82.00000000000007,5.215867116965296e-05
82.10000000000007,5.575270367329014e-05
82.20000000000007,5.958222481371123e-05
82.30000000000007,6.366179316084423e-05
82.40000000000008,6.800680737578854e-05
82.50000000000007,7.263355073352342e-05
82.60000000000008,7.755923775595225e-05
82.70000000000007,8.280206304026485e-05
82.80000000000007,8.838125237018883e-05
82.90000000000008,9.431711620024421e-05
83.00000000000007,0.00010063110560573506
83.10000000000008,0.00010734587079383103
83.20000000000007,0.00011448532227370088
83.30000000000007,0.00012207469478634771
83.40000000000008,0.00013014061409740072
83.50000000000007,0.00013871116675880847
83.60000000000008,0.00014781597294802914
83.70000000000007,0.00015748626249592737
83.80000000000007,0.00016775495421727943
83.90000000000008,0.0001786567386603398
84.00000000000007,0.00019022816439455024
84.10000000000008,0.0002025077279580539
84.20000000000007,0.00021553596758911353
84.30000000000007,0.0002293555608681298
84.40000000000008,0.00024401142639926193
84.50000000000007,0.00025955082966308844
84.60000000000008,0.00027602349317403934
84.70000000000007,0.00029348171107847004
84.80000000000007,0.00031198046833149956
84.90000000000008,0.0003315775645926326
85.00000000000007,0.0003523337429821974
85.10000000000008,0.0003743128238424418
85.20000000000007,0.00039758184364870237
85.30000000000007,0.0004222111992177714
85.40000000000008,0.0004482747973617877
85.50000000000007,0.00047585021013734193
85.60000000000008,0.0005050188358404924
85.70000000000007,0.0005358660658991853
85.80000000000007,0.0005684814578153605
85.90000000000008,0.0006029589143093287
86.00000000000007,0.0006393968688192883
86.10000000000008,0.0006778984775088897
86.20000000000007,0.0007185718179352416
86.30000000000008,0.0007615300945295208
86.40000000000008,0.0008068918510410981
86.50000000000007,0.0008547811900953678
86.60000000000008,0.0009053280000135746
86.70000000000007,0.0009586681890413805
86.80000000000008,0.0010149439271307393
86.90000000000008,0.0010743038954168361
87.00000000000007,0.0011369035435293278
87.10000000000008,0.0012029053548733744
87.20000000000007,0.0012724791200124336
87.30000000000008,0.0013458022182806183
87.40000000000008,0.0014230599077474245
87.50000000000007,0.0015044456236530065
87.60000000000008,0.0015901612854260132
87.70000000000007,0.0016804176123901766
87.80000000000008,0.0017754344482592073
87.90000000000008,0.0018754410945118732
88.00000000000007,0.001980676652732044
88.10000000000008,0.0020913903759893714
88.20000000000007,0.002207842029327761
88.30000000000008,0.002330302259419217
88.40000000000008,0.0024590529734298612
88.50000000000007,0.0025943877271349006
88.60000000000008,0.002736612122306864
88.70000000000007,0.0028860442133897676
88.80000000000008,0.003043014923459004
88.90000000000008,0.0032078684694523524
89.00000000000009,0.003380962796644309
89.10000000000008,0.0035626700223194713
89.20000000000007,0.0037533768885862993
89.30000000000008,0.00395348522425461
89.40000000000008,0.0041634124156836256
89.50000000000009,0.004383591886489279
89.60000000000008,0.00461447358597957
89.70000000000007,0.00485652448616855
89.80000000000008,0.00511022908719744
89.90000000000008,0.005376089930970975
90.00000000000009,0.005654628122795114
90.10000000000008,0.0059463838607780005
90.20000000000007,0.006251916972734344
90.30000000000008,0.006571807460306822
90.40000000000008,0.006906656049993885
90.50000000000009,0.007257084750747809
90.60000000000008,0.0076237374177776885
90.70000000000007,0.008007280322167567
90.80000000000008,0.008408402725888373
90.90000000000008,0.008827817461755247
91.00000000000009,0.009266261517851815
91.10000000000008,0.009724496625910434
91.20000000000007,0.010203309853109454
91.30000000000008,0.010703514196713377
91.40000000000008,0.011225949180951074
91.50000000000009,0.011771481455494568
91.60000000000008,0.012341005394864523
91.70000000000007,0.012935443698058421
91.80000000000008,0.013555747987658273
91.90000000000008,0.014202899407642789
92.00000000000009,0.014877909219092858
92.10000000000008,0.0155818193929406
92.20000000000007,0.0163157031988809
92.30000000000008,0.017080665789522453
92.40000000000008,0.017877844778822385
92.50000000000009,0.018708410813811586
92.60000000000008,0.019573568138577243
92.70000000000009,0.02047455514943836
92.80000000000008,0.02141264494020612
92.90000000000008,0.022389145836391497
93.00000000000009,0.02340540191717926
93.10000000000008,0.024462793523955872
93.20000000000009,0.02556273775414268
93.30000000000008,0.026706688939045937
93.40000000000008,0.02789613910440769
93.50000000000009,0.029132618412300058
93.60000000000008,0.030417695582975832
93.70000000000009,0.031752978295257674
93.80000000000008,0.03314011356400862
93.90000000000008,0.03458078809320659
94.00000000000009,0.036076728603105665
94.10000000000008,0.037629702129944945
94.20000000000009,0.03924151629663895
94.30000000000008,0.0409140195528504
94.40000000000008,0.04264910138283445
94.50000000000009,0.044448692479407824
94.60000000000008,0.04631476488238436
94.70000000000009,0.04824933207980017
94.80000000000008,0.05025444907022458
94.90000000000008,0.05233221238445425
95.00000000000009,0.054484760064859375
95.10000000000008,0.05671427160065187
95.20000000000009,0.059022967817336104
95.30000000000008,0.061413110718588904
95.40000000000009,0.0638870032788297
95.50000000000009,0.06644698918472214
95.60000000000008,0.06909545252387284
95.70000000000009,0.07183481741898039
95.80000000000008,0.0746675476057092
95.90000000000009,0.0775961459525766
96.00000000000009,0.0806231539211436
96.10000000000008,0.08375115096484183
96.20000000000009,0.08698275386476972
96.30000000000008,0.09032061600083242
96.40000000000009,0.09376742655663155
96.50000000000009,0.0973259096565289
96.60000000000008,0.10099882343337273
96.70000000000009,0.1047889590253914
96.80000000000008,0.10869913950082274
96.90000000000009,0.11273221870889852
97.00000000000009,0.11689108005584058
97.10000000000008,0.12117863520461337
97.20000000000009,0.12559782269721118
97.30000000000008,0.1301516064983452
97.40000000000009,0.13484297445947105
97.50000000000009,0.13967493670214834
97.60000000000008,0.14465052391984398
97.70000000000009,0.14977278559733856
97.80000000000008,0.15504478814700845
97.90000000000009,0.1604696129613532
98.00000000000009,0.16605035438120902
98.10000000000008,0.1717901175792362
98.20000000000009,0.1776920163583308
98.30000000000008,0.18375917086475382
98.40000000000009,0.18999470521588496
98.50000000000009,0.19640174504260202
98.60000000000008,0.20298341494645586
98.70000000000009,0.2097428358718935
98.80000000000008,0.21668312239394574
98.90000000000009,0.22380737992193023
99.00000000000009,0.23111870181983127
99.1000000000001,0.23862016644421233
99.20000000000009,0.2463148341006033
99.30000000000008,0.25420574391951883
99.40000000000009,0.2622959106533583
99.50000000000009,0.270588321395632
99.6000000000001,0.27908593222411743
99.70000000000009,0.287791664769669
99.80000000000008,0.2967084027126354
99.90000000000009,0.30583898820893574
100.00000000000009,0.31518621824805637
100.1000000000001,0.324752840945399
100.20000000000009,0.3345415517715375
100.30000000000008,0.34455498972117865
100.40000000000009,0.35479573342472853
100.50000000000009,0.36526629720557435
100.6000000000001,0.3759691270863758
100.70000000000009,0.38690659674777045
100.80000000000008,0.3980810034431579
100.90000000000009,0.40949456387331
101.00000000000009,0.4211494100247764
101.1000000000001,0.4330475849762272
101.20000000000009,0.44519103867697557
101.30000000000008,0.45758162370218447
101.40000000000009,0.47022109098932136
101.50000000000009,0.4831110855606492
101.6000000000001,0.49625314223668787
101.70000000000009,0.509648681345674
101.8000000000001,0.5232990044342906
101.90000000000009,0.5372052899849613
102.00000000000009,0.5513685891452618
102.1000000000001,0.5657898214750191
102.20000000000009,0.5804697707168668
102.3000000000001,0.5954090805961375
102.40000000000009,0.6106082506560201
102.50000000000009,0.6260676321341219
102.6000000000001,0.6417874238865622
102.70000000000009,0.6577676683658833
102.8000000000001,0.6740082476591512
102.90000000000009,0.6905088795926122
103.00000000000009,0.707269113909456
103.1000000000001,0.7242883285271734
103.20000000000009,0.7415657258811131
103.3000000000001,0.7591003293608883
103.40000000000009,0.7768909798462189
103.50000000000009,0.7949363323489465
103.6000000000001,0.8132348527678303
103.70000000000009,0.8317848147628102
103.8000000000001,0.8505842967554101
103.90000000000009,0.8696311790618301
104.00000000000009,0.8889231411653861
104.1000000000001,0.9084576591347572
104.20000000000009,0.9282320031945233
104.3000000000001,0.948243235454409
104.40000000000009,0.9684882078034621
104.50000000000009,0.9889635599754459
104.6000000000001,1.009665717791458
104.70000000000009,1.030590891585764
104.8000000000001,1.051735074820694
104.90000000000009,1.073094042896199
105.00000000000009,1.0946633521596643
105.1000000000001,1.1164383391212358
105.20000000000009,1.138414119879834
105.3000000000001,1.1605855897648312
105.40000000000009,1.1829474231980428
105.5000000000001,1.2054940737806445
105.6000000000001,1.228219774609178
105.70000000000009,1.251118538824775
105.8000000000001,1.2741841603992767
105.90000000000009,1.297410215161785
106.0000000000001,1.320790062068882
106.1000000000001,1.3443168447213651
106.20000000000009,1.3679834931302148
106.3000000000001,1.3917827257340172
106.40000000000009,1.4157070516698669
106.5000000000001,1.4397487732994407
106.6000000000001,1.4638999889914732
106.70000000000009,1.4881525961617135
106.8000000000001,1.5124982945708905
106.90000000000009,1.5369285898809828
107.0000000000001,1.5614347974697145
107.1000000000001,1.5860080465027055
107.20000000000009,1.610639284262519
107.3000000000001,1.6353192807332724
107.40000000000009,1.6600386334392079
107.5000000000001,1.6847877725352396
107.6000000000001,1.709556966146961
107.70000000000009,1.734336325957412
107.8000000000001,1.7591158130372964
107.90000000000009,1.7838852439150823
108.0000000000001,1.8086342968830058
108.1000000000001,1.8333525185344886
108.2000000000001,1.8580293305282776
108.3000000000001,1.8826540365740008
108.40000000000009,1.9072158296336592
108.5000000000001,1.9317037993330064
108.6000000000001,1.9561069395764916
108.7000000000001,1.9804141563590794
108.8000000000001,2.0046142757677545
108.90000000000009,2.0286960521653645
109.0000000000001,2.052648176548888
109.1000000000001,2.0764592850740096
109.2000000000001,2.100117967737525
109.3000000000001,2.1236127772086695
109.40000000000009,2.146932237800324
109.5000000000001,2.1700648545705596
109.6000000000001,2.1929991225448093
109.7000000000001,2.215723536048674
109.8000000000001,2.2382265981409852
109.90000000000009,2.2604968301366704
110.0000000000001,2.2825227812085536
110.1000000000001,2.3042930380571143
110.2000000000001,2.3257962346370076
110.3000000000001,2.3470210619288636
110.40000000000009,2.3679562777448653
110.5000000000001,2.3885907165562847
110.6000000000001,2.4089132993311257
110.7000000000001,2.4289130433698904
110.8000000000001,2.4485790721272878
110.90000000000009,2.467900625007784
111.0000000000001,2.4868670671226503
111.1000000000001,2.5054678989962427
111.2000000000001,2.5236927662092126
111.3000000000001,2.541531468966232
111.40000000000009,2.5589739715760085
111.5000000000001,2.5760104118312244
111.6000000000001,2.592631110276207
111.7000000000001,2.6088265793501897
111.8000000000001,2.6245875323940524
111.9000000000001,2.6399048925086652
112.0000000000001,2.6547698012529652
112.1000000000001,2.6691736271701734
112.2000000000001,2.6831079741306443
112.3000000000001,2.6965646894800757
112.4000000000001,2.709535871982059
112.5000000000001,2.7220138795440803
112.6000000000001,2.7339913367164788
112.7000000000001,2.7454611419540087
112.8000000000001,2.7564164746300266
112.9000000000001,2.7668508017936233
113.0000000000001,2.7767578846602965
113.1000000000001,2.786131784827176
113.2000000000001,2.794966870204112
113.3000000000001,2.8032578206523393
113.4000000000001,2.8109996333228313
113.5000000000001,2.8181876276868176
113.6000000000001,2.824817450251417
113.7000000000001,2.8308850789537057
113.8000000000001,2.8363868272270327
113.9000000000001,2.8413193477338208
114.0000000000001,2.845679635759558
114.1000000000001,2.8494650322631703
114.2000000000001,2.852673226579433
114.3000000000001,2.8553022587695787
114.4000000000001,2.8573505216167616
114.5000000000001,2.8588167622635168
114.60000000000011,2.859700083488898
114.7000000000001,2.8599999446234605
114.8000000000001,2.859716162100782
114.9000000000001,2.8588489096447423
115.0000000000001,2.8573987180922877
115.10000000000011,2.8553664748519316
115.2000000000001,2.8527534229987728
115.3000000000001,2.849561160007314
115.4000000000001,2.845791636123896
115.5000000000001,2.841447152381066
115.60000000000011,2.8365303582567094
115.7000000000001,2.8310442489812795
115.8000000000001,2.824992162496959
115.9000000000001,2.8183777760730666
116.0000000000001,2.811205102582531
116.10000000000011,2.80347848644468
116.2000000000001,2.7952025992401257
116.3000000000001,2.7863824350039037
116.4000000000001,2.7770233052035302
116.5000000000001,2.767130833409046
116.60000000000011,2.7567109496625033
116.7000000000001,2.7457698845548397
116.8000000000001,2.734314163018358
116.9000000000001,2.722350597843519
117.0000000000001,2.7098862829290455
117.10000000000011,2.6969285862746655
117.2000000000001,2.683485142726247
117.3000000000001,2.66956384648324
117.4000000000001,2.6551728433787822
117.5000000000001,2.6403205229429907
117.60000000000011,2.625015510260248
117.7000000000001,2.60926665763158
117.8000000000001,2.5930830360533337
117.9000000000001,2.5764739265236702
118.0000000000001,2.559448811188504
118.10000000000011,2.542017364338658
118.2000000000001,2.524189443270236
118.30000000000011,2.5059750790201916
118.4000000000001,2.4873844669893312
118.5000000000001,2.4684279574648924
118.60000000000011,2.4491160460550545
118.7000000000001,2.429459364047672
118.80000000000011,2.40946866870554
118.9000000000001,2.3891548335105908
119.0000000000001,2.368528838369243
119.10000000000011,2.3476017597912335
119.2000000000001,2.3263847610541064
119.30000000000011,2.30488908236543
119.4000000000001,2.2831260310348385
119.5000000000001,2.2611069716676875
119.60000000000011,2.238843316392159
119.7000000000001,2.2163465151313653
119.80000000000011,2.1936280459318467
119.9000000000001,2.1706994053597657
120.0000000000001,2.1475720989757203
120.10000000000011,2.124257631899049
120.2000000000001,2.1007674994721577
120.30000000000011,2.07711317803513
120.4000000000001,2.0533061158207437
120.5000000000001,2.0293577239795475
120.60000000000011,2.005279367744537
120.7000000000001,1.9810823577445604
120.80000000000011,1.9567779414752475
120.9000000000001,1.932377294936065
121.00000000000011,1.9078915144415576
121.10000000000011,1.8833316086147203
121.2000000000001,1.8587084905698545
121.30000000000011,1.8340329702921092
121.4000000000001,1.8093157472204089
121.50000000000011,1.7845674030400924
121.60000000000011,1.7597983946913367
121.7000000000001,1.735019047598846
121.80000000000011,1.7102395491281064
121.9000000000001,1.6854699422729784
122.00000000000011,1.66072011957901
122.10000000000011,1.6359998173065753
122.2000000000001,1.6113186098373558
122.30000000000011,1.5866859043274792
122.4000000000001,1.5621109356100993
122.50000000000011,1.5376027613498184
122.60000000000011,1.5131702574510761
122.7000000000001,1.4888221137220403
122.80000000000011,1.46456682979535
122.9000000000001,1.4404127113065472
123.00000000000011,1.416367866330654
123.10000000000011,1.392440202077113
123.2000000000001,1.3686374218427249
123.30000000000011,1.3449670222220773
123.4000000000001,1.3214362905744543
123.50000000000011,1.2980523027458937
123.60000000000011,1.2748219210448202
123.7000000000001,1.251751792469179
123.80000000000011,1.228848347182856
123.9000000000001,1.2061177972387311
124.00000000000011,1.183566135545429
124.10000000000011,1.1611991350746333
124.2000000000001,1.139022348305387
124.30000000000011,1.1170411069016977
124.4000000000001,1.0952605216194014
124.50000000000011,1.073685482437985
124.60000000000011,1.052320658912949
124.70000000000012,1.0311705007438834
124.80000000000011,1.0102392385534207
124.9000000000001,0.9895308848718304
125.00000000000011,0.9690492353220046
125.10000000000011,0.9487978699993025
125.20000000000012,0.928780155040555
125.30000000000011,0.9089992443764956
125.4000000000001,0.8894580816615623
125.50000000000011,0.8701594023750732
125.60000000000011,0.8511057360875497
125.70000000000012,0.832299408885863
125.80000000000011,0.8137425459508933
125.9000000000001,0.7954370742811586
126.00000000000011,0.7773847255559586
126.10000000000011,0.7595870391314298
126.20000000000012,0.7420453651628711
126.30000000000011,0.724760867846759
126.4000000000001,0.7077345287757126
126.50000000000011,0.6909671503998068
126.60000000000011,0.6744593595875361
126.70000000000012,0.6582116112797669
126.80000000000011,0.6422241922301049
126.9000000000001,0.6264972248250252
127.00000000000011,0.6110306709772809
127.10000000000011,0.5958243360860747
127.20000000000012,0.5808778730575532
127.30000000000011,0.5661907863793273
127.40000000000012,0.5517624362426801
127.50000000000011,0.5375920427063519
127.60000000000011,0.5236786898957564
127.70000000000012,0.5100213302316962
127.80000000000011,0.49661878868269455
127.90000000000012,0.483469767035173
128.0000000000001,0.4705728481758975
128.1000000000001,0.45792650038114185
128.2000000000001,0.44552908160725646
128.30000000000013,0.4333788437773923
128.40000000000012,0.421473937059335
128.5000000000001,0.4098124141294721
128.6000000000001,0.3983922344181928
128.7000000000001,0.3872112683320496
128.80000000000013,0.3762673014482498
128.90000000000012,0.36555803867719616
129.0000000000001,0.35508110838890483
129.1000000000001,0.34483406649940307
129.2000000000001,0.3348144005132671
129.30000000000013,0.32501953351869706
129.40000000000012,0.31544682813169056
129.5000000000001,0.30609359038599415
129.6000000000001,0.2969570735657841
129.7000000000001,0.28803448197809517
129.80000000000013,0.27932297466225253
129.90000000000012,0.27081966903372306
130.0000000000001,0.2625216444599268
130.1000000000001,0.2544259457658052
130.2000000000001,0.24652958666701974
130.30000000000013,0.23882955312887394
130.40000000000012,0.2313228066492111
130.5000000000001,0.22400628746365672
130.6000000000001,0.21687691767181475
130.7000000000001,0.20993160428309934
130.80000000000013,0.20316724218108825
130.90000000000012,0.1965807170054273
131.0000000000001,0.1901689079504265
131.1000000000001,0.18392869047970015
131.2000000000001,0.1778569389562737
131.30000000000013,0.17195052918775788
131.40000000000012,0.1662063408863195
131.5000000000001,0.1606212600432757
131.6000000000001,0.15519218121832118
131.7000000000001,0.14991600974345876
131.80000000000013,0.14478966384185651
131.90000000000012,0.1398100766619628
132.0000000000001,0.13497419822729104
132.1000000000001,0.13027899730244097
132.2000000000001,0.12572146317596944
132.30000000000013,0.1212986073608495
132.40000000000012,0.11700746521334644
132.5000000000001,0.11284509747119596
132.6000000000001,0.10880859171210143
132.70000000000013,0.10489506373359285
132.80000000000013,0.10110165885540097
132.90000000000012,0.09742555314553411
133.0000000000001,0.09386395457135006
133.1000000000001,0.09041410407693451
133.20000000000013,0.08707327658817705
133.30000000000013,0.08383878194698394
133.40000000000012,0.08070796577609458
133.5000000000001,0.07767821027604703
133.6000000000001,0.07474693495583934
133.70000000000013,0.07191159729889121
133.80000000000013,0.06916969336593719
133.90000000000012,0.06651875833649659
134.0000000000001,0.06395636699061384
134.1000000000001,0.061480134132557464
134.20000000000013,0.05908771495819675
134.30000000000013,0.05677680536778743
134.40000000000012,0.05454514222589498
134.5000000000001,0.05239050357021316
134.6000000000001,0.05031070877101602
134.70000000000013,0.0483036186429956
134.80000000000013,0.046367135511234454
134.90000000000012,0.04449920323304607
135.0000000000001,0.04269780717742835
135.1000000000001,0.0409609741638462
135.20000000000013,0.03928677236205691
135.30000000000013,0.037673311154678514
135.40000000000012,0.036118740964173196
135.5000000000001,0.03462125304591834
135.6000000000001,0.03317907924899734
135.70000000000013,0.03179049174633233
135.80000000000013,0.030453802735754643
135.90000000000012,0.029167364113576254
136.0000000000001,0.02792956712221149
136.1000000000001,0.02673884197335693
136.20000000000013,0.02559365744821494
136.30000000000013,0.024492520476215755
136.40000000000012,0.023433975693654494
136.5000000000001,0.02241660498363814
136.6000000000001,0.02143902699869287
136.70000000000013,0.02049989666735454
136.80000000000013,0.01959790468602934
136.90000000000012,0.01873177699737188
137.0000000000001,0.01790027425640053
137.1000000000001,0.017102191285524905
137.20000000000013,0.01633635651962933
137.30000000000013,0.015601631442318369
137.40000000000012,0.014896910014390261
137.5000000000001,0.014221118095574307
137.6000000000001,0.013573212860523664
137.70000000000013,0.01295218221002313
137.80000000000013,0.012357044178333668
137.90000000000012,0.011786846337556429
138.0000000000001,0.011240665199868067
138.1000000000001,0.010717605618437704
138.20000000000013,0.010216800187803438
138.30000000000013,0.009737408644451058
138.40000000000012,0.009278617268300236
138.5000000000001,0.00883963828577382
138.60000000000014,0.008419709275087357
138.70000000000013,0.008018092574366606
138.80000000000013,0.007634074693164527
138.90000000000012,0.007266965727921941
139.0000000000001,0.006916098781880342
139.10000000000014,0.006580829389927279
139.20000000000013,0.006260534948824596
139.30000000000013,0.005954614153238897
139.40000000000012,0.0056624864379682975
139.5000000000001,0.0053835914267286854
139.60000000000014,0.005117388387837619
139.70000000000013,0.004863355697107705
139.80000000000013,0.004620990308234604
139.90000000000012,0.004389807230942696
140.0000000000001,0.004169339017125112
140.10000000000014,0.003959135255193511
140.20000000000013,0.0037587620728304996
140.30000000000013,0.00356780164831529
140.40000000000012,0.0033858517305744716
140.5000000000001,0.0032125251680882086
140.60000000000014,0.003047449446764145
140.70000000000013,0.0028902662368731936
140.80000000000013,0.0027406309491229955
140.90000000000012,0.002598212299929862
141.0000000000001,0.002462691885932452
141.10000000000014,0.002333763767776318
141.20000000000013,0.0022111340631839303
141.30000000000013,0.002094520549310446
141.40000000000012,0.00198365227437382
141.5000000000001,0.0018782691785342307
141.60000000000014,0.001778121723987112
141.70000000000013,0.001682970534222961
141.80000000000013,0.0015925860423963815
141.90000000000012,0.0015067481487381594
142.0000000000001,0.0014252458869341554
142.10000000000014,0.0013478770993870265
142.20000000000013,0.0012744481212688752
142.30000000000013,0.0012047734732652542
142.40000000000012,0.0011386755629050856
142.5000000000001,0.0010759843943640266
142.60000000000014,0.0010165372866236695
142.70000000000013,0.0009601785998637537
142.80000000000013,0.0009067594699595611
142.90000000000012,0.0008561375509530157
143.0000000000001,0.0008081767653616992
143.10000000000014,0.0007627470621868861
143.20000000000013,0.000719724182478848
143.30000000000013,0.0006789894323147664
143.40000000000012,0.0006404294630429208
143.5000000000001,0.0006039360586445094
143.60000000000014,0.0005694059300632629
143.70000000000013,0.0005367405163517695
143.80000000000013,0.0005058457924824387
143.90000000000012,0.0004766320836707498
144.0000000000001,0.000449013886057828
144.10000000000014,0.0004229096935995206
144.20000000000013,0.0003982418310093592
144.30000000000013,0.00037493629260307553
144.40000000000012,0.00035292258689324145
144.5000000000001,0.00033213358678322246
144.60000000000014,0.00031250538521079564
144.70000000000013,0.00029397715609301797
144.80000000000013,0.0002764910204251861
144.90000000000012,0.0002599919173884708
145.0000000000001,0.0002444274803222746
145.10000000000014,0.00022974791741928977
145.20000000000013,0.00021590589700313704
145.30000000000013,0.00020285643725041246
145.40000000000012,0.00019055680022124372
145.50000000000014,0.0001789663900645136
145.60000000000014,0.00016804665526631726
145.70000000000013,0.0001577609948124774
145.80000000000013,0.00014807466813848735
145.90000000000012,0.00013895470874260383
146.00000000000014,0.0001303698413404047
146.10000000000014,0.00012229040244168007
146.20000000000013,0.00011468826423306319
146.30000000000013,0.00010753676165250691
146.40000000000012,0.00010081062254426997
146.50000000000014,9.44859007857564e-05
146.60000000000014,8.853991228021441e-05
146.70000000000013,8.295117371191737e-05
146.80000000000013,7.769934396316068e-05
146.90000000000012,7.276516809499758e-05
147.00000000000014,6.81304237963048e-05
147.10000000000014,6.377787020838239e-05
147.20000000000013,5.969119903487061e-05
147.30000000000013,5.585498784938411e-05
147.40000000000012,5.2254655515774154e-05
147.50000000000014,4.8876419638474256e-05
147.60000000000014,4.570725596287759e-05
147.70000000000013,4.2734859648130134e-05
147.80000000000013,3.9947608337181406e-05
147.90000000000012,3.7334526951284405e-05
148.00000000000014,3.488525413849864e-05
148.10000000000014,3.259001030805386e-05
148.20000000000013,3.043956718467764e-05
148.30000000000013,2.8425218819230652e-05
148.40000000000012,2.6538753994141973e-05
148.50000000000014,2.4772429964275754e-05
148.60000000000014,2.3118947475939002e-05
148.70000000000013,2.1571427008762405e-05
148.80000000000013,2.012338618718837e-05
148.90000000000012,1.8768718310218246e-05
149.00000000000014,1.750167194997111e-05
149.10000000000014,1.6316831571442346e-05
149.20000000000013,1.5209099127637549e-05
149.30000000000013,1.417367658601074e-05
149.40000000000012,1.3206049343818731e-05
149.50000000000014,1.2301970491658466e-05
149.60000000000014,1.1457445886051337e-05
149.70000000000013,1.0668719993487148e-05
149.80000000000013,9.932262469853342e-06
149.90000000000012,9.244755440626724e-06
150.00000000000014,8.603081448622485e-06
150.10000000000014,8.004312037464305e-06
150.20000000000013,7.445696940259712e-06
150.30000000000013,6.924653844251936e-06
150.40000000000012,6.43875870345094e-06
150.50000000000014,5.985736572446101e-06
150.60000000000014,5.563452935756888e-06
150.70000000000013,5.169905508189511e-06
150.80000000000013,4.8032164827469385e-06
150.90000000000012,4.4616252036707135e-06
151.00000000000014,4.143481243193887e-06
151.10000000000014,3.847237861545481e-06
151.20000000000013,3.5714458306702206e-06
151.30000000000013,3.314747603020689e-06
151.40000000000015,3.0758718076320636e-06
151.50000000000014,2.8536280565144766e-06
151.60000000000014,2.6469020451870415e-06
151.70000000000013,2.4546509319387983e-06
151.80000000000013,2.275898981128474e-06
151.90000000000015,2.109733456535312e-06
152.00000000000014,1.9553007514438398e-06
152.10000000000014,1.8118027427871066e-06
152.20000000000013,1.6784933572905292e-06
152.30000000000013,1.5546753381467417e-06
152.40000000000015,1.439697201317574e-06
152.50000000000014,1.3329503710994756e-06
152.60000000000014,1.2338664851052373e-06
152.70000000000013,1.1419148593101507e-06
152.80000000000013,1.056600104282058e-06
152.90000000000015,9.774598841669126e-07
153.00000000000014,9.040628104322821e-07
153.10000000000014,8.360064627824068e-07
153.20000000000013,7.729155300518742e-07
153.30000000000013,7.14440064258682e-07
153.40000000000015,6.602538413551631e-07
153.50000000000014,6.100528225555178e-07
153.60000000000014,5.635537104427866e-07
153.70000000000013,5.204925943675251e-07
153.80000000000013,4.806236799439557e-07
153.90000000000015,4.437180977296193e-07
154.00000000000014,4.09562786440716e-07
154.10000000000014,3.7795944630839107e-07
154.20000000000013,3.4872355842224053e-07
154.30000000000013,3.216834661357467e-07
154.40000000000015,2.966795148258245e-07
154.50000000000014,2.7356324650501115e-07
154.60000000000014,2.5219664598054927e-07
154.70000000000013,2.324514354407686e-07
154.80000000000013,2.1420841452521742e-07
154.90000000000015,1.9735684310235662e-07
155.00000000000014,1.8179386413710142e-07
155.10000000000014,1.6742396418059587e-07
155.20000000000013,1.5415846915703925e-07
155.30000000000013,1.4191507325695587e-07
155.40000000000015,1.306173988739102e-07
155.50000000000014,1.201945856423647e-07
155.60000000000014,1.1058090674847968e-07
155.70000000000013,1.0171541079372695e-07
155.80000000000013,9.354158759315244e-08
155.90000000000015,8.600705638664463e-08
156.00000000000014,7.906327503267824e-08
156.10000000000014,7.266526884003499e-08
156.20000000000013,6.677137777431931e-08
156.30000000000013,6.134302085270406e-08
156.40000000000015,5.634447661273374e-08
156.50000000000014,5.174267860925328e-08
156.60000000000014,4.750702495784853e-08
156.70000000000013,4.3609201003879786e-08
156.80000000000013,4.002301425329554e-08
156.90000000000015,3.6724240755276875e-08
157.00000000000014,3.369048217745045e-08
157.10000000000014,3.090103286212076e-08
157.20000000000013,2.8336756196912207e-08
157.30000000000013,2.597996967543912e-08
157.40000000000015,2.3814338063374945e-08
157.50000000000014,2.182477412266164e-08
157.60000000000014,1.9997346381701625e-08
157.70000000000013,1.8319193472402992e-08
157.80000000000013,1.6778444585920297e-08
157.90000000000015,1.5364145628059725e-08
158.00000000000014,1.4066190682641408e-08
158.10000000000014,1.2875258416751393e-08
158.20000000000013,1.1782753085891857e-08
158.30000000000015,1.0780749819591206e-08
158.40000000000015,9.861943889209048e-09
158.50000000000014,9.01960367949551e-09
158.60000000000014,8.247527104064678e-09
158.70000000000013,7.540001222342562e-09
158.80000000000015,6.8917648318656955e-09
158.90000000000015,6.297973825071804e-09
159.00000000000014,5.7541691140124395e-09
159.10000000000014,5.2562469397945154e-09
159.20000000000013,4.80043139605977e-09
159.30000000000015,4.383249007511747e-09
159.40000000000015,4.001505215434756e-09
159.50000000000014,3.6522626323669855e-09
159.60000000000014,3.332820937643246e-09
159.70000000000013,3.0406982944381835e-09
159.80000000000015,2.7736141772720927e-09
159.90000000000015,2.5294735067162845e-09
160.00000000000014,2.306351995290477e-09
160.10000000000014,2.1024826153170233e-09
160.20000000000013,1.9162431058090034e-09
160.30000000000015,1.746144441359294e-09
160.40000000000015,1.5908201914862247e-09
160.50000000000014,1.4490167040063674e-09
160.60000000000014,1.3195840507722661e-09
160.70000000000013,1.2014676785504131e-09
160.80000000000015,1.0937007119492856e-09
160.90000000000015,9.953968591546183e-10
161.00000000000014,9.057438748095726e-10
161.10000000000014,8.239975377098322e-10
161.20000000000013,7.494761040812978e-10
161.30000000000015,6.815552000900117e-10
161.40000000000015,6.196631199121178e-10
161.50000000000014,5.632764981806488e-10
161.60000000000014,5.119163279390756e-10
161.70000000000013,4.6514429737900764e-10
161.80000000000015,4.225594206343122e-10
161.90000000000015,3.837949397556242e-10
162.00000000000014,3.4851547670724475e-10
162.10000000000014,3.164144158233434e-10
162.20000000000013,2.872114986386956e-10
162.30000000000015,2.606506143808683e-10
162.40000000000015,2.364977706819892e-10
162.50000000000014,2.1453923024638091e-10
162.60000000000014,1.945798003023044e-10
162.70000000000013,1.76441262677029e-10
162.80000000000015,1.599609332711081e-10
162.90000000000015,1.4499034057467597e-10
163.00000000000014,1.3139401367097364e-10
163.10000000000014,1.190483709149417e-10
163.20000000000013,1.0784070116146736e-10
163.30000000000015,9.766823005315369e-11
163.40000000000015,8.84372644647892e-11
163.50000000000014,8.006240874449904e-11
163.60000000000014,7.24658468932987e-11
163.70000000000013,6.557668528810383e-11
163.80000000000015,5.933035098133046e-11
163.90000000000015,5.3668041005422124e-11
164.00000000000014,4.8536218475421116e-11
164.10000000000014,4.3886151619441353e-11
164.20000000000016,3.967349217745669e-11
164.30000000000015,3.585788989536816e-11
164.40000000000015,3.240264010547999e-11
164.50000000000014,2.92743616281127e-11
164.60000000000014,2.6442702453523575e-11
164.70000000000016,2.3880070870157823e-11
164.80000000000015,2.1561389895784654e-11
164.90000000000015,1.946387304352608e-11
