1.0,45.54475300425485
1.1,45.60244769807082
1.2000000000000002,45.66034459217012
1.3000000000000003,45.718444660604995
1.4000000000000004,45.776748881230205
1.5000000000000004,45.835258235664426
1.6000000000000005,45.893973709250176
1.7000000000000006,45.95289629101188
1.8000000000000007,46.01202697361232
1.9000000000000008,46.071366753307345
2.000000000000001,46.13091662989876
2.100000000000001,46.19067760668541
2.200000000000001,46.250650690412314
2.300000000000001,46.310836891218045
2.4000000000000012,46.37123722258001
2.5000000000000013,46.43185270125777
2.6000000000000014,46.492684347234416
2.7000000000000015,46.55373318365572
2.8000000000000016,46.61500023676727
2.9000000000000017,46.676486535849364
3.0000000000000018,46.73819311314968
3.100000000000002,46.800121003813786
3.200000000000002,46.86227124581319
3.300000000000002,46.92464487987109
3.400000000000002,46.98724294938576
3.500000000000002,47.05006650035136
3.6000000000000023,47.11311658127639
3.7000000000000024,47.176394243099324
3.8000000000000025,47.23990053910195
3.9000000000000026,47.303636524819765
4.000000000000003,47.367603257949725
4.100000000000003,47.43180179825532
4.200000000000003,47.496233207468634
4.3000000000000025,47.56089854918959
4.400000000000003,47.62579888878227
4.5000000000000036,47.69093529326817
4.600000000000003,47.75630883121639
4.700000000000003,47.821920572630674
4.800000000000003,47.88777158883332
4.900000000000004,47.953862952345716
5.0000000000000036,48.02019573676564
5.100000000000003,48.086771016641165
5.200000000000004,48.153589867341026
5.300000000000004,48.2206533649216
5.400000000000004,48.287962585990186
5.5000000000000036,48.35551860756464
5.600000000000004,48.423322506929395
5.700000000000005,48.4913753614875
5.800000000000004,48.55967824860897
5.900000000000004,48.628232245475076
6.000000000000004,48.697038428918674
6.100000000000005,48.766097875260456
6.200000000000005,48.83541166014099
6.300000000000004,48.90498085834858
6.400000000000005,48.97480654364277
6.500000000000005,49.0448897885735
6.600000000000005,49.115231664295706
6.700000000000005,49.18583324037948
6.800000000000005,49.25669558461556
6.900000000000006,49.32781976281598
7.000000000000005,49.39920683861018
7.100000000000005,49.47085787323604
7.2000000000000055,49.54277392532593
7.300000000000006,49.61495605068792
7.400000000000006,49.68740530208161
7.500000000000005,49.76012272898891
7.600000000000006,49.83310937737947
7.700000000000006,49.90636628947061
7.800000000000006,49.979894503481944
7.900000000000006,50.05369505338426
8.000000000000007,50.12776896864284
8.100000000000007,50.202117273954954
8.200000000000006,50.27674098898155
8.300000000000006,50.35164112807293
8.400000000000006,50.42681869998847
8.500000000000007,50.50227470761014
8.600000000000007,50.57801014764979
8.700000000000006,50.65402601035015
8.800000000000008,50.7303232791794
8.900000000000007,50.80690293051916
9.000000000000007,50.883765933345884
9.100000000000007,50.96091324890561
9.200000000000006,51.03834583038177
9.300000000000008,51.11606462255616
9.400000000000007,51.19407056146284
9.500000000000007,51.27236457403498
9.600000000000009,51.350947577744435
9.700000000000008,51.429820480233985
9.800000000000008,51.508984178942214
9.900000000000007,51.58843956072076
10.000000000000007,51.66818750144411
10.100000000000009,51.74822886561145
10.200000000000008,51.828564505940875
10.300000000000008,51.90919526295555
10.40000000000001,51.99012196456184
10.500000000000009,52.07134542561941
10.600000000000009,52.15286644750297
10.700000000000008,52.234685817655745
10.800000000000008,52.31680430913444
10.90000000000001,52.39922268014575
11.000000000000009,52.4819416735742
11.100000000000009,52.564962016501184
11.20000000000001,52.64828441971527
11.30000000000001,52.7319095772135
11.40000000000001,52.815838165693634
11.500000000000009,52.900070844037394
11.600000000000009,52.98460825278427
11.70000000000001,53.069451013596236
11.80000000000001,53.15459972871291
11.90000000000001,53.24005498039723
12.00000000000001,53.325817330371635
12.10000000000001,53.41188731924437
12.20000000000001,53.49826546592628
12.30000000000001,53.58495226703752
12.40000000000001,53.67194819630448
12.50000000000001,53.759253703946655
12.60000000000001,53.84686921605335
12.70000000000001,53.934795133950345
12.800000000000011,54.023031833556274
12.900000000000011,54.11157966472858
13.00000000000001,54.20043895059925
13.10000000000001,54.289609986900054
13.20000000000001,54.37909304127722
13.300000000000011,54.46888835259561
13.400000000000011,54.55899613023226
13.50000000000001,54.64941655335922
13.600000000000012,54.740149770215766
13.700000000000012,54.8311958973697
13.800000000000011,54.92255501896807
13.900000000000011,55.01422718597679
14.00000000000001,55.10621241540968
14.100000000000012,55.19851068954637
14.200000000000012,55.29112195513949
14.300000000000011,55.384046122610826
14.400000000000013,55.477283065236634
14.500000000000012,55.57083261832189
14.600000000000012,55.66469457836381
14.700000000000012,55.75886870220427
14.800000000000011,55.85335470617148
14.900000000000013,55.948152265210624
15.000000000000012,56.04326101200378
15.100000000000012,56.138680536079036
15.200000000000014,56.234410382908706
15.300000000000013,56.33045005299702
15.400000000000013,56.42679900095703
15.500000000000012,56.523456634576974
15.600000000000012,56.620422313876205
15.700000000000014,56.717695350150606
15.800000000000013,56.81527500500778
15.900000000000013,56.913160489391956
16.000000000000014,57.01135096259891
16.100000000000016,57.109845531280754
16.200000000000014,57.208643248441106
16.30000000000001,57.30774311242038
16.400000000000013,57.407144065871776
16.500000000000014,57.50684499472766
16.600000000000016,57.60684472715704
16.700000000000014,57.707142032513886
16.800000000000015,57.80773562027683
16.900000000000013,57.9086241389802
17.000000000000014,58.00980617513683
17.100000000000016,58.11128025215285
17.200000000000014,58.21304482923452
17.300000000000015,58.31509830028777
17.400000000000013,58.41743899281035
17.500000000000014,58.52006516677709
17.600000000000016,58.62297501351863
17.700000000000014,58.72616665459381
17.800000000000015,58.829638140656215
17.900000000000016,58.933387450315166
18.000000000000014,59.037412488991464
18.100000000000016,59.1417110877686
18.200000000000017,59.24628100223944
18.300000000000015,59.35111991134909
18.400000000000016,59.45622541623443
18.500000000000014,59.561595039060535
18.600000000000016,59.66722622185472
18.700000000000017,59.77311632533872
18.800000000000015,59.8792626277593
18.900000000000016,59.98566232371816
19.000000000000014,60.09231252300147
19.100000000000016,60.19921024940976
19.200000000000017,60.30635243958871
19.300000000000015,60.41373594186159
19.400000000000016,60.52135751506377
19.500000000000018,60.6292138273803
19.600000000000016,60.737301455186966
19.700000000000017,60.845616881895765
19.80000000000002,60.95415649680538
19.900000000000016,61.06291659395754
20.000000000000018,61.17189337099997
20.100000000000016,61.28108292805679
20.200000000000017,61.390481266607296
20.30000000000002,61.50008428837367
20.400000000000016,61.609887794218835
20.500000000000018,61.719887483055274
20.600000000000016,61.83007895076561
20.700000000000017,61.940457689136
20.80000000000002,62.051019084803286
20.900000000000016,62.16175841821703
21.000000000000018,62.272670862617204
21.10000000000002,62.383751483028746
21.200000000000017,62.49499523527412
21.30000000000002,62.606396965004734
21.40000000000002,62.71795140675253
21.500000000000018,62.82965318300282
21.60000000000002,62.94149680328945
21.700000000000017,63.053476663313674
21.80000000000002,63.165587044087644
21.90000000000002,63.27782211110397
22.000000000000018,63.39017591353253
22.10000000000002,63.502642383445746
22.200000000000017,63.61521533507366
22.30000000000002,63.72788846409007
22.40000000000002,63.84065534693106
22.500000000000018,63.95350944014727
22.60000000000002,64.06644407979137
22.70000000000002,64.17945248084168
22.80000000000002,64.29252773666406
22.90000000000002,64.4056628185127
23.00000000000002,64.51885057507172
23.10000000000002,64.63208373203894
23.20000000000002,64.74535489175288
23.30000000000002,64.8586565328652
23.40000000000002,64.97198101005911
23.50000000000002,65.085320553816
23.60000000000002,65.1986672702314
23.70000000000002,65.31201314088159
23.80000000000002,65.42535002274293
23.90000000000002,65.53866964816474
24.00000000000002,65.65196362489758
24.10000000000002,65.76522343617843
24.20000000000002,65.87844044087412
24.300000000000022,65.99160587368453
24.40000000000002,66.10471084540717
24.50000000000002,66.21774634326437
24.600000000000023,66.33070323129482
24.70000000000002,66.44357225081066
24.800000000000022,66.55634402092187
24.90000000000002,66.66900903912891
25.00000000000002,66.78155768198562
25.100000000000023,66.89398020583322
25.20000000000002,67.00626674760723
25.300000000000022,67.11840732571821
25.40000000000002,67.23039184100816
25.50000000000002,67.34221007778332
25.600000000000023,67.45385170492517
25.70000000000002,67.56530627708032
25.800000000000022,67.67656323593108
25.900000000000023,67.78761191154724
26.00000000000002,67.89844152382068
26.100000000000023,68.00904118398368
26.200000000000024,68.11939989621186
26.300000000000022,68.22950655931294
26.400000000000023,68.33934996850209
26.50000000000002,68.44891881726481
26.600000000000023,68.55820169930821
26.700000000000024,68.66718711060126
26.800000000000022,68.7758634515049
26.900000000000023,68.88421902899263
27.00000000000002,68.992242058962
27.100000000000023,69.09992066863765
27.200000000000024,69.20724289906619
27.300000000000022,69.31419670770336
27.400000000000023,69.42076997109382
27.500000000000025,69.52695048764342
27.600000000000023,69.63272598048452
27.700000000000024,69.738084100434
27.800000000000026,69.84301242904404
27.900000000000023,69.9474984817456
28.000000000000025,70.05152971108414
28.100000000000023,70.15509351004737
28.200000000000024,70.25817721548462
28.300000000000026,70.36076811161713
28.400000000000023,70.46285343363867
28.500000000000025,70.56442037140596
28.600000000000023,70.66545607321754
28.700000000000024,70.76594764968074
28.800000000000026,70.8658821776651
28.900000000000023,70.96524670434142
29.000000000000025,71.06402825130509
29.100000000000026,71.16221381878213
29.200000000000024,71.25979038991659
29.300000000000026,71.35674493513756
29.400000000000027,71.45306441660419
29.500000000000025,71.54873579272655
29.600000000000026,71.64374602276071
29.700000000000024,71.73808207147566
29.800000000000026,71.83173091388998
29.900000000000027,71.92467954007587
30.000000000000025,72.01691496002809
30.100000000000026,72.10842420859532
30.200000000000024,72.19919435047109
30.300000000000026,72.28921248524158
30.400000000000027,72.37846575248749
30.500000000000025,72.46694133693666
30.600000000000026,72.55462647366454
30.700000000000028,72.64150845333931
30.800000000000026,72.72757462750793
30.900000000000027,72.81281241392027
31.00000000000003,72.89720930188697
31.100000000000026,72.98075285766832
31.200000000000028,73.06343072988943
31.300000000000026,73.14523065497866
31.400000000000027,73.22614046262485
31.50000000000003,73.30614808124953
31.600000000000026,73.38524154349008
31.700000000000028,73.46340899168943
31.800000000000026,73.54063868338827
31.900000000000027,73.61691899681534
32.00000000000003,73.69223843637135
32.10000000000002,73.76658563810228
32.20000000000003,73.83994937515735
32.300000000000026,73.91231856322709
32.40000000000003,73.98368226595726
32.50000000000003,74.05402970033346
32.60000000000003,74.12335024203227
32.70000000000003,74.19163343073377
32.800000000000026,74.2588689753911
32.90000000000003,74.32504675945206
33.00000000000003,74.39015684602829
33.10000000000003,74.4541894830069
33.20000000000003,74.51713510810016
33.300000000000026,74.57898435382847
33.40000000000003,74.63972805243169
33.50000000000003,74.69935724070439
33.60000000000003,74.75786316475029
33.70000000000003,74.8152372846512
33.800000000000026,74.87147127904606
33.90000000000003,74.92655704961543
34.00000000000003,74.98048672546699
34.10000000000003,75.03325266741786
34.20000000000003,75.084847472169
34.30000000000003,75.13526397636807
34.40000000000003,75.18449526055596
34.50000000000003,75.23253465299351
34.60000000000003,75.27937573336395
34.70000000000003,75.32501233634768
34.80000000000003,75.36943855506543
34.90000000000003,75.41264874438602
35.00000000000003,75.4546375240957
35.10000000000003,75.49539978192527
35.20000000000003,75.5349306764319
35.30000000000003,75.57322563973268
35.400000000000034,75.61028038008699
35.50000000000003,75.64609088432448
35.60000000000003,75.68065342011677
35.70000000000003,75.71396453808966
35.80000000000003,75.74602107377419
35.900000000000034,75.77682014939394
36.00000000000003,75.80635917548689
36.10000000000003,75.83463585236002
36.20000000000003,75.86164817137495
36.30000000000003,75.88739441606339
36.400000000000034,75.911873163071
36.50000000000003,75.93508328292867
36.60000000000003,75.95702394065052
36.70000000000003,75.9776854716062
36.80000000000003,75.9954655385316
36.900000000000034,76.00918754352254
37.00000000000003,76.01885625952868
37.10000000000003,76.02447954470148
37.20000000000003,76.02606832711128
37.30000000000003,76.02363658362029
37.400000000000034,76.0172013129867
37.500000000000036,76.00678250329565
37.60000000000003,75.99240309383211
37.70000000000003,75.97408893153019
37.80000000000003,75.95186872215176
37.900000000000034,75.92577397636411
38.000000000000036,75.89583895090385
38.10000000000003,75.86210058502884
38.20000000000003,75.82459843247491
38.30000000000003,75.78337458914709
38.400000000000034,75.73847361678699
38.500000000000036,75.68994246286914
38.60000000000004,75.63783037698776
38.70000000000003,75.58218882400412
38.80000000000003,75.523071394231
38.900000000000034,75.46053371093636
39.000000000000036,75.39463333545204
39.10000000000004,75.32542967017588
39.20000000000003,75.25298385975735
39.30000000000003,75.17735869075626
39.400000000000034,75.09861849006293
39.500000000000036,75.01682902236603
39.60000000000004,74.93205738694972
39.70000000000003,74.84437191409813
39.80000000000003,74.75384206137784
39.900000000000034,74.66053831006336
40.000000000000036,74.56453206196215
40.10000000000004,74.46589553688693
40.20000000000003,74.36470167101406
40.30000000000003,74.26102401635607
40.400000000000034,74.15493664156621
40.500000000000036,74.04651403428075
40.60000000000004,73.9358310051941
40.70000000000004,73.8229625940486
40.80000000000003,73.70798397770905
40.900000000000034,73.59097038047908
41.000000000000036,73.47199698680419
41.10000000000004,73.35113885649218
41.20000000000004,73.2284708425705
41.30000000000003,73.10406751188579
41.400000000000034,72.97800306853883
41.500000000000036,72.8503512802358
41.60000000000004,72.72118540762382
41.70000000000004,72.59057813666738
41.80000000000004,72.45860151411014
41.900000000000034,72.32532688605573
42.000000000000036,72.19082483968968
42.10000000000004,72.05516514815501
42.20000000000004,71.91841671858295
42.30000000000004,71.78064754327175
42.400000000000034,71.64192465399714
42.500000000000036,71.50231407942896
42.60000000000004,71.36188080562181
42.70000000000004,71.22068873953899
42.80000000000004,71.07880067556233
42.900000000000034,70.93627826493515
43.000000000000036,70.79318198807808
43.10000000000004,70.64957112971403
43.20000000000004,70.50550375673238
43.30000000000004,70.36103669871918
43.400000000000034,70.21622553107589
43.500000000000036,70.0711245606463
43.60000000000004,69.9257868137682
43.70000000000004,69.78026402666424
43.80000000000004,69.63460663808442
43.90000000000004,69.48886378411135
44.000000000000036,69.343083295038
44.10000000000004,69.19731169422732
44.20000000000004,69.05159419886253
44.30000000000004,68.90597472249685
44.40000000000004,68.76049587931178
44.500000000000036,68.61519898999362
44.60000000000004,68.47012408913857
44.70000000000004,68.32530993409816
44.80000000000004,68.18079401517744
44.90000000000004,68.0366125671006
45.00000000000004,67.89280058165986
45.10000000000004,67.74939182146505
45.20000000000004,67.60641883471435
45.30000000000004,67.46391297090729
45.40000000000004,67.32190439742452
45.50000000000004,67.18042211690052
45.60000000000004,67.03949398531789
45.70000000000004,66.89914673075458
45.80000000000004,66.7594059727175
45.90000000000004,66.62029624199863
46.00000000000004,66.48184100099247
46.10000000000004,66.34406266441606
46.20000000000004,66.20698262037503
46.30000000000004,66.07062125172264
46.40000000000004,65.93499795766013
46.50000000000004,65.80013117552998
46.60000000000004,65.6660384027562
46.70000000000004,65.53273621888738
46.80000000000004,65.400240307702
46.90000000000004,65.26856547933642
47.00000000000004,65.13772569239914
47.100000000000044,65.00773407603722
47.20000000000004,64.87860295192229
47.30000000000004,64.75034385612618
47.40000000000004,64.62296756085844
47.50000000000004,64.49648409603931
47.600000000000044,64.37090277068438
47.70000000000004,64.24623219407856
47.80000000000004,64.12248029671876
47.90000000000004,63.99965435100707
48.00000000000004,63.87776099167658
48.100000000000044,63.756806235934974
48.200000000000045,63.63679550331152
48.30000000000004,63.517733635195
48.40000000000004,63.399624914051344
48.50000000000004,63.28247308231103
48.600000000000044,63.16628136091751
48.700000000000045,63.0510524675294
48.80000000000004,62.93678863436962
48.90000000000004,62.82349162571637
49.00000000000004,62.71116275503172
49.100000000000044,62.59980290172382
49.200000000000045,62.48941252754081
49.30000000000004,62.37999169259403
49.40000000000004,62.271540071010065
49.50000000000004,62.16405696621092
49.600000000000044,62.05754132582287
49.700000000000045,61.951991756214966
49.80000000000004,61.847406536668814
49.90000000000004,61.743783633181394
50.00000000000004,61.64112071190395
50.100000000000044,61.53941515221966
50.200000000000045,61.43866405946348
50.30000000000005,61.33886427728818
50.40000000000004,61.24001239968065
50.50000000000004,61.142104782632686
50.600000000000044,61.04513755547136
50.700000000000045,60.949106631853724
50.80000000000005,60.85400772043103
50.90000000000004,60.75983633518797
51.00000000000004,60.66658780546244
51.100000000000044,60.57425728565161
51.200000000000045,60.48283976461002
51.30000000000005,60.392330074745715
51.40000000000005,60.302722900820584
51.50000000000004,60.21401278846075
51.600000000000044,60.12619415238338
51.700000000000045,60.039261284346125
51.80000000000005,59.95320836082519
51.90000000000005,59.86802945042851
52.00000000000004,59.783718521050275
52.100000000000044,59.70026944677274
52.200000000000045,59.617676014521905
52.30000000000005,59.53593193048292
52.40000000000005,59.45503082628154
52.50000000000004,59.37496626493767
52.600000000000044,59.295731746596786
52.700000000000045,59.21732071404577
52.80000000000005,59.13972655801825
52.90000000000005,59.062942622296035
53.00000000000004,58.98696220861174
53.100000000000044,58.91177858135883
53.200000000000045,58.83738497211408
53.30000000000005,58.76377458397836
53.40000000000005,58.690940595740955
53.50000000000005,58.61887616587262
53.600000000000044,58.54757443635275
53.700000000000045,58.47702853633551
53.80000000000005,58.407231585660185
53.90000000000005,58.33817669821032
54.00000000000005,58.26985698512674
54.100000000000044,58.20226555787875
54.200000000000045,58.1353955311985
54.30000000000005,58.06924002588265
54.40000000000005,58.00379217146576
54.50000000000005,57.93904510876983
54.60000000000005,57.87499199233383
54.700000000000045,57.81162599272761
54.80000000000005,57.74894029875375
54.90000000000005,57.68692811954163
55.00000000000005,57.625582686537
55.10000000000005,57.56489725539103
55.200000000000045,57.504865107752224
55.30000000000005,57.44547955296463
55.40000000000005,57.38673392967581
55.50000000000005,57.328621607357746
55.60000000000005,57.27113598774369
55.700000000000045,57.21427050618442
55.80000000000005,57.1580186329264
55.90000000000005,57.102373874315234
56.00000000000005,57.047329773926734
56.10000000000005,56.992879913628634
56.200000000000045,56.93901791457561
56.30000000000005,56.885737438139884
56.40000000000005,56.83303218678023
56.50000000000005,56.78089590485152
56.60000000000005,56.729322379357285
56.70000000000005,56.67830544064751
56.80000000000005,56.62783896306382
56.90000000000005,56.577916865534135
57.00000000000005,56.528533112118964
57.10000000000005,56.47968171251119
57.20000000000005,56.43135672249129
57.30000000000005,56.38355224433985
57.40000000000005,56.336262427209164
57.50000000000005,56.289481467455616
57.60000000000005,56.243203608934536
57.70000000000005,56.197423143259144
57.800000000000054,56.152134410025106
57.90000000000005,56.10733179700222
58.00000000000005,56.06300974029466
58.10000000000005,56.019162724471315
58.20000000000005,55.97578528266726
58.300000000000054,55.93287199665802
58.40000000000005,55.890417496907666
58.50000000000005,55.848416462591956
58.60000000000005,55.80686362159781
58.70000000000005,55.76575375050015
58.800000000000054,55.725081674517156
58.90000000000005,55.68484226744512
59.00000000000005,55.64503045157373
59.10000000000005,55.60564119758291
59.20000000000005,55.56666952442208
59.300000000000054,55.52811049917264
59.40000000000005,55.48995923689475
59.50000000000005,55.45221090045903
59.60000000000005,55.41486070036415
59.70000000000005,55.377903894540935
59.800000000000054,55.34133578814377
59.900000000000055,55.30515173333015
60.00000000000005,55.26934712902879
60.10000000000005,55.233917420697225
60.20000000000005,55.1988581000693
60.300000000000054,55.164164704893395
60.400000000000055,55.12983281866169
60.50000000000005,55.09585807033126
60.60000000000005,55.06223613403745
60.70000000000005,55.028962728799996
60.800000000000054,54.99603361822244
60.900000000000055,54.96344461018535
61.00000000000006,54.93119155653368
61.10000000000005,54.89927035275885
61.20000000000005,54.86767693767577
61.300000000000054,54.83640729309546
61.400000000000055,54.80545744349347
61.50000000000006,54.77482345567436
61.60000000000005,54.744501438433005
61.70000000000005,54.71448754221255
61.800000000000054,54.68477795875969
61.900000000000055,54.655368920777434
62.00000000000006,54.62625670157573
62.10000000000005,54.59743761472004
62.20000000000005,54.56890801367848
62.300000000000054,54.54066429146733
62.400000000000055,54.512702880295606
62.50000000000006,54.48502025120857
62.60000000000005,54.4576129137306
62.70000000000005,54.430477415507596
62.800000000000054,54.40361034194906
62.900000000000055,54.377008315870086
63.00000000000006,54.35066799713343
63.10000000000006,54.3245860822919
63.20000000000005,54.29875930423111
63.300000000000054,54.27318443181278
63.400000000000055,54.247858269518886
63.50000000000006,54.22277765709652
63.60000000000006,54.1979394692039
63.70000000000005,54.17334061505743
63.800000000000054,54.14897803807993
63.900000000000055,54.12484871555044
64.00000000000006,54.10094965825524
64.10000000000005,54.07727791014061
64.20000000000006,54.05383054796718
64.30000000000005,54.03060468096605
64.40000000000006,54.00759745049669
64.50000000000006,53.98480602970686
64.60000000000005,53.96222762319438
64.70000000000006,53.939859466671095
64.80000000000005,53.917698826628836
64.90000000000006,53.89574300000767
65.00000000000006,53.87398931386629
65.10000000000005,53.85243512505474
65.20000000000006,53.83107781988952
65.30000000000005,53.809914813831014
65.40000000000006,53.78894355116336
65.50000000000006,53.76816150467678
65.60000000000005,53.74756617535245
65.70000000000006,53.72715509204984
65.80000000000005,53.706925811196655
65.90000000000006,53.68687591648137
66.00000000000006,53.66700301854834
66.10000000000005,53.6473047546956
66.20000000000006,53.62777878857522
66.30000000000005,53.608422809896474
66.40000000000006,53.58923453413155
66.50000000000006,53.57021170222403
66.60000000000005,53.55135208030009
66.70000000000006,53.53265345938236
66.80000000000005,53.51411365510654
66.90000000000006,53.495730507440754
67.00000000000006,53.477501880407615
67.10000000000007,53.45942566180899
67.20000000000006,53.441499762953605
67.30000000000005,53.423722118387225
67.40000000000006,53.4060906856257
67.50000000000006,53.38860344489069
67.60000000000007,53.371258398848056
67.70000000000006,53.35405357234906
67.80000000000005,53.336987012174205
67.90000000000006,53.32005678677977
68.00000000000006,53.30326098604711
68.10000000000007,53.286597721034525
68.20000000000006,53.2700651237319
68.30000000000005,53.25366134681794
68.40000000000006,53.237384563420065
68.50000000000006,53.221232966876926
68.60000000000007,53.20520477050356
68.70000000000006,53.18929820735917
68.80000000000005,53.17351153001738
68.90000000000006,53.15784301033922
69.00000000000006,53.142290939248525
69.10000000000007,53.12685362650997
69.20000000000006,53.11152940050958
69.30000000000005,53.09631660803774
69.40000000000006,53.08121361407472
69.50000000000006,53.06621880157863
69.60000000000007,53.05133057127584
69.70000000000006,53.03654734145389
69.80000000000007,53.021867547756656
69.90000000000006,53.00728964298207
70.00000000000006,52.99281209688213
70.10000000000007,52.978433395965226
70.20000000000006,52.96415204330092
70.30000000000007,52.94996655832688
70.40000000000006,52.93587547665824
70.50000000000006,52.921877349899106
70.60000000000007,52.907970745456446
70.70000000000006,52.89415424635605
70.80000000000007,52.880426451060856
70.90000000000006,52.86678597329131
71.00000000000006,52.85323144184801
71.10000000000007,52.83976150043645
71.20000000000006,52.82637480749381
71.30000000000007,52.81307003601801
71.40000000000006,52.79984587339867
71.50000000000006,52.78670102125025
71.60000000000007,52.77363419524717
71.70000000000006,52.76064412496095
71.80000000000007,52.747729553699365
71.90000000000006,52.73488923834758
72.00000000000006,52.72212194921116
72.10000000000007,52.70942646986116
72.20000000000006,52.696801596980976
72.30000000000007,52.68424614021518
72.40000000000006,52.67175892202018
72.50000000000006,52.659338777516794
72.60000000000007,52.646984554344556
72.70000000000006,52.6346951125179
72.80000000000007,52.62246932428417
72.90000000000006,52.610306073983296
73.00000000000006,52.5982042579093
73.10000000000007,52.58616278417355
73.20000000000006,52.57418057256963
73.30000000000007,52.56225655444
73.40000000000006,52.55038967254431
73.50000000000007,52.53857888092935
73.60000000000007,52.52682314480064
73.70000000000006,52.515121440395646
73.80000000000007,52.503472754858635
73.90000000000006,52.49187608611703
74.00000000000007,52.48033044275947
74.10000000000007,52.46883484391522
74.20000000000006,52.457388319135326
74.30000000000007,52.445989908275166
74.40000000000006,52.434638661378514
74.50000000000007,52.423333638563086
74.60000000000007,52.41207390990763
74.70000000000006,52.40085855534035
74.80000000000007,52.38968666452884
74.90000000000006,52.378557336771436
75.00000000000007,52.36746968089
75.10000000000007,52.35642281512397
75.20000000000006,52.34541586702599
75.30000000000007,52.33444797335872
75.40000000000006,52.32351827999314
75.50000000000007,52.31262594180808
75.60000000000007,52.30177012259112
75.70000000000006,52.2909499949409
75.80000000000007,52.280164740170534
75.90000000000006,52.269413548212505
76.00000000000007,52.25869561752471
76.10000000000007,52.24801015499786
76.20000000000007,52.23735637586407
76.30000000000007,52.22673350360676
76.40000000000006,52.21614076987177
76.50000000000007,52.2055774143797
76.60000000000007,52.19504268483943
76.70000000000007,52.18453583686298
76.80000000000007,52.17405613388145
76.90000000000006,52.16360284706221
77.00000000000007,52.15317525522732
77.10000000000007,52.14277264477306
77.20000000000007,52.13239430959072
77.30000000000007,52.12203955098852
77.40000000000006,52.111707677614746
77.50000000000007,52.101398005381974
77.60000000000007,52.09110985739262
77.70000000000007,52.08084256386547
77.80000000000007,52.07059546206353
77.90000000000006,52.06036789622296
78.00000000000007,52.050159217483184
78.10000000000007,52.039968783818225
78.20000000000007,52.02979595996911
78.30000000000007,52.01964011737756
78.40000000000006,52.00950063412074
78.50000000000007,51.99937689484733
78.60000000000007,51.989268290714605
78.70000000000007,51.97917421932692
78.80000000000007,51.96909408467518
78.90000000000006,51.95902729707771
79.00000000000007,51.948973273122185
79.10000000000007,51.93893143560892
79.20000000000007,51.92890121349532
79.30000000000007,51.91888204184161
79.40000000000006,51.90887336175783
79.50000000000007,51.8988746203521
79.60000000000007,51.8888852706803
79.70000000000007,51.87890477169681
79.80000000000007,51.86893258820692
79.90000000000008,51.858968190820306
80.00000000000007,51.849011055906075
80.10000000000007,51.839060665549155
80.20000000000007,51.8291165075081
80.30000000000007,51.81917807517436
80.40000000000008,51.80924486753307
80.50000000000007,51.79931638912531
80.60000000000007,51.78939215001196
80.70000000000007,51.77946855165606
80.80000000000007,51.76951650545138
80.90000000000008,51.75952861545912
81.00000000000007,51.749504414883546
81.10000000000007,51.73944344302532
81.20000000000007,51.72934524525531
81.30000000000007,51.71920937299026
81.40000000000008,51.70903538367027
81.50000000000007,51.6988228407382
81.60000000000007,51.68857131362107
81.70000000000007,51.678280377713364
81.80000000000007,51.6679496143625
81.90000000000008,51.65757861085637
82.00000000000007,51.64716696041309
82.10000000000007,51.63671426217296
82.20000000000007,51.62622012119278
82.30000000000007,51.61568414844251
82.40000000000008,51.60510596080442
82.50000000000007,51.59448518107472
82.60000000000008,51.58382143796781
82.70000000000007,51.573114366123235
82.80000000000007,51.562363606115355
82.90000000000008,51.55156880446587
83.00000000000007,51.54072961365932
83.10000000000008,51.5298456921615
83.20000000000007,51.518916704441125
83.30000000000007,51.50794232099457
83.40000000000008,51.496922218373996
83.50000000000007,51.48585607921885
83.60000000000008,51.47474359229082
83.70000000000007,51.46358445251255
83.80000000000007,51.45237836100986
83.90000000000008,51.44112502515801
84.00000000000007,51.42982415863172
84.10000000000008,51.418475481459375
84.20000000000007,51.40707872008139
84.30000000000007,51.395633607412776
84.40000000000008,51.384139882910304
84.50000000000007,51.372597292644016
84.60000000000008,51.361005589373576
84.70000000000007,51.34936453262937
84.80000000000007,51.33767388879851
84.90000000000008,51.32593343121598
85.00000000000007,51.31414294026095
85.10000000000008,51.302302203458446
85.20000000000007,51.290411015586585
85.30000000000007,51.278469178789315
85.40000000000008,51.266476502695056
85.50000000000007,51.254432804541196
85.60000000000008,51.24233790930468
85.70000000000007,51.23019164983884
85.80000000000007,51.21799386701653
85.90000000000008,51.205744409879856
86.00000000000007,51.193443135796485
86.10000000000008,51.18108991062283
86.20000000000007,51.168684608874216
86.30000000000008,51.156227113902
86.40000000000008,51.14371731807818
86.50000000000007,51.13115512298721
86.60000000000008,51.11854043962546
86.70000000000007,51.105873188608335
86.80000000000008,51.09315330038521
86.90000000000008,51.08038071546241
87.00000000000007,51.06755538463415
87.10000000000008,51.054677269221855
87.20000000000007,51.04174634132178
87.30000000000008,51.02876258406107
87.40000000000008,51.015725991862546
87.50000000000007,51.0026365707181
87.60000000000008,50.989494338470976
87.70000000000007,50.976299325106964
87.80000000000008,50.96305157305467
87.90000000000008,50.949751137494815
88.00000000000007,50.93639808667881
88.10000000000008,50.922992502256605
88.20000000000007,50.90953447961381
88.30000000000008,50.896024128218244
88.40000000000008,50.882461571975966
88.50000000000007,50.86884694959669
88.60000000000008,50.85518041496871
88.70000000000007,50.84146213754341
88.80000000000008,50.82769230272913
88.90000000000008,50.81387111229466
89.00000000000009,50.79999878478202
89.10000000000008,50.786075555928804
89.20000000000007,50.772101679099734
89.30000000000008,50.758077425727606
89.40000000000008,50.7440030857632
89.50000000000009,50.729878968134486
89.60000000000008,50.71570540121458
89.70000000000007,50.7014827332985
89.80000000000008,50.68721133308851
89.90000000000008,50.67289159018796
90.00000000000009,50.65852391560311
90.10000000000008,50.64410874225311
90.20000000000007,50.62964652548746
90.30000000000008,50.61513774361103
90.40000000000008,50.60058289841606
90.50000000000009,50.585982515720886
90.60000000000008,50.57133714591511
90.70000000000007,50.556647364510695
90.80000000000008,50.541913772698614
90.90000000000008,50.52713699791063
91.00000000000009,50.51231769438566
91.10000000000008,50.49745654374035
91.20000000000007,50.482554255543036
91.30000000000008,50.4676115678909
91.40000000000008,50.45262924798938
91.50000000000009,50.43760809273335
91.60000000000008,50.42254892928945
91.70000000000007,50.407452615678665
91.80000000000008,50.39232004135859
91.90000000000008,50.37715212780454
92.00000000000009,50.3619498290887
92.10000000000008,50.34671413245639
92.20000000000007,50.33144605889869
92.30000000000008,50.3161466637204
92.40000000000008,50.30081703710249
92.50000000000009,50.28545830465781
92.60000000000008,50.27007162797935
92.70000000000009,50.25465820517975
92.80000000000008,50.23921927142099
92.90000000000008,50.22375609943318
93.00000000000009,50.20827000002127
93.10000000000008,50.19276232255834
93.20000000000009,50.1772344554644
93.30000000000008,50.16168782666931
93.40000000000008,50.14612390405846
93.50000000000009,50.13054419589996
93.60000000000008,50.114950251251855
93.70000000000009,50.099343660348055
93.80000000000008,50.083726054961375
93.90000000000008,50.068099108742345
94.00000000000009,50.05246453753215
94.10000000000008,50.036824099648314
94.20000000000009,50.02117959614138
94.30000000000008,50.0055328710211
94.40000000000008,49.98988581145056
94.50000000000009,49.97424034790638
94.60000000000008,49.95859845430367
94.70000000000009,49.942962148083694
94.80000000000008,49.92733349026285
94.90000000000008,49.91171458544102
95.00000000000009,49.89610758176775
95.10000000000008,49.8805146708644
95.20000000000009,49.86493808770055
95.30000000000008,49.849380110423
95.40000000000009,49.83384306013541
95.50000000000009,49.81832930062714
95.60000000000008,49.802841238049226
95.70000000000009,49.78738132053592
95.80000000000008,49.77195203777011
95.90000000000009,49.756555920490754
96.00000000000009,49.74119553994072
96.10000000000008,49.72587350725338
96.20000000000009,49.7105924727762
96.30000000000008,49.6953551253298
96.40000000000009,49.68016419140076
96.50000000000009,49.665022434266845
96.60000000000008,49.6499326530527
96.70000000000009,49.634897681715074
96.80000000000008,49.61992038795566
96.90000000000009,49.60500367206042
97.00000000000009,49.59015046566403
97.10000000000008,49.575363730438085
97.20000000000009,49.56064645670195
97.30000000000008,49.546001661955074
97.40000000000009,49.53143238932972
97.50000000000009,49.51694170596305
97.60000000000008,49.50253270128778
97.70000000000009,49.48820848524048
97.80000000000008,49.473972186386774
97.90000000000009,49.459826949962945
98.00000000000009,49.44577593583318
98.10000000000008,49.4318223163622
98.20000000000009,49.4179692742029
98.30000000000008,49.40421999999875
98.40000000000009,49.39057769000084
98.50000000000009,49.377045543599664
98.60000000000008,49.36362676077174
98.70000000000009,49.35032453944132
98.80000000000008,49.33714207275763
98.90000000000009,49.32408254628824
99.00000000000009,49.31114913512901
99.1000000000001,49.29834500093183
99.20000000000009,49.28567328885072
99.30000000000008,49.27313712440771
99.40000000000009,49.26073961027961
99.50000000000009,49.24848382300718
99.6000000000001,49.23637280962824
99.70000000000009,49.22440958423661
99.80000000000008,49.212597124468516
99.90000000000009,49.20093836791885
100.00000000000009,49.189436208489354
100.1000000000001,49.178093492671195
100.20000000000009,49.166913015764536
100.30000000000008,49.1558975180378
100.40000000000009,49.1450496808296
100.50000000000009,49.13437212259652
100.6000000000001,49.123867394909766
100.70000000000009,49.11353797840451
100.80000000000008,49.103386278685136
100.90000000000009,49.09341462219054
101.00000000000009,49.08362525202308
101.1000000000001,49.07402032374574
101.20000000000009,49.064601901151306
101.30000000000008,49.05537195200833
101.40000000000009,49.046332343788485
101.50000000000009,49.03748483937986
101.6000000000001,49.028831092791336
101.70000000000009,49.020372644853
101.8000000000001,49.01211091891784
101.90000000000009,49.00404721657006
102.00000000000009,48.99618271334556
102.1000000000001,48.98851845447015
102.20000000000009,48.981055350621226
102.3000000000001,48.97379417371881
102.40000000000009,48.966735552751985
102.50000000000009,48.959879969646636
102.6000000000001,48.953227755180876
102.70000000000009,48.94677908495429
102.8000000000001,48.94053397541732
102.90000000000009,48.93449227996739
103.00000000000009,48.92865368511807
103.1000000000001,48.92301770674789
103.20000000000009,48.91758368643541
103.3000000000001,48.91235078788713
103.40000000000009,48.907317993464915
103.50000000000009,48.90248410081962
103.6000000000001,48.89784771963748
103.70000000000009,48.89340726850607
103.8000000000001,48.88916097190638
103.90000000000009,48.88510685733765
104.00000000000009,48.88124275258155
104.1000000000001,48.87756628311222
104.20000000000009,48.87407486965866
104.3000000000001,48.870765725925764
104.40000000000009,48.86763585648045
104.50000000000009,48.86468205480887
104.6000000000001,48.86190090155107
104.70000000000009,48.85928876291873
104.8000000000001,48.85684178930208
104.90000000000009,48.854555914071476
105.00000000000009,48.85242685257927
105.1000000000001,48.85045010136724
105.20000000000009,48.84862093758467
105.3000000000001,48.8469344186222
105.40000000000009,48.845385381966025
105.5000000000001,48.8439684452769
105.6000000000001,48.84267800669848
105.70000000000009,48.8415082453987
105.8000000000001,48.84045312234824
105.90000000000009,48.839506381339326
106.0000000000001,48.83866155024832
106.1000000000001,48.837911942544764
106.20000000000009,48.83725065904976
106.3000000000001,48.83667058994577
106.40000000000009,48.83616441703998
106.5000000000001,48.83572461628279
106.6000000000001,48.83534346054281
106.70000000000009,48.83501302263926
106.8000000000001,48.83472517863251
106.90000000000009,48.834471611372905
107.0000000000001,48.83424381430778
107.1000000000001,48.83403309554632
107.20000000000009,48.833830582181065
107.3000000000001,48.833627224865324
107.40000000000009,48.833413802644316
107.5000000000001,48.83318092803846
107.6000000000001,48.832919052376056
107.70000000000009,48.832618471372854
107.8000000000001,48.83226933095493
107.90000000000009,48.83186163332165
108.0000000000001,48.83138524324448
108.1000000000001,48.83082989459717
108.2000000000001,48.83018519711277
108.3000000000001,48.82944064336208
108.40000000000009,48.828585615947986
108.5000000000001,48.827609394909814
108.6000000000001,48.82650116533112
108.7000000000001,48.82525002514456
108.8000000000001,48.8238449931263
108.90000000000009,48.822275017072855
109.0000000000001,48.82052898215244
109.1000000000001,48.81859571942251
109.2000000000001,48.81646401450524
109.3000000000001,48.814122616412
109.40000000000009,48.81156024650752
109.5000000000001,48.808765607604684
109.6000000000001,48.80572739317978
109.7000000000001,48.802434296698465
109.8000000000001,48.79887502104202
109.90000000000009,48.79503828802339
110.0000000000001,48.79091284798224
110.1000000000001,48.78648748944791
110.2000000000001,48.78175104885918
110.3000000000001,48.77669242032941
110.40000000000009,48.77130056544536
110.5000000000001,48.765564523088
110.6000000000001,48.7594734192636
110.7000000000001,48.75301647693272
110.8000000000001,48.74618302582538
110.90000000000009,48.73896251222994
111.0000000000001,48.73134450874356
111.1000000000001,48.72331872397196
111.2000000000001,48.71487501216597
111.3000000000001,48.706003382782825
111.40000000000009,48.69669400995956
111.5000000000001,48.68693724188654
111.6000000000001,48.67672361006856
111.7000000000001,48.666043838461675
111.8000000000001,48.65488885247352
111.9000000000001,48.64324978781515
112.0000000000001,48.63111799919278
112.1000000000001,48.618485068827546
112.2000000000001,48.605342814791996
112.3000000000001,48.59168329915195
112.4000000000001,48.5774988359027
112.5000000000001,48.56278199868866
112.6000000000001,48.547525628296036
112.7000000000001,48.5317228399081
112.8000000000001,48.515367030113104
112.9000000000001,48.49845188365512
113.0000000000001,48.480971379918515
113.1000000000001,48.462919799136934
113.2000000000001,48.44429172831816
113.3000000000001,48.42508206687663
113.4000000000001,48.40528603196556
113.5000000000001,48.3848991635014
113.6000000000001,48.363917328873214
113.7000000000001,48.34233672733069
113.8000000000001,48.32015389404437
113.9000000000001,48.29736570383227
114.0000000000001,48.27396937454792
114.1000000000001,48.24996247012457
114.2000000000001,48.22534290327165
114.3000000000001,48.200108937819294
114.4000000000001,48.174259190707815
114.5000000000001,48.14779263361919
114.60000000000011,48.120708594248214
114.7000000000001,48.093006757211505
114.8000000000001,48.06468716459313
114.9000000000001,48.03575021612592
115.0000000000001,48.00619666900833
115.10000000000011,47.97602763735707
115.2000000000001,47.94524459129624
115.3000000000001,47.91384935568427
115.4000000000001,47.88184410848052
115.5000000000001,47.849231378753856
115.60000000000011,47.8160140443359
115.7000000000001,47.78219532912256
115.8000000000001,47.74777880002729
115.9000000000001,47.71276836359087
116.0000000000001,47.67716826225202
116.10000000000011,47.64098307028453
116.2000000000001,47.604217689406404
116.3000000000001,47.56687734406731
116.4000000000001,47.528967576420925
116.5000000000001,47.49049424098938
116.60000000000011,47.45146349902699
116.7000000000001,47.411881812591645
116.8000000000001,47.37175593833151
116.9000000000001,47.331092920996326
117.0000000000001,47.289900086681904
117.10000000000011,47.24818503581726
117.2000000000001,47.20595563590423
117.3000000000001,47.16322001401939
117.4000000000001,47.119986549088594
117.5000000000001,47.0762638639448
117.60000000000011,47.03206081717984
117.7000000000001,46.98738649480133
117.8000000000001,46.9422502017059
117.9000000000001,46.89666145298024
118.0000000000001,46.850629965041605
118.10000000000011,46.804165646629556
118.2000000000001,46.75727858966097
118.30000000000011,46.70997905996019
118.4000000000001,46.66227748787669
118.5000000000001,46.61418445880231
118.60000000000011,46.5657107036004
118.7000000000001,46.51686708895929
118.80000000000011,46.46766460768221
118.9000000000001,46.418114368926254
119.0000000000001,46.36822758840241
119.10000000000011,46.31801557854918
119.2000000000001,46.26748973869181
119.30000000000011,46.21666154519929
119.4000000000001,46.16554254165122
119.5000000000001,46.11414432902626
119.60000000000011,46.06247855592403
119.7000000000001,46.01055690883215
119.80000000000011,45.95839110244948
119.9000000000001,45.90599287007731
120.0000000000001,45.85337395408896
120.10000000000011,45.80054609648906
120.2000000000001,45.747521029572816
120.30000000000011,45.69431046669549
120.4000000000001,45.64092609316244
120.5000000000001,45.58737955724915
120.60000000000011,45.533682461360875
120.7000000000001,45.47984635334109
120.80000000000011,45.42588271793739
120.9000000000001,45.37180296843366
121.00000000000011,45.31761843845629
121.10000000000011,45.26334037396267
121.2000000000001,45.20897992541911
121.30000000000011,45.15454814017547
121.4000000000001,45.100055955043274
121.50000000000011,45.045514189083406
121.60000000000011,44.99093353660972
121.7000000000001,44.93632456041388
121.80000000000011,44.881697685216835
121.9000000000001,44.82706319135159
122.00000000000011,44.77243120868172
122.10000000000011,44.71781171075976
122.2000000000001,44.66321450922894
122.30000000000011,44.60864924847157
122.4000000000001,44.55412540050693
122.50000000000011,44.499652260140955
122.60000000000011,44.445238940369975
122.7000000000001,44.39089436803991
122.80000000000011,44.33662727976236
122.9000000000001,44.28244621808845
123.00000000000011,44.22835952794071
123.10000000000011,44.174375353303475
123.2000000000001,44.1205016341712
123.30000000000011,44.06674610375433
123.4000000000001,44.01311628594169
123.50000000000011,43.959619493017925
123.60000000000011,43.90626282363469
123.7000000000001,43.85305316103327
123.80000000000011,43.79999717151644
123.9000000000001,43.74710130316717
124.00000000000011,43.694371784810784
124.10000000000011,43.64181462521797
124.2000000000001,43.58943561254456
124.30000000000011,43.53724031400479
124.4000000000001,43.48523407577375
124.50000000000011,43.433422023114815
124.60000000000011,43.38180906072773
124.70000000000012,43.330399873312274
124.80000000000011,43.27919892634293
124.9000000000001,43.228210467049145
125.00000000000011,43.177438525596074
125.10000000000011,43.12688691646012
125.20000000000012,43.07655923999371
125.30000000000011,43.02645888417348
125.4000000000001,42.976589026525815
125.50000000000011,42.926952636223916
125.60000000000011,42.87755247634987
125.70000000000012,42.828391106315635
125.80000000000011,42.77947088443656
125.9000000000001,42.73079397065091
126.00000000000011,42.6823623293788
126.10000000000011,42.63417773251427
126.20000000000012,42.58624176254344
126.30000000000011,42.5385558157825
126.4000000000001,42.49112110572861
126.50000000000011,42.44393866651719
126.60000000000011,42.39700935647887
126.70000000000012,42.35033386178944
126.80000000000011,42.303912700206226
126.9000000000001,42.257746224884286
127.00000000000011,42.21183462826587
127.10000000000011,42.166177946036626
127.20000000000012,42.12077606114221
127.30000000000011,42.07562870785893
127.40000000000012,42.030735475912046
127.50000000000011,41.98609581463571
127.60000000000011,41.94170903716832
127.70000000000012,41.89757432467747
127.80000000000011,41.85369073060839
127.90000000000012,41.81005718495041
128.0000000000001,41.766672498515575
128.1000000000001,41.723535367224095
128.2000000000001,41.68064437639116
128.30000000000013,41.63799800500992
128.40000000000012,41.59559463002568
128.5000000000001,41.55343253059611
128.6000000000001,41.51150989233304
128.7000000000001,41.46982481152089
128.80000000000013,41.4283752993076
128.90000000000012,41.38715928586359
129.0000000000001,41.34617462450443
129.1000000000001,41.305419095773814
129.2000000000001,41.26489041148244
129.30000000000013,41.224586218699606
129.40000000000012,41.1845041036938
129.5000000000001,41.14464159581917
129.6000000000001,41.10499617134468
129.7000000000001,41.065565257223135
129.80000000000013,41.026346234797074
129.90000000000012,40.98733644343926
130.0000000000001,40.948533184125004
130.1000000000001,40.90993372293433
130.2000000000001,40.871535294481866
130.30000000000013,40.8333351052723
130.40000000000012,40.795330336979994
130.5000000000001,40.75751814965086
130.6000000000001,40.719895684825275
130.7000000000001,40.68246006858054
130.80000000000013,40.645208414492046
130.90000000000012,40.60813782651188
131.0000000000001,40.57124540176416
131.1000000000001,40.53452823325644
131.2000000000001,40.49798341250668
131.30000000000013,40.46160803208512
131.40000000000012,40.4253991880712
131.5000000000001,40.38935398242489
131.6000000000001,40.35346952527286
131.7000000000001,40.31774293710923
131.80000000000013,40.28217135091137
131.90000000000012,40.24675191417093
132.0000000000001,40.21148179084051
132.1000000000001,40.17635816319671
132.2000000000001,40.14137823361991
132.30000000000013,40.10653922629173
132.40000000000012,40.071838388810946
132.5000000000001,40.03727299372865
132.6000000000001,40.0028403400038
132.70000000000013,39.968537754380165
132.80000000000013,39.934362592685744
132.90000000000012,39.900312241055964
133.0000000000001,39.86638411708185
133.1000000000001,39.83257567088452
133.20000000000013,39.798884386117464
133.30000000000013,39.76530778089788
133.40000000000012,39.73184340866868
133.5000000000001,39.698488858992675
133.6000000000001,39.66524175828045
133.70000000000013,39.632099770453564
133.80000000000013,39.599060597544714
133.90000000000012,39.56612198023647
134.0000000000001,39.533281698340296
134.1000000000001,39.50053757121759
134.20000000000013,39.46788745814436
134.30000000000013,39.435329258621415
134.40000000000012,39.40286091263157
134.5000000000001,39.37048040084589
134.6000000000001,39.338185744780596
134.70000000000013,39.30597500690622
134.80000000000013,39.27384629071111
134.90000000000012,39.24179774072066
135.0000000000001,39.20982754247427
135.1000000000001,39.17793392246164
135.20000000000013,39.14611514802003
135.30000000000013,39.114369527194455
135.40000000000012,39.08269540856215
135.5000000000001,39.05109118102323
135.6000000000001,39.01955527355904
135.70000000000013,38.98808615495992
135.80000000000013,38.95668233352389
135.90000000000012,38.92534235672782
136.0000000000001,38.89406481087275
136.1000000000001,38.86284832070472
136.20000000000013,38.831691549012696
136.30000000000013,38.800593196205
136.40000000000012,38.76955199986566
136.5000000000001,38.73856673429211
136.6000000000001,38.707636210015565
136.70000000000013,38.67675927330538
136.80000000000013,38.64593480565874
136.90000000000012,38.6151617232768
137.0000000000001,38.584438976528695
137.1000000000001,38.55376554940436
137.20000000000013,38.52314045895754
137.30000000000013,38.492562754739915
137.40000000000012,38.46203151822742
137.5000000000001,38.43154586223998
137.6000000000001,38.40110493035541
137.70000000000013,38.37070789631858
137.80000000000013,38.34035396344677
137.90000000000012,38.31004236403199
138.0000000000001,38.27977235874125
138.1000000000001,38.249543236015484
138.20000000000013,38.219354311468024
138.30000000000013,38.189204927283214
138.40000000000012,38.159094451615985
138.5000000000001,38.12902227799301
138.60000000000014,38.09898782471614
138.70000000000013,38.06899053426868
138.80000000000013,38.039029872725
138.90000000000012,38.00910532916423
139.0000000000001,37.97921641508832
139.10000000000014,37.94936266384512
139.20000000000013,37.91954363005685
139.30000000000013,37.889758889054335
139.40000000000012,37.86000803631754
139.5000000000001,37.830290686922574
139.60000000000014,37.80060647499574
139.70000000000013,37.770955053174724
139.80000000000013,37.7413360920773
139.90000000000012,37.71174927977782
140.0000000000001,37.68219432129176
140.10000000000014,37.65267093806841
140.20000000000013,37.62317886749211
140.30000000000013,37.59371786239187
140.40000000000012,37.56428769055999
140.5000000000001,37.53488813427934
140.60000000000014,37.50551898985973
140.70000000000013,37.47618006718337
140.80000000000013,37.4468711892594
140.90000000000012,37.41759219178772
141.0000000000001,37.388342922732036
141.10000000000014,37.35912324190222
141.20000000000013,37.32993302054596
141.30000000000013,37.300772140949675
141.40000000000012,37.27164049604881
141.5000000000001,37.24253798904731
141.60000000000014,37.21346453304638
141.70000000000013,37.18442005068241
141.80000000000013,37.15540447377401
141.90000000000012,37.12641774297816
142.0000000000001,37.09745980745524
142.10000000000014,37.06853062454307
142.20000000000013,37.039630159439774
142.30000000000013,37.01075838489517
142.40000000000012,36.98191528091094
142.5000000000001,36.953100834449295
142.60000000000014,36.92431503914984
142.70000000000013,36.89555789505493
142.80000000000013,36.86682940834291
142.90000000000012,36.83812959106952
143.0000000000001,36.80945846091707
143.10000000000014,36.78081604095138
143.20000000000013,36.752202359386246
143.30000000000013,36.72361744935533
143.40000000000012,36.695061348691425
143.5000000000001,36.66653409971273
143.60000000000014,36.6380357490162
143.70000000000013,36.60956634727769
143.80000000000013,36.581125949058816
143.90000000000012,36.55271461262026
144.0000000000001,36.524332399741546
144.10000000000014,36.49597937554701
144.20000000000013,36.467655608337836
144.30000000000013,36.439361169429965
144.40000000000012,36.41109613299785
144.5000000000001,36.382860575923786
144.60000000000014,36.35465457765268
144.70000000000013,36.32647822005225
144.80000000000013,36.2983315872782
144.90000000000012,36.270214765644596
145.0000000000001,36.24212784349908
145.10000000000014,36.214070911102745
145.20000000000013,36.18604406051472
145.30000000000013,36.15804738548115
145.40000000000012,36.13008098132846
145.50000000000014,36.10214494486095
145.60000000000014,36.07423937426233
145.70000000000013,36.046364369001175
145.80000000000013,36.01852002974027
145.90000000000012,35.99070645824961
146.00000000000014,35.96292375732287
146.10000000000014,35.935172030697466
146.20000000000013,35.90745138297778
146.30000000000013,35.8797619195617
146.40000000000012,35.85210374657024
146.50000000000014,35.8244769707801
146.60000000000014,35.79688169955914
146.70000000000013,35.769318040804635
146.80000000000013,35.74178610288425
146.90000000000012,35.714285994579456
147.00000000000014,35.686817825031575
147.10000000000014,35.6593817036902
147.20000000000013,35.6319777402638
147.30000000000013,35.60460604467266
147.40000000000012,35.5772667270039
147.50000000000014,35.54995989746856
147.60000000000014,35.5226856663606
147.70000000000013,35.49544414401788
147.80000000000013,35.468235440784824
147.90000000000012,35.44105966697695
148.00000000000014,35.413916932846995
148.10000000000014,35.3868073485527
148.20000000000013,35.35973102412602
148.30000000000013,35.33268806944393
148.40000000000012,35.30567859420059
148.50000000000014,35.27870270788081
148.60000000000014,35.251760519734944
148.70000000000013,35.22485213875483
148.80000000000013,35.19797767365109
148.90000000000012,35.17113723283149
149.00000000000014,35.14433092438035
149.10000000000014,35.11755885603907
149.20000000000013,35.09082113518756
149.30000000000013,35.064117868826685
149.40000000000012,35.03744916356158
149.50000000000014,35.010815125585836
149.60000000000014,34.98421586066651
149.70000000000013,34.95765147412993
149.80000000000013,34.9311220708482
149.90000000000012,34.90462775522651
150.00000000000014,34.87816863119104
150.10000000000014,34.85174480217759
150.20000000000013,34.82535637112076
150.30000000000013,34.79900344044375
150.40000000000012,34.77268611204873
150.50000000000014,34.746404487307764
150.60000000000014,34.7201586670542
150.70000000000013,34.693948751574545
150.80000000000013,34.667774840600856
150.90000000000012,34.641637033303496
151.00000000000014,34.61553542828439
151.10000000000014,34.58947012357061
151.20000000000013,34.56344121660837
151.30000000000013,34.53744880425734
151.40000000000015,34.511492982785384
151.50000000000014,34.48557384786356
151.60000000000014,34.45969149456141
151.70000000000013,34.433846017342574
151.80000000000013,34.40803751006074
151.90000000000015,34.382266065955676
152.00000000000014,34.3565317776498
152.10000000000014,34.33083473714466
152.20000000000013,34.30517503581789
152.30000000000013,34.279552764420266
152.40000000000015,34.25396801307298
152.50000000000014,34.22842087126514
152.60000000000014,34.20291142785142
152.70000000000013,34.17743977104984
152.80000000000013,34.152005988439846
152.90000000000015,34.12661016696039
153.00000000000014,34.101252392908286
153.10000000000014,34.07593275193659
153.20000000000013,34.05065132905321
153.30000000000013,34.02540820861961
153.40000000000015,34.000203474349576
153.50000000000014,33.975037209308226
153.60000000000014,33.94990949591095
153.70000000000013,33.92482041592265
153.80000000000013,33.89977005045691
153.90000000000015,33.87475847997531
154.00000000000014,33.84978578428692
154.10000000000014,33.82485204254774
154.20000000000013,33.799957333260245
154.30000000000013,33.77510173427312
154.40000000000015,33.75028532278092
154.50000000000014,33.72550817532386
154.60000000000014,33.7007703677877
154.70000000000013,33.67607197540362
154.80000000000013,33.65141307274821
154.90000000000015,33.62679373374348
155.00000000000014,33.60221403165697
155.10000000000014,33.57767403910182
155.20000000000013,33.55317382803699
155.30000000000013,33.52871346976744
155.40000000000015,33.504293034944425
155.50000000000014,33.479912593565786
155.60000000000014,33.455572214976264
155.70000000000013,33.43127196786791
155.80000000000013,33.40701192028047
155.90000000000015,33.38279213960185
156.00000000000014,33.3586126925686
156.10000000000014,33.334473645266385
156.20000000000013,33.31037506313057
156.30000000000013,33.28631701094676
156.40000000000015,33.262299552851395
156.50000000000014,33.23832275233238
156.60000000000014,33.21438667222974
156.70000000000013,33.190491374736254
156.80000000000013,33.166636921398165
156.90000000000015,33.142823373115924
157.00000000000014,33.1190507901449
157.10000000000014,33.0953192320961
157.20000000000013,33.071628757937034
157.30000000000013,33.04797942599244
157.40000000000015,33.0243712939451
157.50000000000014,33.00080441883675
157.60000000000014,32.97727885706881
157.70000000000013,32.95379466440337
157.80000000000013,32.93035189596398
157.90000000000015,32.90695060623661
158.00000000000014,32.88359084907056
158.10000000000014,32.86027267767933
158.20000000000013,32.83699614464167
158.30000000000015,32.813761301902424
158.40000000000015,32.79056820077361
158.50000000000014,32.767416891935326
158.60000000000014,32.744307425436794
158.70000000000013,32.72123985069736
158.80000000000015,32.6982142165075
158.90000000000015,32.675230571029935
159.00000000000014,32.65228896180057
159.10000000000014,32.62938943572965
159.20000000000013,32.60653203910277
159.30000000000015,32.583716817582
159.40000000000015,32.560943816207
159.50000000000014,32.53821307939606
159.60000000000014,32.51552465094726
159.70000000000013,32.492878574039636
159.80000000000015,32.47027489123425
159.90000000000015,32.447713644475385
160.00000000000014,32.4251948750917
160.10000000000014,32.402718623797384
160.20000000000013,32.38028493069337
160.30000000000015,32.35789383526849
160.40000000000015,32.3355453764007
160.50000000000014,32.313239592358286
160.60000000000014,32.29097652080107
160.70000000000013,32.26875619878166
160.80000000000015,32.24657866274666
160.90000000000015,32.22444394853797
161.00000000000014,32.20235209139396
161.10000000000014,32.18030312595084
161.20000000000013,32.158297086243834
161.30000000000015,32.136334005708505
161.40000000000015,32.114413917182084
161.50000000000014,32.0925368529047
161.60000000000014,32.07070284452073
161.70000000000013,32.04891192308013
161.80000000000015,32.02716411903969
161.90000000000015,32.00545946226447
162.00000000000014,31.983797982029046
162.10000000000014,31.96217970701892
162.20000000000013,31.940604665331847
162.30000000000015,31.91907288447921
162.40000000000015,31.897584391387404
162.50000000000014,31.876139212399195
162.60000000000014,31.854737373275118
162.70000000000013,31.83337889919488
162.80000000000015,31.812063814758737
162.90000000000015,31.790792143988966
163.00000000000014,31.7695639103312
163.10000000000014,31.748379136655917
163.20000000000013,31.727237845259836
163.30000000000015,31.706140057867383
163.40000000000015,31.685085795632126
163.50000000000014,31.66407507913823
163.60000000000014,31.643107928401896
163.70000000000013,31.622184362872883
163.80000000000015,31.601304401435918
163.90000000000015,31.58046806241223
164.00000000000014,31.559675363561013
164.10000000000014,31.538926322080915
164.20000000000016,31.518220954611547
164.30000000000015,31.49755927723501
164.40000000000015,31.47694130547737
164.50000000000014,31.45636705431022
164.60000000000014,31.435836538152166
164.70000000000016,31.415349770870392
164.80000000000015,31.394906765782196
164.90000000000015,31.374507535656516
