392.9478921568707,2.008039337629468e-92
393.0478921568707,3.016266344642827e-92
393.14789215687074,4.528907414347921e-92
393.24789215687076,6.797410196836022e-92
393.3478921568708,1.0198112467361782e-91
393.4478921568708,1.529404620383307e-91
393.54789215687083,2.2927213796051663e-91
393.64789215687085,3.4356304711056693e-91
393.7478921568709,5.146214607850091e-91
393.8478921568709,7.705407703528559e-91
393.9478921568709,1.1532663875529205e-90
394.04789215687094,1.725400535385019e-90
394.14789215687097,2.5803374441069533e-90
394.247892156871,3.8573528088220223e-90
394.347892156871,5.764060141666167e-90
394.44789215687103,8.609817111532615e-90
394.54789215687106,1.2855401092652288e-89
394.6478921568711,1.91868472694887e-89
394.7478921568711,2.8625157697851662e-89
394.8478921568711,4.2689241614557053e-89
394.94789215687115,6.363781698897839e-89
395.04789215687117,9.482839266416784e-89
395.1478921568712,1.4124978244464593e-88
395.2478921568712,2.1031171652124416e-88
395.34789215687124,3.1301520237174864e-88
395.44789215687126,4.6568652933992834e-88
395.5478921568713,6.925453260272365e-88
395.6478921568713,1.029506307675879e-87
395.74789215687133,1.5298050960885096e-87
395.84789215687135,2.272319926864827e-87
395.9478921568714,3.3738761238956094e-87
396.0478921568714,5.007432122277746e-87
396.1478921568714,7.428947535091721e-87
396.24789215687144,1.1017062007424289e-86
396.34789215687147,1.633166934467881e-86
396.4478921568715,2.4200349909064545e-86
396.5478921568715,3.584585919772383e-86
396.64789215687154,5.307409847300188e-86
396.74789215687156,7.855114853120444e-86
396.8478921568716,1.1621140054016219e-85
396.9478921568716,1.7185857765733376e-85
397.0478921568716,2.5405045280758633e-85
397.14789215687165,3.754006460474115e-85
397.24789215687167,5.544933477210983e-85
397.3478921568717,8.186984102121521e-85
397.4478921568717,1.2083085151823665e-84
397.54789215687174,1.7826168496920014e-84
397.64789215687176,2.628841854497138e-84
397.7478921568718,3.875227436643096e-84
397.8478921568718,5.710264353174196e-84
397.94789215687183,8.410881497060301e-84
398.04789215687185,1.2383776244253296e-83
398.1478921568719,1.8225982998652867e-83
398.2478921568719,2.681359883340393e-83
398.3478921568719,3.943170320792962e-83
398.44789215687194,5.796452047410144e-83
398.54789215687197,8.517364645863637e-83
398.647892156872,1.2510495648053085e-82
398.747892156872,1.8368346945755012e-82
398.84789215687204,2.6958263487538573e-82
398.94789215687206,3.9549412440482795e-82
399.0478921568721,5.799818997303663e-82
399.1478921568721,8.501883051385016e-82
399.2478921568721,1.2457821257636127e-81
399.34789215687215,1.8247162780234974e-81
399.4478921568722,2.6716211904045715e-81
399.5478921568722,3.9100354493259066e-81
399.6478921568722,5.720220793985789e-81
399.74789215687224,8.365100675631744e-81
399.84789215687226,1.2228011376854302e-80
399.9478921568723,1.7867622911381867e-80
400.0478921568723,2.609780637469348e-80
400.14789215687233,3.8103731941790615e-80
400.24789215687235,5.5610564559945456e-80
400.3478921568724,8.112848706818822e-80
400.4478921568724,1.1830844120979839e-79
400.5478921568724,1.72458406803879e-79
400.64789215687244,2.512923625019858e-79
400.74789215687247,3.6601635450678704e-79
400.8478921568725,5.32902766962034e-79
400.9478921568725,7.755713210971233e-79
401.04789215687254,1.1282927302120329e-78
401.14789215687256,1.6407715634523143e-78
401.2478921568726,2.3850678234366534e-78
401.3478921568726,3.465609524608544e-78
401.4478921568726,5.033670757720846e-78
401.54789215687265,7.308298297175711e-78
401.6478921568727,1.0606546664049435e-77
401.7478921568727,1.5387144452761714e-77
401.8478921568727,2.231353287354037e-77
401.94789215687274,3.2344833906832475e-77
402.04789215687276,4.686706917990564e-77
402.1478921568728,6.7882362502385e-77
402.2478921568728,9.82816374491058e-77
402.34789215687283,1.422374968147862e-76
402.44789215687285,2.0577002012926957e-76
402.5478921568729,2.975612549304998e-76
402.6478921568729,4.301272380811606e-76
402.7478921568729,6.215038043341242e-76
402.84789215687294,8.976704303358871e-76
402.94789215687297,1.2960338061617907e-75
403.047892156873,1.8704324247303983e-75
403.147892156873,2.6983233861017167e-75
403.24789215687304,3.891098765459039e-75
403.34789215687306,5.608888331087543e-75
403.4478921568731,8.081790998181233e-75
403.5478921568731,1.1640314616828665e-74
403.6478921568731,1.6759000137196228e-74
403.74789215687315,2.4118915310463362e-74
403.8478921568732,3.469714354640825e-74
403.9478921568732,4.989487687899318e-74
404.0478921568732,7.172069179352654e-74
404.14789215687324,1.0305267437002088e-73
404.24789215687326,1.4801316520163966e-73
404.3478921568733,2.1250429259065568e-73
404.4478921568733,3.049729710892696e-73
404.54789215687333,4.3750324285711427e-73
404.64789215687335,6.273753982288626e-73
404.7478921568734,8.992904355659521e-73
404.8478921568734,1.2885424980909918e-72
404.9478921568734,1.8455414400621184e-72
405.04789215687344,2.64225749262701e-72
405.14789215687347,3.78140119448803e-72
405.2478921568735,5.40949418416997e-72
405.3478921568735,7.735472411912466e-72
405.44789215687354,1.1057152697101534e-71
405.54789215687356,1.5798871069342046e-71
405.6478921568736,2.256498685832189e-71
405.7478921568736,3.2215909539258155e-71
405.8478921568736,4.597608547448423e-71
405.94789215687365,6.558731740568993e-71
406.0478921568737,9.352635888214551e-71
406.1478921568737,1.3331360359544153e-70
406.2478921568737,1.8995082809584952e-70
406.34789215687374,2.7054168877642255e-70
406.44789215687376,3.851709141356133e-70
406.5478921568738,5.481495402075723e-70
406.6478921568738,7.797778707425389e-70
406.74789215687383,1.1088403990931553e-69
406.84789215687385,1.5761351588850477e-69
406.9478921568739,2.2394643620475201e-69
407.0478921568739,3.180688484443278e-69
407.1478921568739,4.515692905853782e-69
407.24789215687395,6.408463940372119e-69
407.34789215687397,9.090960535168068e-69
407.447892156874,1.2891156540168962e-68
407.547892156874,1.8272596919383297e-68
407.64789215687404,2.5890172749548237e-68
407.74789215687406,3.6668733029929323e-68
407.8478921568741,5.191383866699895e-68
407.9478921568741,7.346773720982531e-68
408.0478921568741,1.0392893258615084e-67
408.14789215687415,1.4696115347110278e-67
408.2478921568742,2.0772794242821355e-67
408.3478921568742,2.9350369222792948e-67
408.4478921568742,4.145324190311098e-67
408.54789215687424,5.852342231829761e-67
408.64789215687426,8.258995147898536e-67
408.7478921568743,1.1650672364645016e-66
408.8478921568743,1.6428618701128017e-66
408.94789215687433,2.3156738578441813e-66
409.04789215687435,3.262721598316066e-66
409.1478921568744,4.5952476868431803e-66
409.2478921568744,6.469401643980128e-66
409.3478921568744,9.10427958772916e-66
409.44789215687445,1.280717488858646e-65
409.54789215687447,1.8008907863125085e-65
409.6478921568745,2.531323753130599e-65
409.7478921568745,3.556594028025549e-65
409.84789215687454,4.995134396353421e-65
409.94789215687456,7.012717473483453e-65
410.0478921568746,9.841284560826503e-65
410.1478921568746,1.3805225943800307e-64
410.2478921568746,1.935804657626373e-64
410.34789215687465,2.713350039771217e-64
410.4478921568747,3.8016873711203834e-64
410.5478921568747,5.324431673504047e-64
410.6478921568747,7.454120320279145e-64
410.74789215687474,1.04314773924536e-63
410.84789215687476,1.4592225283674255e-63
410.9478921568748,2.0404385164115423e-63
411.0478921568748,2.8520148473879204e-63
411.14789215687483,3.984798208561935e-63
411.24789215687485,5.56528189217192e-63
411.3478921568749,7.76952167998295e-63
411.4478921568749,1.0842456311573211e-62
411.5478921568749,1.5124720615818004e-62
411.64789215687495,2.108984187384932e-62
411.74789215687497,2.939581923944147e-62
411.847892156875,4.095661870624973e-62
411.947892156875,5.704123292235394e-62
412.04789215687504,7.941087754312679e-62
412.14789215687506,1.1050892869340101e-61
412.2478921568751,1.5372376916314753e-61
412.3478921568751,2.1375238160716173e-61
412.4478921568751,2.971030993699061e-61
412.54789215687515,4.1279049127686265e-61
412.6478921568752,5.7329541591392815e-61
412.7478921568752,7.958908940174685e-61
412.8478921568752,1.1044724436058565e-60
412.94789215687524,1.5320837839390816e-60
413.04789215687526,2.1244006675421112e-60
413.1478921568753,2.94453434809831e-60
413.2478921568753,4.0796518472558134e-60
413.34789215687533,5.650096462006648e-60
413.44789215687535,7.821947642169548e-60
413.5478921568754,1.0824310182330989e-59
413.6478921568754,1.497310380697812e-59
413.7478921568754,2.070378381972323e-59
413.84789215687545,2.8616327355956716e-59
413.94789215687547,3.9537057877785336e-59
414.0478921568755,5.4603575771770166e-59
414.1478921568755,7.538138307037239e-59
414.24789215687554,1.0402396448733883e-58
414.34789215687556,1.4349242768673702e-58
414.4478921568756,1.9785673927283788e-58
414.5478921568756,2.727087005369037e-58
414.6478921568756,3.757278804675087e-58
414.74789215687565,5.174568416736518e-58
414.8478921568757,7.123626265016904e-58
414.9478921568757,9.802896148449612e-58
415.0478921568757,1.3484472416327465e-57
415.14789215687574,1.854128369211041e-57
415.24789215687576,2.5484253752004837e-57
415.3478921568758,3.5013080709506166e-57
415.4478921568758,4.8085596871984334e-57
415.54789215687583,6.601246947716297e-57
415.64789215687586,9.058644791671163e-57
415.7478921568759,1.2425868787670602e-56
415.8478921568759,1.703792014615629e-56
415.9478921568759,2.3352462093090783e-56
416.04789215687595,3.1994479945902513e-56
416.14789215687597,4.381710871050011e-56
416.247892156876,5.998444722218228e-56
416.347892156876,8.208425997623496e-56
416.44789215687604,1.122812905078391e-55
416.54789215687606,1.5352573532255353e-55
416.6478921568761,2.098366087935524e-55
416.7478921568761,2.8668674511536302e-55
416.8478921568761,3.915256787437342e-55
416.94789215687615,5.344894908656568e-55
417.0478921568762,7.293640815771076e-55
417.1478921568762,9.948918105017438e-55
417.2478921568762,1.3565431790285076e-54
417.34789215687624,1.8489180839468218e-54
417.44789215687626,2.5189990323814883e-54
417.5478921568763,3.430556791737323e-54
417.6478921568763,4.670114280919207e-54
417.74789215687633,6.355016540452187e-54
417.84789215687636,8.644346056099477e-54
417.9478921568764,1.1753680631958566e-53
418.0478921568764,1.5975038360215194e-53
418.1478921568764,2.1703821830065943e-53
418.24789215687645,2.947520292223857e-53
418.34789215687647,4.001323585152693e-53
418.4478921568765,5.429712399207114e-53
418.5478921568765,7.365059525550018e-53
418.64789215687654,9.986239514460172e-53
418.74789215687656,1.3534866524762126e-52
418.8478921568766,1.833716777838951e-52
418.9478921568766,2.483343649718165e-52
419.0478921568766,3.361767450740902e-52
419.14789215687665,4.549092795104501e-52
419.2478921568767,6.153301654202408e-52
419.3478921568767,8.319896017176418e-52
419.4478921568767,1.1244855346624079e-51
419.54789215687674,1.519204121196271e-51
419.64789215687676,2.0516565868510637e-51
419.7478921568768,2.76961555755568e-51
419.8478921568768,3.737322654893232e-51
419.94789215687683,5.041130951801667e-51
420.04789215687686,6.797068503628548e-51
420.1478921568769,9.160972869775485e-51
420.2478921568769,1.2342064997489626e-50
420.3478921568769,1.6621122245843994e-50
420.44789215687695,2.237479888361963e-50
420.54789215687697,3.010816027195325e-50
420.647892156877,4.0498186895857485e-50
420.747892156877,5.445192323202308e-50
420.84789215687704,7.318416954515981e-50
420.94789215687706,9.832124218183508e-50
421.0478921568771,1.3203949256830778e-49
421.1478921568771,1.7725015301368047e-49
421.2478921568771,2.378459020016523e-49
421.34789215687715,3.190296222222502e-49
421.4478921568772,4.277525708049801e-49
421.5478921568772,5.732981354124896e-49
421.6478921568772,7.680592297516706e-49
421.74789215687724,1.0285731370418317e-48
421.84789215687726,1.3768984953575123e-48
421.9478921568773,1.8424467936515954e-48
422.0478921568773,2.464417403560073e-48
422.14789215687733,3.295033704330497e-48
422.24789215687736,4.403842087227072e-48
422.3478921568774,5.88342059293722e-48
422.4478921568774,7.856956289919121e-48
422.5478921568774,1.0488299009049768e-47
422.64789215687745,1.3995295261736357e-47
422.74789215687747,1.866746530069653e-47
422.8478921568775,2.48894283691883e-47
422.9478921568775,3.3171932593126396e-47
423.04789215687754,4.419294138945534e-47
423.14789215687756,5.88520133086647e-47
423.2478921568776,7.834224685865597e-47
423.3478921568776,1.042454248517176e-46
423.44789215687763,1.3865778764202649e-46
423.54789215687765,1.8435622710696526e-46
423.6478921568777,2.450178016113354e-46
423.7478921568777,3.2550956027348817e-46
423.8478921568777,4.3227103916025955e-46
423.94789215687774,5.738188543092538e-46
424.04789215687777,7.614120929939561e-46
424.1478921568778,1.0099293845591785e-45
424.2478921568778,1.339024517496273e-45
424.34789215687783,1.774648440390546e-45
424.44789215687786,2.3510529844134776e-45
424.5478921568779,3.113427691845512e-45
424.6478921568779,4.121368365222892e-45
424.7478921568779,5.4534378087926336e-45
424.84789215687795,7.213160214100269e-45
424.94789215687797,9.536896612286232e-45
425.047892156878,1.2604187431209223e-44
425.147892156878,1.6651329436422882e-44
425.24789215687804,2.198919120986684e-44
425.34789215687806,2.902658077688664e-44
425.4478921568781,3.83008831019196e-44
425.5478921568781,5.051821266654355e-44
425.64789215687813,6.660601460413199e-44
425.74789215687815,8.778194551549883e-44
425.8478921568782,1.1564403534206038e-43
425.9478921568782,1.5228865667384823e-43
426.0478921568782,2.0046481432503632e-43
426.14789215687824,2.6377585446927036e-43
426.24789215687827,3.469430589107688e-43
426.3478921568783,4.561499694590183e-43
426.4478921568783,5.994919823909958e-43
426.54789215687833,7.875631557528789e-43
426.64789215687836,1.0342217908415482e-42
426.7478921568784,1.3575888416238353e-42
426.8478921568784,1.7813494239388584e-42
426.9478921568784,2.336448742380467e-42
427.04789215687845,3.063301052567443e-42
427.14789215687847,4.01466567350121e-42
427.2478921568785,5.2593899412954465e-42
427.3478921568785,6.887278429354964e-42
427.44789215687854,9.015424725168077e-42
427.54789215687856,1.1796441679642674e-41
427.6478921568786,1.542915494922442e-41
427.7478921568786,2.0172491368395094e-41
427.84789215687863,2.6363509222208817e-41
427.94789215687865,3.444079601124384e-41
428.0478921568787,4.49748190729527e-41
428.1478921568787,5.870727895027817e-41
428.2478921568787,7.660211493021473e-41
428.34789215687874,9.991158562319208e-41
428.44789215687877,1.3026184485027883e-40
428.5478921568788,1.6976371875178248e-40
428.6478921568788,2.2115604653636912e-40
428.74789215687883,2.8799108073612304e-40
428.84789215687886,3.748741893842537e-40
428.9478921568789,4.8777363689614685e-40
429.0478921568789,6.344207666697681e-40
429.1478921568789,8.248267537647362e-40
429.24789215687895,1.0719496085323798e-39
429.34789215687897,1.3925547631895234e-39
429.447892156879,1.8083249666412625e-39
429.547892156879,2.347291120807126e-39
429.64789215687904,3.045676102415686e-39
429.74789215687906,3.950269791188837e-39
429.8478921568791,5.121487083423546e-39
429.9478921568791,6.63730367233878e-39
430.04789215687913,8.598319457875849e-39
430.14789215687915,1.113426997206327e-38
430.2478921568792,1.4412396462728242e-38
430.3478921568792,1.8648200741160052e-38
430.4478921568792,2.4119258545373355e-38
430.54789215687924,3.118295389081955e-38
430.64789215687927,4.0299237999496656e-38
430.7478921568793,5.205982433529617e-38
430.8478921568793,6.722562437832911e-38
430.94789215687933,8.677473038760893e-38
431.04789215687936,1.1196389121293228e-37
431.1478921568794,1.4440724295117652e-37
431.2478921568794,1.8617709583212012e-37
431.3478921568794,2.39932903035726e-37
431.44789215687945,3.090862234561112e-37
431.54789215687947,3.9801163678019706e-37
431.6478921568795,5.123162999890322e-37
431.7478921568795,6.591843071600671e-37
431.84789215687954,8.478164290153484e-37
431.94789215687956,1.0899914180613105e-36
432.0478921568796,1.400782189776419e-36
432.1478921568796,1.799469235584022e-36
432.24789215687963,2.310705102219058e-36
432.34789215687965,2.9659983331434893e-36
432.4478921568797,3.805603730652589e-36
432.5478921568797,4.880929197949746e-36
432.6478921568797,6.257599066680473e-36
432.74789215687974,8.019351358244736e-36
432.84789215687977,1.0272993949852755e-35
432.9478921568798,1.3154704746164246e-35
433.0478921568798,1.683803700675858e-35
433.14789215687983,2.1544087122597602e-35
433.24789215687986,2.7554403628566315e-35
433.3478921568799,3.522736970357309e-35
433.4478921568799,4.501898517519914e-35
433.5478921568799,5.750921859215532e-35
433.64789215687995,7.343540843212696e-35
433.74789215687997,9.373458153728299e-35
433.84789215688,1.1959704722248016e-34
433.94789215688,1.5253424331223199e-34
434.04789215688004,1.9446458843173086e-34
434.14789215688006,2.478220743587207e-34
434.2478921568801,3.156935647510092e-34
434.3478921568801,4.019923168030539e-34
434.44789215688013,5.116771914343098e-34
434.54789215688015,6.510294670266524e-34
434.6478921568802,8.280022486545546e-34
434.7478921568802,1.0526613283068923e-33
434.8478921568802,1.3377412008236456e-33
434.94789215688024,1.699346024039065e-33
435.04789215688027,2.157832940981169e-33
435.1478921568803,2.7389247455147416e-33
435.2478921568803,3.475110855771523e-33
435.34789215688033,4.407410567766912e-33
435.44789215688036,5.587591350435243e-33
435.5478921568804,7.080958455339133e-33
435.6478921568804,8.969861524311237e-33
435.7478921568804,1.1358100650087244e-32
435.84789215688045,1.4376460301755157e-32
435.94789215688047,1.8189656938322388e-32
436.0478921568805,2.300505782436759e-32
436.1478921568805,2.908361804486373e-32
436.24789215688054,3.6753594359932853e-32
436.34789215688056,4.6427733773149053e-32
436.4478921568806,5.862480825259769e-32
436.5478921568806,7.399658331582211e-32
436.64789215688063,9.336157756075748e-32
436.74789215688065,1.1774730558839862e-31
436.8478921568807,1.4844311410789465e-31
436.9478921568807,1.870662401600005e-31
437.0478921568807,2.356443658950811e-31
437.14789215688074,2.9671874660770477e-31
437.24789215688077,3.7347298540640594e-31
437.3478921568808,4.698937655646591e-31
437.4478921568808,5.909713878706595e-31
437.54789215688083,7.429498663933056e-31
437.64789215688086,9.336387000263371e-31
437.7478921568809,1.1728013676792473e-30
437.8478921568809,1.4726392262817413e-30
437.9478921568809,1.8483939885124904e-30
438.04789215688095,2.319097525702781e-30
438.14789215688097,2.90850463266941e-30
438.247892156881,3.6462529158532825e-30
438.347892156881,4.5693045066638274e-30
438.44789215688104,5.723737329484051e-30
438.54789215688106,7.166969748264073e-30
438.6478921568811,8.970522290494541e-30
438.7478921568811,1.1223444680011252e-29
438.84789215688113,1.4036566679112768e-29
438.94789215688115,1.7547768571104934e-29
439.0478921568812,2.1928513134269833e-29
439.1478921568812,2.7391937665492024e-29
439.2478921568812,3.4202874458272925e-29
439.34789215688124,4.2690254132970765e-29
439.44789215688127,5.326245204385167e-29
439.5478921568813,6.642626816632638e-29
439.6478921568813,8.281039093320807e-29
439.74789215688133,1.031943922175476e-28
439.84789215688136,1.2854454234509788e-28
439.9478921568814,1.6005803080717511e-28
440.0478921568814,1.9921754264014705e-28
440.1478921568814,2.4785858740346926e-28
440.24789215688145,3.0825252584750805e-28
440.34789215688147,3.8320891133553754e-28
440.4478921568815,4.762015864812556e-28
440.5478921568815,5.915239839697136e-28
440.64789215688154,7.344803152268491e-28
440.74789215688156,9.116208415669391e-28
440.8478921568816,1.1310312706943893e-27
440.9478921568816,1.4026885812762102e-27
441.04789215688163,1.7388983401976157e-27
441.14789215688165,2.154831951142095e-27
441.2478921568817,2.6691863931820478e-27
441.3478921568817,3.304994036895291e-27
441.4478921568817,4.090616260929492e-27
441.54789215688174,5.0609620741732945e-27
441.64789215688177,6.258982069452274e-27
441.7478921568818,7.737499147941041e-27
441.8478921568818,9.56145098867046e-27
441.94789215688184,1.1810635715261315e-26
442.04789215688186,1.4583072263323617e-26
442.1478921568819,1.7999111341228124e-26
442.2478921568819,2.2206462529760484e-26
442.3478921568819,2.7386339102766366e-26
442.44789215688195,3.3760965926567924e-26
442.54789215688197,4.1602748949520746e-26
442.647892156882,5.124546930548358e-26
442.747892156882,6.309794331943122e-26
442.84789215688204,7.766068461005226e-26
442.94789215688206,9.554621952157953e-26
443.0478921568821,1.1750384649439276e-25
443.1478921568821,1.4444979877732618e-25
443.24789215688213,1.775039742132665e-25
443.34789215688215,2.180346430664581e-25
443.4478921568822,2.67712843884918e-25
443.5478921568822,3.2857853889416047e-25
443.6478921568822,4.031210372621585e-25
443.74789215688224,4.943767222306668e-25
443.84789215688227,6.060477551741526e-25
443.9478921568823,7.426461984739107e-25
444.0478921568823,9.096689265268859e-25
444.14789215688234,1.1138098124745998e-24
444.24789215688236,1.3632170260146296e-24
444.3478921568824,1.6678049013359373e-24
444.4478921568824,2.0396317894220458e-24
444.5478921568824,2.4933576623493965e-24
444.64789215688245,3.04679806861838e-24
444.7478921568825,3.721594443592243e-24
444.8478921568825,4.544024872198752e-24
444.9478921568825,5.545984319037045e-24
445.04789215688254,6.766169247574655e-24
445.14789215688256,8.251508640805334e-24
445.2478921568826,1.0058891944213202e-23
445.3478921568826,1.2257254657137791e-23
445.44789215688263,1.4930094533648067e-23
445.54789215688265,1.817850601603032e-23
445.6478921568827,2.212483808666631e-23
445.7478921568827,2.691710175198219e-23
445.8478921568827,3.2734278537886256e-23
445.94789215688274,3.9792711480600066e-23
446.04789215688277,4.835379609333492e-23
446.1478921568828,5.87332318120324e-23
446.2478921568828,7.131214582104318e-23
446.34789215688284,8.65504625353038e-23
446.44789215688286,1.050029652738085e-22
446.5478921568829,1.2733858406178633e-22
446.6478921568829,1.5436354773062143e-22
446.7478921568829,1.8704916273039573e-22
446.84789215688295,2.265651291072982e-22
446.947892156883,2.7431948040455146e-22
447.047892156883,3.3200644412565045e-22
447.147892156883,4.0166376913508063e-22
447.24789215688304,4.857413634006826e-22
447.34789215688306,5.871834386019734e-22
447.4478921568831,7.095267777452777e-22
447.5478921568831,8.570182403394812e-22
447.64789215688313,1.0347552114277417e-21
447.74789215688315,1.2488534030033233e-21
447.8478921568832,1.506647249321088e-21
447.9478921568832,1.8169291252528807e-21
448.0478921568832,2.190234787316014e-21
448.14789215688324,2.6391838235580482e-21
448.24789215688327,3.1788855402620186e-21
448.3478921568833,3.827422656552473e-21
448.4478921568833,4.606427476713892e-21
448.54789215688334,5.5417679282377576e-21
448.64789215688336,6.664364066403115e-21
448.7478921568834,8.011159441847174e-21
448.8478921568834,9.626276209830444e-21
448.9478921568834,1.1562388150565789e-20
449.04789215688345,1.38823520120541e-20
449.1478921568835,1.666114494813256e-20
449.2478921568835,1.9988164501655658e-20
449.3478921568835,2.396995780652088e-20
449.44789215688354,2.8733458722861067e-20
449.54789215688356,3.4429825793598086e-20
449.6478921568836,4.123899058812103e-20
449.7478921568836,4.9375045613490654e-20
449.84789215688363,5.909262403212499e-20
449.94789215688365,7.069445051976169e-20
450.0478921568837,8.454027442078992e-20
450.1478921568837,1.0105743371799968e-19
450.2478921568837,1.207533421738345e-19
450.34789215688374,1.4423024342098114e-19
450.44789215688377,1.722026360650209e-19
450.5478921568838,2.0551784450684994e-19
450.6478921568838,2.4518029294041643e-19
450.74789215688384,2.9238013686133477e-19
450.84789215688386,3.4852701979610646e-19
450.9478921568839,4.1528985557771286e-19
451.0478921568839,4.946436915461182e-19
451.1478921568839,5.88924889255209e-19
451.24789215688395,7.008960709342596e-19
451.347892156884,8.338225270906572e-19
451.447892156884,9.915620690642276e-19
451.547892156884,1.1786706467939978e-18
451.64789215688404,1.40052644435386e-18
451.74789215688406,1.663475623013139e-18
451.8478921568841,1.9750034141756865e-18
451.9478921568841,2.3439348846952542e-18
452.04789215688413,2.780670418815417e-18
452.14789215688415,3.297461800597943e-18
452.2478921568842,3.9087357569858114e-18
452.3478921568842,4.631472956313608e-18
452.4478921568842,5.485651775221433e-18
452.54789215688425,6.4947676775040575e-18
452.64789215688427,7.686440824852747e-18
452.7478921568843,9.093126600260018e-18
452.8478921568843,1.0752946114472515e-17
452.94789215688434,1.2710656535478474e-17
453.04789215688436,1.5018784289531215e-17
453.1478921568844,1.7738947897475728e-17
453.2478921568844,2.094340151019217e-17
453.3478921568844,2.4716835181538336e-17
453.44789215688445,2.915847366937113e-17
453.5478921568845,3.438452220354569e-17
453.6478921568845,4.053101534020624e-17
453.7478921568845,4.7757133890329976e-17
453.84789215688454,5.624906514635405e-17
453.94789215688456,6.622449343908512e-17
454.0478921568846,7.793782167316592e-17
454.1478921568846,9.16862401824779e-17
454.24789215688463,1.0781677732540928e-16
454.34789215688465,1.2673448705666253e-16
454.4478921568847,1.48911952670719e-16
454.5478921568847,1.7490031347333108e-16
454.6478921568847,2.0534205282840405e-16
454.74789215688475,2.4098582244979897e-16
454.84789215688477,2.827036196476601e-16
454.9478921568848,3.3151068227991374e-16
455.0478921568848,3.885885212944802e-16
455.14789215688484,4.553115739941776e-16
455.24789215688486,5.33278033672871e-16
455.3478921568849,6.243454943777989e-16
455.4478921568849,7.306721447498599e-16
455.5478921568849,8.547643538883824e-16
455.64789215688495,9.995316169195889e-16
455.747892156885,1.1683499706229234e-15
455.847892156885,1.365135152589766e-15
455.947892156885,1.594426963794756e-15
456.04789215688504,1.861486507373622e-15
456.14789215688506,2.1724082194753078e-15
456.2478921568851,2.5342488854293335e-15
456.3478921568851,2.9551761508294856e-15
456.44789215688513,3.444639397788111e-15
456.54789215688515,4.0135662675638864e-15
456.6478921568852,4.67458857879812e-15
456.7478921568852,5.442301923382626e-15
456.8478921568852,6.3335638281888255e-15
456.94789215688525,7.367836060298448e-15
457.04789215688527,8.567577437028636e-15
457.1478921568853,9.958694392386097e-15
457.2478921568853,1.1571057562651322e-14
457.34789215688534,1.3439093801391222e-14
457.44789215688536,1.560246433612559e-14
457.5478921568854,1.810684125516651e-14
457.6478921568854,2.1004796186331316e-14
457.7478921568854,2.435681692463949e-14
457.84789215688545,2.823246991218409e-14
457.9478921568855,3.2711728902093556e-14
458.0478921568855,3.788649288571489e-14
458.1478921568855,4.386231946810412e-14
458.24789215688554,5.0760403386697116e-14
458.34789215688556,5.871983383218773e-14
458.4478921568856,6.790016870578365e-14
458.5478921568856,7.848436899644294e-14
458.64789215688563,9.068214215633656e-14
458.74789215688565,1.047337497718112e-13
458.8478921568857,1.2091434205910366e-13
458.9478921568857,1.395388898578279e-13
459.0478921568857,1.6096779396118635e-13
459.14789215688575,1.8561326193305096e-13
459.24789215688577,2.139465541556987e-13
459.3478921568858,2.465062138811426e-13
459.4478921568858,2.839074106937747e-13
459.54789215688584,3.268525432221663e-13
459.64789215688586,3.7614326537409696e-13
459.7478921568859,4.3269412104563274e-13
459.8478921568859,4.975479954328183e-13
459.9478921568859,5.718936170424586e-13
460.04789215688595,6.570853735775111e-13
460.147892156886,7.546657374189165e-13
460.247892156886,8.663906328335687e-13
460.347892156886,9.94258117745163e-13
460.44789215688604,1.1405407983946762e-12
460.54789215688606,1.3078224460257491e-12
460.6478921568861,1.4990393414499585e-12
460.7478921568861,1.7175269366321594e-12
460.84789215688613,1.967072493010154e-12
460.94789215688616,2.251974434923872e-12
461.0478921568862,2.5771092441580528e-12
461.1478921568862,2.9480068191694735e-12
461.2478921568862,3.3709353311455645e-12
461.34789215688625,3.85299672980334e-12
461.44789215688627,4.402234186082876e-12
461.5478921568863,5.027752908043763e-12
461.6478921568863,5.739855931903202e-12
461.74789215688634,6.550196673983941e-12
461.84789215688636,7.47195023325453e-12
461.9478921568864,8.520005660224177e-12
462.0478921568864,9.711181658464037e-12
462.1478921568864,1.1064468462463983e-11
462.24789215688645,1.2601298942621469e-11
462.3478921568865,1.4345852327882628e-11
462.4478921568865,1.6325394312175217e-11
462.5478921568865,1.8570657725861545e-11
462.64789215688654,2.1116268411876864e-11
462.74789215688656,2.4001221452272576e-11
462.8478921568866,2.726941344916893e-11
462.9478921568866,3.097023717970521e-11
463.04789215688663,3.5159245622947046e-11
463.14789215688666,3.989889310385946e-11
463.2478921568867,4.5259362121894363e-11
463.3478921568867,5.131948533654343e-11
463.4478921568867,5.8167773177058435e-11
463.54789215688675,6.590355863677995e-11
463.64789215688677,7.463827201319472e-11
463.7478921568868,8.449685967274203e-11
463.8478921568868,9.561936236515452e-11
463.94789215688684,1.0816267019720771e-10
464.04789215688686,1.2230247311260242e-10
464.1478921568869,1.382354276267227e-10
464.2478921568869,1.5618156264669175e-10
464.3478921568869,1.763869494841347e-10
464.44789215688695,1.991266636571502e-10
464.547892156887,2.247080687974181e-10
464.647892156887,2.5347445594756827e-10
464.747892156887,2.8580907477402303e-10
464.84789215688704,3.221395967539186e-10
464.94789215688706,3.6294305424585344e-10
465.0478921568871,4.0875130354885403e-10
465.1478921568871,4.6015706462017836e-10
465.24789215688713,5.178205950900832e-10
465.34789215688716,5.824770616124267e-10
465.4478921568872,6.549446774581657e-10
465.5478921568872,7.361336816307118e-10
465.6478921568872,8.270562416968991e-10
465.74789215688725,9.288373700260891e-10
465.84789215688727,1.0427269512572742e-09
465.9478921568873,1.170112987616525e-09
466.0478921568873,1.3125361782350427e-09
466.14789215688734,1.4717059589242577e-09
466.24789215688736,1.6495181400051468e-09
466.3478921568874,1.848074291824026e-09
466.4478921568874,2.0697030405793775e-09
466.54789215688743,2.316983451100748e-09
466.64789215688745,2.592770688331796e-09
466.7478921568875,2.900224165549518e-09
466.8478921568875,3.2428384048792306e-09
466.9478921568875,3.6244768545219736e-09
467.04789215688754,4.049408927384853e-09
467.14789215688756,4.522350547586435e-09
467.2478921568876,5.048508514693771e-09
467.3478921568876,5.633629020635444e-09
467.44789215688763,6.284050681130133e-09
467.54789215688766,7.006762472282323e-09
467.6478921568877,7.809466993839555e-09
467.7478921568877,8.700649513596545e-09
467.8478921568877,9.68965328269571e-09
467.94789215688775,1.0786761649236246e-08
468.04789215688777,1.2003287537799574e-08
468.1478921568878,1.3351670905362227e-08
468.2478921568878,1.4845584829741115e-08
468.34789215688784,1.650005093534386e-08
468.44789215688786,1.833156491272901e-08
468.5478921568879,2.035823294347031e-08
468.6478921568879,2.2599919900220053e-08
468.74789215688793,2.5078410253841738e-08
468.84789215688795,2.781758268519154e-08
468.947892156888,3.0843599468733206e-08
469.047892156888,3.4185111768847475e-08
469.147892156888,3.7873482067597305e-08
469.24789215688804,4.19430250250177e-08
469.34789215688807,4.6431268159868575e-08
469.4478921568881,5.137923383039443e-08
469.5478921568881,5.6831744091137886e-08
469.64789215688813,6.283775010341662e-08
469.74789215688816,6.945068788385472e-08
469.8478921568882,7.672886228750927e-08
469.9478921568882,8.47358612398015e-08
470.0478921568882,9.354100235478111e-08
470.14789215688825,1.0321981420636636e-07
470.24789215688827,1.1385455465420634e-07
470.3478921568883,1.2553476876683557e-07
470.4478921568883,1.3835788903191937e-07
470.54789215688834,1.5242988069668202e-07
470.64789215688836,1.6786593524115148e-07
470.7478921568884,1.847912151526807e-07
470.8478921568884,2.0334165334228393e-07
470.94789215688843,2.2366481072174284e-07
471.04789215688845,2.459207956450444e-07
471.1478921568885,2.7028324910853143e-07
471.2478921568885,2.969403998010363e-07
471.3478921568885,3.2609619329809826e-07
471.44789215688854,3.5797149990295756e-07
471.54789215688857,3.928054058512195e-07
471.6478921568886,4.308565928154824e-07
471.7478921568886,4.7240481087073976e-07
471.84789215688863,5.177524503104094e-07
471.94789215688866,5.672262179361672e-07
472.0478921568887,6.21178923681846e-07
472.1478921568887,6.799913836718957e-07
472.2478921568887,7.440744460578846e-07
472.34789215688875,8.138711462213307e-07
472.44789215688877,8.89858998177298e-07
472.5478921568888,9.725524292596937e-07
472.6478921568888,1.0625053654152728e-06
472.74789215688884,1.1603139746779374e-06
472.84789215688886,1.2666195766370632e-06
472.9478921568889,1.382111725952033e-06
473.0478921568889,1.5075314781987546e-06
473.14789215688893,1.6436748465613637e-06
473.24789215688895,1.7913964581020408e-06
473.347892156889,1.951613418552497e-06
473.447892156889,2.1253093947705393e-06
473.547892156889,2.313538924192477e-06
473.64789215688904,2.517431960785051e-06
473.74789215688907,2.7381986671574315e-06
473.8478921568891,2.9771344626322276e-06
473.9478921568891,3.2356253371923386e-06
474.04789215688913,3.51515344131596e-06
474.14789215688916,3.817302961782112e-06
474.2478921568892,4.143766293571908e-06
474.3478921568892,4.496350518003468e-06
474.4478921568892,4.876984197218181e-06
474.54789215688925,5.287724495080811e-06
474.64789215688927,5.730764634461888e-06
474.7478921568893,6.20844170073614e-06
474.8478921568893,6.723244801151298e-06
474.94789215688934,7.277823589495497e-06
475.04789215688936,7.874997165214503e-06
475.1478921568894,8.517763355799853e-06
475.2478921568894,9.209308390882046e-06
475.34789215688943,9.953016976015582e-06
475.44789215688945,1.0752482773632843e-05
475.5478921568895,1.1611519298066648e-05
475.6478921568895,1.2534171230895e-05
475.7478921568895,1.3524726162141927e-05
475.84789215688954,1.4587726762072663e-05
475.94789215688957,1.5727983387446354e-05
476.0478921568896,1.695058712513203e-05
476.1478921568896,1.8260923274951177e-05
476.24789215688963,1.9664685272479322e-05
476.34789215688966,2.1167889051317153e-05
476.4478921568897,2.27768878430277e-05
476.5478921568897,2.4498387411524452e-05
476.6478921568897,2.6339461717187913e-05
476.74789215688975,2.8307569004380155e-05
476.84789215688977,3.041056830431755e-05
476.9478921568898,3.265673634345054e-05
477.0478921568898,3.505478484558508e-05
477.14789215688984,3.761387821396035e-05
477.24789215688986,4.034365157737533e-05
477.3478921568899,4.325422918222867e-05
477.4478921568899,4.63562431100066e-05
477.54789215688993,4.966085229732053e-05
477.64789215688995,5.3179761833061405e-05
477.74789215689,5.6925242504607894e-05
477.84789215689,6.0910150562296346e-05
477.94789215689,6.514794766854005e-05
478.04789215689004,6.96527209950776e-05
478.14789215689007,7.443920342883737e-05
478.2478921568901,7.952279384383167e-05
478.3478921568901,8.491957739335419e-05
478.44789215689013,9.064634577353948e-05
478.54789215689016,9.672061740607742e-05
478.6478921568902,0.00010316065748455558
478.7478921568902,0.00010998549782553915
478.8478921568902,0.00011721495646210833
478.94789215689025,0.00012486965691415605
479.04789215689027,0.00013297104706632383
479.1478921568903,0.00014154141758103132
479.2478921568903,0.0001506039197706481
479.34789215689034,0.00016018258284947035
479.44789215689036,0.00017030233048283467
479.5478921568904,0.00018098899654741534
479.6478921568904,0.00019226934001354823
479.74789215689043,0.0002041710588573072
479.84789215689045,0.0002167228029070519
479.9478921568905,0.00022995418552627798
480.0478921568905,0.0002438957940318687
480.1478921568905,0.00025857919874426653
480.24789215689054,0.0002740369605636883
480.34789215689057,0.00029030263696432155
480.4478921568906,0.0003074107862964696
480.5478921568906,0.00032539697028489
480.64789215689063,0.0003442977546101109
480.74789215689066,0.00036415070745834114
480.8478921568907,0.00038499439592472247
480.9478921568907,0.0004068683801541377
481.0478921568907,0.00042981320510359895
481.14789215689075,0.0004538703898104298
481.24789215689077,0.00047908241405102917
481.3478921568908,0.0005054927022759861
481.4478921568908,0.0005331456047087448
481.54789215689084,0.00056208637549688
481.64789215689086,0.0005923611478073757
481.7478921568909,0.0006240169057601389
481.8478921568909,0.000657101453097287
481.94789215689093,0.0006916633784895949
482.04789215689095,0.0007277520173858733
482.147892156891,0.0007654174103159341
482.247892156891,0.0008047102575633061
482.347892156891,0.0008456818701298582
482.44789215689104,0.0008883841169211219
482.54789215689107,0.0009328693680882517
482.6478921568911,0.0009791904344703438
482.7478921568911,0.0010274005030891454
482.84789215689113,0.0010775530686571177
482.94789215689116,0.0011297018610692852
483.0478921568912,0.0011839007688593715
483.1478921568912,0.0012402037586113296
483.2478921568912,0.001298664790328532
483.34789215689125,0.0013593377287745825
483.44789215689127,0.0014222762508119173
483.5478921568913,0.0014875337487770663
483.6478921568913,0.0015551632299446178
483.74789215689134,0.0016252172121455526
483.84789215689136,0.0016977476156196359
483.9478921568914,0.0017728056511959966
484.0478921568914,0.0018504417049107534
484.14789215689143,0.0019307052191856605
484.24789215689145,0.002013644570707057
484.3478921568915,0.0020993069451599707
484.4478921568915,0.002187738208987995
484.5478921568915,0.002278982778365377
484.64789215689154,0.002373083485583734
484.74789215689157,0.0024700814430717306
484.8478921568916,0.002570015905282013
484.9478921568916,0.00267292412869543
485.04789215689163,0.0027788412302083092
485.14789215689166,0.0028878000441838986
485.2478921568917,0.0029998309784642642
485.3478921568917,0.0031149618696536666
485.4478921568917,0.003233217837998785
485.54789215689175,0.003354621142205021
485.64789215689177,0.00347919103454132
485.7478921568918,0.003606943616598651
485.8478921568918,0.003737891696079156
485.94789215689184,0.0038720446450041164
486.04789215689186,0.004009408259739207
486.1478921568919,0.004149984623244834
486.2478921568919,0.004293771969967753
486.34789215689193,0.004440764553797494
486.44789215689195,0.004590952519517296
486.547892156892,0.004744321778184321
486.647892156892,0.004900853886877658
486.747892156892,0.0050605259332551535
486.84789215689204,0.00522331042536123
486.94789215689207,0.0053891751871275526
487.0478921568921,0.0055580832600067975
487.1478921568921,0.005729992811176455
487.24789215689214,0.0059048570487449815
487.34789215689216,0.00608262414438631
487.4478921568922,0.006263237163820879
487.5478921568922,0.006446634005551879
487.6478921568922,0.006632747348254376
487.74789215689225,0.0068215046072022615
487.84789215689227,0.007012827900103671
487.9478921568923,0.007206634022699583
488.0478921568923,0.007402834434462712
488.14789215689234,0.007601335254714782
488.24789215689236,0.00780203726945941
488.3478921568924,0.008004835949205709
488.4478921568924,0.008209621478033913
488.54789215689243,0.008416278794129144
488.64789215689245,0.008624687641982853
488.7478921568925,0.008834722636433576
488.8478921568925,0.009046253338689351
488.9478921568925,0.00925914434444388
489.04789215689254,0.009473255384166879
489.14789215689257,0.00968844143561664
489.2478921568926,0.009904552848589248
489.3478921568926,0.010121435481884706
489.44789215689264,0.010338930852435061
489.54789215689266,0.0105568762965041
489.6478921568927,0.010775105142831913
489.7478921568927,0.010993446897561166
489.8478921568927,0.011211727440745119
489.94789215689275,0.011429769234200424
490.0478921568928,0.011647391540430957
490.1478921568928,0.011864410652312014
490.2478921568928,0.012080640133187768
490.34789215689284,0.012295891066998795
490.44789215689286,0.012509972318020845
490.5478921568929,0.012722690799761254
490.6478921568929,0.012933851752525354
490.74789215689293,0.013143259029132109
490.84789215689295,0.013350715388226317
490.947892156893,0.013556022794603946
491.047892156893,0.013758982725937884
491.147892156893,0.013959396485263436
491.24789215689304,0.014157065518556786
491.34789215689307,0.014351791736715094
491.4478921568931,0.014543377841224293
491.5478921568931,0.014731627652780023
491.64789215689314,0.014916346442108567
491.74789215689316,0.015097341262218216
491.8478921568932,0.015274421281297378
491.9478921568932,0.01544739811546397
492.0478921568932,0.015616086160561123
492.14789215689325,0.015780302922187503
492.2478921568933,0.015939869343145945
492.3478921568933,0.016094610127492477
492.4478921568933,0.0162443540603685
492.54789215689334,0.01638893432280235
492.64789215689336,0.016528188800672576
492.7478921568934,0.016661960387033985
492.8478921568934,0.0167900972770189
492.94789215689343,0.01691245325454012
493.04789215689345,0.0170288879700386
493.1478921568935,0.01713926720853829
493.2478921568935,0.017243463147291894
493.3478921568935,0.017341354602325925
493.44789215689354,0.017432827263219566
493.54789215689357,0.01751777391548101
493.6478921568936,0.017596094649915822
493.7478921568936,0.017667697058415185
493.84789215689364,0.017732496415626995
493.94789215689366,0.01779041584600994
494.0478921568937,0.0178413864758095
494.1478921568937,0.017885347569535356
494.2478921568937,0.017922246650561593
494.34789215689375,0.0179520396055146
494.4478921568938,0.017974690772157843
494.5478921568938,0.017990173010528594
494.6478921568938,0.017998467757127826
494.74789215689384,0.017999565062011925
494.84789215689386,0.017993463608682432
494.9478921568939,0.01798017071671813
495.0478921568939,0.017959702327142193
495.14789215689393,0.01793208297056525
495.24789215689395,0.01789734571819357
495.347892156894,0.017855532115839214
495.447892156894,0.017806692101116652
495.547892156894,0.01775088390405668
495.64789215689405,0.017688173931414607
495.74789215689407,0.017618636634994484
495.8478921568941,0.017542354364354754
495.9478921568941,0.01745941720430335
496.04789215689414,0.017369922797630975
496.14789215689416,0.017273976153570892
496.2478921568942,0.01717168944251105
496.3478921568942,0.017063181777520232
496.4478921568942,0.01694857898328373
496.54789215689425,0.016828013353075703
496.6478921568943,0.016701623394425033
496.7478921568943,0.016569553564158634
496.8478921568943,0.016431953993531166
496.94789215689434,0.016288980204172496
497.04789215689436,0.016140792815604214
497.1478921568944,0.015987557245094
497.2478921568944,0.015829443400631374
497.34789215689443,0.015666625367820514
497.44789215689445,0.01549928109149557
497.5478921568945,0.015327592052870547
497.6478921568945,0.015151742943040244
497.7478921568945,0.014971921333650317
497.84789215689455,0.01478831734555341
497.94789215689457,0.01460112331626484
498.0478921568946,0.01441053346702504
498.1478921568946,0.014216743570267436
498.24789215689464,0.014019950618279247
498.34789215689466,0.013820352493829343
498.4478921568947,0.013618147643521527
498.5478921568947,0.013413534754613715
498.6478921568947,0.013206712436023428
498.74789215689475,0.012997878904218009
498.8478921568948,0.012787231674664067
498.9478921568948,0.012574967259484898
499.0478921568948,0.01236128087194732
499.14789215689484,0.012146366138370423
499.24789215689486,0.011930414818018417
499.3478921568949,0.011713616531508193
499.4478921568949,0.011496158498229426
499.54789215689493,0.011278225283241329
499.64789215689495,0.011059998554075542
499.747892156895,0.010841656847839273
499.847892156895,0.010623375348976864
499.947892156895,0.010405325678011555
500.04789215689505,0.010187675691552519
500.14789215689507,0.009970589293815302
500.2478921568951,0.009754226259866945
500.3478921568951,0.009538742070770104
500.44789215689514,0.009324287760763987
500.54789215689516,0.009111009776583523
500.6478921568952,0.008899049848982429
500.7478921568952,0.00868854487649062
500.8478921568952,0.008479626821401782
500.94789215689525,0.00827242261795329
501.0478921568953,0.008067054092627757
501.1478921568953,0.007863637896473706
501.2478921568953,0.007662285449312091
501.34789215689534,0.007463102895665815
501.44789215689536,0.007266191072221117
501.5478921568954,0.007071645486602625
501.6478921568954,0.00687955630721832
501.74789215689543,0.006690008363906396
501.84789215689545,0.00650308115909338
501.9478921568955,0.006318848889151579
502.0478921568955,0.006137380475624431
502.1478921568955,0.0059587396059702005
502.24789215689555,0.005782984783458065
502.34789215689557,0.005610169385835847
502.4478921568956,0.0054403417323754324
502.5478921568956,0.005273545158890351
502.64789215689564,0.0051098181003100965
502.74789215689566,0.0049491941803873835
502.8478921568957,0.004791702308107791
502.9478921568957,0.004637366780366108
503.0478921568957,0.004486207390469962
503.14789215689575,0.0043382395420292355
503.2478921568958,0.004193474367789027
503.3478921568958,0.004051918852964622
503.4478921568958,0.003913575962639104
503.54789215689584,0.003778444772787482
503.64789215689586,0.003646520604496053
503.7478921568959,0.003517795160951378
503.8478921568959,0.0033922566667803915
503.94789215689593,0.00326989000933115
504.04789215689595,0.003150676881492808
504.147892156896,0.003034595925663449
504.247892156896,0.0029216228784852537
504.347892156896,0.0028117307159781944
504.44789215689605,0.0027048897987158593
504.54789215689607,0.0026010680167000855
504.6478921568961,0.002500230933604759
504.7478921568961,0.0024023419300733292
504.84789215689614,0.002307362345769218
504.94789215689616,0.0022152516198933455
505.0478921568962,0.002125967429898327
505.1478921568962,0.0020394658281444405
505.2478921568962,0.001955701376258323
505.34789215689625,0.001874627276971135
505.4478921568963,0.0017961955032289654
505.5478921568963,0.0017203569243841419
505.6478921568963,0.0016470614292920334
505.74789215689634,0.001576258046153705
505.84789215689636,0.0015078950589604084
505.9478921568964,0.0014419201204112977
506.0478921568964,0.0013782803611909415
506.14789215689643,0.0013169224955080349
506.24789215689646,0.001257792922811274
506.3478921568965,0.001200837825612478
506.4478921568965,0.0011460032633608273
506.5478921568965,0.0010932352623253688
506.64789215689655,0.0010424799014558015
506.74789215689657,0.0009936833942039125
506.8478921568966,0.0009467921662999012
506.9478921568966,0.0009017529294891137
507.04789215689664,0.0008585127512455444
507.14789215689666,0.000817019120488632
507.2478921568967,0.0007772200093395916
507.3478921568967,0.000739063930962558
507.4478921568967,0.0007024999935443751
507.54789215689675,0.0006674779504747643
507.6478921568968,0.0006339482467959703
507.7478921568968,0.000601862061997763
507.8478921568968,0.0005711713492398655
507.94789215689684,0.0005418288710895371
508.04789215689686,0.0005137882318670968
508.1478921568969,0.00048700390669673794
508.2478921568969,0.0004614312673639642
508.34789215689693,0.00043702660508446677
508.44789215689696,0.0004137471502922406
508.547892156897,0.00039155108955720775
508.647892156897,0.00037039757974464136
508.747892156897,0.00035024675953022704
508.84789215689705,0.0003310597583857166
508.94789215689707,0.0003127987031508318
509.0478921568971,0.0002954267223073747
509.1478921568971,0.00027890794807142855
509.24789215689714,0.0002632075164190945
509.34789215689716,0.00024829156516045135
509.4478921568972,0.0002341272301753415
509.5478921568972,0.00022068263992320797
509.6478921568972,0.0002079269083375712
509.74789215689725,0.00019583012621383076
509.8478921568973,0.00018436335119696024
509.9478921568973,0.00017349859647332116
510.0478921568973,0.00016320881826830842
510.14789215689734,0.00015346790224884152
510.24789215689736,0.0001442506489268774
510.3478921568974,0.00013553275815714728
510.4478921568974,0.00012729081281923717
510.54789215689743,0.0001195022617709485
510.64789215689746,0.00011214540215661589
510.7478921568975,0.00010519936115074036
510.8478921568975,9.864407721392332e-05
510.9478921568975,9.246028093468893e-05
511.04789215689755,8.662947552735901e-05
511.14789215689757,8.113391705272256e-05
511.2478921568976,7.595659442481829e-05
511.3478921568976,7.108120926375232e-05
511.44789215689764,6.649215565109833e-05
511.54789215689766,6.217449984109514e-05
511.6478921568977,5.8113959977571527e-05
511.7478921568977,5.429688586329907e-05
511.84789215689773,5.0710238825307974e-05
511.94789215689775,4.734157171660936e-05
512.0478921568978,4.417900909174562e-05
512.1478921568978,4.1211227590660926e-05
512.2478921568978,3.842743656253126e-05
512.3478921568978,3.581735895844168e-05
512.4478921568979,3.337121251913301e-05
512.5478921568979,3.107969128147917e-05
512.6478921568979,2.8933947424891174e-05
512.7478921568979,2.6925573476482773e-05
512.847892156898,2.5046584891572963e-05
512.947892156898,2.3289403023946874e-05
513.047892156898,2.164683849824482e-05
513.147892156898,2.011207499490376e-05
513.247892156898,1.86786534562314e-05
513.3478921568981,1.7340456720454137e-05
513.4478921568981,1.6091694588940915e-05
513.5478921568981,1.4926889330266897e-05
513.6478921568981,1.3840861623340628e-05
513.7478921568982,1.282871694047465e-05
513.8478921568982,1.1885832370030053e-05
513.9478921568982,1.1007843877106562e-05
514.0478921568982,1.0190633999681304e-05
514.1478921568983,9.43031997661605e-06
514.2478921568983,8.723242303052525e-06
514.3478921568983,8.06595370789674e-06
514.4478921568983,7.455208547349836e-06
514.5478921568983,6.887952607775302e-06
514.6478921568984,6.361313310594316e-06
514.7478921568984,5.872590311370907e-06
514.8478921568984,5.4192464847825655e-06
514.9478921568984,4.998899286767289e-06
515.0478921568985,4.6093124847902115e-06
515.1478921568985,4.248388246881065e-06
515.2478921568985,3.91415957985143e-06
515.3478921568985,3.6047831069082223e-06
515.4478921568985,3.3185321747313855e-06
515.5478921568986,3.053790279977812e-06
515.6478921568986,2.8090448051067074e-06
515.7478921568986,2.5828810533910997e-06
515.8478921568986,2.373976572983076e-06
515.9478921568987,2.181095759934282e-06
516.0478921568987,2.003084730135273e-06
516.1478921568987,1.838866450225268e-06
516.2478921568987,1.6874361176351364e-06
516.3478921568988,1.5478567800588806e-06
516.4478921568988,1.4192551848002701e-06
516.5478921568988,1.3008178486095874e-06
516.6478921568988,1.191787338808508e-06
516.7478921568988,1.0914587566974731e-06
516.8478921568989,9.991764144473536e-07
516.9478921568989,9.143306968943343e-07
517.0478921568989,8.363550998822466e-07
