1.0,3.118275789325644
1.1,3.128297957594261
1.2000000000000002,3.1383669875923212
1.3000000000000003,3.148483161703311
1.4000000000000004,3.158646764354765
1.5000000000000004,3.168858082035157
1.6000000000000005,3.1791174033109555
1.7000000000000006,3.189425018843823
1.8000000000000007,3.1997812214079757
1.9000000000000008,3.210186305907697
2.000000000000001,3.2206405693950164
2.100000000000001,3.231144311087535
2.200000000000001,3.241697832386421
2.300000000000001,3.2523014368945704
2.4000000000000012,3.262955430434922
2.5000000000000013,3.273660121068949
2.6000000000000014,3.284415819115306
2.7000000000000015,3.295222837168656
2.8000000000000016,3.3060814901186584
2.9000000000000017,3.3169920951691356
3.0000000000000018,3.32795497185741
3.100000000000002,3.338970442073813
3.200000000000002,3.3500388300813766
3.300000000000002,3.3611604625356994
3.400000000000002,3.3723356685049923
3.500000000000002,3.3835647794903085
3.6000000000000023,3.3948481294459527
3.7000000000000024,3.4061860548000755
3.8000000000000025,3.4175788944754593
3.9000000000000026,3.4290269899104873
4.000000000000003,3.4405306850803
4.100000000000003,3.452090326518156
4.200000000000003,3.4637062633369675
4.3000000000000025,3.475378847251045
4.400000000000003,3.4871084325980344
4.5000000000000036,3.4988953763610535
4.600000000000003,3.5107400381910234
4.700000000000003,3.5226427804292144
4.800000000000003,3.534603968129979
4.900000000000004,3.546623969083707
5.0000000000000036,3.55870315383998
5.100000000000003,3.5708418957309327
5.200000000000004,3.583040570894834
5.300000000000004,3.595299558299876
5.400000000000004,3.6076192397681752
5.5000000000000036,3.6200000000000006
5.600000000000004,3.6324422265982084
5.700000000000005,3.6449463100929127
5.800000000000004,3.657512643966361
5.900000000000004,3.6701416246780503
6.000000000000004,3.682833651690059
6.100000000000005,3.6955891274926156
6.200000000000005,3.7084084576298957
6.300000000000004,3.721292050726048
6.400000000000005,3.7342403185114565
6.500000000000005,3.747253675849248
6.600000000000005,3.76033254076202
6.700000000000005,3.7734773344588373
6.800000000000005,3.7866884813624386
6.900000000000006,3.7999664091367142
7.000000000000005,3.8133115487144202
7.100000000000005,3.826724334325142
7.2000000000000055,3.8402052035235146
7.300000000000006,3.8537545972176837
7.400000000000006,3.8673729596980406
7.500000000000005,3.8810607386662
7.600000000000006,3.8948183852642457
7.700000000000006,3.908646354104233
7.800000000000006,3.9225451032979626
7.900000000000006,3.936515094487014
8.000000000000007,3.9505567928730505
8.100000000000007,3.964670667248396
8.200000000000006,3.978857190026882
8.300000000000006,3.993116837274973
8.400000000000006,4.007450088743172
8.500000000000007,4.021857427897696
8.600000000000007,4.036339341952443
8.700000000000006,4.05089632190124
8.800000000000008,4.065528862550377
8.900000000000007,4.080237462551433
9.000000000000007,4.095022624434389
9.100000000000007,4.109884854641032
9.200000000000006,4.124824663558669
9.300000000000008,4.139842565554118
9.400000000000007,4.154939079008024
9.500000000000007,4.170114726349445
9.600000000000009,4.185370034090781
9.700000000000008,4.200705532862979
9.800000000000008,4.216121757451064
9.900000000000007,4.231619246829983
10.000000000000007,4.247198544200748
10.100000000000009,4.262860197026908
10.200000000000008,4.278604757071348
10.300000000000008,4.294432780433383
10.40000000000001,4.310344827586207
10.500000000000009,4.326341463414633
10.600000000000009,4.342423257253203
10.700000000000008,4.358590782924585
10.800000000000008,4.374844618778337
10.90000000000001,4.391185347729992
11.000000000000009,4.407613557300467
11.100000000000009,4.424129839655846
11.20000000000001,4.440734791647474
11.30000000000001,4.4574290148524005
11.40000000000001,4.474213115614192
11.500000000000009,4.49108770508406
11.600000000000009,4.508053399262365
11.70000000000001,4.525110819040467
11.80000000000001,4.542260590242924
11.90000000000001,4.55950334367006
12.00000000000001,4.576839715140881
12.10000000000001,4.594270345536374
12.20000000000001,4.611795880843134
12.30000000000001,4.6294169721974
12.40000000000001,4.647134275929428
12.50000000000001,4.664948453608247
12.60000000000001,4.682860172086795
12.70000000000001,4.700870103547411
12.800000000000011,4.718978925547719
12.900000000000011,4.73718732106689
13.00000000000001,4.755495978552278
13.10000000000001,4.773905591966446
13.20000000000001,4.792416860834568
13.300000000000011,4.811030490292231
13.400000000000011,4.8297471911336105
13.50000000000001,4.848567679860047
13.600000000000012,4.867492678729019
13.700000000000012,4.886522915803487
13.800000000000011,4.905659125001661
13.900000000000011,4.9249020461471495
14.00000000000001,4.944252425019512
14.100000000000012,4.963711013405211
14.200000000000012,4.98327856914896
14.300000000000011,5.002955856205493
14.400000000000013,5.022743644691715
14.500000000000012,5.042642710939278
14.600000000000012,5.062653837547551
14.700000000000012,5.08277781343701
14.800000000000011,5.103015433903034
14.900000000000013,5.123367500670099
15.000000000000012,5.143834821946411
15.100000000000012,5.164418212478922
15.200000000000014,5.1851184936087815
15.300000000000013,5.205936493327198
15.400000000000013,5.226873046331701
15.500000000000012,5.247928994082841
15.600000000000012,5.2691051848612895
15.700000000000014,5.290402473825364
15.800000000000013,5.311821723068964
15.900000000000013,5.33336380167993
16.000000000000014,5.355029585798818
16.100000000000016,5.376819958678089
16.200000000000014,5.398735810741713
16.30000000000001,5.420778039645208
16.400000000000013,5.442947550336066
16.500000000000014,5.465245255114618
16.600000000000016,5.487672073695311
16.700000000000014,5.5102289332683885
16.800000000000015,5.532916768562005
16.900000000000013,5.555736521904724
17.000000000000014,5.578689143288464
17.100000000000016,5.6017755904318225
17.200000000000014,5.6249968288438215
17.300000000000015,5.648353831888077
17.400000000000013,5.671847580847331
17.500000000000014,5.695479064988442
17.600000000000016,5.719249281627727
17.700000000000014,5.743159236196732
17.800000000000015,5.767209942308394
17.900000000000016,5.7914024218235785
18.000000000000014,5.8157377049180345
18.100000000000016,5.840216830149719
18.200000000000017,5.864840844526504
18.300000000000015,5.889610803574278
18.400000000000016,5.914527771405403
18.500000000000014,5.9395928207875714
18.600000000000016,5.9648070332129945
18.700000000000017,5.990171498967983
18.800000000000015,6.015687317202874
18.900000000000016,6.041355596002311
19.000000000000014,6.067177452455878
19.100000000000016,6.093154012729053
19.200000000000017,6.119286412134528
19.300000000000015,6.145575795203834
19.400000000000016,6.1720233157592945
19.500000000000018,6.198630136986305
19.600000000000016,6.225397431505889
19.700000000000017,6.252326381447603
19.80000000000002,6.279418178522678
19.900000000000016,6.306674024097484
20.000000000000018,6.33409512926725
20.100000000000016,6.361682714930052
20.200000000000017,6.38943801186106
20.30000000000002,6.417362260787018
20.400000000000016,6.445456712460976
20.500000000000018,6.473722627737231
20.600000000000016,6.502161277646468
20.700000000000017,6.530773943471144
20.80000000000002,6.559561916821001
20.900000000000016,6.588526499708795
21.000000000000018,6.617669004626179
21.10000000000002,6.6469907546196945
21.200000000000017,6.67649308336696
21.30000000000002,6.7061773352529155
21.40000000000002,6.736044865446196
21.500000000000018,6.766097039975591
21.60000000000002,6.796335235806549
21.700000000000017,6.826760840917769
21.80000000000002,6.857375254377774
21.90000000000002,6.888179886421535
22.000000000000018,6.919176158527074
22.10000000000002,6.950365503492035
22.200000000000017,6.981749365510209
22.30000000000002,7.0133292002479894
22.40000000000002,7.045106474920728
22.500000000000018,7.077082668368981
22.60000000000002,7.109259271134599
22.70000000000002,7.1416377855366795
22.80000000000002,7.174219725747275
22.90000000000002,7.207006617866944
23.00000000000002,7.240000000000005
23.10000000000002,7.273201422329526
23.20000000000002,7.306612447192038
23.30000000000002,7.34023464915185
23.40000000000002,7.374069615075067
23.50000000000002,7.408118944203144
23.60000000000002,7.442384248226049
23.70000000000002,7.476867151354929
23.80000000000002,7.511569290394275
23.90000000000002,7.546492314813559
24.00000000000002,7.581637886818265
24.10000000000002,7.617007681420309
24.20000000000002,7.652603386507815
24.300000000000022,7.688426702914133
24.40000000000002,7.724479344486176
24.50000000000002,7.760763038151913
24.600000000000023,7.7972795239870365
24.70000000000002,7.834030555280756
24.800000000000022,7.871017898600634
24.90000000000002,7.908243333856452
25.00000000000002,7.945708654363023
25.100000000000023,7.983415666901911
25.20000000000002,8.021366191782016
25.300000000000022,8.059562062898939
25.40000000000002,8.098005127793082
25.50000000000002,8.136697247706426
25.600000000000023,8.175640297637928
25.70000000000002,8.214836166397445
25.800000000000022,8.254286756658159
25.900000000000023,8.293993985007413
26.00000000000002,8.33395978199587
26.100000000000023,8.374186092184981
26.200000000000024,8.414674874192599
26.300000000000022,8.45542810073677
26.400000000000023,8.496447758677514
26.50000000000002,8.53773584905661
26.600000000000023,8.579294387135223
26.700000000000024,8.621125402429358
26.800000000000022,8.663230938742982
26.900000000000023,8.705613054198805
27.00000000000002,8.748273821266528
27.100000000000023,8.791215326788583
27.200000000000024,8.83443967200313
27.300000000000022,8.877948972564353
27.400000000000023,8.921745358559814
27.500000000000025,8.965830974524875
27.600000000000023,9.010207979454009
27.700000000000024,9.054878546808899
27.800000000000026,9.099844864523233
27.900000000000023,9.14510913500405
28.000000000000025,9.190673575129543
28.100000000000023,9.236540416243155
28.200000000000024,9.282711904143893
28.300000000000026,9.329190299072664
28.400000000000023,9.375977875694563
28.500000000000025,9.423076923076932
28.600000000000023,9.470489744663046
28.700000000000024,9.518218658241333
28.800000000000026,9.566265995909887
28.900000000000023,9.614634104036224
29.000000000000025,9.663325343212039
29.100000000000026,9.712342088202838
29.200000000000024,9.761686727892304
29.300000000000026,9.811361665221172
29.400000000000027,9.861369317120475
29.500000000000025,9.91171211443899
29.600000000000026,9.962392501864658
29.700000000000024,10.013412937839847
29.800000000000026,10.064775894470225
29.900000000000027,10.116483857427053
30.000000000000025,10.168539325842707
30.100000000000026,10.220944812199225
30.200000000000024,10.273702842209648
30.300000000000026,10.326815954691964
30.400000000000027,10.380286701435391
30.500000000000025,10.434117647058834
30.600000000000026,10.488311368861233
30.700000000000028,10.54287045666357
30.800000000000026,10.597797512642325
30.900000000000027,10.653095151154085
31.00000000000003,10.708765998551085
31.100000000000026,10.764812692987409
31.200000000000028,10.821237884215572
31.300000000000026,10.878044233373249
31.400000000000027,10.9352344127598
31.50000000000003,10.992811105602392
31.600000000000026,11.050777005811357
31.700000000000028,11.109134817724524
31.800000000000026,11.167887255840203
31.900000000000027,11.227037044538523
32.00000000000003,11.286586917790798
32.10000000000002,11.34653961885658
32.20000000000003,11.406897899968117
32.300000000000026,11.46766452200179
32.40000000000003,11.528842254136304
32.50000000000003,11.590433873497139
32.60000000000003,11.652442164787015
32.70000000000003,11.714869919901954
32.800000000000026,11.777719937532545
32.90000000000003,11.840995022750104
33.00000000000003,11.904697986577196
33.10000000000003,11.968831645542302
33.20000000000003,12.03339882121809
33.300000000000026,12.098402339742902
33.40000000000003,12.163845031325103
33.50000000000003,12.229729729729744
33.60000000000003,12.296059271747223
33.70000000000003,12.362836496643412
33.800000000000026,12.430064245590835
33.90000000000003,12.497745361080437
34.00000000000003,12.565882686313417
34.10000000000003,12.63447906457276
34.20000000000003,12.703537338573852
34.30000000000003,12.77306034979378
34.40000000000003,12.843050937778772
34.50000000000003,12.913511939429254
34.60000000000003,12.984446188262044
34.70000000000003,13.055856513649122
34.80000000000003,13.127745740032465
34.90000000000003,13.200116686114367
35.00000000000003,13.272972164022763
35.10000000000003,13.346314978450886
35.20000000000003,13.420147925770816
35.30000000000003,13.494473793120255
35.400000000000034,13.569295357461986
35.50000000000003,13.644615384615403
35.60000000000003,13.72043662825957
35.70000000000003,13.796761828907105
35.80000000000003,13.873593712848386
35.900000000000034,13.950934991065381
36.00000000000003,14.028788358114538
36.10000000000003,14.107156490978053
36.20000000000003,14.186042047882909
36.30000000000003,14.265447667087031
36.400000000000034,14.345375965631934
36.50000000000003,14.425829538061178
36.60000000000003,14.506810955103981
36.70000000000003,14.588322762323363
36.80000000000003,14.670367478728073
36.900000000000034,14.752947595347747
37.00000000000003,14.83606557377051
37.10000000000003,14.919723844642444
37.20000000000003,15.003924806128131
37.30000000000003,15.088670822331732
37.400000000000034,15.1739642216778
37.500000000000036,15.259807295251232
37.60000000000003,15.346202295095605
37.70000000000003,15.433151432469325
37.80000000000003,15.520656876058766
37.900000000000034,15.608720750147858
38.000000000000036,15.697345132743388
38.10000000000003,15.78653205365536
38.20000000000003,15.876283492531778
38.30000000000003,15.9666013768471
38.400000000000034,16.057487579843883
38.500000000000036,16.148943918426827
38.60000000000004,16.24097215100866
38.70000000000003,16.33357397530721
38.80000000000003,16.426751026093168
38.900000000000034,16.520504872887695
39.000000000000036,16.614837017609617
39.10000000000004,16.709748892171373
39.20000000000003,16.805241856023308
39.30000000000003,16.901317193645784
39.400000000000034,16.997976111988493
39.500000000000036,17.09521973785662
39.60000000000004,17.19304911524328
39.70000000000003,17.291465202607878
39.80000000000003,17.39046887009995
39.900000000000034,17.490060896728014
40.000000000000036,17.590241967473254
40.10000000000004,17.691012670347586
40.20000000000003,17.792373493395843
40.30000000000003,17.89432482164189
40.400000000000034,17.99686693397837
40.500000000000036,18.10000000000003
40.60000000000004,18.203724076780382
40.70000000000004,18.308039105591735
40.80000000000003,18.412944908568516
40.900000000000034,18.5184411853139
41.000000000000036,18.624527509449845
41.10000000000004,18.7312033251107
41.20000000000004,18.83846794338055
41.30000000000003,18.946320538674534
41.400000000000034,19.054760145064574
41.500000000000036,19.16378565254973
41.60000000000004,19.273395803271885
41.70000000000004,19.383589187677064
41.80000000000004,19.494364240623224
41.900000000000034,19.605719237435043
42.000000000000036,19.71765228990666
42.10000000000004,19.830161342253103
42.20000000000004,19.943244167011496
42.30000000000004,20.056898360893044
42.400000000000034,20.171121340586996
42.500000000000036,20.285910338517876
42.60000000000004,20.401262398557297
42.70000000000004,20.517174371691937
42.80000000000004,20.633642911649243
42.900000000000034,20.750664470482572
43.000000000000036,20.86823529411768
43.10000000000004,20.986351417862455
43.20000000000004,21.105008661882046
43.30000000000004,21.22420262664169
43.400000000000034,21.343928688319473
43.500000000000036,21.464181994191712
43.60000000000004,21.584957457993458
43.70000000000004,21.70624975525712
43.80000000000004,21.82805331863203
43.90000000000004,21.95036233318818
44.000000000000036,22.073170731707357
44.10000000000004,22.196472189965203
44.20000000000004,22.32026012200773
44.30000000000004,22.444527675426208
44.40000000000004,22.569267726634276
44.500000000000036,22.694472876151522
44.60000000000004,22.82013544389786
44.70000000000004,22.946247464503085
44.80000000000004,23.072800682636522
44.90000000000004,23.19978654836149
45.00000000000004,23.327196212519773
45.10000000000004,23.455020522151273
45.20000000000004,23.583250015954437
45.30000000000004,23.711874919793008
45.40000000000004,23.84088514225505
45.50000000000004,23.97027027027032
45.60000000000004,24.100019564792113
45.70000000000004,24.230121956550292
45.80000000000004,24.36056604188187
45.90000000000004,24.49134007864627
46.00000000000004,24.622431982232143
46.10000000000004,24.753829321663062
46.20000000000004,24.885519315809603
46.30000000000004,25.017488829715262
46.40000000000004,25.149724371044265
46.50000000000004,25.282212086659115
46.60000000000004,25.414937759336144
46.70000000000004,25.547886804627414
46.80000000000004,25.68104426787746
46.90000000000004,25.814394821403674
47.00000000000004,25.947922761849085
47.100000000000044,26.08161200771661
47.20000000000004,26.215446097093853
47.30000000000004,26.34940818557784
47.40000000000004,26.48348104440893
47.50000000000004,26.617647058823582
47.600000000000044,26.75188822663551
47.70000000000004,26.886186157054908
47.80000000000004,27.020522069755586
47.90000000000004,27.154876794199822
48.00000000000004,27.289230769230823
48.100000000000044,27.423564042942715
48.200000000000045,27.55785627283806
48.30000000000004,27.692086726282714
48.40000000000004,27.826234281268093
48.50000000000004,27.960277427490592
48.600000000000044,28.094194267758095
48.700000000000045,28.22796251973321
48.80000000000004,28.361559518023025
48.90000000000004,28.49496221662474
49.00000000000004,28.628147191736655
49.100000000000044,28.76109064494376
49.200000000000045,28.893768406786787
49.30000000000004,29.026155940723722
49.40000000000004,29.158228347492226
49.50000000000004,29.28996036988116
49.600000000000044,29.42132639791943
49.700000000000045,29.552300474489577
49.80000000000004,29.682856301373576
49.90000000000004,29.812967245737692
50.00000000000004,29.942606347062846
50.100000000000044,30.071746324526718
50.200000000000045,30.20035958484301
50.30000000000005,30.328418230563056
50.40000000000004,30.45589406884431
50.50000000000004,30.58275862068971
50.600000000000044,30.708983130661252
50.700000000000045,30.834538577070756
50.80000000000005,30.959395682649667
50.90000000000004,31.083524925699596
51.00000000000004,31.206896551724192
51.100000000000044,31.329480585542356
51.200000000000045,31.451246843882153
51.30000000000005,31.572164948453665
51.40000000000005,31.692204339498645
51.50000000000004,31.811334289813537
51.600000000000044,31.929523919242005
51.700000000000045,32.04674220963178
51.80000000000005,32.16295802025013
51.90000000000005,32.27814010365113
52.00000000000004,32.392257121986894
52.100000000000044,32.50527766375423
52.200000000000045,32.61717026096684
52.30000000000005,32.72790340674268
52.40000000000005,32.83744557329469
52.50000000000004,32.945765230312084
52.600000000000044,33.05283086371908
52.700000000000045,33.158610994795765
52.80000000000005,33.263074199646
52.90000000000005,33.366189128995416
53.00000000000004,33.46792452830193
53.100000000000044,33.56824925816028
53.200000000000045,33.66713231498076
53.30000000000005,33.76454285192183
53.40000000000005,33.86045020005502
53.50000000000005,33.954823889739714
53.600000000000044,34.04763367218456
53.700000000000045,34.13884954117144
53.80000000000005,34.22844175491684
53.90000000000005,34.31638085804499
54.00000000000005,34.402637703646285
54.100000000000044,34.48718347539356
54.200000000000045,34.56998970968852
54.30000000000005,34.651028317809626
54.40000000000005,34.73027160803237
54.50000000000005,34.80769230769235
54.60000000000005,34.88326358516099
54.700000000000045,34.95695907170339
54.80000000000005,35.0287528831875
54.90000000000005,35.09861964161341
55.00000000000005,35.16653449643144
55.10000000000005,35.232473145617526
55.200000000000045,35.296411856474286
55.30000000000005,35.35832748612621
55.40000000000005,35.4181975016773
55.50000000000005,35.476000000000035
55.60000000000005,35.53171372712416
55.700000000000045,35.58531809719461
55.80000000000005,35.636793210967916
55.90000000000005,35.68611987381706
56.00000000000005,35.733279613215174
56.10000000000005,35.77825469566904
56.200000000000045,35.821028143074116
56.30000000000005,35.86158374846351
56.40000000000005,35.899906091124016
56.50000000000005,35.935980551053504
56.60000000000005,35.969793322734525
56.70000000000005,36.001331428200324
56.80000000000005,36.03058272937049
56.90000000000005,36.05753593963444
57.00000000000005,36.08218063466234
57.10000000000005,36.104507262424306
57.20000000000005,36.1245071523999
57.30000000000005,36.142172523961676
57.40000000000005,36.157496493917364
57.50000000000005,36.17047308319741
57.60000000000005,36.18109722267552
57.70000000000005,36.189364758111914
57.800000000000054,36.19527245421008
57.90000000000005,36.19881799777968
58.00000000000005,36.20000000000001
58.10000000000005,36.19384212196211
58.20000000000005,36.17538105142435
58.300000000000054,36.144654415087004
58.40000000000005,36.10172471130061
58.50000000000005,36.046678992961205
58.60000000000005,35.97962842777038
58.70000000000005,35.90070773999058
58.800000000000054,35.81007453889813
58.90000000000005,35.70790854013156
59.00000000000005,35.594410687036735
59.10000000000005,35.46980217991116
59.20000000000005,35.33432342173849
59.300000000000054,35.18823288957288
59.40000000000005,35.031805941177396
59.50000000000005,34.865333566837315
59.60000000000005,34.68912109645988
59.70000000000005,34.50348687213629
59.800000000000054,34.30876089628653
59.900000000000055,34.10528346533737
60.00000000000005,33.8934037986071
60.10000000000005,33.673478671696564
60.20000000000005,33.445871063225624
60.300000000000054,33.2109488232178
60.400000000000055,32.96908337083655
60.50000000000005,32.72064842852573
60.60000000000005,32.46601879891672
60.70000000000005,32.2055691901485
60.800000000000054,31.939673094513374
60.900000000000055,31.66870172460511
61.00000000000006,31.393023010414403
61.10000000000005,31.113000660099694
61.20000000000005,30.828993286467913
61.300000000000054,30.54135360053596
61.400000000000055,30.250427672915936
61.50000000000006,29.956554263180717
61.60000000000005,29.660064216824427
61.70000000000005,29.361279928938234
61.800000000000054,29.060514873277064
61.900000000000055,28.758073194997635
62.00000000000006,28.454249365004532
62.10000000000005,28.149327893545706
62.20000000000005,27.843583100452342
62.300000000000054,27.53727893921821
62.400000000000055,27.230668871956887
62.50000000000006,26.9239957921611
62.60000000000005,26.617491992111923
62.70000000000005,26.311379171744356
62.800000000000054,26.005868485767383
62.900000000000055,25.701160625855554
63.00000000000006,25.397445934775078
63.10000000000006,25.094904549374146
63.20000000000005,24.793706569454148
63.300000000000054,24.49401224964012
63.400000000000055,24.195972211485532
63.50000000000006,23.899727673171412
63.60000000000006,23.605410694295216
63.70000000000005,23.31314443338447
63.800000000000054,23.02304341591413
63.900000000000055,22.735213810753198
64.00000000000006,22.44975371311148
64.10000000000005,22.166753432203752
64.20000000000006,21.886295781990736
64.30000000000005,21.608456373497003
64.40000000000006,21.333303907340085
64.50000000000006,21.060900465237683
64.60000000000005,20.79130179938294
64.70000000000006,20.524557618698974
64.80000000000005,20.260711871095996
64.90000000000006,19.99980302096071
65.00000000000006,19.741864321209572
65.10000000000005,19.48692407932864
65.20000000000006,19.235005916912257
65.30000000000005,18.98612902229193
65.40000000000006,18.740308395921204
65.50000000000006,18.497555088251794
65.60000000000005,18.25787642989665
65.70000000000006,18.0212762539343
65.80000000000005,17.787755110258697
65.90000000000006,17.55731047192533
66.00000000000006,17.329936933486593
66.10000000000005,17.105626401344516
66.20000000000006,16.884368276183487
66.30000000000005,16.66614962757287
66.40000000000006,16.450955360854504
66.50000000000006,16.238768376452807
66.60000000000005,16.0295697217618
66.70000000000006,15.82333873578068
66.80000000000005,15.620053186681515
66.90000000000006,15.419689402503161
67.00000000000006,15.222222395174908
67.10000000000007,15.027625978078218
67.20000000000006,14.835872877361366
67.30000000000005,14.64693483722324
67.40000000000006,14.46078271938566
67.50000000000006,14.277386596973194
67.60000000000007,14.096715843018831
67.70000000000006,13.918739213813101
67.80000000000005,13.743424927310496
67.90000000000006,13.570740736805227
68.00000000000006,13.400654000083737
68.10000000000007,13.233131744257044
68.20000000000006,13.06814072647222
68.30000000000005,12.905647490695804
68.40000000000006,12.745618420757937
68.50000000000006,12.588019789839533
68.60000000000007,12.432817806579088
68.70000000000006,12.27997865797059
68.80000000000005,12.129468549216812
68.90000000000006,11.981253740697495
69.00000000000006,11.835300582205077
69.10000000000007,11.691575544594789
69.20000000000006,11.550045248990626
69.30000000000005,11.410676493681756
69.40000000000006,11.273436278839316
69.50000000000006,11.138291829177179
69.60000000000007,11.00521061467473
69.70000000000006,10.87416036947507
69.80000000000007,10.74510910906566
69.90000000000006,10.618025145844594
70.00000000000006,10.492877103169532
70.10000000000007,10.36963392798265
70.20000000000006,10.248264902099672
70.30000000000007,10.128739652246614
70.40000000000006,10.011028158924255
70.50000000000006,9.895100764175252
70.60000000000007,9.780928178325805
70.70000000000006,9.668481485769437
70.80000000000007,9.557732149856806
70.90000000000006,9.448652016952558
71.00000000000006,9.341213319716063
71.10000000000007,9.23538867966056
71.20000000000006,9.13115110904165
71.30000000000007,9.028474012123219
71.40000000000006,8.927331185866661
71.50000000000006,8.827696820085805
71.60000000000007,8.729545497108298
71.70000000000006,8.63285219098132
71.80000000000007,8.537592266257244
71.90000000000006,8.443741476393226
72.00000000000006,8.351275961795958
72.10000000000007,8.260172247541554
72.20000000000006,8.170407240798369
72.30000000000007,8.081958227978717
72.40000000000006,7.994802871644394
72.50000000000006,7.908919207188535
72.60000000000007,7.824285639315681
72.70000000000006,7.740880938340054
72.80000000000007,7.658684236320751
72.90000000000006,7.577675023051757
73.00000000000006,7.497833141922889
73.10000000000007,7.4191387856672595
73.20000000000006,7.341572492009493
73.30000000000007,7.265115139227904
73.40000000000006,7.1897479416433345
73.50000000000007,7.115452445045851
73.60000000000007,7.042210522070389
73.70000000000006,6.970004367530987
73.80000000000007,6.898816493723129
73.90000000000006,6.828629725702614
74.00000000000007,6.759427196548852
74.10000000000007,6.691192342620116
74.20000000000006,6.6239088988072305
74.30000000000007,6.557560893792204
74.40000000000006,6.492132645317429
74.50000000000007,6.4276087554706525
74.60000000000007,6.363974105990779
74.70000000000006,6.30121385359868
74.80000000000007,6.23931342535728
74.90000000000006,6.178258514064526
75.00000000000007,6.118035073682512
75.10000000000007,6.0586293148060335
75.20000000000006,6.000027700173046
75.30000000000007,5.942216940219737
75.40000000000006,5.885183988682349
75.50000000000007,5.828916038247645
75.60000000000007,5.773400516253993
75.70000000000006,5.718625080444402
75.80000000000007,5.664577614773022
75.90000000000006,5.611246225266271
76.00000000000007,5.558619235939488
76.10000000000007,5.50668518477018
76.20000000000007,5.455432819728346
76.30000000000007,5.4048510948647
76.40000000000006,5.354929166457024
76.50000000000007,5.305656389215176
76.60000000000007,5.257022312544928
76.70000000000007,5.209016676870697
76.80000000000007,5.161629410017409
76.90000000000006,5.114850623651223
77.00000000000007,5.068670609779236
77.10000000000007,5.023079837307866
77.20000000000007,4.978068948659633
77.30000000000007,4.933628756448207
77.40000000000006,4.8897502402111375
77.50000000000007,4.846424543200072
77.60000000000007,4.8036429692279095
77.70000000000007,4.761396979572349
77.80000000000007,4.719678189935476
77.90000000000006,4.67847836745863
78.00000000000007,4.637789427792114
78.10000000000007,4.597603432219094
78.20000000000007,4.557912584832956
78.30000000000007,4.51870922976765
78.40000000000006,4.479985848480137
78.50000000000007,4.441735057084414
78.60000000000007,4.4039496037363355
78.70000000000007,4.366622366068484
78.80000000000007,4.3297463486744725
78.90000000000006,4.2933146806418
79.00000000000007,4.257320613132664
79.10000000000007,4.2217575170118975
79.20000000000007,4.18661888052127
79.30000000000007,4.151898306999515
79.40000000000006,4.117589512647162
79.50000000000007,4.083686324335592
79.60000000000007,4.050182677459477
79.70000000000007,4.017072613831832
79.80000000000007,3.9843502796210464
79.90000000000008,3.952009923329017
80.00000000000007,3.920045893809793
80.10000000000007,3.888452638327848
80.20000000000007,3.8572247006554004
80.30000000000007,3.8263567192079844
80.40000000000008,3.7958434252175444
80.50000000000007,3.7656796409424422
80.60000000000007,3.735860277913561
80.70000000000007,3.7063803352159166
80.80000000000007,3.6772348978050675
80.90000000000008,3.6484191348575954
81.00000000000007,3.6199282981551106
81.10000000000007,3.591757720500998
81.20000000000007,3.5639028141693667
81.30000000000007,3.536359069385523
81.40000000000008,3.5091220528373057
81.50000000000007,3.4821874062167653
81.60000000000007,3.455550844791462
81.70000000000007,3.4292081560048895
81.80000000000007,3.403155198105386
81.90000000000008,3.3773878988029344
82.00000000000007,3.3519022539533605
82.10000000000007,3.326694326269274
82.20000000000007,3.3017602440572893
82.30000000000007,3.277096199980953
82.40000000000008,3.2526984498488103
82.50000000000007,3.228563311427189
82.60000000000008,3.204687163277066
82.70000000000007,3.181066443614643
82.80000000000007,3.1576976491950313
82.90000000000008,3.134577334218634
83.00000000000007,3.111702109259741
83.10000000000008,3.0890686402168255
83.20000000000007,3.0666736472841722
83.30000000000007,3.044513903944298
83.40000000000008,3.022586235980803
83.50000000000007,3.0008875205111973
83.60000000000008,2.979414685039247
83.70000000000007,2.9581647065265098
83.80000000000007,2.9371346104825653
83.90000000000008,2.9163214700736133
84.00000000000007,2.8957224052490314
84.10000000000008,2.8753345818854834
84.20000000000007,2.8551552109482743
84.30000000000007,2.835181547669505
84.40000000000008,2.815410890742742
84.50000000000007,2.795840581533831
84.60000000000008,2.776468003307465
84.70000000000007,2.7572905804692716
84.80000000000007,2.738305777822985
84.90000000000008,2.719511099842466
85.00000000000007,2.700904089958215
85.10000000000008,2.682482329858063
85.20000000000007,2.664243438801788
85.30000000000007,2.6461850729492964
85.40000000000008,2.6283049247021424
85.50000000000007,2.610600722058078
85.60000000000008,2.5930702279783304
85.70000000000007,2.575711239767412
85.80000000000007,2.5585215884651
85.90000000000008,2.5414991382504213
86.00000000000007,2.524641785857337
86.10000000000008,2.5079474600018723
86.20000000000007,2.4914141208205067
86.30000000000008,2.475039759319507
86.40000000000008,2.45882239683506
86.50000000000007,2.4427600845038935
86.60000000000008,2.4268509027442295
86.70000000000007,2.41109296074683
86.80000000000008,2.3954843959758985
86.90000000000008,2.3800233736796845
87.00000000000007,2.364708086410528
87.10000000000008,2.349536753554192
87.20000000000007,2.3345076208682776
87.30000000000008,2.3196189600294996
87.40000000000008,2.3048690681896984
87.50000000000007,2.29025626754034
87.60000000000008,2.2757789048853785
87.70000000000007,2.2614353512222913
87.80000000000008,2.2472240013310856
87.90000000000008,2.2331432733711742
88.00000000000007,2.2191916084858927
88.10000000000008,2.205367470414539
88.20000000000007,2.1916693451117806
88.30000000000008,2.1780957403742387
88.40000000000008,2.1646451854741557
88.50000000000007,2.151316230799947
88.60000000000008,2.13810744750354
88.70000000000007,2.125017427154337
88.80000000000008,2.1120447813996504
88.90000000000008,2.099188141631532
89.00000000000009,2.08644615865979
89.10000000000008,2.0738175023911474
89.20000000000007,2.061300861514336
89.30000000000008,2.048894943191079
89.40000000000008,2.0365984727527895
89.50000000000009,2.024410193402886
89.60000000000008,2.012328865924626
89.70000000000007,2.000353268394312
89.80000000000008,1.9884821958997951
89.90000000000008,1.9767144602641542
90.00000000000009,1.96504888977443
90.10000000000008,1.953484328915352
90.20000000000007,1.9420196381079118
90.30000000000008,1.930653693452719
90.40000000000008,1.919385386478036
90.50000000000009,1.9082136238923735
90.60000000000008,1.897137327341608
90.70000000000007,1.8861554331704589
90.80000000000008,1.8752668921883113
90.90000000000008,1.8644706694392499
91.00000000000009,1.8537657439762274
91.10000000000008,1.843151108639311
91.20000000000007,1.832625769837887
91.30000000000008,1.8221887473367753
91.40000000000008,1.8118390740461752
91.50000000000009,1.8015757958153344
91.60000000000008,1.7913979712299177
91.70000000000007,1.7813046714129548
91.80000000000008,1.7712949798293314
91.90000000000008,1.7613679920937417
92.00000000000009,1.7515228157820173
92.10000000000008,1.7417585702458085
92.20000000000007,1.7320743864305008
92.30000000000008,1.7224694066963484
92.40000000000008,1.7129427846427394
92.50000000000009,1.7034936849355238
92.60000000000008,1.6941212831373778
92.70000000000009,1.6848247655411013
92.80000000000008,1.6756033290058394
92.90000000000008,1.666456180796123
93.00000000000009,1.6573825384237157
93.10000000000008,1.648381629492196
93.20000000000009,1.639452691544205
93.30000000000008,1.6305949719113464
93.40000000000008,1.6218077275666525
93.50000000000009,1.613090224979588
93.60000000000008,1.6044417399735407
93.70000000000009,1.5958615575857351
93.80000000000008,1.587348971929554
93.90000000000008,1.5789032860591858
94.00000000000009,1.5705238118365854
94.10000000000008,1.5622098698006883
94.20000000000009,1.5539607890388305
94.30000000000008,1.5457759070603543
94.40000000000008,1.5376545696723336
94.50000000000009,1.5295961308573942
94.60000000000008,1.5215999526535924
94.70000000000009,1.5136654050362934
94.80000000000008,1.5057918658020437
94.90000000000008,1.4979787204543635
95.00000000000009,1.490225362091457
95.10000000000008,1.4825311912957868
95.20000000000009,1.4748956160254734
95.30000000000008,1.4673180515075084
95.40000000000009,1.4597979201327156
95.50000000000009,1.4523346513524658
95.60000000000008,1.4449276815770724
95.70000000000009,1.4375764540758746
95.80000000000008,1.43028041887895
95.90000000000009,1.4230390326804356
96.00000000000009,1.41585175874344
96.10000000000008,1.4087180668064914
96.20000000000009,1.4016374329915195
96.30000000000008,1.3946093397133321
96.40000000000009,1.3876332755905507
96.50000000000009,1.3807087353580005
96.60000000000008,1.3738352197805033
96.70000000000009,1.3670122355680676
96.80000000000008,1.3602392952924456
96.90000000000009,1.3535159173050193
97.00000000000009,1.3468416256560185
97.10000000000008,1.3402159500150144
97.20000000000009,1.3336384255926945
97.30000000000008,1.3271085930638842
97.40000000000009,1.3206259984917808
97.50000000000009,1.3141901932534081
97.60000000000008,1.3078007339662345
97.70000000000009,1.3014571824159638
97.80000000000008,1.2951591054854634
97.90000000000009,1.2889060750848045
98.00000000000009,1.2826976680824147
98.10000000000008,1.276533466237299
98.20000000000009,1.2704130561323295
98.30000000000008,1.2643360291085806
98.40000000000009,1.2583019812006755
98.50000000000009,1.2523105130731573
98.60000000000008,1.2463612299578342
98.70000000000009,1.2404537415921035
98.80000000000008,1.234587662158235
98.90000000000009,1.2287626102235782
99.00000000000009,1.2229782086817105
99.1000000000001,1.2172340846944738
99.20000000000009,1.2115298696349164
99.30000000000008,1.2058651990310987
99.40000000000009,1.2002397125107653
99.50000000000009,1.1946530537468645
99.6000000000001,1.1891048704038876
99.70000000000009,1.1835948140850405
99.80000000000008,1.1781225402802034
99.90000000000009,1.1726877083146885
100.00000000000009,1.167289981298773
100.1000000000001,1.161929026077986
100.20000000000009,1.1566045131841591
100.30000000000008,1.1513161167871977
100.40000000000009,1.1460635146475886
100.50000000000009,1.1408463880696171
100.6000000000001,1.135664421855278
100.70000000000009,1.130517304258884
100.80000000000008,1.1254047269423448
100.90000000000009,1.120326384931111
101.00000000000009,1.1152819765707802
101.1000000000001,1.1102712034843336
101.20000000000009,1.1052937705300208
101.30000000000008,1.1003493857598499
101.40000000000009,1.095437760378704
101.50000000000009,1.090558608704052
101.6000000000001,1.0857116481262503
101.70000000000009,1.080896599069432
101.8000000000001,1.0761131849529602
101.90000000000009,1.0713611321534553
102.00000000000009,1.0666401699673633
102.1000000000001,1.0619500305740792
102.20000000000009,1.0572904489996016
102.3000000000001,1.0526611630807112
102.40000000000009,1.0480619134296763
102.50000000000009,1.0434924433994572
102.6000000000001,1.0389524990494219
102.70000000000009,1.0344418291115505
102.8000000000001,1.0299601849571232
102.90000000000009,1.0255073205638925
103.00000000000009,1.0210829924837175
103.1000000000001,1.0166869598106656
103.20000000000009,1.0123189841495697
103.3000000000001,1.0079788295850272
103.40000000000009,1.0036662626508477
103.50000000000009,0.9993810522999251
103.6000000000001,0.9951229698745436
103.70000000000009,0.9908917890771005
103.8000000000001,0.9866872859412388
103.90000000000009,0.9825092388033941
104.00000000000009,0.9783574282747316
104.1000000000001,0.9742316372134843
104.20000000000009,0.9701316506976768
104.3000000000001,0.9660572559982266
104.40000000000009,0.9620082425524277
104.50000000000009,0.9579844019377953
104.6000000000001,0.9539855278462798
104.70000000000009,0.9500114160588403
104.8000000000001,0.9460618644203613
104.90000000000009,0.9421366728149282
105.00000000000009,0.9382356431414329
105.1000000000001,0.9343585792895234
105.20000000000009,0.930505287115882
105.3000000000001,0.9266755744208259
105.40000000000009,0.9228692509252351
105.5000000000001,0.9190861282477877
105.6000000000001,0.915326019882514
105.70000000000009,0.9115887411766517
105.8000000000001,0.9078741093088024
105.90000000000009,0.9041819432673905
106.0000000000001,0.9005120638294043
106.1000000000001,0.8968642935394355
106.20000000000009,0.8932384566889936
106.3000000000001,0.8896343792961037
106.40000000000009,0.8860518890851796
106.5000000000001,0.8824908154671629
106.6000000000001,0.8789509895199342
106.70000000000009,0.8754322439689821
106.8000000000001,0.8719344131683329
106.90000000000009,0.8684573330817362
107.0000000000001,0.8650008412640966
107.1000000000001,0.8615647768431582
107.20000000000009,0.8581489805014277
107.3000000000001,0.8547532944583383
107.40000000000009,0.851377562452652
107.5000000000001,0.84802162972509
107.6000000000001,0.8446853430011976
107.70000000000009,0.8413685504744289
107.8000000000001,0.8380711017894569
107.90000000000009,0.8347928480257045
108.0000000000001,0.8315336416810855
108.1000000000001,0.8282933366559643
108.2000000000001,0.8250717882373195
108.3000000000001,0.8218688530831195
108.40000000000009,0.8186843892068953
108.5000000000001,0.8155182559625173
108.6000000000001,0.812370314029171
108.7000000000001,0.8092404253965206
108.8000000000001,0.8061284533500728
108.90000000000009,0.803034262456721
109.0000000000001,0.7999577185504815
109.1000000000001,0.7968986887184121
109.2000000000001,0.7938570412867072
109.3000000000001,0.7908326458069775
109.40000000000009,0.7878253730426992
109.5000000000001,0.7848350949558394
109.6000000000001,0.7818616846936521
109.7000000000001,0.7789050165756399
109.8000000000001,0.7759649660806845
109.90000000000009,0.7730414098343364
110.0000000000001,0.770134225596269
110.1000000000001,0.7672432922478901
110.2000000000001,0.7643684897801082
110.3000000000001,0.761509699281256
110.40000000000009,0.7586668029251619
110.5000000000001,0.7558396839593743
110.6000000000001,0.7530282266935331
110.7000000000001,0.7502323164878838
110.8000000000001,0.7474518397419403
110.90000000000009,0.7446866838832827
111.0000000000001,0.7419367373564996
111.1000000000001,0.7392018896122673
111.2000000000001,0.73648203109656
111.3000000000001,0.7337770532400003
111.40000000000009,0.7310868484473357
111.5000000000001,0.7284113100870478
111.6000000000001,0.7257503324810909
111.7000000000001,0.723103810894752
111.8000000000001,0.7204716415266417
111.9000000000001,0.7178537214988018
112.0000000000001,0.7152499488469394
112.1000000000001,0.7126602225107759
112.2000000000001,0.7100844423245162
112.3000000000001,0.7075225090074354
112.4000000000001,0.7049743241545753
112.5000000000001,0.7024397902275593
112.6000000000001,0.6999188105455149
112.7000000000001,0.6974112892761071
112.8000000000001,0.6949171314266825
112.9000000000001,0.6924362428355157
113.0000000000001,0.6899685301631663
113.1000000000001,0.6875139008839345
113.2000000000001,0.6850722632774241
113.3000000000001,0.6826435264202051
113.4000000000001,0.6802276001775732
113.5000000000001,0.6778243951954134
113.6000000000001,0.6754338228921547
113.7000000000001,0.6730557954508253
113.8000000000001,0.6706902258112005
113.9000000000001,0.6683370276620425
114.0000000000001,0.6659961154334354
114.1000000000001,0.6636674042892075
114.2000000000001,0.6613508101194452
114.3000000000001,0.6590462495330962
114.4000000000001,0.6567536398506562
114.5000000000001,0.654472899096946
114.60000000000011,0.6522039459939694
114.7000000000001,0.6499466999538585
114.8000000000001,0.6477010810718987
114.9000000000001,0.6454670101196365
115.0000000000001,0.6432444085380689
115.10000000000011,0.6410331984309086
115.2000000000001,0.6388333025579326
115.3000000000001,0.6366446443284025
115.4000000000001,0.6344671477945658
115.5000000000001,0.6323007376452309
115.60000000000011,0.6301453391994135
115.7000000000001,0.6280008784000625
115.8000000000001,0.6258672818078516
115.9000000000001,0.6237444765950463
116.0000000000001,0.621632390539442
116.10000000000011,0.619530952018367
116.2000000000001,0.6174400900027609
116.3000000000001,0.6153597340513136
116.4000000000001,0.613289814304677
116.5000000000001,0.61123026147974
116.60000000000011,0.6091810068639681
116.7000000000001,0.6071419823098102
116.8000000000001,0.605113120229165
116.9000000000001,0.6030943535879129
117.0000000000001,0.6010856159005101
117.10000000000011,0.5990868412246406
117.2000000000001,0.5970979641559329
117.3000000000001,0.5951189198227315
117.4000000000001,0.5931496438809308
117.5000000000001,0.5911900725088671
117.60000000000011,0.5892401424022635
117.7000000000001,0.5872997907692377
117.8000000000001,0.5853689553253596
117.9000000000001,0.5834475742887684
118.0000000000001,0.581535586375343
118.10000000000011,0.5796329307939234
118.2000000000001,0.5777395472415907
118.30000000000011,0.5758553758989927
118.4000000000001,0.5739803574257278
118.5000000000001,0.5721144329557752
118.60000000000011,0.5702575440929776
118.7000000000001,0.5684096329065743
118.80000000000011,0.5665706419267813
118.9000000000001,0.5647405141404229
119.0000000000001,0.5629191929866082
119.10000000000011,0.5611066223524563
119.2000000000001,0.5593027465688711
119.30000000000011,0.5575075104063558
119.4000000000001,0.5557208590708802
119.5000000000001,0.5539427381997879
119.60000000000011,0.5521730938577495
119.7000000000001,0.5504118725327628
119.80000000000011,0.5486590211321899
119.9000000000001,0.5469144869788448
120.0000000000001,0.5451782178071166
120.10000000000011,0.5434501617591394
120.2000000000001,0.5417302673810006
120.30000000000011,0.5400184836189921
120.4000000000001,0.5383147598158995
120.5000000000001,0.5366190457073338
120.60000000000011,0.5349312914180996
120.7000000000001,0.5332514474586055
120.80000000000011,0.5315794647213091
120.9000000000001,0.5299152944772033
121.00000000000011,0.5282588883723378
121.10000000000011,0.5266101984243788
121.2000000000001,0.5249691770192052
121.30000000000011,0.5233357769075394
121.4000000000001,0.5217099512016172
121.50000000000011,0.5200916533718883
121.60000000000011,0.5184808372437569
121.7000000000001,0.516877456994351
121.80000000000011,0.5152814671493308
121.9000000000001,0.5136928225797283
122.00000000000011,0.512111478498819
122.10000000000011,0.5105373904590301
122.2000000000001,0.508970514348877
122.30000000000011,0.5074108063899334
122.4000000000001,0.5058582231338353
122.50000000000011,0.5043127214593113
122.60000000000011,0.502774258569251
122.7000000000001,0.5012427919877949
122.80000000000011,0.4997182795574627
122.9000000000001,0.4982006794363062
123.00000000000011,0.49668995009509453
123.10000000000011,0.49518605031452734
123.2000000000001,0.4936889391824762
123.30000000000011,0.4921985760912557
123.4000000000001,0.49071492073492157
123.50000000000011,0.48923793310659763
123.60000000000011,0.4877675734958303
123.7000000000001,0.48630380248596783
123.80000000000011,0.4848465809515693
123.9000000000001,0.48339587005583934
124.00000000000011,0.4819516312480871
124.10000000000011,0.48051382626121575
124.2000000000001,0.4790824171092306
124.30000000000011,0.4776573660847796
124.4000000000001,0.47623863575671377
124.50000000000011,0.4748261889676755
124.60000000000011,0.47341998883171055
124.70000000000012,0.47201999873190126
124.80000000000011,0.4706261823180289
124.9000000000001,0.46923850350425483
125.00000000000011,0.4678569264668284
125.10000000000011,0.46648141564181644
125.20000000000012,0.4651119357228545
125.30000000000011,0.46374845165892226
125.4000000000001,0.46239092865214193
125.50000000000011,0.4610393321555953
125.60000000000011,0.4596936278711678
125.70000000000012,0.4583537817474076
125.80000000000011,0.457019759977412
125.9000000000001,0.45569152899673165
126.00000000000011,0.45436905548129525
126.10000000000011,0.4530523063453585
126.20000000000012,0.4517412487394673
126.30000000000011,0.4504358500484476
126.4000000000001,0.44913607788940957
126.50000000000011,0.4478419001097759
126.60000000000011,0.44655328478532696
126.70000000000012,0.44527020021826547
126.80000000000011,0.4439926149353003
126.9000000000001,0.4427204976857505
127.00000000000011,0.4414538174396649
127.10000000000011,0.4401925433859646
127.20000000000012,0.4389366449305985
127.30000000000011,0.43768609169471984
127.40000000000012,0.43644085351288076
127.50000000000011,0.43520090043124354
127.60000000000011,0.43396620270580855
127.70000000000012,0.4327367308006605
127.80000000000011,0.43151245538623206
127.90000000000012,0.4302933473375822
128.0000000000001,0.42907937773269506
128.1000000000001,0.42787051785078956
128.2000000000001,0.4266667391706513
128.30000000000013,0.4254680133689757
128.40000000000012,0.4242743123187315
128.5000000000001,0.42308560808753526
128.6000000000001,0.4219018729360448
128.7000000000001,0.42072307931636777
128.80000000000013,0.4195491998704828
128.90000000000012,0.4183802074286808
129.0000000000001,0.4172160750080144
129.1000000000001,0.41605677581076855
129.2000000000001,0.4149022832229411
129.30000000000013,0.41375257081274075
129.40000000000012,0.41260761232909815
129.5000000000001,0.4114673817001903
129.6000000000001,0.41033185303198
129.7000000000001,0.4092010006067692
129.80000000000013,0.4080747988817654
129.90000000000012,0.4069532224876622
130.0000000000001,0.4058362462272319
130.1000000000001,0.40472384507393316
130.2000000000001,0.4036159941705307
130.30000000000013,0.4025126688277271
130.40000000000012,0.40141384452281115
130.5000000000001,0.4003194968983124
130.6000000000001,0.3992296017606751
130.7000000000001,0.39814413507893953
130.80000000000013,0.3970630729834383
130.90000000000012,0.395986391764505
131.0000000000001,0.3949140678711914
131.1000000000001,0.3938460779100014
131.2000000000001,0.39278239864363296
131.30000000000013,0.3917230069897335
131.40000000000012,0.3906678800196671
131.5000000000001,0.38961699495729124
131.6000000000001,0.38857032917774625
131.7000000000001,0.3875278602062563
131.80000000000013,0.38648956571693954
131.90000000000012,0.38545542353163265
132.0000000000001,0.38442541161872096
132.1000000000001,0.3833995080919846
132.2000000000001,0.38237769120945153
132.30000000000013,0.38135993937226303
132.40000000000012,0.38034623112354976
132.5000000000001,0.37933654514731496
132.6000000000001,0.3783308602673323
132.70000000000013,0.37732915544605017
132.80000000000013,0.37633140978350893
132.90000000000012,0.37533760251626436
133.0000000000001,0.37434771301632447
133.1000000000001,0.3733617207900934
133.20000000000013,0.3723796054773265
133.30000000000013,0.3714013468500942
133.40000000000012,0.3704269248117545
133.5000000000001,0.3694563193959362
133.6000000000001,0.36848951076552977
133.70000000000013,0.3675264792116885
133.80000000000013,0.3665672051528386
133.90000000000012,0.3656116691336966
134.0000000000001,0.3646598518242973
134.1000000000001,0.3637117340190299
134.20000000000013,0.36276729663568175
134.30000000000013,0.3618265207144934
134.40000000000012,0.3608893874172176
134.5000000000001,0.3599558780261914
134.6000000000001,0.3590259739434127
134.70000000000013,0.35809965668962757
134.80000000000013,0.3571769079034254
134.90000000000012,0.35625770934033907
135.0000000000001,0.35534204287195775
135.1000000000001,0.3544298904850436
135.20000000000013,0.3535212342806586
135.30000000000013,0.3526160564732985
135.40000000000012,0.35171433939003344
135.5000000000001,0.3508160654696571
135.6000000000001,0.3499212172618436
135.70000000000013,0.34902977742631036
135.80000000000013,0.34814172873199084
135.90000000000012,0.34725705405621066
136.0000000000001,0.346375736383875
136.1000000000001,0.34549775880666045
136.20000000000013,0.34462310452221423
136.30000000000013,0.3437517568333628
136.40000000000012,0.3428836991473225
136.5000000000001,0.34201891497492243
136.6000000000001,0.34115738792982997
136.70000000000013,0.3402991017277855
136.80000000000013,0.3394440401858429
136.90000000000012,0.33859218722161605
137.0000000000001,0.3377435268525323
137.1000000000001,0.33689804319509303
137.20000000000013,0.3360557204641393
137.30000000000013,0.33521654297212555
137.40000000000012,0.3343804951283972
137.5000000000001,0.33354756143847636
137.6000000000001,0.33271772650335324
137.70000000000013,0.33189097501878245
137.80000000000013,0.3310672917745883
137.90000000000012,0.3302466616539715
138.0000000000001,0.32942906963282603
138.1000000000001,0.32861450077905935
138.20000000000013,0.32780294025191936
138.30000000000013,0.3269943733013271
138.40000000000012,0.32618878526721434
138.5000000000001,0.32538616157886735
138.60000000000014,0.3245864877542766
138.70000000000013,0.32378974939949196
138.80000000000013,0.32299593220798123
138.90000000000012,0.3222050219599976
139.0000000000001,0.3214170045219496
139.10000000000014,0.32063186584577774
139.20000000000013,0.31984959196833634
139.30000000000013,0.3190701690107798
139.40000000000012,0.31829358317795403
139.5000000000001,0.31751982075779484
139.60000000000014,0.31674886812072806
139.70000000000013,0.315980711719079
139.80000000000013,0.3152153380864816
139.90000000000012,0.3144527338372974
140.0000000000001,0.3136928856660366
140.10000000000014,0.31293578034678393
140.20000000000013,0.31218140473263173
140.30000000000013,0.3114297457551136
140.40000000000012,0.3106807904236472
140.5000000000001,0.3099345258249782
140.60000000000014,0.30919093912263096
140.70000000000013,0.30845001755636287
140.80000000000013,0.3077117484416232
140.90000000000012,0.30697611916901624
141.0000000000001,0.30624311720376984
141.10000000000014,0.30551273008520696
141.20000000000013,0.304784945426223
141.30000000000013,0.304059750912766
141.40000000000012,0.30333713430332176
141.5000000000001,0.3026170834284038
141.60000000000014,0.3018995861900459
141.70000000000013,0.30118463056130135
141.80000000000013,0.3004722045857425
141.90000000000012,0.2997622963769686
142.0000000000001,0.2990548941181142
142.10000000000014,0.2983499860613639
142.20000000000013,0.29764756052747
142.30000000000013,0.2969476059052735
142.40000000000012,0.29625011065123036
142.5000000000001,0.29555506328894066
142.60000000000014,0.2948624524086817
142.70000000000013,0.29417226666694546
142.80000000000013,0.2934844947859787
142.90000000000012,0.2927991255533276
143.0000000000001,0.292116147821386
143.10000000000014,0.29143555050694675
143.20000000000013,0.29075732259075804
143.30000000000013,0.29008145311708067
143.40000000000012,0.2894079311932518
143.5000000000001,0.28873674598925025
143.60000000000014,0.2880678867372661
143.70000000000013,0.2874013427312739
143.80000000000013,0.2867371033266078
143.90000000000012,0.2860751579395425
144.0000000000001,0.28541549604687527
144.10000000000014,0.28475810718551264
144.20000000000013,0.28410298095206016
144.30000000000013,0.2834501070024148
144.40000000000012,0.282799475051361
144.5000000000001,0.28215107487217056
144.60000000000014,0.28150489629620395
144.70000000000013,0.28086092921251765
144.80000000000013,0.2802191635674706
144.90000000000012,0.2795795893643379
145.0000000000001,0.27894219666292425
145.10000000000014,0.27830697557918255
145.20000000000013,0.2776739162848352
145.30000000000013,0.27704300900699624
145.40000000000012,0.2764142440278001
145.50000000000014,0.27578761168402965
145.60000000000014,0.2751631023667504
145.70000000000013,0.2745407065209443
145.80000000000013,0.2739204146451494
145.90000000000012,0.2733022172911
146.00000000000014,0.2726861050633714
146.10000000000014,0.27207206861902605
146.20000000000013,0.27146009866726334
146.30000000000013,0.27085018596907134
146.40000000000012,0.27024232133688203
146.50000000000014,0.2696364956342285
146.60000000000014,0.26903269977540567
146.70000000000013,0.26843092472513286
146.80000000000013,0.2678311614982186
146.90000000000012,0.26723340115922967
147.00000000000014,0.2666376348221605
147.10000000000014,0.266043853650108
147.20000000000013,0.26545204885494483
147.30000000000013,0.2648622116969994
147.40000000000012,0.2642743334847356
147.50000000000014,0.2636884055744358
147.60000000000014,0.263104419369887
147.70000000000013,0.26252236632206727
147.80000000000013,0.26194223792883753
147.90000000000012,0.2613640257346331
148.00000000000014,0.26078772133015893
148.10000000000014,0.2602133163520871
148.20000000000013,0.2596408024827563
148.30000000000013,0.25907017144987293
148.40000000000012,0.25850141502621654
148.50000000000014,0.2579345250293447
148.60000000000014,0.2573694933213033
148.70000000000013,0.25680631180833546
148.80000000000013,0.25624497244059596
148.90000000000012,0.2556854672118653
149.00000000000014,0.25512778815926784
149.10000000000014,0.2545719273629911
149.20000000000013,0.25401787694600636
149.30000000000013,0.25346562907379344
149.40000000000012,0.25291517595406554
149.50000000000014,0.25236650983649755
149.60000000000014,0.2518196230124558
149.70000000000013,0.2512745078147294
149.80000000000013,0.2507311566172643
149.90000000000012,0.25018956183489943
150.00000000000014,0.2496497159231038
150.10000000000014,0.24911161137771723
150.20000000000013,0.24857524073469087
150.30000000000013,0.2480405965698315
150.40000000000012,0.24750767149854694
150.50000000000014,0.24697645817559308
150.60000000000014,0.24644694929482397
150.70000000000013,0.2459191375889418
150.80000000000013,0.24539301582925088
150.90000000000012,0.24486857682541158
151.00000000000014,0.24434581342519768
151.10000000000014,0.24382471851425436
151.20000000000013,0.2433052850158584
151.30000000000013,0.24278750589068002
151.40000000000015,0.24227137413654676
151.50000000000014,0.2417568827882093
151.60000000000014,0.2412440249171075
151.70000000000013,0.24073279363114033
151.80000000000013,0.2402231820744358
151.90000000000015,0.23971518342712347
152.00000000000014,0.23920879090510844
152.10000000000014,0.23870399775984658
152.20000000000013,0.23820079727812177
152.30000000000013,0.23769918278182495
152.40000000000015,0.23719914762773414
152.50000000000014,0.2367006852072972
152.60000000000014,0.23620378894641444
152.70000000000013,0.23570845230522444
152.80000000000013,0.23521466877789074
152.90000000000015,0.2347224318923895
153.00000000000014,0.23423173521030058
153.10000000000014,0.23374257232659734
153.20000000000013,0.2332549368694406
153.30000000000013,0.23276882249997224
153.40000000000015,0.23228422291211154
153.50000000000014,0.2318011318323523
153.60000000000014,0.23131954301956142
153.70000000000013,0.2308394502647791
153.80000000000013,0.23036084739102058
153.90000000000015,0.22988372825307898
154.00000000000014,0.22940808673733032
154.10000000000014,0.22893391676153854
154.20000000000013,0.2284612122746632
154.30000000000013,0.22798996725666812
154.40000000000015,0.22752017571833102
154.50000000000014,0.22705183170105558
154.60000000000014,0.22658492927668317
154.70000000000013,0.22611946254730753
154.80000000000013,0.2256554256450897
154.90000000000015,0.225192812732075
155.00000000000014,0.22473161800001087
155.10000000000014,0.22427183567016604
155.20000000000013,0.22381345999315075
155.30000000000013,0.22335648524873913
155.40000000000015,0.2229009057456918
155.50000000000014,0.2224467158215804
155.60000000000014,0.22199390984261302
155.70000000000013,0.22154248220346065
155.80000000000013,0.2210924273270858
155.90000000000015,0.2206437396645709
156.00000000000014,0.2201964136949498
156.10000000000014,0.21975044392503787
156.20000000000013,0.21930582488926614
156.30000000000013,0.2188625511495142
156.40000000000015,0.21842061729494577
156.50000000000014,0.21798001794184527
156.60000000000014,0.2175407477334542
156.70000000000013,0.21710280133981072
156.80000000000013,0.2166661734575885
156.90000000000015,0.21623085880993795
157.00000000000014,0.21579685214632802
157.10000000000014,0.215364148242389
157.20000000000013,0.21493274189975642
157.30000000000013,0.2145026279459168
157.40000000000015,0.21407380123405298
157.50000000000014,0.21364625664289252
157.60000000000014,0.21321998907655482
157.70000000000013,0.2127949934644013
157.80000000000013,0.21237126476088544
157.90000000000015,0.21194879794540433
158.00000000000014,0.21152758802215155
158.10000000000014,0.21110763001996974
158.20000000000013,0.21068891899220588
158.30000000000015,0.21027145001656616
158.40000000000015,0.20985521819497355
158.50000000000014,0.20944021865342372
158.60000000000014,0.20902644654184468
158.70000000000013,0.20861389703395564
158.80000000000015,0.2082025653271275
158.90000000000015,0.2077924466422444
159.00000000000014,0.20738353622356562
159.10000000000014,0.2069758293385888
159.20000000000013,0.20656932127791441
159.30000000000015,0.20616400735511056
159.40000000000015,0.20575988290657904
159.50000000000014,0.2053569432914223
159.60000000000014,0.20495518389131082
159.70000000000013,0.20455460011035248
159.80000000000015,0.20415518737496138
159.90000000000015,0.20375694113372922
160.00000000000014,0.20335985685729557
160.10000000000014,0.20296393003822094
160.20000000000013,0.20256915619085922
160.30000000000015,0.20217553085123197
160.40000000000015,0.2017830495769034
160.50000000000014,0.20139170794685515
160.60000000000014,0.20100150156136365
160.70000000000013,0.20061242604187668
160.80000000000015,0.20022447703089188
160.90000000000015,0.19983765019183578
161.00000000000014,0.19945194120894302
161.10000000000014,0.1990673457871371
161.20000000000013,0.1986838596519121
161.30000000000015,0.19830147854921396
161.40000000000015,0.19792019824532442
161.50000000000014,0.1975400145267437
161.60000000000014,0.1971609232000757
161.70000000000013,0.19678292009191262
161.80000000000015,0.1964060010487215
161.90000000000015,0.19603016193673084
162.00000000000014,0.19565539864181763
162.10000000000014,0.1952817070693962
162.20000000000013,0.1949090831443067
162.30000000000015,0.19453752281070516
162.40000000000015,0.19416702203195396
162.50000000000014,0.19379757679051265
162.60000000000014,0.19342918308783
162.70000000000013,0.1930618369442368
162.80000000000015,0.19269553439883863
162.90000000000015,0.19233027150941076
163.00000000000014,0.19196604435229192
163.10000000000014,0.19160284902228006
163.20000000000013,0.19124068163252855
163.30000000000015,0.19087953831444263
163.40000000000015,0.19051941521757748
163.50000000000014,0.1901603085095353
163.60000000000014,0.18980221437586506
163.70000000000013,0.1894451290199613
163.80000000000015,0.1890890486629644
163.90000000000015,0.18873396954366156
164.00000000000014,0.1883798879183879
164.10000000000014,0.18802680006092828
164.20000000000016,0.18767470226242047
164.30000000000015,0.18732359083125832
164.40000000000015,0.1869734620929952
164.50000000000014,0.18662431239024915
164.60000000000014,0.18627613808260762
164.70000000000016,0.18592893554653342
164.80000000000015,0.18558270117527126
164.90000000000015,0.18523743137875437
165.00000000000014,0.18489312258351226
165.10000000000014,0.184549771232579
165.20000000000016,0.18420737378540172
165.30000000000015,0.18386592671775046
165.40000000000015,0.1835254265216275
165.50000000000014,0.18318586970517825
165.60000000000014,0.18284725279260233
165.70000000000016,0.18250957232406492
165.80000000000015,0.18217282485560973
165.90000000000015,0.18183700695907076
166.00000000000014,0.18150211522198645
166.10000000000014,0.18116814624751315
166.20000000000016,0.18083509665433986
166.30000000000015,0.18050296307660307
166.40000000000015,0.18017174216380227
166.50000000000014,0.17984143058071603
166.60000000000014,0.17951202500731864
166.70000000000016,0.17918352213869718
166.80000000000015,0.17885591868496953
166.90000000000015,0.17852921137120203
