1.0,2.8323424784848853e-61
1.1,3.4909624109878415e-61
1.2000000000000002,4.302062552762226e-61
1.3000000000000003,5.300787697062449e-61
1.4000000000000004,6.53034674427242e-61
1.5000000000000004,8.0438546513352e-61
1.6000000000000005,9.906593177645627e-61
1.7000000000000006,1.2198785205808168e-60
1.8000000000000007,1.5018998764459923e-60
1.9000000000000008,1.84883230151255e-60
2.000000000000001,2.2755490453630003e-60
2.100000000000001,2.8003158723658246e-60
2.200000000000001,3.4455613340072066e-60
2.300000000000001,4.2388211219986075e-60
2.4000000000000012,5.21389565993393e-60
2.5000000000000013,6.412268857684262e-60
2.6000000000000014,7.884846672287657e-60
2.7000000000000015,9.694087224879224e-60
2.8000000000000016,1.1916610243803185e-59
2.9000000000000017,1.4646393184573639e-59
3.0000000000000018,1.7998685304986826e-59
3.100000000000002,2.2114800208850323e-59
3.200000000000002,2.716798308601616e-59
3.300000000000002,3.337059249849654e-59
3.400000000000002,4.098288983485061e-59
3.500000000000002,5.032379460212556e-59
3.6000000000000023,6.178404313606597e-59
3.7000000000000024,7.584228524273597e-59
3.8000000000000025,9.308477158456728e-59
3.9000000000000026,1.1422942897806084e-58
4.000000000000003,1.401552968891627e-58
4.100000000000003,1.7193851324976963e-58
4.200000000000003,2.108962997459592e-58
4.3000000000000025,2.5864071625794687e-58
4.400000000000003,3.171443437207898e-58
4.5000000000000036,3.888205296066593e-58
4.600000000000003,4.766214091071635e-58
4.700000000000003,5.841576205532108e-58
4.800000000000003,7.158444931904545e-58
4.900000000000004,8.770805326338477e-58
5.0000000000000036,1.0744653049002241e-57
5.100000000000003,1.3160653734192595e-57
5.200000000000004,1.6117388350946931e-57
5.300000000000004,1.973531304576379e-57
5.400000000000004,2.4161589994343518e-57
5.5000000000000036,2.957597991084695e-57
5.600000000000004,3.619802838573961e-57
5.700000000000005,4.429582874384126e-57
5.800000000000004,5.41967055727126e-57
5.900000000000004,6.630023782419539e-57
6.000000000000004,8.109413129944128e-57
6.100000000000005,9.917356086392291e-57
6.200000000000005,1.2126473711984454e-56
6.300000000000004,1.482536156067032e-56
6.400000000000005,1.812208651164199e-56
6.500000000000005,2.2148445293211395e-56
6.600000000000005,2.706514978695368e-56
6.700000000000005,3.3068139800390057e-56
6.800000000000005,4.039626723461244e-56
6.900000000000006,4.934064807945782e-56
7.000000000000005,6.025604241910026e-56
7.100000000000005,7.35747000210947e-56
7.2000000000000055,8.98232030146384e-56
7.300000000000006,1.0964295115727191e-55
7.400000000000006,1.3381507350490971e-55
7.500000000000005,1.6329071810070453e-55
7.600000000000006,1.9922787483598175e-55
7.700000000000006,2.430361334827906e-55
7.800000000000006,2.9643107821902012e-55
7.900000000000006,3.615003828602709e-55
8.000000000000007,4.407841109086756e-55
8.100000000000007,5.373722576800386e-55
8.200000000000006,6.550232178432075e-55
8.300000000000006,7.983076444887595e-55
8.400000000000006,9.727831141126521e-55
8.500000000000007,1.185206160455715e-54
8.600000000000007,1.4437896310557595e-54
8.700000000000006,1.7585150045197786e-54
8.800000000000008,2.141511345395974e-54
8.900000000000007,2.6075150414322696e-54
9.000000000000007,3.174427454754312e-54
9.100000000000007,3.863991232561503e-54
9.200000000000006,4.702610395391898e-54
9.300000000000008,5.722344610121096e-54
9.400000000000007,6.962114451776454e-54
9.500000000000007,8.469162193752183e-54
9.600000000000009,1.0300822018681761e-53
9.700000000000008,1.2526664848327252e-53
9.800000000000008,1.5231096656170827e-53
9.900000000000007,1.8516505640532351e-53
10.000000000000007,2.2507073589725224e-53
10.100000000000009,2.7353390876381124e-53
10.200000000000008,3.323804363494253e-53
10.300000000000008,4.0382376840471197e-53
10.40000000000001,4.905467946738315e-53
10.500000000000009,5.95800891693175e-53
10.600000000000009,7.235257580045765e-53
10.700000000000008,8.784943778124824e-53
10.800000000000008,1.0664883543171552e-52
10.90000000000001,1.2945099412747744e-52
11.000000000000009,1.5710384129921825e-52
11.100000000000009,1.9063399949862315e-52
11.20000000000001,2.3128424853538273e-52
11.30000000000001,2.8055879972157575e-52
11.40000000000001,3.4027800257314176e-52
11.500000000000009,4.126444385760741e-52
11.600000000000009,5.003227594568147e-52
11.70000000000001,6.065361127905682e-52
11.80000000000001,7.351825825647237e-52
11.90000000000001,8.909757767254509e-52
12.00000000000001,1.0796145421057732e-51
12.10000000000001,1.30798780872075e-51
12.20000000000001,1.5844217953863187e-51
12.30000000000001,1.91897828923671e-51
12.40000000000001,2.3238144937769734e-51
12.50000000000001,2.813617084625779e-51
12.60000000000001,3.4061256923922845e-51
12.70000000000001,4.1227641362296974e-51
12.800000000000011,4.989401465246671e-51
12.900000000000011,6.037269355091916e-51
13.00000000000001,7.304067806049788e-51
13.10000000000001,8.835297579826852e-51
13.20000000000001,1.0685865614403251e-50
13.300000000000011,1.292201903325965e-50
13.400000000000011,1.5623674633023196e-50
13.50000000000001,1.8887224271110026e-50
13.600000000000012,2.282891283695272e-50
13.700000000000012,2.7588905021958593e-50
13.800000000000011,3.3336180558041092e-50
13.900000000000011,4.0274425755858665e-50
14.00000000000001,4.86491229806784e-50
14.100000000000012,5.875608028133957e-50
14.200000000000012,7.095169208418e-50
14.300000000000011,8.566528029393864e-50
14.400000000000013,1.0341393524198068e-49
14.500000000000012,1.2482036000490221e-49
14.600000000000012,1.5063432245735789e-49
14.700000000000012,1.8175844034205185e-49
14.800000000000011,2.1927916961132166e-49
14.900000000000013,2.6450404007529943e-49
15.000000000000012,3.1900639067144997e-49
15.100000000000012,3.8467910625907005e-49
15.200000000000014,4.6379915688311896e-49
15.300000000000013,5.5910509868528554e-49
15.400000000000013,6.738901247139103e-49
15.500000000000012,8.121137677218456e-49
15.600000000000012,9.785359722895148e-49
15.700000000000014,1.1788779901636871e-48
15.800000000000013,1.42001543433244e-48
15.900000000000013,1.7102098824720898e-48
16.000000000000014,2.059386682929747e-48
16.100000000000016,2.4794681268775926e-48
16.200000000000014,2.984772957090488e-48
16.30000000000001,3.5924953447436e-48
16.400000000000013,4.323279049692292e-48
16.500000000000014,5.201905569230867e-48
16.600000000000016,6.258118773597601e-48
16.700000000000014,7.527612940769078e-48
16.800000000000015,9.053216378261532e-48
16.900000000000013,1.088630912260151e-47
17.000000000000014,1.3088520736864723e-47
17.100000000000016,1.5733763220534194e-47
17.200000000000014,1.8910664786813542e-47
17.300000000000015,2.272548308776974e-47
17.400000000000013,2.730559177919045e-47
17.500000000000014,3.280365259393663e-47
17.600000000000016,3.9402606905501973e-47
17.700000000000014,4.73216467924371e-47
17.800000000000015,5.682335666900612e-47
17.900000000000016,6.822225359232673e-47
18.000000000000014,8.189499853954773e-47
18.100000000000016,9.829260363735762e-47
18.200000000000017,1.1795502314726416e-46
18.300000000000015,1.4152859090022393e-46
18.400000000000016,1.6978685613713097e-46
18.500000000000014,2.0365547608892873e-46
18.600000000000016,2.442419503818064e-46
18.700000000000017,2.9287113335739523e-46
18.800000000000015,3.511276402660237e-46
18.900000000000016,4.209064775050883e-46
19.000000000000014,5.0447348215162754e-46
19.100000000000016,6.045374597236793e-46
19.200000000000017,7.243362706023605e-46
19.300000000000015,8.677395457930117e-46
19.400000000000016,1.0393712246877702e-45
19.500000000000018,1.2447557166459022e-45
19.600000000000016,1.490492212853746e-45
19.700000000000017,1.7844625368186115e-45
19.80000000000002,2.1360789468228293e-45
19.900000000000016,2.556579522364767e-45
20.000000000000018,3.0593802154320576e-45
20.100000000000016,3.660494369554991e-45
20.200000000000017,4.3790325561851096e-45
20.30000000000002,5.2377980098004054e-45
20.400000000000016,6.2639958322765e-45
20.500000000000018,7.490077568947644e-45
20.600000000000016,8.954746834669492e-45
20.700000000000017,1.0704156508172922e-44
20.80000000000002,1.279333375936356e-44
20.900000000000016,1.5287875995587427e-44
21.000000000000018,1.826596890905782e-44
21.10000000000002,2.1820787415297072e-44
21.200000000000017,2.606335167184764e-44
21.30000000000002,3.112592388974085e-44
21.40000000000002,3.7166047690127903e-44
21.500000000000018,4.437135078057467e-44
21.60000000000002,5.296525428038733e-44
21.700000000000017,6.321375876377593e-44
21.80000000000002,7.543350878494012e-44
21.90000000000002,9.000137521245724e-44
22.000000000000018,1.0736583921106115e-43
22.10000000000002,1.2806051444308801e-43
22.200000000000017,1.5272020652885082e-43
22.30000000000002,1.8209998278912564e-43
22.40000000000002,2.170978129028569e-43
22.500000000000018,2.5878144484173255e-43
22.60000000000002,3.0842030323615845e-43
22.70000000000002,3.675233426637924e-43
22.80000000000002,4.378839603442373e-43
22.90000000000002,5.216332762254971e-43
23.00000000000002,6.213033291948924e-43
23.10000000000002,7.399020229074228e-43
23.20000000000002,8.810019914909495e-43
23.30000000000002,1.0488459535915075e-42
23.40000000000002,1.2484715939974758e-42
23.50000000000002,1.4858595685587464e-42
23.60000000000002,1.7681088857963253e-42
23.70000000000002,2.1036446957515627e-42
23.80000000000002,2.5024644348082632e-42
23.90000000000002,2.976429359851976e-42
24.00000000000002,3.5396097861715305e-42
24.10000000000002,4.208693856274049e-42
24.20000000000002,5.003471452911532e-42
24.300000000000022,5.947406978139277e-42
24.40000000000002,7.068317208949756e-42
24.50000000000002,8.399173377009707e-42
24.600000000000023,9.979050085449994e-42
24.70000000000002,1.1854247763939162e-41
24.800000000000022,1.407962018554764e-41
24.90000000000002,1.6720144256062835e-41
25.00000000000002,1.9852775992437039e-41
25.100000000000023,2.3568644513175285e-41
25.20000000000002,2.7975645182996313e-41
25.300000000000022,3.3201504037816655e-41
25.40000000000002,3.939739855915304e-41
25.50000000000002,4.674223511641264e-41
25.600000000000023,5.544770135919148e-41
25.70000000000002,6.576423299944486e-41
25.800000000000022,7.798805933890017e-41
25.900000000000023,9.246952123308695e-41
26.00000000000002,1.0962288971849441e-40
26.100000000000023,1.2993795417819345e-40
26.200000000000024,1.5399369675864035e-40
26.300000000000022,1.824744260377998e-40
26.400000000000023,2.161888091646297e-40
26.50000000000002,2.5609231958153506e-40
26.600000000000023,3.0331370904749222e-40
26.700000000000024,3.5918622039691843e-40
26.800000000000022,4.25284384110594e-40
26.900000000000023,5.034673906408806e-40
27.00000000000002,5.959302053953474e-40
27.100000000000023,7.0526379888060885e-40
27.200000000000024,8.345261060692316e-40
27.300000000000022,9.873256128168923e-40
27.400000000000023,1.167919800448157e-39
27.500000000000025,1.381331071022861e-39
27.600000000000023,1.6334832353475835e-39
27.700000000000024,1.9313621852885976e-39
27.800000000000026,2.283205005172924e-39
27.900000000000023,2.6987225202033542e-39
28.000000000000025,3.189361151790276e-39
28.100000000000023,3.768610972686849e-39
28.200000000000024,4.4523680547642887e-39
28.300000000000026,5.2593606095541024e-39
28.400000000000023,6.211650071877608e-39
28.500000000000025,7.335220211584881e-39
28.600000000000023,8.660669626310764e-39
28.700000000000024,1.0224025626180609e-38
28.800000000000026,1.2067700636144325e-38
28.900000000000023,1.424161589098595e-38
29.000000000000025,1.680452147309821e-38
29.100000000000026,1.9825546750251415e-38
29.200000000000024,2.3386021134299435e-38
29.300000000000026,2.75816119473542e-38
29.400000000000027,3.2524834219401103e-38
29.500000000000025,3.834799664898711e-38
29.600000000000026,4.520665896835297e-38
29.700000000000024,5.328368883685997e-38
29.800000000000026,6.279402145788161e-38
29.900000000000027,7.39902427434746e-38
30.000000000000025,8.716913746885389e-38
30.100000000000026,1.0267936796759436e-37
30.200000000000024,1.2093047710508515e-37
30.300000000000026,1.424034422165135e-37
30.400000000000027,1.6766304520441273e-37
30.500000000000025,1.9737236899092204e-37
30.600000000000026,2.323097830963853e-37
30.700000000000028,2.733888425347704e-37
30.800000000000026,3.2168159595247886e-37
30.900000000000027,3.784458827102553e-37
31.00000000000003,4.451572964209876e-37
31.100000000000026,5.235466066445823e-37
31.200000000000028,6.156435637229447e-37
31.300000000000026,7.238281672815713e-37
31.400000000000027,8.5089066041751e-37
31.50000000000003,1.0001017233294578e-36
31.600000000000026,1.1752945871265744e-36
31.700000000000028,1.3809610765928432e-36
31.800000000000026,1.6223639265588423e-36
31.900000000000027,1.9056681081189158e-36
32.00000000000003,2.2380943573937653e-36
32.10000000000002,2.6280986315432027e-36
32.20000000000003,3.0855818366687575e-36
32.300000000000026,3.622134894541099e-36
32.40000000000003,4.251325056492168e-36
32.50000000000003,4.989030352808631e-36
32.60000000000003,5.853830207204543e-36
32.70000000000003,6.867461574724204e-36
32.800000000000026,8.055351508317603e-36
32.90000000000003,9.44723885982996e-36
33.00000000000003,1.1077899916488582e-35
33.10000000000003,1.298799521204898e-35
33.20000000000003,1.5225057588141807e-35
33.300000000000026,1.7844644880607785e-35
33.40000000000003,2.091168444257931e-35
33.50000000000003,2.4502041177694346e-35
33.60000000000003,2.870434594395464e-35
33.70000000000003,3.3622127218298573e-35
33.800000000000026,3.937629591967204e-35
33.90000000000003,4.610804143155123e-35
34.00000000000003,5.398220632587066e-35
34.10000000000003,6.319121828072869e-35
34.20000000000003,7.395967044899999e-35
34.30000000000003,8.654965635831948e-35
34.40000000000003,1.0126698263376594e-34
34.50000000000003,1.1846840281430475e-34
34.60000000000003,1.385700387242665e-34
34.70000000000003,1.6205718277326991e-34
34.80000000000003,1.8949570578414325e-34
34.90000000000003,2.2154533117428977e-34
35.00000000000003,2.5897507833498856e-34
35.10000000000003,3.0268122678363712e-34
35.20000000000003,3.5370820916896575e-34
35.30000000000003,4.132729067175391e-34
35.400000000000034,4.827928966445264e-34
35.50000000000003,5.639192890560828e-34
35.60000000000003,6.585748928480997e-34
35.70000000000003,7.689985682542181e-34
35.80000000000003,8.977967605570205e-34
35.900000000000034,1.0480033679876332e-33
36.00000000000003,1.2231492803955827e-33
36.10000000000003,1.42734313779318e-33
36.20000000000003,1.665365103899681e-33
36.30000000000003,1.942775734559959e-33
36.400000000000034,2.266042350435097e-33
36.50000000000003,2.6426857046331917e-33
36.60000000000003,3.0814501770213146e-33
36.70000000000003,3.59250123713151e-33
36.80000000000003,4.187654507568092e-33
36.900000000000034,4.880641442021126e-33
37.00000000000003,5.687417420666176e-33
37.10000000000003,6.626518977354537e-33
37.20000000000003,7.719477926558442e-33
37.30000000000003,8.991301375439654e-33
37.400000000000034,1.0471028012885785e-32
37.500000000000036,1.2192372692022285e-32
37.60000000000003,1.4194473199079978e-32
37.70000000000003,1.6522755268217682e-32
37.80000000000003,1.92299344034978e-32
37.900000000000034,2.2377175956929597e-32
38.000000000000036,2.603543824441837e-32
38.10000000000003,3.028702732755251e-32
38.20000000000003,3.5227396526721476e-32
38.30000000000003,4.096722885018077e-32
38.400000000000034,4.7634846428088205e-32
38.500000000000036,5.537899784950641e-32
38.60000000000004,6.437208215125815e-32
38.70000000000003,7.481387725817113e-32
38.80000000000003,8.693585110639446e-32
38.900000000000034,1.0100614570375672e-31
39.000000000000036,1.1733533823402254e-31
39.10000000000004,1.3628309927093904e-31
39.20000000000003,1.582658865509293e-31
39.30000000000003,1.8376583392424042e-31
39.400000000000034,2.133410194823903e-31
39.500000000000036,2.476373249261526e-31
39.60000000000004,2.874021305450591e-31
39.70000000000003,3.3350012736210623e-31
39.80000000000003,3.8693157078351477e-31
39.900000000000034,4.488533493201058e-31
40.000000000000036,5.206032985742168e-31
40.10000000000004,6.037282558149772e-31
40.20000000000003,7.000164253601704e-31
40.30000000000003,8.115347110944458e-31
40.400000000000034,9.406717714438464e-31
40.500000000000036,1.0901876659049567e-30
40.60000000000004,1.2632710929770272e-30
40.70000000000004,1.4636053695780225e-30
40.80000000000003,1.6954444746115965e-30
40.900000000000034,1.9637006775859303e-30
41.000000000000036,2.2740455008407984e-30
41.10000000000004,2.633026025338041e-30
41.20000000000004,3.0481988500664508e-30
41.30000000000003,3.528284359573831e-30
41.400000000000034,4.083344349459865e-30
41.500000000000036,4.724986513278589e-30
41.60000000000004,5.46659981471782e-30
41.70000000000004,6.323625365879e-30
41.80000000000004,7.313868117125354e-30
41.900000000000034,8.457855449035813e-30
42.000000000000036,9.779249657091414e-30
42.10000000000004,1.130532235149671e-29
42.20000000000004,1.3067499977077174e-29
42.30000000000004,1.510199101329375e-29
42.400000000000034,1.7450506967003153e-29
42.500000000000036,2.0161091049139307e-29
42.60000000000004,2.328907046356171e-29
42.70000000000004,2.6898150569084454e-29
42.80000000000004,3.106167184663461e-29
42.900000000000034,3.5864053661129183e-29
43.000000000000036,4.1402452307360106e-29
43.10000000000004,4.77886648342507e-29
43.20000000000004,5.515131472441354e-29
43.30000000000004,6.363836074846694e-29
43.400000000000034,7.341997631007701e-29
43.500000000000036,8.469185345541154e-29
43.60000000000004,9.767899356210202e-29
43.70000000000004,1.12640055687439e-28
43.80000000000004,1.2987234380251196e-28
43.90000000000004,1.4971752584998121e-28
44.000000000000036,1.7256819094477916e-28
44.10000000000004,1.988753663254237e-28
44.20000000000004,2.2915713312706385e-28
44.30000000000004,2.6400849999263146e-28
44.40000000000004,3.041127163135125e-28
44.500000000000036,3.5025423289413344e-28
44.60000000000004,4.0333354751743413e-28
44.70000000000004,4.643842067658737e-28
44.80000000000004,5.345922741116368e-28
44.90000000000004,6.153186183973821e-28
45.00000000000004,7.081244271449721e-28
45.10000000000004,8.148004065179135e-28
45.20000000000004,9.374001952077357e-28
45.30000000000004,1.0782785941316423e-27
45.40000000000004,1.2401352988928516e-27
45.50000000000004,1.4260649189088734e-27
45.60000000000004,1.6396141776032942e-27
45.70000000000004,1.8848473139497444e-27
45.80000000000004,2.166420849075865e-27
45.90000000000004,2.4896690449961903e-27
46.00000000000004,2.8607015685797618e-27
46.10000000000004,3.2865150856930256e-27
46.20000000000004,3.77512075161966e-27
46.30000000000004,4.335689838361437e-27
46.40000000000004,4.978720051833818e-27
46.50000000000004,5.7162254474433764e-27
46.60000000000004,6.561953256961678e-27
46.70000000000004,7.53163139963811e-27
46.80000000000004,8.643250973683236e-27
46.90000000000004,9.917388619187069e-27
47.00000000000004,1.1377574319914103e-26
47.100000000000044,1.30507109802852e-26
47.20000000000004,1.496755298769619e-26
47.30000000000004,1.7163251963306557e-26
47.40000000000004,1.9677979032609788e-26
47.50000000000004,2.2557634228667916e-26
47.600000000000044,2.5854655096453223e-26
47.70000000000004,2.962893821964664e-26
47.80000000000004,3.394888926792619e-26
47.90000000000004,3.8892619293165935e-26
48.00000000000004,4.4549307420980977e-26
48.100000000000044,5.1020752828013044e-26
48.200000000000045,5.842314200872474e-26
48.30000000000004,6.688906086732706e-26
48.40000000000004,7.656978517644772e-26
48.50000000000004,8.763788748708119e-26
48.600000000000044,1.0029020372537196e-25
48.700000000000045,1.1475120855128483e-25
48.80000000000004,1.3127685517307006e-25
48.90000000000004,1.5015894281240012e-25
49.00000000000004,1.7173008351434709e-25
49.100000000000044,1.9636934962502903e-25
49.200000000000045,2.2450869416624055e-25
49.30000000000004,2.5664024868794897e-25
49.40000000000004,2.933246171654612e-25
49.50000000000004,3.3520030034190045e-25
49.600000000000044,3.8299440283925466e-25
49.700000000000045,4.375347956453056e-25
49.80000000000004,4.997639295357864e-25
49.90000000000004,5.707545209581721e-25
50.00000000000004,6.517273612765384e-25
50.100000000000044,7.440715334969294e-25
50.200000000000045,8.493673581570026e-25
50.30000000000005,9.694124325339685e-25
50.40000000000004,1.1062511753321523e-24
50.50000000000004,1.2622083432704822e-24
50.600000000000044,1.4399270473028104e-24
50.700000000000045,1.6424118654763005e-24
50.80000000000005,1.8730777276850795e-24
50.90000000000004,2.1358053359566654e-24
51.00000000000004,2.435003983711697e-24
51.100000000000044,2.7756827501197994e-24
51.200000000000045,3.1635311728779683e-24
51.30000000000005,3.605010646305966e-24
51.40000000000005,4.1074579536682206e-24
51.50000000000004,4.679202525429274e-24
51.600000000000044,5.3296992213635925e-24
51.700000000000045,6.0696786670231244e-24
51.80000000000005,6.911317437360784e-24
51.90000000000005,7.86843067603561e-24
52.00000000000004,8.956690072317904e-24
52.100000000000044,1.019387049328134e-23
52.200000000000045,1.160012899243478e-23
52.30000000000005,1.3198320393095783e-23
52.40000000000005,1.501435418232262e-23
52.50000000000004,1.7077598056674298e-23
52.600000000000044,1.942133414289882e-23
52.700000000000045,2.2083274684373765e-23
52.80000000000005,2.5106144848421007e-23
52.90000000000005,2.853834128245026e-23
53.00000000000004,3.2434676141721335e-23
53.100000000000044,3.685721754342381e-23
53.200000000000045,4.187623878767967e-23
53.30000000000005,4.757129024498456e-23
53.40000000000005,5.403240956278242e-23
53.50000000000005,6.136148781520716e-23
53.600000000000044,6.967381143630268e-23
53.700000000000045,7.909980226821789e-23
53.80000000000005,8.978698085561373e-23
53.90000000000005,1.0190218126351271e-22
54.00000000000005,1.1563404923021678e-22
54.100000000000044,1.3119585943708968e-22
54.200000000000045,1.4882869213577826e-22
54.30000000000005,1.688050143802296e-22
54.40000000000005,1.9143271673198064e-22
54.50000000000005,2.1705966261694273e-22
54.60000000000005,2.4607881459342573e-22
54.700000000000045,2.7893400973752265e-22
54.80000000000005,3.1612646526716877e-22
54.90000000000005,3.582221055268745e-22
55.00000000000005,4.05859812671073e-22
55.10000000000005,4.59760715961447e-22
55.200000000000045,5.207386486944068e-22
55.30000000000005,5.897119175817906e-22
55.40000000000005,6.677165471237517e-22
55.50000000000005,7.559211813646776e-22
55.60000000000005,8.556438476650959e-22
55.700000000000045,9.683708120377674e-22
55.80000000000005,1.0957777835013187e-21
55.90000000000005,1.239753756153324e-21
56.00000000000005,1.4024278126510551e-21
56.10000000000005,1.5861992519524865e-21
56.200000000000045,1.793771448004427e-21
56.30000000000005,2.028189895115728e-21
56.40000000000005,2.2928849506357844e-21
56.50000000000005,2.5917198469508807e-21
56.60000000000005,2.929044613476486e-21
56.70000000000005,3.309756626109814e-21
56.80000000000005,3.7393685874583256e-21
56.90000000000005,4.22408483713325e-21
57.00000000000005,4.77088699866196e-21
57.10000000000005,5.387630089444347e-21
57.20000000000005,6.083150354106112e-21
57.30000000000005,6.867386231215298e-21
57.40000000000005,7.75151403043406e-21
57.50000000000005,8.748100083783998e-21
57.60000000000005,9.871271343058606e-21
57.70000000000005,1.1136906628002922e-20
57.800000000000054,1.2562850989486014e-20
57.90000000000005,1.416915594158977e-20
58.00000000000005,1.5978348639776168e-20
58.10000000000005,1.8015733442871838e-20
58.20000000000005,2.0309729698803564e-20
58.300000000000054,2.289225004250563e-20
58.40000000000005,2.5799123994496813e-20
58.50000000000005,2.90705722060937e-20
58.60000000000005,3.275173731855024e-20
58.70000000000005,3.689327809586487e-20
58.800000000000054,4.155203426246094e-20
58.90000000000005,4.6791770336408996e-20
59.00000000000005,5.268400770613359e-20
59.10000000000005,5.930895526453744e-20
59.20000000000005,6.675655010145975e-20
59.300000000000054,7.512762107667052e-20
59.40000000000005,8.453518956632182e-20
59.50000000000005,9.510592331242557e-20
59.60000000000005,1.0698176112588655e-19
59.70000000000005,1.2032172821947228e-19
59.800000000000054,1.353039642002342e-19
59.900000000000055,1.5212798825660345e-19
60.00000000000005,1.7101722886143e-19
60.10000000000005,1.9222184840933476e-19
60.20000000000005,2.1602189664911996e-19
60.300000000000054,2.4273083059758837e-19
60.400000000000055,2.726994428714737e-19
60.50000000000005,3.063202450961812e-19
60.60000000000005,3.440323582945121e-19
60.70000000000005,3.863269679827095e-19
60.800000000000054,4.337534081678927e-19
60.900000000000055,4.869259456195449e-19
61.00000000000006,5.465313437557149e-19
61.10000000000005,6.133372943267502e-19
61.20000000000005,6.8820181488994e-19
61.300000000000054,7.720837209520304e-19
61.400000000000055,8.660542937278647e-19
61.50000000000006,9.713102778497085e-19
61.60000000000005,1.0891883582043415e-18
61.70000000000005,1.2211812815284188e-18
61.800000000000054,1.368955806629392e-18
61.900000000000055,1.5343726873083904e-18
62.00000000000006,1.719508914453224e-18
62.10000000000005,1.926682468573859e-18
62.20000000000005,2.1584798615265544e-18
62.300000000000054,2.41778677659643e-18
62.400000000000055,2.7078221497931808e-18
62.50000000000006,3.0321760725039467e-18
62.60000000000005,3.3948519369192934e-18
62.70000000000005,3.8003132913200926e-18
62.800000000000054,4.253535922844558e-18
62.900000000000055,4.760065741254686e-18
63.00000000000006,5.326083099046707e-18
63.10000000000006,5.958474251618422e-18
63.20000000000005,6.664910736797142e-18
63.300000000000054,7.453937536591989e-18
63.400000000000055,8.33507097638745e-18
63.50000000000006,9.318907418851904e-18
63.60000000000006,1.0417243922588413e-17
63.70000000000005,1.1643212160110342e-17
63.800000000000054,1.301142702729082e-17
63.900000000000055,1.4538151528342158e-17
64.00000000000006,1.6241479688097323e-17
64.10000000000005,1.814153942850409e-17
64.20000000000006,2.0260717550564803e-17
64.30000000000005,2.2623909188433582e-17
64.40000000000006,2.5258794351140582e-17
64.50000000000006,2.8196144441803014e-17
64.60000000000005,3.1470161946833377e-17
64.70000000000006,3.511885682133978e-17
64.80000000000005,3.9184463464845414e-17
64.90000000000006,4.371390258699354e-17
65.00000000000006,4.875929270984048e-17
65.10000000000005,5.4378516545871013e-17
65.20000000000006,6.063584803341683e-17
65.30000000000005,6.76026464088424e-17
65.40000000000006,7.535812435308643e-17
65.50000000000006,8.399019797487644e-17
65.60000000000005,9.359642719088335e-17
65.70000000000006,1.0428505594132024e-16
65.80000000000005,1.1617616264606331e-16
65.90000000000006,1.2940293236992155e-16
66.00000000000006,1.441130633356279e-16
66.10000000000005,1.6047032171016804e-16
66.20000000000006,1.786562600052257e-16
66.30000000000005,1.9887211598878614e-16
66.40000000000006,2.2134091071561729e-16
66.50000000000006,2.4630976616468755e-16
66.60000000000005,2.7405246503803827e-16
66.70000000000006,3.0487227754593e-16
66.80000000000005,3.39105082497387e-16
66.90000000000006,3.771228127546813e-16
67.00000000000006,4.1933725811857313e-16
67.10000000000007,4.662042620143229e-16
67.20000000000006,5.1822835197417e-16
67.30000000000005,5.759678478918325e-16
67.40000000000006,6.400404963915163e-16
67.50000000000006,7.111296844452357e-16
67.60000000000007,7.89991290628561e-16
67.70000000000006,8.774612381688118e-16
67.80000000000005,9.744638202616389e-16
67.90000000000006,1.082020875061461e-15
68.00000000000006,1.2012618953486227e-15
68.10000000000007,1.3334351662016106e-15
68.20000000000006,1.4799200331256164e-15
68.30000000000005,1.6422404130843647e-15
68.40000000000006,1.8220796718296054e-15
68.50000000000006,2.0212970029131967e-15
68.60000000000007,2.241945456895952e-15
68.70000000000006,2.4862917836395254e-15
68.80000000000005,2.7568382663013447e-15
68.90000000000006,3.05634674286843e-15
69.00000000000006,3.3878650299052445e-15
69.10000000000007,3.754755983799756e-15
69.20000000000006,4.16072945733142e-15
69.30000000000005,4.609877434038799e-15
69.40000000000006,5.106712649812548e-15
69.50000000000006,5.656211040606478e-15
69.60000000000007,6.2638583873613986e-15
69.70000000000006,6.935701564424467e-15
69.80000000000007,7.678404836198975e-15
69.90000000000006,8.499311688753621e-15
70.00000000000006,9.40651272899803e-15
70.10000000000007,1.0408920234111072e-14
70.20000000000006,1.1516349988603844e-14
70.30000000000007,1.2739611106087854e-14
70.40000000000006,1.4090604597963816e-14
70.50000000000006,1.5582431522341253e-14
70.60000000000007,1.722951162404338e-14
70.70000000000006,1.9047713461147988e-14
70.80000000000007,2.105449710577118e-14
70.90000000000006,2.326907060738024e-14
71.00000000000006,2.5712561516592154e-14
71.10000000000007,2.8408204886924867e-14
71.20000000000006,3.138154930222628e-14
71.30000000000007,3.4660682619422056e-14
71.40000000000006,3.827647927080393e-14
71.50000000000006,4.2262871138483006e-14
71.60000000000007,4.665714419695637e-14
71.70000000000006,5.150026331937941e-14
71.80000000000007,5.683722786044042e-14
71.90000000000006,6.271746086520343e-14
72.00000000000006,6.919523501066492e-14
72.10000000000007,7.633013866670221e-14
72.20000000000006,8.41875857676423e-14
72.30000000000007,9.283937351687656e-14
72.40000000000006,1.0236429230700951e-13
72.50000000000006,1.1284879262957503e-13
72.60000000000007,1.2438771417379616e-13
72.70000000000006,1.3708508277629614e-13
72.80000000000007,1.510549813861055e-13
72.90000000000006,1.6642250175498233e-13
73.00000000000006,1.83324784155958e-13
73.10000000000007,2.0191215307655175e-13
73.20000000000006,2.2234935753202995e-13
73.30000000000007,2.4481692540265677e-13
73.40000000000006,2.69512642022056e-13
73.50000000000007,2.9665316413729554e-13
73.60000000000007,3.2647578133022554e-13
73.70000000000006,3.5924033804102785e-13
73.80000000000007,3.9523133047469835e-13
73.90000000000006,4.347601939073559e-13
74.00000000000007,4.78167797249245e-13
74.10000000000007,5.258271631733461e-13
74.20000000000006,5.781464336926191e-13
74.30000000000007,6.355721027736436e-13
74.40000000000006,6.985925394215874e-13
74.50000000000007,7.677418266718093e-13
74.60000000000007,8.43603944089166e-13
74.70000000000006,9.268173237213671e-13
74.80000000000007,1.0180798119905346e-12
74.90000000000006,1.1181540727542371e-12
75.00000000000007,1.2278734697392229e-12
75.10000000000007,1.348148469765899e-12
75.20000000000006,1.4799736116595868e-12
75.30000000000007,1.6244350895042048e-12
75.40000000000006,1.7827190029601179e-12
75.50000000000007,1.956120331762445e-12
75.60000000000007,2.146052696265268e-12
75.70000000000006,2.3540589710299838e-12
75.80000000000007,2.5818228239995594e-12
75.90000000000006,2.8311812597894422e-12
76.00000000000007,3.1041382520933505e-12
76.10000000000007,3.4028795571833583e-12
76.20000000000007,3.729788808023789e-12
76.30000000000007,4.087464996650604e-12
76.40000000000006,4.478741461249991e-12
76.50000000000007,4.906706503838063e-12
76.60000000000007,5.374725774660877e-12
76.70000000000007,5.8864665704521805e-12
76.80000000000007,6.445924205563086e-12
76.90000000000006,7.057450627788036e-12
77.00000000000007,7.725785464510138e-12
77.10000000000007,8.456089699666572e-12
77.20000000000007,9.253982198058709e-12
77.30000000000007,1.0125579310792554e-11
77.40000000000006,1.107753781422964e-11
77.50000000000007,1.211710145484249e-11
77.60000000000007,1.3252151393921496e-11
77.70000000000007,1.4491260869278062e-11
77.80000000000007,1.584375441604334e-11
77.90000000000006,1.7319772015527478e-11
78.00000000000007,1.8930338569985982e-11
78.10000000000007,2.068743913221404e-11
78.20000000000007,2.2604100352300617e-11
78.30000000000007,2.4694478639784258e-11
78.40000000000006,2.6973955578068292e-11
78.50000000000007,2.945924116942926e-11
78.60000000000007,3.2168485533532615e-11
78.70000000000007,3.5121399730256335e-11
78.80000000000007,3.833938642903126e-11
78.90000000000006,4.1845681202151146e-11
79.00000000000007,4.566550527876232e-11
79.10000000000007,4.982623065988474e-11
79.20000000000007,5.435755856310529e-11
79.30000000000007,5.929171223882271e-11
79.40000000000006,6.466364527854307e-11
79.50000000000007,7.051126661998228e-11
79.60000000000007,7.687568354411647e-11
79.70000000000007,8.380146405622322e-11
79.80000000000007,9.133692014677379e-11
79.90000000000008,9.953441353935706e-11
80.00000000000007,1.0845068565200305e-10
80.10000000000007,1.1814721362604582e-10
80.20000000000007,1.2869059441338898e-10
80.30000000000007,1.4015295905953153e-10
80.40000000000008,1.5261241947650105e-10
80.50000000000007,1.6615355016760787e-10
80.60000000000007,1.8086790754557517e-10
80.70000000000007,1.96854589677641e-10
80.80000000000007,2.1422083949678103e-10
80.90000000000008,2.330826947379698e-10
81.00000000000007,2.535656880933036e-10
81.10000000000007,2.75805601331108e-10
81.20000000000007,2.9994927739250077e-10
81.30000000000007,3.2615549476580323e-10
81.40000000000008,3.545959087456748e-10
81.50000000000007,3.8545606451106996e-10
81.60000000000007,4.189364873058277e-10
81.70000000000007,4.552538553787218e-10
81.80000000000007,4.946422617382998e-10
81.90000000000008,5.373545712029429e-10
82.00000000000007,5.83663879680094e-10
82.10000000000007,6.338650830926923e-10
82.20000000000007,6.882765638867321e-10
82.30000000000007,7.472420036043115e-10
82.40000000000008,8.111323305932502e-10
82.50000000000007,8.803478125494403e-10
82.60000000000008,9.553203042548993e-10
82.70000000000007,1.03651566158384e-09
82.80000000000007,1.124436333605952e-09
82.90000000000008,1.2196241454208308e-09
83.00000000000007,1.3226632852153361e-09
83.10000000000008,1.43418350994843e-09
83.20000000000007,1.5548635850390118e-09
83.30000000000007,1.6854349744667013e-09
83.40000000000008,1.826685798794259e-09
83.50000000000007,1.9794650797903395e-09
83.60000000000008,2.144687291575017e-09
83.70000000000007,2.323337239531773e-09
83.80000000000007,2.5164752896360586e-09
83.90000000000008,2.7252429723426315e-09
84.00000000000007,2.9508689867609336e-09
84.10000000000008,3.194675632533458e-09
84.20000000000007,3.458085698619749e-09
84.30000000000007,3.742629840091366e-09
84.40000000000008,4.049954476057148e-09
84.50000000000007,4.381830243980616e-09
84.60000000000008,4.74016104792145e-09
84.70000000000007,5.126993740641425e-09
84.80000000000007,5.544528482071487e-09
84.90000000000008,5.995129819344018e-09
85.00000000000007,6.481338536466568e-09
85.10000000000008,7.005884324758258e-09
85.20000000000007,7.571699328391317e-09
85.30000000000007,8.181932622801168e-09
85.40000000000008,8.839965687342284e-09
85.50000000000007,9.549428937401118e-09
85.60000000000008,1.031421938523328e-08
85.70000000000007,1.1138519503081639e-08
85.80000000000007,1.2026817366679989e-08
85.90000000000008,1.2983928162046403e-08
86.00000000000007,1.4015017143556357e-08
86.10000000000008,1.512562413666131e-08
86.20000000000007,1.6321689684294194e-08
86.30000000000008,1.760958294201699e-08
86.40000000000008,1.8996131433301123e-08
86.50000000000007,2.0488652783045912e-08
86.60000000000008,2.2094988554510344e-08
86.70000000000007,2.3823540322315658e-08
86.80000000000008,2.5683308122071865e-08
86.90000000000008,2.7683931425499238e-08
87.00000000000007,2.98357327987253e-08
87.10000000000008,3.214976441069026e-08
87.20000000000007,3.4637857568389706e-08
87.30000000000008,3.731267546599097e-08
87.40000000000008,4.018776934572428e-08
87.50000000000007,4.327763827992382e-08
87.60000000000008,4.659779279564707e-08
87.70000000000007,5.0164822576031574e-08
87.80000000000008,5.3996468485944e-08
87.90000000000008,5.811169918355979e-08
88.00000000000007,6.253079259438709e-08
88.10000000000008,6.727542253983774e-08
88.20000000000007,7.236875082890794e-08
88.30000000000008,7.783552513881883e-08
88.40000000000008,8.37021830286255e-08
88.50000000000007,8.999696244895498e-08
88.60000000000008,9.675001913108791e-08
88.70000000000007,1.0399355125972906e-07
88.80000000000008,1.117619318560004e-07
88.90000000000008,1.2009184932044167e-07
89.00000000000009,1.2902245661032667e-07
89.10000000000008,1.3859552955120067e-07
89.20000000000007,1.4885563480956475e-07
89.30000000000008,1.5985030808184202e-07
89.40000000000008,1.7163024308443112e-07
89.50000000000009,1.8424949196079128e-07
89.60000000000008,1.9776567775400013e-07
89.70000000000007,2.1224021962750946e-07
89.80000000000008,2.2773857155253254e-07
89.90000000000008,2.44330475218025e-07
90.00000000000009,2.620902279585377e-07
90.10000000000008,2.8109696653623337e-07
90.20000000000007,3.014349676565216e-07
90.30000000000008,3.2319396614167845e-07
90.40000000000008,3.4646949173400345e-07
90.50000000000009,3.713632255493202e-07
90.60000000000008,3.9798337725307956e-07
90.70000000000007,4.2644508408526564e-07
90.80000000000008,4.5687083291644474e-07
90.90000000000008,4.893909065761474e-07
91.00000000000009,5.241438557561684e-07
91.10000000000008,5.612769978553035e-07
91.20000000000007,6.009469441991601e-07
91.30000000000008,6.433201571382169e-07
91.40000000000008,6.885735386002722e-07
91.50000000000009,7.368950517493399e-07
91.60000000000008,7.884843774820043e-07
91.70000000000007,8.435536075750616e-07
91.80000000000008,9.023279763838512e-07
91.90000000000008,9.650466330804704e-07
92.00000000000009,1.0319634565142253e-06
92.10000000000008,1.1033479148734727e-06
92.20000000000007,1.1794859724294385e-06
92.30000000000008,1.2606810457470924e-06
92.40000000000008,1.3472550118577985e-06
92.50000000000009,1.4395492710019876e-06
92.60000000000008,1.5379258666678016e-06
92.70000000000009,1.6427686657748652e-06
92.80000000000008,1.7544846019790657e-06
92.90000000000008,1.873504985207177e-06
93.00000000000009,2.000286880666753e-06
93.10000000000008,2.1353145607196464e-06
93.20000000000009,2.2791010331552507e-06
93.30000000000008,2.432189649552224e-06
93.40000000000008,2.595155797577219e-06
93.50000000000009,2.7686086812326436e-06
93.60000000000008,2.95319319323669e-06
93.70000000000009,3.1495918838953195e-06
93.80000000000008,3.358527031007844e-06
93.90000000000008,3.580762815538155e-06
94.00000000000009,3.817107607977611e-06
94.10000000000008,4.068416370528993e-06
94.20000000000009,4.335593180449695e-06
94.30000000000008,4.619593880107306e-06
94.40000000000008,4.9214288595253965e-06
94.50000000000009,5.242165977425853e-06
94.60000000000008,5.582933627012631e-06
94.70000000000009,5.944923952987323e-06
94.80000000000008,6.329396226537881e-06
94.90000000000008,6.737680385304934e-06
95.00000000000009,7.171180745595892e-06
95.10000000000008,7.631379894395176e-06
95.20000000000009,8.119842769003743e-06
95.30000000000008,8.638220932431393e-06
95.40000000000009,9.188257052970488e-06
95.50000000000009,9.771789596684987e-06
95.60000000000008,1.0390757741870993e-05
95.70000000000009,1.1047206524868553e-05
95.80000000000008,1.1743292226941683e-05
95.90000000000009,1.2481288012288535e-05
96.00000000000009,1.3263589827594188e-05
96.10000000000008,1.4092722573904165e-05
96.20000000000009,1.4971346561964379e-05
96.30000000000008,1.590226426255511e-05
96.40000000000009,1.6888427363736168e-05
96.50000000000009,1.7932944147314635e-05
96.60000000000008,1.9039087197259513e-05
96.70000000000009,2.021030145319571e-05
96.80000000000008,2.1450212622540657e-05
96.90000000000009,2.27626359652785e-05
97.00000000000009,2.4151585465804966e-05
97.10000000000008,2.5621283406734093e-05
97.20000000000009,2.7176170360009234e-05
97.30000000000008,2.8820915611132765e-05
97.40000000000009,3.056042803280673e-05
97.50000000000009,3.2399867424750625e-05
97.60000000000008,3.4344656336968236e-05
97.70000000000009,3.640049239421951e-05
97.80000000000008,3.857336113996889e-05
97.90000000000009,4.0869549418595313e-05
98.00000000000009,4.3295659315158334e-05
98.10000000000008,4.585862267255557e-05
98.20000000000009,4.85657162064251e-05
98.30000000000008,5.142457723868987e-05
98.40000000000009,5.4443220071189394e-05
98.50000000000009,5.763005302137184e-05
98.60000000000008,6.099389614259788e-05
98.70000000000009,6.454399965213304e-05
98.80000000000008,6.829006309048368e-05
98.90000000000009,7.224225523628502e-05
99.00000000000009,7.64112348014991e-05
99.1000000000001,8.080817193226589e-05
99.20000000000009,8.544477054128077e-05
99.30000000000008,9.033329149816881e-05
99.40000000000009,9.548657670485045e-05
99.50000000000009,0.00010091807408347037
99.6000000000001,0.00010664186350501953
99.70000000000009,0.00011267268368729739
99.80000000000008,0.00011902596009145312
99.90000000000009,0.00012571783384682952
100.00000000000009,0.0001327651917343959
100.1000000000001,0.00014018569725957796
100.20000000000009,0.00014799782284576283
100.30000000000008,0.00015622088318031116
100.40000000000009,0.00016487506974534522
100.50000000000009,0.00017398148656607248
100.6000000000001,0.00018356218720987799
100.70000000000009,0.00019364021306979672
100.80000000000008,0.00020423963296647865
100.90000000000009,0.00021538558410307904
101.00000000000009,0.00022710431440791837
101.1000000000001,0.00023942322630013475
101.20000000000009,0.0002523709219137872
101.30000000000008,0.0002659772498162947
101.40000000000009,0.0002802733532572265
101.50000000000009,0.0002952917199837962
101.6000000000001,0.0003110662336595858
101.70000000000009,0.0003276322269231416
101.8000000000001,0.000345026536123312
101.90000000000009,0.0003632875577681592
102.00000000000009,0.0003824553067244638
102.1000000000001,0.00040257147620469076
102.20000000000009,0.00042367949957835546
102.3000000000001,0.0004458246140445963
102.40000000000009,0.0004690539262025456
102.50000000000009,0.0004934164795560139
102.6000000000001,0.0005189633239886088
102.70000000000009,0.0005457475872451497
102.8000000000001,0.0005738245484549211
102.90000000000009,0.0006032517137316533
103.00000000000009,0.0006340888938848853
103.1000000000001,0.0006663982842764908
103.20000000000009,0.0007002445468556702
103.3000000000001,0.0007356948944049631
103.40000000000009,0.0007728191770288391
103.50000000000009,0.0008116899709158086
103.6000000000001,0.0008523826694037203
103.70000000000009,0.0008949755763770122
103.8000000000001,0.0009395500020235295
103.90000000000009,0.000986190360977065
104.00000000000009,0.0010349842728707222
104.1000000000001,0.0010860226653244328
104.20000000000009,0.001139399879388605
104.3000000000001,0.001195213777464222
104.40000000000009,0.0012535658537176986
104.50000000000009,0.0013145613470072904
104.6000000000001,0.0013783093563354762
104.70000000000009,0.0014449229588398512
104.8000000000001,0.001514519330332877
104.90000000000009,0.0015872198683981327
105.00000000000009,0.0016631503180487579
105.1000000000001,0.0017424408999506442
105.20000000000009,0.0018252264412105266
105.3000000000001,0.0019116465087262635
105.40000000000009,0.0020018455450932426
105.5000000000001,0.0020959730070582864
105.6000000000001,0.0021941835065084716
105.70000000000009,0.002296636953979586
105.8000000000001,0.0024034987046647307
105.90000000000009,0.002514939706900254
106.0000000000001,0.002631136653102496
106.1000000000001,0.002752272133124146
106.20000000000009,0.0028785347899959366
106.3000000000001,0.0030101194780140024
106.40000000000009,0.003147227423129576
106.5000000000001,0.0032900663855930505
106.6000000000001,0.0034388508247990214
106.70000000000009,0.003593802066275165
106.8000000000001,0.0037551484707517117
106.90000000000009,0.003923125605243695
107.0000000000001,0.004097976416073019
107.1000000000001,0.004279951403751024
107.20000000000009,0.004469308799637879
107.3000000000001,0.004666314744288228
107.40000000000009,0.00487124346738722
107.5000000000001,0.005084377469175291
107.6000000000001,0.005306007703252796
107.70000000000009,0.005536433760650911
107.8000000000001,0.005775964055047081
107.90000000000009,0.006024916008997936
108.0000000000001,0.006283616241055825
108.1000000000001,0.006552400753627161
108.2000000000001,0.006831615121425812
108.3000000000001,0.007121614680365564
108.40000000000009,0.007422764716730577
108.5000000000001,0.007735440656454008
108.6000000000001,0.008060028254328189
108.7000000000001,0.00839692378296317
108.8000000000001,0.00874653422130099
108.90000000000009,0.009109277442487908
109.0000000000001,0.009485582400896978
109.1000000000001,0.009875889318087114
109.2000000000001,0.010280649867477093
109.3000000000001,0.01070032735750351
109.40000000000009,0.011135396913026738
109.5000000000001,0.011586345654738144
109.6000000000001,0.012053672876316097
109.7000000000001,0.012537890219070235
109.8000000000001,0.013039521843803952
109.90000000000009,0.013559104599620364
110.0000000000001,0.01409718818938609
110.1000000000001,0.014654335331561318
110.2000000000001,0.015231121918097907
110.3000000000001,0.015828137168096276
110.40000000000009,0.01644598377690906
110.5000000000001,0.01708527806036812
110.6000000000001,0.017746650093806115
110.7000000000001,0.01843074384553846
110.8000000000001,0.019138217304459432
110.90000000000009,0.019869742601406552
111.0000000000001,0.020626006123934008
111.1000000000001,0.0214077086241337
111.2000000000001,0.02221556531913632
111.3000000000001,0.023050305983915147
111.40000000000009,0.023912675036015567
111.5000000000001,0.024803431611821893
111.6000000000001,0.025723349633971788
111.7000000000001,0.0266732178695242
111.8000000000001,0.027653839978477444
111.9000000000001,0.02866603455223746
112.0000000000001,0.029710635141624246
112.1000000000001,0.03078849027400905
112.2000000000001,0.031900463459165106
112.3000000000001,0.03304743318341617
112.4000000000001,0.034230292891665424
112.5000000000001,0.03544995095688084
112.6000000000001,0.03670733063661914
112.7000000000001,0.03800337001616268
112.8000000000001,0.03933902193784748
112.9000000000001,0.040715253916162424
113.0000000000001,0.04213304803819327
113.1000000000001,0.04359340084899734
113.2000000000001,0.045097323221486234
113.3000000000001,0.04664584021040261
113.4000000000001,0.04823999088998225
113.5000000000001,0.04988082817488657
113.6000000000001,0.05156941862400999
113.7000000000001,0.05330684222675698
113.8000000000001,0.055094192171399756
113.9000000000001,0.056932574595132186
114.0000000000001,0.05882310831543616
114.1000000000001,0.060766924542397086
114.2000000000001,0.06276516657160054
114.3000000000001,0.06481898945726067
114.4000000000001,0.06692955966524113
114.5000000000001,0.06909805470563134
114.60000000000011,0.0713256627445674
114.7000000000001,0.073613582194983
114.8000000000001,0.07596302128600609
114.9000000000001,0.07837519761071582
115.0000000000001,0.08085133765199955
115.10000000000011,0.08339267628626496
115.2000000000001,0.08600045626476986
115.3000000000001,0.08867592767236468
115.4000000000001,0.09142034736344631
115.5000000000001,0.09423497837494939
115.60000000000011,0.09712108931622494
115.7000000000001,0.10007995373566016
115.8000000000001,0.10311284946394049
115.9000000000001,0.10622105793385099
116.0000000000001,0.10940586347655538
116.10000000000011,0.11266855259431345
116.2000000000001,0.11601041320960692
116.3000000000001,0.11943273389069502
116.4000000000001,0.1229368030536226
116.5000000000001,0.12652390814074427
116.60000000000011,0.13019533477586004
116.7000000000001,0.13395236589606618
116.8000000000001,0.13779628086048318
116.9000000000001,0.14172835453602423
117.0000000000001,0.14574985636041674
117.10000000000011,0.149862049382719
117.2000000000001,0.15406618928159072
117.3000000000001,0.15836352336163367
117.4000000000001,0.16275528952812526
117.5000000000001,0.16724271524051812
117.60000000000011,0.17182701644511464
117.7000000000001,0.17650939648733793
117.8000000000001,0.18129104500408832
117.9000000000001,0.18617313679667724
118.0000000000001,0.19115683068488487
118.10000000000011,0.19624326834272726
118.2000000000001,0.20143357311652857
118.30000000000011,0.20672884882596734
118.4000000000001,0.21213017854876434
118.5000000000001,0.21763862338974943
118.60000000000011,0.22325522123505415
118.7000000000001,0.22898098549222592
118.80000000000011,0.23481690381710688
118.9000000000001,0.24076393682832145
119.0000000000001,0.24682301681030144
119.10000000000011,0.2529950464057665
119.2000000000001,0.25928089729864184
119.30000000000011,0.26568140888843195
119.4000000000001,0.27219738695707213
119.5000000000001,0.278829602329364
119.60000000000011,0.2855787895280831
119.7000000000001,0.2924456454249146
119.80000000000011,0.2994308278884051
119.9000000000001,0.3065349544301152
120.0000000000001,0.3137586008502442
120.10000000000011,0.3211022998839754
120.2000000000001,0.32856653984984924
120.30000000000011,0.33615176330150903
120.4000000000001,0.3438583656841462
120.5000000000001,0.3516866939970631
120.60000000000011,0.35963704546373415
120.7000000000001,0.3677096662108094
120.80000000000011,0.3759047499575277
120.9000000000001,0.38422243671698864
121.00000000000011,0.39266281151081545
121.10000000000011,0.40122590309868944
121.2000000000001,0.40991168272432427
121.30000000000011,0.4187200628794008
121.4000000000001,0.42765089608703577
121.50000000000011,0.4367039737063747
121.60000000000011,0.4458790247598604
121.7000000000001,0.45517571478481456
121.80000000000011,0.46459364471089754
121.9000000000001,0.4741323497650712
122.00000000000011,0.48379129840568336
122.10000000000011,0.49356989128725715
122.2000000000001,0.5034674602576337
122.30000000000011,0.5134832673890427
122.4000000000001,0.5236165040447199
122.50000000000011,0.5338662899826783
122.60000000000011,0.5442316724981883
122.7000000000001,0.5547116256065842
122.80000000000011,0.5653050492679235
122.9000000000001,0.57601076865506
123.00000000000011,0.5868275334666728
123.10000000000011,0.5977540172867273
123.2000000000001,0.60878881699189
123.30000000000011,0.6199304522083307
123.4000000000001,0.6311773648193509
123.50000000000011,0.6425279185252661
123.60000000000011,0.6539803984568682
123.7000000000001,0.6655330108438599
123.80000000000011,0.677183882739517
123.9000000000001,0.6889310618028633
124.00000000000011,0.7007725161395894
124.10000000000011,0.7127061342028592
124.2000000000001,0.7247297247551842
124.30000000000011,0.7368410168924067
124.4000000000001,0.7490376601308482
124.50000000000011,0.7613172245586206
124.60000000000011,0.7736772010519866
124.70000000000012,0.7861150015576952
124.80000000000011,0.7986279594420519
124.9000000000001,0.8112133299075318
125.00000000000011,0.8238682904775804
125.10000000000011,0.8365899415502519
125.20000000000012,0.8493753070212618
125.30000000000011,0.8622213349769019
125.4000000000001,0.8751248984572995
125.50000000000011,0.8880827962903263
125.60000000000011,0.9010917539964587
125.70000000000012,0.914148424764813
125.80000000000011,0.9272493905004422
125.9000000000001,0.9403911629430066
126.00000000000011,0.9535701848567456
126.10000000000011,0.9667828312916736
126.20000000000012,0.9800254109158318
126.30000000000011,0.9932941674182895
126.4000000000001,1.0065852809826112
126.50000000000011,1.0198948698303085
126.60000000000011,1.0332189918337937
126.70000000000012,1.0465536461982614
126.80000000000011,1.0598947752117698
126.9000000000001,1.0732382660628255
127.00000000000011,1.0865799527245745
127.10000000000011,1.0999156179046956
127.20000000000012,1.1132409950599984
127.30000000000011,1.1265517704745855
127.40000000000012,1.1398435854004567
127.50000000000011,1.1531120382592328
127.60000000000011,1.1663526869037135
127.70000000000012,1.1795610509377916
127.80000000000011,1.1927326140932402
127.90000000000012,1.2058628266617997
128.0000000000001,1.2189471079808534
128.1000000000001,1.2319808489710022
128.2000000000001,1.2449594147236702
128.30000000000013,1.2578781471368787
128.40000000000012,1.2707323675971869
128.5000000000001,1.283517379705814
128.6000000000001,1.296228472046762
128.7000000000001,1.3088609209948134
128.80000000000013,1.321409993561139
128.90000000000012,1.3338709502741968
129.0000000000001,1.3462390480935995
129.1000000000001,1.3585095433544527
129.2000000000001,1.3706776947397337
129.30000000000013,1.3827387662781516
129.40000000000012,1.3946880303648825
129.5000000000001,1.406520770802591
129.6000000000001,1.418232285859986
129.7000000000001,1.4298178913452328
129.80000000000013,1.4412729236914397
129.90000000000012,1.4525927430513967
130.0000000000001,1.4637727363987807
130.1000000000001,1.4748083206328912
130.2000000000001,1.4856949456840773
130.30000000000013,1.4964280976169184
130.40000000000012,1.5070033017282067
130.5000000000001,1.5174161256368295
130.6000000000001,1.5276621823625165
130.7000000000001,1.537737133390533
130.80000000000013,1.5476366917193147
130.90000000000012,1.557356624888057
131.0000000000001,1.5668927579813123
131.1000000000001,1.5762409766075767
131.2000000000001,1.5853972298489338
131.30000000000013,1.5943575331787987
131.40000000000012,1.6031179713448103
131.5000000000001,1.6116747012140016
131.6000000000001,1.6200239545773099
131.7000000000001,1.6281620409106
131.80000000000013,1.6360853500893675
131.90000000000012,1.6437903550543174
132.0000000000001,1.6512736144250961
132.1000000000001,1.6585317750594317
132.2000000000001,1.6655615745550463
132.30000000000013,1.6723598436917253
132.40000000000012,1.6789235088109713
132.5000000000001,1.6852495941307755
132.6000000000001,1.6913352239930277
132.70000000000013,1.6971776250412198
132.80000000000013,1.7027741283261146
132.90000000000012,1.7081221713371695
133.0000000000001,1.7132192999575169
133.1000000000001,1.718063170340439
133.20000000000013,1.7226515507053215
133.30000000000013,1.7269823230511514
133.40000000000012,1.731053484785739
133.5000000000001,1.7348631502688834
133.6000000000001,1.7384095522678347
133.70000000000013,1.7416910433234765
133.80000000000013,1.744706097025743
133.90000000000012,1.7474533091969056
134.0000000000001,1.7499313989814198
134.1000000000001,1.7521392098411734
134.20000000000013,1.754075710455036
134.30000000000013,1.7557399955217359
134.40000000000012,1.7571312864651976
134.5000000000001,1.7582489320415526
134.6000000000001,1.7590924088471784
134.70000000000013,1.7596613217272017
134.80000000000013,1.7599554040840195
134.90000000000012,1.7599691966826492
135.0000000000001,1.7596599064503369
135.1000000000001,1.7590183956876388
135.20000000000013,1.7580450277807305
135.30000000000013,1.7567403539287407
135.40000000000012,1.7551051126235642
135.5000000000001,1.7531402289532154
135.6000000000001,1.750846813729652
135.70000000000013,1.748226162442212
135.80000000000013,1.7452797540380518
135.90000000000012,1.7420092495311807
136.0000000000001,1.7384164904419392
136.1000000000001,1.7345034970689608
136.20000000000013,1.7302724665958917
136.30000000000013,1.7257257710353577
136.40000000000012,1.7208659550128553
136.5000000000001,1.715695733393485
136.6000000000001,1.7102179887546145
136.70000000000013,1.7044357687077636
136.80000000000013,1.6983522830732056
136.90000000000012,1.6919709009109276
137.0000000000001,1.685295147411825
137.1000000000001,1.6783287006531202
137.20000000000013,1.6710753882221951
137.30000000000013,1.6635391837131828
137.40000000000012,1.6557242031007748
137.5000000000001,1.6476347009959178
137.6000000000001,1.6392750667881317
137.70000000000013,1.630649820679353
137.80000000000013,1.6217636096143302
137.90000000000012,1.6126212031126577
138.0000000000001,1.603227489007723
138.1000000000001,1.5935874690978575
138.20000000000013,1.5837062547151044
138.30000000000013,1.573589062217109
138.40000000000012,1.5632412084076446
138.5000000000001,1.5526681058914409
138.60000000000014,1.541875258368939
138.70000000000013,1.5308682558767157
138.80000000000013,1.519652769979274
138.90000000000012,1.5082345489180184
139.0000000000001,1.4966194127231665
139.10000000000014,1.4848132482943845
139.20000000000013,1.4728220044559666
139.30000000000013,1.4606516869922757
139.40000000000012,1.4483083536692745
139.5000000000001,1.4357981092478265
139.60000000000014,1.4231271004944777
139.70000000000013,1.41030151119539
139.80000000000013,1.3973275571789678
139.90000000000012,1.3842114813527848
140.0000000000001,1.3709595487602357
140.10000000000014,1.357578041662313
140.20000000000013,1.3440732546498482
140.30000000000013,1.3304514897913724
140.40000000000012,1.316719051821802
140.5000000000001,1.3028822433769074
140.60000000000014,1.2889473602784904
140.70000000000013,1.274920686875087
140.80000000000013,1.2608084914427962
140.90000000000012,1.2466170216508616
141.0000000000001,1.2323525000963491
141.10000000000014,1.2180211199122013
141.20000000000013,1.2036290404528225
141.30000000000013,1.1891823830610966
141.40000000000012,1.174687226920747
141.5000000000001,1.160149604997636
141.60000000000014,1.1455755000735324
141.70000000000013,1.130970840875703
141.80000000000013,1.116341498305443
141.90000000000012,1.1016932817686256
142.0000000000001,1.0870319356110474
142.10000000000014,1.0723631356612386
142.20000000000013,1.0576924858832486
142.30000000000013,1.0430255151416403
142.40000000000012,1.028367674080912
142.5000000000001,1.0137243321212221
142.60000000000014,0.999100774572211
142.70000000000013,0.9845021998665244
142.80000000000013,0.9699337169143893
142.90000000000012,0.9554003425805474
143.0000000000001,0.940906999284542
143.10000000000014,0.9264585127252467
143.20000000000013,0.9120596097303563
143.30000000000013,0.8977149162313017
143.40000000000012,0.8834289553640208
143.5000000000001,0.869206145695701
143.60000000000014,0.8550507995775329
143.70000000000013,0.8409671216233328
143.80000000000013,0.8269592073136635
143.90000000000012,0.8130310417250584
144.0000000000001,0.7991864983836522
144.10000000000014,0.7854293382424598
144.20000000000013,0.7717632087813842
144.30000000000013,0.7581916432288206
144.40000000000012,0.7447180599037144
144.5000000000001,0.7313457616766552
144.60000000000014,0.7180779355485453
144.70000000000013,0.7049176523452372
144.80000000000013,0.6918678665263508
144.90000000000012,0.6789314161064868
145.0000000000001,0.6661110226868061
145.10000000000014,0.6534092915949201
145.20000000000013,0.6408287121309254
145.30000000000013,0.6283716579172481
145.40000000000012,0.6160403873499991
145.50000000000014,0.6038370441493215
145.60000000000014,0.5917636580062311
145.70000000000013,0.5798221453232757
145.80000000000013,0.5680143100463917
145.90000000000012,0.5563418445851528
146.00000000000014,0.544806330818608
146.10000000000014,0.533409241183859
146.20000000000013,0.5221519398444053
146.30000000000013,0.5110356839353564
146.40000000000012,0.5000616248824615
146.50000000000014,0.4892308097919352
146.60000000000014,0.478544182908029
146.70000000000013,0.4680025871352155
146.80000000000013,0.4576067656219399
146.90000000000012,0.44735736340277427
147.00000000000014,0.43725492909586394
147.10000000000014,0.42729991665254796
147.20000000000013,0.41749268715598625
147.30000000000013,0.4078335106657242
147.40000000000012,0.39832256810504413
147.50000000000014,0.3889599531880201
147.60000000000014,0.3797456743832131
147.70000000000013,0.37067965691091387
147.80000000000013,0.3617617447709608
147.90000000000012,0.3529917027981001
148.00000000000014,0.34436921874194093
148.10000000000014,0.33589390536860025
148.20000000000013,0.32756530258112126
148.30000000000013,0.31938287955588196
148.40000000000012,0.31134603689217544
148.50000000000014,0.30345410877223933
148.60000000000014,0.29570636512906995
148.70000000000013,0.28810201381936684
148.80000000000013,0.2806402027990883
148.90000000000012,0.27332002229908925
149.00000000000014,0.2661405069984129
149.10000000000014,0.2591006381928795
149.20000000000013,0.2521993459566383
149.30000000000013,0.24543551129449082
149.40000000000012,0.23880796828279396
149.50000000000014,0.2323155061968636
149.60000000000014,0.2259568716228709
149.70000000000013,0.21973077055226392
149.80000000000013,0.21363587045688343
149.90000000000012,0.20767080234295696
150.00000000000014,0.2018341627822653
150.10000000000014,0.19612451591885519
150.20000000000013,0.19054039544971288
150.30000000000013,0.18508030657795202
150.40000000000012,0.17974272793708562
150.50000000000014,0.17452611348506605
150.60000000000014,0.16942889436685052
150.70000000000013,0.164449480744298
150.80000000000013,0.15958626359233133
150.90000000000012,0.15483761646032407
151.00000000000014,0.15020189719777308
151.10000000000014,0.14567744964339427
151.20000000000013,0.14126260527682508
151.30000000000013,0.13695568483223583
151.40000000000015,0.13275499987317463
151.50000000000014,0.12865885432808066
151.60000000000014,0.12466554598593065
151.70000000000013,0.12077336795159632
151.80000000000013,0.11698061006051755
151.90000000000015,0.11328556025237728
152.00000000000014,0.10968650590353562
152.10000000000014,0.10618173511801406
152.20000000000013,0.10276953797692044
152.30000000000013,0.0994482077462279
152.40000000000015,0.09621604204289466
152.50000000000014,0.0930713439593702
152.60000000000014,0.0900124231465637
152.70000000000013,0.08703759685543686
152.80000000000013,0.08414519093739861
152.90000000000015,0.08133354080374496
153.00000000000014,0.07860099234443345
153.10000000000014,0.07594590280650641
153.20000000000013,0.07336664163254975
153.30000000000013,0.07086159125958337
153.40000000000015,0.0684291478788337
153.50000000000014,0.06606772215687483
153.60000000000014,0.06377573991864285
153.70000000000013,0.06155164279288561
153.80000000000013,0.05939388882061538
153.90000000000015,0.05730095302717345
154.00000000000014,0.05527132795854221
154.10000000000014,0.05330352418255131
154.20000000000013,0.051396070755669716
154.30000000000013,0.04954751565607358
154.40000000000015,0.047756426183711544
154.50000000000014,0.04602138932810658
154.60000000000014,0.04434101210463651
154.70000000000013,0.04271392186006962
154.80000000000013,0.04113876654812472
154.90000000000015,0.03961421497584537
155.00000000000014,0.03813895702158836
155.10000000000014,0.03671170382542332
155.20000000000013,0.035331187952763125
155.30000000000013,0.03399616353203357
155.40000000000015,0.032705406367202476
155.50000000000014,0.03145771402599077
155.60000000000014,0.0302519059045805
155.70000000000013,0.02908682326964725
155.80000000000013,0.02796132927853025
155.90000000000015,0.026874308978357256
156.00000000000014,0.025824669284936944
156.10000000000014,0.024811338942220935
156.20000000000013,0.02383326846314149
156.30000000000013,0.022889430052613586
156.40000000000015,0.021978817513488052
156.50000000000014,0.02110044613623375
156.60000000000014,0.0202533525731115
156.70000000000013,0.01943659469760155
156.80000000000013,0.018649251449826286
156.90000000000015,0.017890422668702857
157.00000000000014,0.017159228911548828
157.10000000000014,0.016454811261845285
157.20000000000013,0.01577633112585758
157.30000000000013,0.015122970018791064
157.40000000000015,0.014493929341149956
157.50000000000014,0.013888430145952316
157.60000000000014,0.01330571289743525
157.70000000000013,0.012745037221875425
157.80000000000013,0.012205681651128342
157.90000000000015,0.011686943359476672
158.00000000000014,0.0111881378943627
158.10000000000014,0.01070859890155945
158.20000000000013,0.010247677845325081
158.30000000000015,0.009804743724062056
158.40000000000015,0.009379182781991041
158.50000000000014,0.008970398217328304
158.60000000000014,0.008577809887443864
158.70000000000013,0.008200854011456215
158.80000000000015,0.00783898287070564
158.90000000000015,0.007491664507531331
159.00000000000014,0.007158382422758966
159.10000000000014,0.006838635272292959
159.20000000000013,0.006531936563187495
159.30000000000015,0.006237814349556854
159.40000000000015,0.005955810928669196
159.50000000000014,0.005685482537551162
159.60000000000014,0.005426399050417607
159.70000000000013,0.005178143677223221
159.80000000000015,0.004940312663619109
159.90000000000015,0.004712514992582883
160.00000000000014,0.0044943720879749224
160.10000000000014,0.004285517520261877
160.20000000000013,0.004085596714632038
160.30000000000015,0.0038942666617153713
160.40000000000015,0.003711195631107425
160.50000000000014,0.003536062887882507
160.60000000000014,0.0033685584122708735
160.70000000000013,0.0032083826226604693
160.80000000000015,0.003055246102073013
160.90000000000015,0.002908869328252601
161.00000000000014,0.002768982407492901
161.10000000000014,0.0026353248123197194
161.20000000000013,0.002507645123133602
161.30000000000015,0.0023857007739079682
161.40000000000015,0.0022692578020282656
161.50000000000014,0.0021580906023476055
161.60000000000014,0.002051981685526305
161.70000000000013,0.0019507214407128777
161.80000000000015,0.0018541079026162376
161.90000000000015,0.0017619465230106946
162.00000000000014,0.0016740499467071206
162.10000000000014,0.0015902377920170953
162.20000000000013,0.0015103364357288717
162.30000000000015,0.001434178802607705
162.40000000000015,0.0013616041594266839
162.50000000000014,0.0012924579135275573
162.60000000000014,0.0012265914159060318
162.70000000000013,0.0011638617688097045
162.80000000000015,0.0011041316378320176
162.90000000000015,0.001047269068480648
163.00000000000014,0.0009931473071937366
163.10000000000014,0.0009416446267736064
163.20000000000013,0.0008926441562028872
163.30000000000015,0.0008460337148044834
163.40000000000015,0.0008017056507031876
163.50000000000014,0.0007595566835431552
163.60000000000014,0.0007194877514127945
163.70000000000013,0.0006814038619253258
163.80000000000015,0.0006452139474008705
163.90000000000015,0.0006108307240934713
164.00000000000014,0.0005781705554040732
164.10000000000014,0.0005471533190188078
164.20000000000016,0.0005177022779097588
164.30000000000015,0.0004897439551340301
164.40000000000015,0.0004632080123652686
164.50000000000014,0.0004380271320907876
164.60000000000014,0.00041413690340609435
164.70000000000016,0.0003914757113378001
164.80000000000015,0.00036998462962513205
164.90000000000015,0.00034960731688946567
165.00000000000014,0.0003302899161210281
165.10000000000014,0.0003119809574113298
165.20000000000016,0.00029463126385974255
165.30000000000015,0.00027819386058253274
165.40000000000015,0.0002626238867525116
165.50000000000014,0.0002478785105977593
165.60000000000014,0.00023391684728786053
165.70000000000016,0.0002206998796365137
165.80000000000015,0.00020819038154969955
165.90000000000015,0.00019635284414900906
166.00000000000014,0.0001851534045003745
166.10000000000014,0.0001745597768789339
166.20000000000016,0.00016454118650149958
166.30000000000015,0.00015506830565883634
166.40000000000015,0.0001461131921806848
166.50000000000014,0.00013764923016742206
166.60000000000014,0.0001296510729230312
166.70000000000016,0.00012209458802505904
166.80000000000015,0.00011495680446821225
166.90000000000015,0.00010821586181921066
