0,14.90356057847473
1,15.632262411464628
2,16.392328792807888
3,17.184879701425768
4,18.01106345719249
5,18.872056867727494
6,19.769065344331942
7,20.703322985401496
8,21.676092625627266
9,22.68866584928062
10,23.742362965863332
11,24.83853294639408
12,25.978553318594326
13,27.163830019232385
14,28.395797201883678
15,29.675916998367907
16,31.005679232130785
17,32.38660108184825
18,33.8202266935462
19,35.30812673954794
20,36.851897922584456
21,38.453162423431856
22,40.11356729047206
23,41.8347837696112
24,43.61850657303282
25,45.466453085310356
26,47.38036250545705
27,49.361994923548856
28,51.41313033062023
29,53.53556756060166
30,55.73112316314224
31,58.00163020624079
32,60.348937007695305
33,62.77490579447129
34,65.2814112891876
35,67.87033922301995
36,70.54358477443198
37,73.303050933257
38,76.15064678977348
39,79.08828574854228
40,82.11788366690413
41,85.24135691817271
42,88.4606203796972
43,91.77758534611775
44,95.1941573682854
45,98.71223401847557
46,102.33370258268349
47,106.06043768095535
48,109.89429881687784
49,113.8371278575199
50,117.89074644529907
51,122.05695334342205
52,126.33752171673405
53,130.73419634999337
54,135.24869080577923
55,139.8826845244268
56,144.63781986857626
57,149.51569911511461
58,154.51788139748191
59,159.64587960150618
60,164.9011572181265
61,170.28512515655257
62,175.79913852160564
63,181.44449335917028
64,187.22242337387925
65,193.13409662333467
66,199.18061219335456
67,205.36299685891026
68,211.68220173559462
69,218.13909892663207
70,224.7344781706043
71,231.46904349522512
72,238.34340988264964
73,245.3580999519481
74,252.5135406645128
75,259.81006005829613
76,267.24788401689915
77,274.8271330796397
78,282.54781929883666
79,290.409843150633
80,298.41299050576464
81,306.5569296667534
82,314.84120847805787
83,323.26525151576493
84,331.8283573634353
85,340.5296959807422
86,349.36830617154294
87,358.34309315802284
88,367.4528262675249
89,376.69613673864865
90,386.07151565314575
91,395.57731200008027
92,405.2117308786384
93,414.9728318458756
94,424.8585274155815
95,434.8665817143116
96,444.99460930049446
97,455.2400741523625
98,465.6002888302826
99,476.0724138188662
100,486.6534570540406
101,497.34027364003254
102,508.12956576098367
103,519.0178827916625
104,530.0016216114683
105,541.077027125644
106,552.2401929973114
107,563.4870625936411
108,574.8134301491333
109,586.2149421486589
110,597.6870989325541
111,609.2252565257014
112,620.8246286921569
113,632.480289216501
114,644.1871744126927
115,655.9400858608087
116,667.7336933716323
117,679.5625381786416
118,691.4210363565196
119,703.3034824648752
120,715.2040534154279
121,727.116812560469
122,739.0357139999686
123,750.9546071042456
124,762.8672412486794
125,774.7672707564874
126,786.6482600451499
127,798.503688971617
128,810.3269583709933
129,822.1113957829581
130,833.8502613597462
131,845.5367539490913
132,857.1640173451145
133,868.7251466997325
134,880.2131950867605
135,891.6211802104955
136,902.9420912501903
137,914.1688958314643
138,925.2945471153466
139,936.3119909953135
140,947.2141733923619
141,957.9940476378604
142,968.6445819336324
143,979.1587668784632
144,989.5296230499755
145,999.7502086305905
146,1009.8136270660913
147,1019.7130347451183
148,1029.4416486877685
149,1038.99275423133
150,1048.3597127010787
151,1057.5359690539565
152,1066.51505948291
153,1075.2906189696043
154,1083.8563887732316
155,1092.2062238431283
156,1100.334100142969
157,1108.23412187435
158,1115.9005285876779
159,1123.3277021683846
160,1130.510173686633
161,1137.4426300988466
162,1144.1199207895813
163,1150.5370639424789
164,1156.689252729285
165,1162.5718613061738
166,1168.180450606919
167,1173.5107739227587
168,1178.5587822591401
169,1183.320629459894
170,1187.7926770897536
171,1191.9714990665552
172,1195.8538860348567
173,1199.436849473164
174,1202.7176255274087
175,1205.6936785637893
176,1208.3627044345883
177,1210.722633451075
178,1212.7716330581202
179,1214.5081102056952
180,1215.930713412946
181,1217.0383345211083
182,1217.8301101320767
183,1218.3054227300156
184,1218.46390148397
185,1217.683573044319
186,1215.345584872223
187,1211.4589092303147
188,1206.0384361349045
189,1199.1048783229355
190,1190.6846393967687
191,1180.8096463214163
192,1169.5171477612253
193,1156.8494800384365
194,1142.8538027712184
195,1127.5818065007113
196,1111.089394842616
197,1093.4363438966313
198,1074.68594181461
199,1054.9046115641604
200,1034.161520027449
201,1012.5281766444754
202,990.0780248458801
203,966.8860295225562
204,943.0282637486342
205,918.5814979117606
206,893.6227943114336
207,868.2291101642319
208,842.4769118061478
209,816.4418027092959
210,790.1981677356017
211,763.818835836501
212,737.374763178183
213,710.9347384295406
214,684.565111697942
215,658.3295483393316
216,632.2888086071987
217,606.5005538426634
218,581.0191796483149
219,555.8956762343221
220,531.1775158793783
221,506.9085672136701
222,483.12903580851946
223,459.87543034956366
224,437.1805534790284
225,415.07351621921003
226,393.57977473483976
227,372.72118805739365
228,352.51609528017457
229,332.979410639394
230,314.122734823524
231,295.9544808005925
232,278.4800124203782
233,261.7017940348851
234,245.61954938512764
235,230.2304280240482
236,215.52917758305938
237,201.50832024190478
238,188.15833182678315
239,175.46782203846047
240,163.42371439879915
241,152.01142459918327
242,141.2150360360847
243,131.01747142593354
244,121.4006595019835
245,112.34569590851743
246,103.83299752113109
247,95.84244953463926
248,88.3535447711758
249,81.34551476919576
250,74.79745231836249
251,68.68842520485337
252,62.997581025708016
253,57.70424301886823
254,52.78799693702352
255,48.22876906792085
