606.6567199809024,0.029510162967074337
606.7567199809024,0.029720533320022828
606.8567199809024,0.02993211325097293
606.9567199809024,0.030144907255120583
607.0567199809025,0.030358919824215992
607.1567199809025,0.03057415544636439
607.2567199809025,0.03079061860582549
607.3567199809025,0.031008313782811804
607.4567199809026,0.031227245453285726
607.5567199809026,0.03144741808875529
607.6567199809026,0.031668836156068775
607.7567199809026,0.03189150411720811
607.8567199809027,0.032115426429081
607.9567199809027,0.03234060754331181
608.0567199809027,0.032567051906031416
608.1567199809027,0.03279476395766558
608.2567199809027,0.0330237481327224
608.3567199809028,0.03325400885957824
608.4567199809028,0.033485550560262804
608.5567199809028,0.03371837765024282
608.6567199809028,0.03395249453820452
608.7567199809029,0.034187905625835034
608.8567199809029,0.03442461530760254
608.9567199809029,0.034662627970535285
609.0567199809029,0.034901947993999406
609.156719980903,0.035142579749475565
609.256719980903,0.03538452760033449
609.356719980903,0.03562779590161131
609.456719980903,0.0358723889997787
609.556719980903,0.036118311232519094
609.6567199809031,0.0363655669284954
609.7567199809031,0.03661416040712092
609.8567199809031,0.03686409597832796
609.9567199809031,0.0371153779423354
610.0567199809032,0.03736801058941504
610.1567199809032,0.03762199819965697
610.2567199809032,0.03787734504273377
610.3567199809032,0.038134055377663616
610.4567199809032,0.03839213345257229
610.5567199809033,0.03865158350445407
610.6567199809033,0.03891240975893169
610.7567199809033,0.03917461643001507
610.8567199809033,0.039438207719858974
610.9567199809034,0.03970318781851975
611.0567199809034,0.03996956090371097
611.1567199809034,0.04023733114055789
611.2567199809034,0.040506502681351114
611.3567199809034,0.04077707966529895
611.4567199809035,0.04104906621827906
611.5567199809035,0.04132246645258875
611.6567199809035,0.041597284466694646
611.7567199809035,0.041873524344980984
611.8567199809036,0.04215119015749718
611.9567199809036,0.04243028595970427
612.0567199809036,0.04271081579222053
612.1567199809036,0.04299278368056593
612.2567199809037,0.04327619363490581
612.3567199809037,0.043561049649793515
612.4567199809037,0.043847355703912086
612.5567199809037,0.04413511575981511
612.6567199809037,0.04442433376366654
612.7567199809038,0.04471501364497967
612.8567199809038,0.045007159316355155
612.9567199809038,0.04530077467321826
613.0567199809038,0.045595863593555046
613.1567199809039,0.045892429937647805
613.2567199809039,0.04619047754780958
613.3567199809039,0.046490010248117976
613.4567199809039,0.04679103184414776
613.556719980904,0.047093546122703105
613.656719980904,0.0473975568515486
613.756719980904,0.047703067779139796
613.856719980904,0.04801008263435257
613.956719980904,0.048318605126212034
614.0567199809041,0.04862863894362051
614.1567199809041,0.048940187755084706
614.2567199809041,0.04925325520844217
614.3567199809041,0.04956784493058714
614.4567199809042,0.04988396052719533
614.5567199809042,0.050201605582448204
614.6567199809042,0.05052078365875668
614.7567199809042,0.050841498296483774
614.8567199809042,0.051163753013666845
614.9567199809043,0.051487551305738934
615.0567199809043,0.051812896645249684
615.1567199809043,0.052139792481585436
615.2567199809043,0.05246824224068867
615.3567199809044,0.05279824932477686
615.4567199809044,0.05312981711206077
615.5567199809044,0.05346294895646213
615.6567199809044,0.053797648187330536
615.7567199809044,0.05413391810915994
615.8567199809045,0.054471762001304616
615.9567199809045,0.05481118311769452
616.0567199809045,0.055152184686549886
616.1567199809045,0.055494769910095706
616.2567199809046,0.05583894196427532
616.3567199809046,0.05618470399846383
616.4567199809046,0.05653205913518063
616.5567199809046,0.05688101046980189
616.6567199809047,0.05723156107027229
616.7567199809047,0.057583713976816386
616.8567199809047,0.05793747220164959
616.9567199809047,0.05829283872868866
617.0567199809047,0.05864981651326184
617.1567199809048,0.059008408481818576
617.2567199809048,0.05936861753163888
617.3567199809048,0.05973044653054231
617.4567199809048,0.06009389831659664
617.5567199809049,0.060458975697826156
617.6567199809049,0.06082568145191967
617.7567199809049,0.0611940183259382
617.8567199809049,0.061563989036022414
617.956719980905,0.06193559626709973
618.056719980905,0.06230884267259126
618.156719980905,0.06268373087411841
618.256719980905,0.06306026346120935
618.356719980905,0.06343844299100518
618.4567199809051,0.06381827198796602
618.5567199809051,0.06419975294357678
618.6567199809051,0.06458288831605292
618.7567199809051,0.06496768053004598
618.8567199809052,0.06535413197634898
618.9567199809052,0.06574224501160174
619.0567199809052,0.06613202195799608
619.1567199809052,0.06652346510298099
619.2567199809052,0.06691657669896765
619.3567199809053,0.06731135896303454
619.4567199809053,0.06770781407663236
619.5567199809053,0.06810594418528905
619.6567199809053,0.06850575139831486
619.7567199809054,0.06890723778850724
619.8567199809054,0.069310405391856
619.9567199809054,0.06971525620724847
620.0567199809054,0.07012179219617458
620.1567199809055,0.07053001528243223
620.2567199809055,0.07093992735183272
620.3567199809055,0.07135153025190623
620.4567199809055,0.0717648257916075
620.5567199809055,0.07217981574102178
620.6567199809056,0.07259650183107073
620.7567199809056,0.07301488575321875
620.8567199809056,0.0734349691591794
620.9567199809056,0.07385675366062208
621.0567199809057,0.074280240828879
621.1567199809057,0.07470543219465248
621.2567199809057,0.07513232924772228
621.3567199809057,0.07556093343665365
621.4567199809057,0.07599124616850537
621.5567199809058,0.07642326880853831
621.6567199809058,0.07685700267992428
621.7567199809058,0.07729244906345534
621.8567199809058,0.07772960919725354
621.9567199809059,0.07816848427648092
622.0567199809059,0.07860907545305008
622.1567199809059,0.07905138383533533
622.2567199809059,0.07949541048788407
622.356719980906,0.07994115643112887
622.456719980906,0.08038862264109996
622.556719980906,0.08083781004913837
622.656719980906,0.08128871954160959
622.756719980906,0.08174135195961767
622.8567199809061,0.08219570809872027
622.9567199809061,0.08265178870864394
623.0567199809061,0.0831095944930003
623.1567199809061,0.08356912610900284
623.2567199809062,0.08403038416718427
623.3567199809062,0.08449336923111483
623.4567199809062,0.084958081817121
623.5567199809062,0.08542452239400528
623.6567199809062,0.0858926913827665
623.7567199809063,0.08636258915632107
623.8567199809063,0.08683421603922484
623.9567199809063,0.08730757230739605
624.0567199809063,0.08778265818783898
624.1567199809064,0.08825947385836835
624.2567199809064,0.0887380194473349
624.3567199809064,0.08921829503335174
624.4567199809064,0.08970030064502141
624.5567199809065,0.09018403626066429
624.6567199809065,0.0906695018080477
624.7567199809065,0.09115669716411619
624.8567199809065,0.09164562215472259
624.9567199809065,0.0921362765543604
625.0567199809066,0.09262866008589692
625.1567199809066,0.09312277242030778
625.2567199809066,0.09361861317641244
625.3567199809066,0.09411618192061054
625.4567199809067,0.09461547816661993
625.5567199809067,0.09511650137521539
625.6567199809067,0.09561925095396884
625.7567199809067,0.09612372625699055
625.8567199809067,0.09662992658467172
625.9567199809068,0.09713785118342824
626.0567199809068,0.09764749924544575
626.1567199809068,0.09815886990842594
626.2567199809068,0.09867196225533434
626.3567199809069,0.09918677531414911
626.4567199809069,0.09970330805761164
626.5567199809069,0.10022155940297803
626.6567199809069,0.10074152821177242
626.756719980907,0.10126321328954144
626.856719980907,0.1017866133856103
626.956719980907,0.10231172719284018
627.056719980907,0.10283855334738723
627.156719980907,0.10336709042846304
627.2567199809071,0.10389733695809662
627.3567199809071,0.10442929140089798
627.4567199809071,0.1049629521638233
627.5567199809071,0.10549831759594154
627.6567199809072,0.1060353859882029
627.7567199809072,0.10657415557320875
627.8567199809072,0.1071146245249833
627.9567199809072,0.10765679095874696
628.0567199809072,0.10820065293069132
628.1567199809073,0.108746208437756
628.2567199809073,0.10929345541740702
628.3567199809073,0.10984239174741739
628.4567199809073,0.11039301524564879
628.5567199809074,0.11094532366983585
628.6567199809074,0.1114993147173716
628.7567199809074,0.1120549860250952
628.8567199809074,0.11261233516908147
628.9567199809075,0.1131713596644321
629.0567199809075,0.11373205696506908
629.1567199809075,0.11429442446352991
629.2567199809075,0.11485845949076479
629.3567199809075,0.11542415931593582
629.4567199809076,0.11599152114621827
629.5567199809076,0.11656054212660374
629.6567199809076,0.11713121933970541
629.7567199809076,0.11770354980556566
629.8567199809077,0.11827753048146514
629.9567199809077,0.11885315826173475
630.0567199809077,0.119430429977569
630.1567199809077,0.12000934239684222
630.2567199809077,0.12058989222392628
630.3567199809078,0.12117207609951115
630.4567199809078,0.12175589060042717
630.5567199809078,0.1223413322394699
630.6567199809078,0.1229283974652271
630.7567199809079,0.1235170826619079
630.8567199809079,0.12410738414917448
630.9567199809079,0.124699298181976
631.0567199809079,0.12529282095038477
631.156719980908,0.12588794857943494
631.256719980908,0.12648467712896364
631.356719980908,0.12708300259345406
631.456719980908,0.1276829209018817
631.556719980908,0.1282844279175626
631.6567199809081,0.12888751943800378
631.7567199809081,0.12949219119475705
631.8567199809081,0.1300984388532745
631.9567199809081,0.13070625801276678
632.0567199809082,0.1313156442060642
632.1567199809082,0.13192659289948003
632.2567199809082,0.1325390994926765
632.3567199809082,0.1331531593185337
632.4567199809082,0.13376876764302054
632.5567199809083,0.13438591966506902
632.6567199809083,0.13500461051645068
632.7567199809083,0.1356248352616559
632.8567199809083,0.13624658889777597
632.9567199809084,0.1368698663543879
633.0567199809084,0.13749466249344186
633.1567199809084,0.1381209721091514
633.2567199809084,0.1387487899278867
633.3567199809085,0.13937811060807012
633.4567199809085,0.14000892874007528
633.5567199809085,0.14064123884612845
633.6567199809085,0.1412750353802127
633.7567199809085,0.14191031272797558
633.8567199809086,0.14254706520663918
633.9567199809086,0.14318528706491312
634.0567199809086,0.14382497248291068
634.1567199809086,0.14446611557206787
634.2567199809087,0.14510871037506526
634.3567199809087,0.14575275086575307
634.4567199809087,0.146398230949079
634.5567199809087,0.14704514446101952
634.6567199809087,0.14769348516851352
634.7567199809088,0.14834324676939967
634.8567199809088,0.1489944228923566
634.9567199809088,0.14964700709684606
635.0567199809088,0.15030099287305942
635.1567199809089,0.15095637364186712
635.2567199809089,0.15161314275477136
635.3567199809089,0.15227129349386193
635.4567199809089,0.15293081907177525
635.556719980909,0.15359171263165644
635.656719980909,0.15425396724712492
635.756719980909,0.15491757592224295
635.856719980909,0.15558253159148747
635.956719980909,0.1562488271197253
636.0567199809091,0.15691645530219153
636.1567199809091,0.1575854088644713
636.2567199809091,0.15825568046248467
636.3567199809091,0.15892726268247498
636.4567199809092,0.15960014804100064
636.5567199809092,0.16027432898493
636.6567199809092,0.16094979789143968
636.7567199809092,0.16162654706801646
636.8567199809092,0.16230456875246246
636.9567199809093,0.16298385511290342
637.0567199809093,0.16366439824780088
637.1567199809093,0.16434619018596755
637.2567199809093,0.16502922288658617
637.3567199809094,0.1657134882392316
637.4567199809094,0.166398978063897
637.5567199809094,0.16708568411102268
637.6567199809094,0.1677735980615291
637.7567199809095,0.1684627115268532
637.8567199809095,0.16915301604898783
637.9567199809095,0.16984450310052562
638.0567199809095,0.17053716408470534
638.1567199809095,0.17123099033546274
638.2567199809096,0.1719259731174843
638.3567199809096,0.17262210362626493
638.4567199809096,0.17331937298816913
638.5567199809096,0.17401777226049583
638.6567199809097,0.1747172924315467
638.7567199809097,0.17541792442069837
638.8567199809097,0.17611965907847782
638.9567199809097,0.17682248718664192
639.0567199809097,0.17752639945826032
639.1567199809098,0.17823138653780213
639.2567199809098,0.17893743900122616
639.3567199809098,0.179644547356075
639.4567199809098,0.1803527020415727
639.5567199809099,0.1810618934287261
639.6567199809099,0.1817721118204301
639.7567199809099,0.18248334745157632
639.8567199809099,0.18319559048916573
639.95671998091,0.18390883103242497
640.05671998091,0.1846230591129264
640.15671998091,0.1853382646947119
640.25671998091,0.1860544376744204
640.35671998091,0.18677156788141913
640.4567199809101,0.1874896450779389
640.5567199809101,0.1882086589592129
640.6567199809101,0.1889285991536193
640.7567199809101,0.18964945522282778
640.8567199809102,0.1903712166619498
640.9567199809102,0.19109387289969262
641.0567199809102,0.19181741329851723
641.1567199809102,0.1925418271548
641.2567199809102,0.19326710369899824
641.3567199809103,0.19399323209581953
641.4567199809103,0.19472020144439484
641.5567199809103,0.19544800077845562
641.6567199809103,0.19617661906651457
641.7567199809104,0.1969060452120505
641.8567199809104,0.19763626805369652
641.9567199809104,0.19836727636543286
642.0567199809104,0.1990990588567828
642.1567199809105,0.19983160417301288
642.2567199809105,0.20056490089533688
642.3567199809105,0.20129893754112352
642.4567199809105,0.20203370256410827
642.5567199809105,0.2027691843546089
642.6567199809106,0.20350537123974477
642.7567199809106,0.20424225148366015
642.8567199809106,0.20497981328775156
642.9567199809106,0.2057180447908984
643.0567199809107,0.20645693406969826
643.1567199809107,0.20719646913870537
643.2567199809107,0.20793663795067333
643.3567199809107,0.20867742839680176
643.4567199809107,0.20941882830698638
643.5567199809108,0.21016082545007356
643.6567199809108,0.2109034075341181
643.7567199809108,0.21164656220664554
643.8567199809108,0.2123902770549177
643.9567199809109,0.21313453960620263
644.0567199809109,0.213879337328048
644.1567199809109,0.21462465762855865
644.2567199809109,0.21537048785667773
644.356719980911,0.21611681530247195
644.456719980911,0.2168636271974206
644.556719980911,0.21761091071470823
644.656719980911,0.2183586529695214
644.756719980911,0.21910684101934916
644.8567199809111,0.21985546186428756
644.9567199809111,0.22060450244734767
645.0567199809111,0.22135394965476746
645.1567199809111,0.22210379031632793
645.2567199809112,0.22285401120567255
645.3567199809112,0.2236045990406308
645.4567199809112,0.22435554048354533
645.5567199809112,0.22510682214160305
645.6567199809112,0.22585843056716995
645.7567199809113,0.22661035225812984
645.8567199809113,0.22736257365822662
645.9567199809113,0.22811508115741036
646.0567199809113,0.22886786109218757
646.1567199809114,0.22962089974597455
646.2567199809114,0.2303741833494549
646.3567199809114,0.23112769808094083
646.4567199809114,0.23188143006673795
646.5567199809115,0.2326353653815138
646.6567199809115,0.23338949004867038
646.7567199809115,0.23414379004072
646.8567199809115,0.23489825127966507
646.9567199809115,0.2356528596373816
647.0567199809116,0.23640760093600602
647.1567199809116,0.2371624609483261
647.2567199809116,0.23791742539817537
647.3567199809116,0.2386724799608309
647.4567199809117,0.2394276102634152
647.5567199809117,0.24018280188530133
647.6567199809117,0.24093804035852173
647.7567199809117,0.2416933111681808
647.8567199809117,0.24244859975287084
647.9567199809118,0.2432038915050915
648.0567199809118,0.24395917177167323
648.1567199809118,0.2447144258542037
648.2567199809118,0.24546963900945803
648.3567199809119,0.24622479644983258
648.4567199809119,0.2469798833437821
648.5567199809119,0.24773488481626044
648.6567199809119,0.24848978594916452
648.756719980912,0.24924457178178216
648.856719980912,0.24999922731124316
648.956719980912,0.2507537374929733
649.056719980912,0.2515080872411527
649.156719980912,0.2522622614291767
649.2567199809121,0.2530162448901207
649.3567199809121,0.253770022417208
649.4567199809121,0.2545235787642809
649.5567199809121,0.25527689864627584
649.6567199809122,0.2560299667397007
649.7567199809122,0.25678276768311636
649.8567199809122,0.25753528607762105
649.9567199809122,0.258287506487338
650.0567199809122,0.25903941343990644
650.1567199809123,0.2597909914269757
650.2567199809123,0.26054222490470247
650.3567199809123,0.2612930982942514
650.4567199809123,0.26204359598229865
650.5567199809124,0.26279370232153865
650.6567199809124,0.26354340163119394
650.7567199809124,0.2642926781975283
650.8567199809124,0.2650415162743624
650.9567199809125,0.26578990008359327
651.0567199809125,0.2665378138157163
651.1567199809125,0.26728524163035
651.2567199809125,0.2680321676567644
651.3567199809125,0.268778575994412
651.4567199809126,0.26952445071346165
651.5567199809126,0.27026977585533546
651.6567199809126,0.2710145354332485
651.7567199809126,0.27175871343275154
651.8567199809127,0.27250229381227636
651.9567199809127,0.2732452605036841
652.0567199809127,0.27398759741281636
652.1567199809127,0.2747292884200489
652.2567199809127,0.27547031738084826
652.3567199809128,0.27621066812633116
652.4567199809128,0.2769503244638265
652.5567199809128,0.2776892701774397
652.6567199809128,0.2784274890286204
652.7567199809129,0.27916496475673214
652.8567199809129,0.2799016810796248
652.9567199809129,0.28063762169421
653.0567199809129,0.28137277027703816
653.156719980913,0.2821071104848792
653.256719980913,0.2828406259553047
653.356719980913,0.28357330030727307
653.456719980913,0.2843051171417172
653.556719980913,0.28503606004213394
653.6567199809131,0.28576611257517687
653.7567199809131,0.2864952582912503
653.8567199809131,0.28722348072510656
653.9567199809131,0.2879507633964453
654.0567199809132,0.28867708981051454
654.1567199809132,0.2894024434587144
654.2567199809132,0.29012680781920336
654.3567199809132,0.2908501663575059
654.4567199809132,0.29157250252712263
654.5567199809133,0.29229379977014297
654.6567199809133,0.2930140415178592
654.7567199809133,0.2937332111913829
654.8567199809133,0.29445129220226346
654.9567199809134,0.2951682679531083
655.0567199809134,0.2958841218382055
655.1567199809134,0.2965988372441479
655.2567199809134,0.2973123975504592
655.3567199809135,0.2980247861302221
655.4567199809135,0.29873598635070836
655.5567199809135,0.29944598157401003
655.6567199809135,0.30015475515767315
655.7567199809135,0.30086229045533275
655.8567199809136,0.3015685708173498
655.9567199809136,0.30227357959144957
656.0567199809136,0.30297730012336194
656.1567199809136,0.30367971575746294
656.2567199809137,0.3043808098374183
656.3567199809137,0.3050805657068277
656.4567199809137,0.305778966709872
656.5567199809137,0.30647599619196003
656.6567199809137,0.3071716375003785
656.7567199809138,0.3078658739849423
656.8567199809138,0.3085586889986464
656.9567199809138,0.3092500658983194
657.0567199809138,0.30993998804527756
657.1567199809139,0.31062843880598123
657.2567199809139,0.31131540155269155
657.3567199809139,0.3120008596641286
657.4567199809139,0.31268479652613096
657.556719980914,0.31336719553231596
657.656719980914,0.3140480400847414
657.756719980914,0.31472731359456807
657.856719980914,0.31540499948272327
657.956719980914,0.31608108118056527
658.0567199809141,0.31675554213054913
658.1567199809141,0.3174283657868926
658.2567199809141,0.31809953561624377
658.3567199809141,0.3187690350983487
658.4567199809142,0.3194368477267205
658.5567199809142,0.3201029570093088
658.6567199809142,0.32076734646917004
658.7567199809142,0.32142999964513835
658.8567199809142,0.32209090009249713
658.9567199809143,0.3227500313836512
659.0567199809143,0.3234073771087996
659.1567199809143,0.3240629208766086
659.2567199809143,0.3247166463148856
659.3567199809144,0.3253685370712533
659.4567199809144,0.3260185768138239
659.5567199809144,0.32666674923187444
659.6567199809144,0.3273130380365219
659.7567199809145,0.3279574269613984
659.8567199809145,0.32859989976332754
659.9567199809145,0.3292404402229999
660.0567199809145,0.3298790321456494
660.1567199809145,0.33051565936172955
660.2567199809146,0.33115030572758974
660.3567199809146,0.33178295512615175
660.4567199809146,0.33241359146758614
660.5567199809146,0.3330421986899888
660.6567199809147,0.333668760760057
660.7567199809147,0.3342932616737658
660.8567199809147,0.33491568545704425
660.9567199809147,0.3355360161664511
661.0567199809147,0.33615423788985055
661.1567199809148,0.3367703347470878
661.2567199809148,0.3373842908906639
661.3567199809148,0.3379960905064108
661.4567199809148,0.33860571781416543
661.5567199809149,0.3392131570684442
661.6567199809149,0.33981839255911583
661.7567199809149,0.34042140861207487
661.8567199809149,0.34102218958991387
661.956719980915,0.34162071989259535
662.056719980915,0.3422169839581232
662.156719980915,0.34281096626321295
662.256719980915,0.3434026513239619
662.356719980915,0.34399202369651827
662.4567199809151,0.34457906797774923
662.5567199809151,0.34516376880590893
662.6567199809151,0.3457461108613048
662.7567199809151,0.34632607886696337
662.8567199809152,0.3469036575892952
662.9567199809152,0.34747883183875866
663.0567199809152,0.3480515864705226
663.1567199809152,0.34862190638512836
663.2567199809152,0.34918977652915006
663.3567199809153,0.34975518189585453
663.4567199809153,0.350318107525859
663.5567199809153,0.3508785385077889
663.6567199809153,0.3514364599789329
663.7567199809154,0.35199185712589803
663.8567199809154,0.35254471518526254
663.9567199809154,0.3530950194442275
664.0567199809154,0.35364275524126765
664.1567199809155,0.3541879079667796
664.2567199809155,0.3547304630637299
664.3567199809155,0.35527040602830007
664.4567199809155,0.3558077224105314
664.5567199809155,0.3563423978149674
664.6567199809156,0.3568744179012946
664.7567199809156,0.3574037683849818
664.8567199809156,0.35793043503791755
664.9567199809156,0.35845440368904596
665.0567199809157,0.3589756602250004
665.1567199809157,0.3594941905907354
665.2567199809157,0.36000998079015706
665.3567199809157,0.36052301688675065
665.4567199809158,0.3610332850042074
665.5567199809158,0.36154077132704804
665.6567199809158,0.3620454621012454
665.7567199809158,0.36254734363484364
665.8567199809158,0.363046402298577
665.9567199809159,0.36354262452648456
666.0567199809159,0.3640359968165243
666.1567199809159,0.3645265057311838
666.2567199809159,0.36501413789808934
666.356719980916,0.3654988800106125
666.456719980916,0.365980718828474
666.556719980916,0.36645964117834573
666.656719980916,0.36693563395444995
666.756719980916,0.367408684119156
666.8567199809161,0.3678787787035747
666.9567199809161,0.36834590480815005
667.0567199809161,0.3688100496032482
667.1567199809161,0.36927120032974403
667.2567199809162,0.369729344299605
667.3567199809162,0.3701844688964721
667.4567199809162,0.37063656157623814
667.5567199809162,0.3710856098676236
667.6567199809163,0.37153160137274893
667.7567199809163,0.37197452376770457
667.8567199809163,0.3724143648031179
667.9567199809163,0.37285111230471746
668.0567199809163,0.3732847541738936
668.1567199809164,0.37371527838825674
668.2567199809164,0.3741426730021924
668.3567199809164,0.37456692614741294
668.4567199809164,0.3749880260335065
668.5567199809165,0.3754059609484826
668.6567199809165,0.37582071925931465
668.7567199809165,0.37623228941247905
668.8567199809165,0.3766406599344912
668.9567199809165,0.3770458194324384
669.0567199809166,0.3774477565945089
669.1567199809166,0.3778464601905181
669.2567199809166,0.37824191907243115
669.3567199809166,0.37863412217488207
669.4567199809167,0.3790230585156895
669.5567199809167,0.3794087171963688
669.6567199809167,0.37979108740264106
669.7567199809167,0.3801701584049378
669.8567199809168,0.38054591955890293
669.9567199809168,0.3809183603058902
670.0567199809168,0.3812874701734581
670.1567199809168,0.3816532387758595
670.2567199809168,0.3820156558145294
670.3567199809169,0.3823747110785674
670.4567199809169,0.38273039444521717
670.5567199809169,0.383082695880342
670.6567199809169,0.3834316054388961
670.756719980917,0.3837771132653928
670.856719980917,0.38411920959436796
670.956719980917,0.38445788475084
671.056719980917,0.38479312915076563
671.156719980917,0.38512493330149217
671.2567199809171,0.38545328780220484
671.3567199809171,0.385778183344371
671.4567199809171,0.38609961071217946
671.5567199809171,0.3864175607829764
671.6567199809172,0.38673202452769667
671.7567199809172,0.387042993011291
671.8567199809172,0.387350457393149
671.9567199809172,0.38765440892751796
672.0567199809173,0.3879548389639176
672.1567199809173,0.38825173894755
672.2567199809173,0.38854510041970564
672.3567199809173,0.38883491501816525
672.4567199809173,0.38912117447759653
672.5567199809174,0.38940387062994736
672.6567199809174,0.3896829954048339
672.7567199809174,0.38995854082992487
672.8567199809174,0.39023049903132057
672.9567199809175,0.3904988622339281
673.0567199809175,0.39076362276183196
673.1567199809175,0.3910247730386595
673.2567199809175,0.3912823055879425
673.3567199809175,0.3915362130334739
673.4567199809176,0.39178648809965977
673.5567199809176,0.3920331236118666
673.6567199809176,0.3922761124967645
673.7567199809176,0.39251544778266473
673.8567199809177,0.3927511225998537
673.9567199809177,0.39298313018092085
674.0567199809177,0.393211463861083
674.1567199809177,0.3934361170785034
674.2567199809178,0.3936570833746058
674.3567199809178,0.3938743563943839
674.4567199809178,0.3940879298867063
674.5567199809178,0.39429779770461576
674.6567199809178,0.39450395380562436
674.7567199809179,0.39470639225200327
674.8567199809179,0.394905107211068
674.9567199809179,0.3951000929554582
675.0567199809179,0.3952913438634131
675.156719980918,0.3954788544190411
675.256719980918,0.3956626192125858
675.356719980918,0.39584263294068495
675.456719980918,0.3960188904066266
675.556719980918,0.39619138652059843
675.6567199809181,0.3963601162999332
675.7567199809181,0.3965250748693481
675.8567199809181,0.3966862574611801
675.9567199809181,0.39684365941561495
676.0567199809182,0.39699727618091246
676.1567199809182,0.39714710331362524
676.2567199809182,0.3972931364788132
676.3567199809182,0.39743537145025254
676.4567199809183,0.39757380411063964
676.5567199809183,0.3977084304517896
676.6567199809183,0.3978392465748297
676.7567199809183,0.39796624869038766
676.8567199809183,0.3980894331187744
676.9567199809184,0.3982087962901621
677.0567199809184,0.39832433474475604
677.1567199809184,0.3984360451329623
677.2567199809184,0.3985439242155493
677.3567199809185,0.3986479688638043
677.4567199809185,0.3987481760596851
677.5567199809185,0.3988445428959652
677.6567199809185,0.398937066576375
677.7567199809185,0.3990257444157366
677.8567199809186,0.39911057384009424
677.9567199809186,0.39919155238683807
678.0567199809186,0.3992686777048238
678.1567199809186,0.39934194755448665
678.2567199809187,0.399411359807949
678.3567199809187,0.3994769124491241
678.4567199809187,0.3995386035738134
678.5567199809187,0.3995964313897985
678.6567199809188,0.39965039421692855
678.7567199809188,0.39970049048720085
678.8567199809188,0.39974671874483747
678.9567199809188,0.3997890776463552
679.0567199809188,0.399827565960631
679.1567199809189,0.39986218256896144
679.2567199809189,0.39989292646511704
679.3567199809189,0.3999197967553908
679.4567199809189,0.39994279265864185
679.556719980919,0.39996191350633287
679.656719980919,0.3999771587425629
679.756719980919,0.3999885279240938
679.856719980919,0.3999960207203722
679.956719980919,0.3999996369135454
680.0567199809191,0.3999980340743643
680.1567199809191,0.39998499152405464
680.2567199809191,0.3999597289009861
680.3567199809191,0.39992224852063385
680.4567199809192,0.39987255381812664
680.5567199809192,0.39981064934772154
680.6567199809192,0.39973654078210863
680.7567199809192,0.39965023491154444
680.8567199809193,0.39955173964281526
680.9567199809193,0.3994410639980296
681.0567199809193,0.399318218113241
681.1567199809193,0.39918321323690087
681.2567199809193,0.39903606172814193
681.3567199809194,0.3988767770548923
681.4567199809194,0.3987053737918214
681.5567199809194,0.39852186761811725
681.6567199809194,0.39832627531509596
681.7567199809195,0.398118614763644
681.8567199809195,0.39789890494149427
681.9567199809195,0.39766716592033474
682.0567199809195,0.3974234188627533
682.1567199809195,0.39716768601901614
682.2567199809196,0.39689999072368304
682.3567199809196,0.39662035739205886
682.4567199809196,0.3963288115164817
682.5567199809196,0.3960253796624503
682.6567199809197,0.39571008946458974
682.7567199809197,0.3953829696224562
682.8567199809197,0.3950440498961841
682.9567199809197,0.3946933611019729
683.0567199809198,0.39433093510741807
683.1567199809198,0.39395680482668427
683.2567199809198,0.3935710042155241
683.3567199809198,0.3931735682661418
683.4567199809198,0.39276453300190395
683.5567199809199,0.39234393547189783
683.6567199809199,0.3919118137453389
683.7567199809199,0.39146820690582845
683.8567199809199,0.39101315504546214
683.95671998092,0.39054669925879193
684.05671998092,0.3900688816366412
684.15671998092,0.38957974525977546
684.25671998092,0.3890793341924292
684.35671998092,0.38856769347569103
684.4567199809201,0.38804486912074776
684.5567199809201,0.38751090810198957
684.6567199809201,0.3869658583499765
684.7567199809201,0.3864097687442694
684.8567199809202,0.38584268910612585
684.9567199809202,0.3852646701910618
685.0567199809202,0.3846757636812828
685.1567199809202,0.38407602217798403
685.2567199809203,0.3834654991935218
685.3567199809203,0.38284424914345827
685.4567199809203,0.382212327338481
685.5567199809203,0.38156978997619834
685.6567199809203,0.3809166941328131
685.7567199809204,0.38025309775467614
685.8567199809204,0.3795790596497213
685.9567199809204,0.37889463947878343
686.0567199809204,0.3781998977468021
686.1567199809205,0.3774948957939114
686.2567199809205,0.3767796957864191
686.3567199809205,0.3760543607076761
686.4567199809205,0.37531895434883855
686.5567199809205,0.37457354129952397
686.6567199809206,0.3738181869383641
686.7567199809206,0.3730529574234554
686.8567199809206,0.3722779196827103
686.9567199809206,0.3714931414041103
687.0567199809207,0.37069869102586295
687.1567199809207,0.36989463772646536
687.2567199809207,0.36908105141467545
687.3567199809207,0.3682580027193939
687.4567199809208,0.3674255629794575
687.5567199809208,0.3665838042333475
687.6567199809208,0.36573279920881413
687.7567199809208,0.36487262131241915
687.8567199809208,0.36400334461899964
687.9567199809209,0.3631250438610536
688.0567199809209,0.36223779441805115
688.1567199809209,0.36134167230567216
688.2567199809209,0.360436754164973
688.356719980921,0.3595231172514845
688.456719980921,0.3586008394242435
688.556719980921,0.3576699991347596
688.656719980921,0.35673067541592024
688.756719980921,0.3557829478708348
688.8567199809211,0.35482689666162176
688.9567199809211,0.35386260249813967
689.0567199809211,0.35289014662666457
689.1567199809211,0.3519096108185169
689.2567199809212,0.35092107735863837
689.3567199809212,0.34992462903412275
689.4567199809212,0.348920349122702
689.5567199809212,0.34790832138118977
689.6567199809213,0.3468886300338853
689.7567199809213,0.3458613597609388
689.8567199809213,0.34482659568668184
689.9567199809213,0.34378442336792414
690.0567199809213,0.342734928782219
690.1567199809214,0.34167819831610036
690.2567199809214,0.3406143187532924
690.3567199809214,0.33954337726289585
690.4567199809214,0.33846546138755085
690.5567199809215,0.3373806590315811
690.6567199809215,0.3362890584491191
690.7567199809215,0.33519074823221706
690.8567199809215,0.3340858172989438
690.9567199809215,0.332974354881471
691.0567199809216,0.33185645051414986
691.1567199809216,0.3307321940215828
691.2567199809216,0.32960167550668895
691.3567199809216,0.3284649853387685
691.4567199809217,0.3273222141415668
691.5567199809217,0.32617345278134063
691.6567199809217,0.3250187923549286
691.7567199809217,0.3238583241778285
691.8567199809218,0.3226921397722831
691.9567199809218,0.32152033085537673
692.0567199809218,0.3203429893271448
692.1567199809218,0.31916020725869854
692.2567199809218,0.31797207688036716
692.3567199809219,0.31677869056985886
692.4567199809219,0.31558014084044345
692.5567199809219,0.3143765203291587
692.6567199809219,0.31316792178504205
692.756719980922,0.31195443805738976
692.856719980922,0.3107361620840463
692.956719980922,0.3095131868797248
693.056719980922,0.3082856055243615
693.156719980922,0.3070535111515062
693.2567199809221,0.3058169969367498
693.3567199809221,0.3045761560861919
693.4567199809221,0.3033310818249499
693.5567199809221,0.30208186738571197
693.6567199809222,0.30082860599733485
693.7567199809222,0.29957139087348944
693.8567199809222,0.2983103152013556
693.9567199809222,0.2970454721303681
694.0567199809223,0.29577695476101534
694.1567199809223,0.294504856133693
694.2567199809223,0.2932292692176143
694.3567199809223,0.2919502868997784
694.4567199809223,0.29066800197399945
694.5567199809224,0.28938250712999686
694.6567199809224,0.2880938949425499
694.7567199809224,0.2868022578607167
694.8567199809224,0.28550768819712163
694.9567199809225,0.2842102781173096
695.0567199809225,0.2829101196291723
695.1567199809225,0.2816073045724453
695.2567199809225,0.28030192460827913
695.3567199809225,0.27899407120888536
695.4567199809226,0.277683835647259
695.5567199809226,0.2763713089869798
695.6567199809226,0.2750565820720924
695.7567199809226,0.2737397455170681
695.8567199809227,0.272420889696849
695.9567199809227,0.2711001047369764
696.0567199809227,0.26977748050380423
696.1567199809227,0.26845310659479976
696.2567199809228,0.26712707232893196
696.3567199809228,0.26579946673714977
696.4567199809228,0.26447037855295075
696.5567199809228,0.2631398962030424
696.6567199809228,0.26180810779809577
696.7567199809229,0.26047510112359484
696.8567199809229,0.2591409636307806
696.9567199809229,0.2578057824276925
697.0567199809229,0.25646964427030794
697.156719980923,0.255132635553781
697.256719980923,0.25379484230378097
697.356719980923,0.2524563501679326
697.456719980923,0.25111724440735883
697.556719980923,0.24977760988832634
697.6567199809231,0.24843753107399597
697.7567199809231,0.24709709201627825
697.8567199809231,0.245756376347795
697.9567199809231,0.24441546727394847
698.0567199809232,0.24307444756509786
698.1567199809232,0.24173339954884532
698.2567199809232,0.24039240510243115
698.3567199809232,0.23905154564523978
698.4567199809233,0.23771090213141677
698.5567199809233,0.2363705550425977
698.6567199809233,0.23503058438074992
698.7567199809233,0.23369106966112732
698.8567199809233,0.23235208990533945
698.9567199809234,0.231013723634535
699.0567199809234,0.2296760488627004
699.1567199809234,0.22833914309007444
699.2567199809234,0.22700308329667873
699.3567199809235,0.22566794593596562
699.4567199809235,0.22433380692858274
699.5567199809235,0.22300074165625566
699.6567199809235,0.22166882495578855
699.7567199809235,0.22033813111318357
699.8567199809236,0.21900873385787895
699.9567199809236,0.21768070635710646
700.0567199809236,0.21635412121036843
700.1567199809236,0.21502905044403486
700.2567199809237,0.21370556550606024
700.3567199809237,0.21238373726082108
700.4567199809237,0.211063635984074
700.5567199809237,0.2097453313580341
700.6567199809238,0.20842889246657523
700.7567199809238,0.20711438779055008
700.8567199809238,0.20580188520323234
700.9567199809238,0.2044914519658795
701.0567199809238,0.2031831547234173
701.1567199809239,0.20187705950024512
701.2567199809239,0.20057323169616284
701.3567199809239,0.1992717360824189
701.4567199809239,0.1979726367978794
701.556719980924,0.1966759973453185
701.656719980924,0.19538188058782946
701.756719980924,0.1940903487453572
701.856719980924,0.19280146339135065
701.956719980924,0.19151528544953642
702.0567199809241,0.1902318751908123
702.1567199809241,0.1889512922302609
702.2567199809241,0.1876735955242833
702.3567199809241,0.1863988433678521
702.4567199809242,0.18512709339188352
702.5567199809242,0.18385840256072897
702.6567199809242,0.1825928271697845
702.7567199809242,0.18133042284321882
702.8567199809243,0.1800712445318192
702.9567199809243,0.17881534651095424
703.0567199809243,0.17756278237865444
703.1567199809243,0.17631360505380825
703.2567199809243,0.17506786677447483
703.3567199809244,0.17382561909631203
703.4567199809244,0.17258691289111927
703.5567199809244,0.17135179834549516
703.6567199809244,0.1701203249596083
703.7567199809245,0.16889254154608235
703.8567199809245,0.1676684962289926
703.9567199809245,0.1664482364429756
704.0567199809245,0.16523180893244954
704.1567199809245,0.1640192597509455
704.2567199809246,0.16281063426054881
704.3567199809246,0.16160597713144984
704.4567199809246,0.1604053323416029
704.5567199809246,0.1592087431764938
704.6567199809247,0.15801625222901394
704.7567199809247,0.15682790139944067
704.8567199809247,0.15564373189552394
704.9567199809247,0.15446378423267682
705.0567199809248,0.15328809823427042
705.1567199809248,0.15211671303203195
705.2567199809248,0.15094966706654467
705.3567199809248,0.14978699808784968
705.4567199809248,0.14862874315614763
705.5567199809249,0.1474749386426005
705.6567199809249,0.14632562023023188
705.7567199809249,0.1451808229149248
705.8567199809249,0.1440405810065166
705.956719980925,0.14290492812998976
706.056719980925,0.14177389722675698
706.156719980925,0.14064752055604107
706.256719980925,0.13952582969634705
706.356719980925,0.13840885554702634
706.4567199809251,0.13729662832993192
706.5567199809251,0.1361891775911633
706.6567199809251,0.13508653220290046
706.7567199809251,0.1339887203653251
706.8567199809252,0.13289576960862917
706.9567199809252,0.13180770679510873
707.0567199809252,0.1307245581213424
707.1567199809252,0.12964634912045336
707.2567199809253,0.1285731046644538
707.3567199809253,0.12750484896667033
707.4567199809253,0.12644160558425
707.5567199809253,0.12538339742074497
707.6567199809253,0.12433024672877538
707.7567199809254,0.12328217511276884
707.8567199809254,0.12223920353177563
707.9567199809254,0.12120135230235825
708.0567199809254,0.12016864110155463
708.1567199809255,0.11914108896991307
708.2567199809255,0.11811871431459849
708.3567199809255,0.11710153491256844
708.4567199809255,0.11608956791381779
708.5567199809255,0.11508282984469076
708.6567199809256,0.11408133661125944
708.7567199809256,0.11308510350276715
708.8567199809256,0.1120941451951361
708.9567199809256,0.11110847575453724
709.0567199809257,0.11012810864102215
709.1567199809257,0.10915305671221487
709.2567199809257,0.10818333222706286
709.3567199809257,0.10721894684964614
709.4567199809258,0.10625991165304287
709.5567199809258,0.10530623712325034
709.6567199809258,0.10435793316316051
709.7567199809258,0.10341500909658848
709.8567199809258,0.10247747367235265
709.9567199809259,0.10154533506840575
710.0567199809259,0.10061860089601528
710.1567199809259,0.09969727820399192
710.2567199809259,0.09878137348296526
710.356719980926,0.09787089266970507
710.456719980926,0.09696584115148739
710.556719980926,0.09606622377050375
710.656719980926,0.09517204482831283
710.756719980926,0.09428330809033288
710.8567199809261,0.09340001679037391
710.9567199809261,0.09252217363520882
711.0567199809261,0.09164978080918132
711.1567199809261,0.0907828399788506
711.2567199809262,0.08992135229767059
711.3567199809262,0.0890653184107034
711.4567199809262,0.08821473845936502
711.5567199809262,0.08736961208620286
711.6567199809263,0.08652993843970325
711.7567199809263,0.08569571617912841
711.8567199809263,0.08486694347938101
711.9567199809263,0.08404361803589581
712.0567199809263,0.08322573706955695
712.1567199809264,0.0824132973316397
712.2567199809264,0.0816062951087753
712.3567199809264,0.08080472622793869
712.4567199809264,0.08000858606145672
712.5567199809265,0.0792178695320368
712.6567199809265,0.078432571117814
712.7567199809265,0.0776526848574164
712.8567199809265,0.0768782043550468
712.9567199809266,0.07610912278557999
713.0567199809266,0.07534543289967484
713.1567199809266,0.07458712702889939
713.2567199809266,0.07383419709086858
713.3567199809266,0.07308663459439323
713.4567199809267,0.07234443064463911
713.5567199809267,0.0716075759482953
713.6567199809267,0.07087606081875095
713.7567199809267,0.07014987518127852
713.8567199809268,0.06942900857822393
713.9567199809268,0.06871345017420123
714.0567199809268,0.06800318876129163
714.1567199809268,0.06729821276424557
714.2567199809268,0.06659851024568689
714.3567199809269,0.06590406891131831
714.4567199809269,0.06521487611512701
714.5567199809269,0.06453091886458932
714.6567199809269,0.06385218382587404
714.756719980927,0.06317865732904285
714.856719980927,0.06251032537324724
714.956719980927,0.06184717363192117
715.056719980927,0.0611891874579681
715.156719980927,0.06053635188894195
715.2567199809271,0.05988865165222089
715.3567199809271,0.0592460711701732
715.4567199809271,0.058608594565314164
715.5567199809271,0.05797620566545332
715.6567199809272,0.057348888008831256
715.7567199809272,0.05672662484924499
715.8567199809272,0.05610939916116118
715.9567199809272,0.05549719364481637
716.0567199809273,0.05488999073130355
716.1567199809273,0.0542877725876441
716.2567199809273,0.05369052112184456
716.3567199809273,0.053098217987937055
716.4567199809273,0.05251084459100342
716.5567199809274,0.05192838209218132
716.6567199809274,0.05135081141365241
716.7567199809274,0.05077811324361141
716.8567199809274,0.050210268041215644
716.9567199809275,0.04964725604151411
717.0567199809275,0.049089057260355756
717.1567199809275,0.04853565149927574
717.2567199809275,0.04798701835035981
717.3567199809276,0.047443137201085436
717.4567199809276,0.04690398723913955
717.5567199809276,0.046369547457211835
717.6567199809276,0.045839796657763596
717.7567199809276,0.04531471345777105
717.8567199809277,0.044794276293442625
717.9567199809277,0.04427846342490993
718.0567199809277,0.04376725294089154
718.1567199809277,0.043260622763329114
718.2567199809278,0.04275855065199564
718.3567199809278,0.0422610142090748
718.4567199809278,0.04176799088371129
718.5567199809278,0.04127945797653144
718.6567199809278,0.04079539264413387
718.7567199809279,0.04031577190354937
718.8567199809279,0.0398405726366699
718.9567199809279,0.03936977159464605
719.0567199809279,0.03890334540225248
719.156719980928,0.038441270562221345
719.256719980928,0.037983523459542604
719.356719980928,0.03753008036573139
719.456719980928,0.03708091744306188
719.556719980928,0.03663601074876731
719.6567199809281,0.036195336239205476
719.7567199809281,0.035758869773989996
719.8567199809281,0.03532658712008635
719.9567199809281,0.03489846395587288
720.0567199809282,0.03447447587516596
720.1567199809282,0.03405459839120955
720.2567199809282,0.03363880694062841
720.3567199809282,0.033227076887344824
720.4567199809283,0.03281938352645885
720.5567199809283,0.0324157020880912
720.6567199809283,0.032016007741189303
720.7567199809283,0.031620275597295563
720.8567199809283,0.03122848071427812
720.9567199809284,0.030840598100023632
721.0567199809284,0.030456602716091987
721.1567199809284,0.030076469481332642
721.2567199809284,0.029700173275462545
721.3567199809285,0.029327688942605352
721.4567199809285,0.028958991294791854
721.5567199809285,0.028594055115421353
721.6567199809285,0.028232855162684083
721.7567199809286,0.027875366172944126
721.8567199809286,0.027521562864083277
721.9567199809286,0.027171419938805137
722.0567199809286,0.026824912087899784
722.1567199809286,0.026482013993468726
722.2567199809287,0.026142700332110136
722.3567199809287,0.025806945778064142
722.4567199809287,0.02547472500631835
722.5567199809287,0.02514601269567334
722.6567199809288,0.024820783531768222
722.7567199809288,0.024499012210066055
722.8567199809288,0.02418067343879938
722.9567199809288,0.023865741941875466
723.0567199809288,0.023554192461741705
723.1567199809289,0.023245999762210676
723.2567199809289,0.022941138631245313
723.3567199809289,0.022639583883703913
723.4567199809289,0.022341310364045155
723.556719980929,0.022046292948993098
723.656719980929,0.021754506550162138
723.756719980929,0.02146592611664222
723.856719980929,0.02118052663754398
723.956719980929,0.020898283144504242
724.0567199809291,0.020619170714151744
724.1567199809291,0.020343164470533186
724.2567199809291,0.020070239587499726
724.3567199809291,0.0198003712910541
724.4567199809292,0.019533534861658205
724.5567199809292,0.019269705636501593
724.6567199809292,0.0190088590117307
724.7567199809292,0.018750970444639133
724.8567199809293,0.01849601545581906
724.9567199809293,0.018243969631273727
725.0567199809293,0.017994808624491536
725.1567199809293,0.017748508158481516
725.2567199809293,0.01750504402777057
725.3567199809294,0.017264392100362444
725.4567199809294,0.017026528319658854
725.5567199809294,0.016791428706342704
725.6567199809294,0.016559069360223656
725.7567199809295,0.016329426462046284
725.8567199809295,0.01610247627526094
725.9567199809295,0.015878195147757512
726.0567199809295,0.015656559513562367
726.1567199809296,0.015437545894498542
726.2567199809296,0.015221130901809507
726.3567199809296,0.015007291237746726
726.4567199809296,0.014796003697121033
726.5567199809296,0.014587245168818383
726.6567199809297,0.014380992637279849
726.7567199809297,0.014177223183946389
726.8567199809297,0.013975913988668417
726.9567199809297,0.013777042331080533
727.0567199809298,0.013580585591941613
727.1567199809298,0.013386521254440497
727.2567199809298,0.013194826905467565
727.3567199809298,0.013005480236852395
727.4567199809298,0.01281845904656787
727.5567199809299,0.012633741239900836
727.6567199809299,0.012451304830589744
727.7567199809299,0.012271127941929439
727.8567199809299,0.012093188807843365
727.95671998093,0.011917465773923549
728.05671998093,0.011743937298438579
728.15671998093,0.011572581953309787
728.25671998093,0.011403378425056123
728.35671998093,0.011236305515707729
728.4567199809301,0.011071342143688821
728.5567199809301,0.01090846734466984
728.6567199809301,0.010747660272389424
728.7567199809301,0.010588900199446388
728.8567199809302,0.01043216651806195
728.9567199809302,0.010277438740812677
729.0567199809302,0.010124696501334228
729.1567199809302,0.009973919554996411
729.2567199809303,0.009825087779549713
729.3567199809303,0.009678181175743629
729.4567199809303,0.009533179867917206
729.5567199809303,0.00939006410456196
729.6567199809303,0.009248814258857528
729.7567199809304,0.009109410829180464
729.8567199809304,0.008971834439586348
729.9567199809304,0.008836065840265564
730.0567199809304,0.008702085907973145
730.1567199809305,0.008569875646432865
730.2567199809305,0.008439416186716014
730.3567199809305,0.00831068878759508
730.4567199809305,0.008183674835872705
730.5567199809306,0.00805835584668621
730.6567199809306,0.007934713463788063
730.7567199809306,0.007812729459802482
730.8567199809306,0.007692385736458629
730.9567199809306,0.007573664324800641
731.0567199809307,0.007456547385374786
731.1567199809307,0.007341017208394161
731.2567199809307,0.007227056213881157
731.3567199809307,0.007114646951788058
731.4567199809308,0.007003772102096031
731.5567199809308,0.006894414474892948
731.6567199809308,0.0067865570104302195
731.7567199809308,0.006680182779158999
731.8567199809308,0.006575274981746153
731.9567199809309,0.006471816949070173
732.0567199809309,0.006369792142197468
732.1567199809309,0.0062691841523392616
732.2567199809309,0.006169976700789484
732.356719980931,0.006072153638843888
732.456719980931,0.005975698947700759
732.556719980931,0.005880596738343512
732.656719980931,0.005786831251405497
732.756719980931,0.005694386857017269
732.8567199809311,0.005603248054636698
732.9567199809311,0.005513399472862174
733.0567199809311,0.005424825869229259
733.1567199809311,0.005337512129990996
733.2567199809312,0.005251443269882318
733.3567199809312,0.005166604431868702
733.4567199809312,0.005082980886879512
733.5567199809312,0.005000558033526173
733.6567199809313,0.004919321397805639
733.7567199809313,0.004839256632789304
733.8567199809313,0.0047603495182977455
733.9567199809313,0.004682585960561506
734.0567199809313,0.004605951991868303
734.1567199809314,0.00453043377019686
734.2567199809314,0.004456017578837679
734.3567199809314,0.004382689826001078
734.4567199809314,0.004310437044412669
734.5567199809315,0.004239245890896697
734.6567199809315,0.004169103145947373
734.7567199809315,0.004099995713288602
734.8567199809315,0.004031910619422261
734.9567199809316,0.003964835013165417
735.0567199809316,0.0038987561651766473
735.1567199809316,0.0038336614674717934
735.2567199809316,0.0037695384329294026
735.3567199809316,0.0037063746947860942
735.4567199809317,0.0036441580061221156
735.5567199809317,0.0035828762393374084
735.6567199809317,0.0035225173856183144
735.7567199809317,0.0034630695543953114
735.8567199809318,0.0034045209727919246
735.9567199809318,0.0033468599850651204
736.0567199809318,0.0032900750520374043
736.1567199809318,0.003234154750520881
736.2567199809318,0.003179087772733497
736.3567199809319,0.0031248629257077222
736.4567199809319,0.0030714691306919025
736.5567199809319,0.0030188954225445056
736.6567199809319,0.002967130949121531
736.756719980932,0.0029161649706572227
736.856719980932,0.0028659868591384466
736.956719980932,0.002816586097672813
737.056719980932,0.0027679522798508714
737.156719980932,0.002720075109102551
737.2567199809321,0.002672944398048065
737.3567199809321,0.0026265500678434857
737.4567199809321,0.002580882147521238
737.5567199809321,0.0025359307733256644
737.6567199809322,0.0024916861880439263
737.7567199809322,0.0024481387403323873
737.8567199809322,0.00240527888403873
737.9567199809322,0.0023630971775199646
738.0567199809323,0.0023215842829565477
738.1567199809323,0.002280730965662801
738.2567199809323,0.0022405280933938095
738.3567199809323,0.002200966635649006
738.4567199809323,0.0021620376629726016
738.5567199809324,0.0021237323462510635
738.6567199809324,0.0020860419560078253
738.7567199809324,0.0020489578616953753
738.8567199809324,0.002012471530984935
738.9567199809325,0.0019765745290538884
739.0567199809325,0.0019412585178711042
739.1567199809325,0.00190651525548036
739.2567199809325,0.0018723365952820106
739.3567199809326,0.0018387144853130623
739.4567199809326,0.0018056409675258078
739.5567199809326,0.0017731081770652006
739.6567199809326,0.0017411083415450953
739.7567199809326,0.001709633780323537
739.8567199809327,0.0016786769037771964
739.9567199809327,0.0016482302125751744
740.0567199809327,0.0016182862969522389
740.1567199809327,0.0015888378359817
740.2567199809328,0.0015598775968480214
740.3567199809328,0.001531398434119325
740.4567199809328,0.0015033932890199198
740.5567199809328,0.001475855188702978
740.6567199809328,0.0014487772455235005
740.7567199809329,0.0014221526563116878
740.8567199809329,0.0013959747016468467
740.9567199809329,0.001370236745131959
741.0567199809329,0.0013449322326690104
741.156719980933,0.0013200546917352387
741.256719980933,0.0012955977306603613
741.356719980933,0.0012715550379049437
741.456719980933,0.00124792038134
741.556719980933,0.0012246876075279107
741.6567199809331,0.0012018506410048195
741.7567199809331,0.0011794034835645466
741.8567199809331,0.0011573402135441754
741.9567199809331,0.0011356549851113706
742.0567199809332,0.0011143420275535562
742.1567199809332,0.001093395644569026
742.2567199809332,0.001072810213560086
742.3567199809332,0.0010525801849283224
742.4567199809333,0.00103270008137208
742.5567199809333,0.001013164497186236
742.6567199809333,0.0009939680975643544
742.7567199809333,0.0009751056179033074
742.8567199809333,0.0009565718631104335
742.9567199809334,0.0009383617069133106
743.0567199809334,0.000920470091172241
743.1567199809334,0.0009028920251954887
743.2567199809334,0.0008856225850573613
743.3567199809335,0.000868656912919212
743.4567199809335,0.0008519902163534035
743.5567199809335,0.0008356177676703288
743.6567199809335,0.0008195349032485335
743.7567199809336,0.000803737022868005
743.8567199809336,0.0007882195890466998
743.9567199809336,0.0007729781263803526
744.0567199809336,0.0007580082208856288
744.1567199809336,0.0007433055193466802
744.2567199809337,0.0007288657286651522
744.3567199809337,0.0007146846152136894
744.4567199809337,0.0007007580041929998
744.5567199809337,0.0006870817789925148
744.6567199809338,0.0006736518805547015
744.7567199809338,0.0006604643067430557
744.8567199809338,0.0006475151117138388
744.9567199809338,0.0006348004052915798
745.0567199809338,0.0006223163523484015
745.1567199809339,0.0006100591721871861
745.2567199809339,0.0005980251379286387
745.3567199809339,0.0005862105759022728
745.4567199809339,0.0005746118650413422
745.556719980934,0.000563225436281776
745.656719980934,0.0005520477719651184
745.756719980934,0.0005410754052455227
745.856719980934,0.0005303049195008191
745.956719980934,0.0005197329477476821
746.0567199809341,0.0005093561720609204
746.1567199809341,0.000499171322996922
746.2567199809341,0.0004891751790212633
746.3567199809341,0.0004793645659405102
746.4567199809342,0.00046973635633823583
746.5567199809342,0.00046028746901525505
746.6567199809342,0.00045101486843411836
746.7567199809342,0.0004419155641678515
746.8567199809343,0.0004329866103529835
746.9567199809343,0.00042422510514685365
747.0567199809343,0.0004156281901892221
747.1567199809343,0.0004071930500681927
747.2567199809343,0.00039891691179045247
747.3567199809344,0.00039079704425584586
747.4567199809344,0.0003828307577362801
747.5567199809344,0.00037501540335897716
747.6567199809344,0.00036734837259407103
747.7567199809345,0.0003598270967465646
747.8567199809345,0.00035244904645263163
747.9567199809345,0.0003452117311802871
748.0567199809345,0.0003381126987344142
748.1567199809346,0.00033114953476614796
748.2567199809346,0.00032431986228662415
748.3567199809346,0.0003176213411850815
748.4567199809346,0.0003110516677513245
748.5567199809346,0.00030460857420253355
748.6567199809347,0.00029828982821442996
748.7567199809347,0.00029209323245677925
748.8567199809347,0.0002860166241332353
748.9567199809347,0.0002800578745255157
749.0567199809348,0.00027421488854190065
749.1567199809348,0.00026848560427004866
749.2567199809348,0.0002628679925341209
749.3567199809348,0.0002573600564561992
749.4567199809348,0.00025195983102199694
749.5567199809349,0.00024666538265084365
749.6567199809349,0.00024147480876993434
749.7567199809349,0.00023638623739283385
749.8567199809349,0.0002313978267022187
749.956719980935,0.0002265077646368476
750.056719980935,0.00022171426848274165
750.156719980935,0.00021701558446856492
750.256719980935,0.00021240998736518383
750.356719980935,0.00020789578008939706
750.4567199809351,0.00020347129331181084
750.5567199809351,0.00019913488506884984
750.6567199809351,0.00019488494037888423
750.7567199809351,0.00019071987086245116
750.8567199809352,0.00018663811436655806
750.9567199809352,0.0001826381345930445
751.0567199809352,0.00017871842073098664
751.1567199809352,0.00017487748709311976
751.2567199809353,0.00017111387275626372
751.3567199809353,0.00016742614120572824
751.4567199809353,0.00016381287998367626
751.5567199809353,0.0001602727003414248
751.6567199809353,0.0001568042368956636
751.7567199809354,0.00015340614728856397
751.8567199809354,0.00015007711185176218
751.9567199809354,0.0001468158332741879
752.0567199809354,0.00014362103627372087
752.1567199809355,0.0001404914672726457
752.2567199809355,0.0001374258940768878
752.3567199809355,0.0001344231055590011
752.4567199809355,0.0001314819113448854
752.5567199809356,0.0001286011415042087
752.6567199809356,0.00012577964624451102
752.7567199809356,0.00012301629560896053
752.8567199809356,0.00012030997917774175
752.9567199809356,0.00011765960577304713
753.0567199809357,0.00011506410316764638
753.1567199809357,0.00011252241779701
753.2567199809357,0.00011003351447495763
753.3567199809357,0.00010759637611280906
753.4567199809358,0.00010521000344200558
753.5567199809358,0.00010287341474018321
753.6567199809358,0.00010058564556066187
753.7567199809358,9.834574846533269e-05
753.8567199809358,9.615279276090899e-05
753.9567199809359,9.400586423851831e-05
754.0567199809359,9.190406491660812e-05
754.1567199809359,8.984651278713477e-05
754.2567199809359,8.783234156501181e-05
754.356719980936,8.5860700440789e-05
754.456719980936,8.393075383653396e-05
754.556719980936,8.20416811648896e-05
754.656719980936,8.019267659127905e-05
754.756719980936,7.838294879923178e-05
754.8567199809361,7.661172075880116e-05
754.9567199809361,7.487822949804811e-05
755.0567199809361,7.318172587756068e-05
755.1567199809361,7.15214743679839e-05
755.2567199809362,6.989675283053083e-05
755.3567199809362,6.830685230044718e-05
755.4567199809362,6.675107677340245e-05
755.5567199809362,6.522874299477911e-05
755.6567199809363,6.373918025183251e-05
755.7567199809363,6.228173016869274e-05
755.8567199809363,6.0855746504182985e-05
755.9567199809363,5.946059495242498e-05
756.0567199809364,5.809565294620318e-05
756.1567199809364,5.676030946306282e-05
756.2567199809364,5.545396483411248e-05
756.3567199809364,5.417603055550283e-05
756.4567199809364,5.292592910255703e-05
756.5567199809365,5.170309374652298e-05
756.6567199809365,5.0506968373920847e-05
756.7567199809365,4.933700730845953e-05
756.8567199809365,4.819267513549408e-05
756.9567199809366,4.7073446528996716e-05
757.0567199809366,4.5978806081016964e-05
757.1567199809366,4.490824813360005e-05
757.2567199809366,4.3861276613141076e-05
757.3567199809366,4.283740486714563e-05
757.4567199809367,4.183615550337117e-05
757.5567199809367,4.085706023132334e-05
757.6567199809367,3.989965970607992e-05
757.7567199809367,3.896350337441741e-05
757.8567199809368,3.804814932321347e-05
757.9567199809368,3.715316413009925e-05
758.0567199809368,3.6278122716337127e-05
758.1567199809368,3.5422608201896026e-05
758.2567199809369,3.458621176270133e-05
758.3567199809369,3.3768532490032285e-05
758.4567199809369,3.296917725204222e-05
758.5567199809369,3.218776055737699e-05
758.6567199809369,3.1423904420866155e-05
758.756719980937,3.067723823126227e-05
758.856719980937,2.9947398621004098e-05
758.956719980937,2.9234029337978842e-05
759.056719980937,2.8536781119259283e-05
759.156719980937,2.785531156679166e-05
759.2567199809371,2.718928502501088e-05
759.3567199809371,2.6538372460358097e-05
759.4567199809371,2.5902251342678092e-05
759.5567199809371,2.5280605528472963e-05
759.6567199809372,2.467312514598772e-05
759.7567199809372,2.407950648210615e-05
759.8567199809372,2.3499451871033284e-05
759.9567199809372,2.293266958474105e-05
760.0567199809373,2.23788737251562e-05
760.1567199809373,2.183778411806624e-05
760.2567199809373,2.130912620872239e-05
760.3567199809373,2.079263095911705e-05
760.4567199809374,2.0288034746913883e-05
760.5567199809374,1.9795079266008738e-05
760.6567199809374,1.9313511428700214e-05
760.7567199809374,1.8843083269448203e-05
760.8567199809374,1.8383551850199313e-05
760.9567199809375,1.7934679167258245e-05
761.0567199809375,1.74962320596846e-05
761.1567199809375,1.7067982119193813e-05
761.2567199809375,1.6649705601542448e-05
761.3567199809376,1.6241183339377577e-05
761.4567199809376,1.584220065652948e-05
761.5567199809376,1.545254728372896e-05
761.6567199809376,1.5072017275728403e-05
761.7567199809376,1.4700408929808054e-05
761.8567199809377,1.433752470564751e-05
761.9567199809377,1.398317114654379e-05
762.0567199809377,1.3637158801956802e-05
762.1567199809377,1.3299302151363455e-05
762.2567199809378,1.296941952940194e-05
762.3567199809378,1.2647333052287962e-05
762.4567199809378,1.233286854548428e-05
762.5567199809378,1.2025855472605985e-05
762.6567199809379,1.1726126865543669e-05
762.7567199809379,1.1433519255786491e-05
762.8567199809379,1.1147872606928108e-05
762.9567199809379,1.086903024833805e-05
763.0567199809379,1.059683880998145e-05
763.156719980938,1.033114815837016e-05
763.256719980938,1.0071811333628818e-05
763.356719980938,9.818684487658956e-06
763.456719980938,9.571626823385256e-06
763.556719980938,9.330500535067304e-06
763.6567199809381,9.095170749661242e-06
763.7567199809381,8.865505469215392e-06
763.8567199809381,8.641375514284138e-06
763.9567199809381,8.422654468344848e-06
764.0567199809382,8.209218623202258e-06
764.1567199809382,8.00094692536551e-06
764.2567199809382,7.797720923382845e-06
764.3567199809382,7.599424716119162e-06
764.4567199809383,7.40594490196188e-06
764.5567199809383,7.217170528940846e-06
764.6567199809383,7.03299304574794e-06
764.7567199809383,6.853306253642331e-06
764.8567199809384,6.678006259227665e-06
764.9567199809384,6.506991428087264e-06
765.0567199809384,6.3401623392640225e-06
765.1567199809384,6.177421740571415e-06
765.2567199809384,6.0186745047226795e-06
765.3567199809385,5.863827586264789e-06
765.4567199809385,5.712789979304772e-06
765.5567199809385,5.565472676015267e-06
765.6567199809385,5.42178862590702e-06
765.7567199809386,5.2816526958559274e-06
765.8567199809386,5.144981630872223e-06
765.9567199809386,5.011694015599977e-06
766.0567199809386,4.88171023653482e-06
766.1567199809386,4.754952444948229e-06
766.2567199809387,4.631344520506791e-06
766.3567199809387,4.510812035574974e-06
766.4567199809387,4.393282220190022e-06
766.5567199809387,4.278683927698062e-06
766.6567199809388,4.1669476010402265e-06
766.7567199809388,4.0580052396780626e-06
766.8567199809388,3.9517903671474425e-06
766.9567199809388,3.848237999230602e-06
767.0567199809389,3.7472846127357195e-06
767.1567199809389,3.648868114873832e-06
767.2567199809389,3.5529278132231185e-06
767.3567199809389,3.4594043862703347e-06
767.4567199809389,3.3682398545197828e-06
767.556719980939,3.2793775521599768e-06
767.656719980939,3.192762099278547e-06
767.756719980939,3.108339374615907e-06
767.856719980939,3.026056488848387e-06
767.956719980939,2.9458617583917498e-06
768.0567199809391,2.8677046797160027e-06
768.1567199809391,2.7915359041626283e-06
768.2567199809391,2.7173072132555033e-06
768.3567199809391,2.6449714944968524e-06
768.4567199809392,2.574482717639752e-06
768.5567199809392,2.5057959114287286e-06
768.6567199809392,2.4388671408003287e-06
768.7567199809392,2.3736534845353994e-06
768.8567199809393,2.310113013355172e-06
768.9567199809393,2.248204768453154e-06
769.0567199809393,2.187888740455162e-06
769.1567199809393,2.129125848799761e-06
769.2567199809394,2.0718779215316096e-06
769.3567199809394,2.0161076755003073e-06
769.4567199809394,1.9617786969573677e-06
769.5567199809394,1.9088554225441817e-06
769.6567199809394,1.8573031206638863e-06
769.7567199809395,1.8070878732301007e-06
769.8567199809395,1.7581765577857276e-06
769.9567199809395,1.7105368299850382e-06
770.0567199809395,1.6641371064323906e-06
770.1567199809396,1.618946547870974e-06
770.2567199809396,1.574935042715278e-06
770.3567199809396,1.5320731909207552e-06
770.4567199809396,1.4903322881845934e-06
770.5567199809396,1.44968431047137e-06
770.6567199809397,1.410101898857556e-06
770.7567199809397,1.371558344688952e-06
770.8567199809397,1.3340275750451742e-06
770.9567199809397,1.2974841385054412e-06
771.0567199809398,1.2619031912100275e-06
771.1567199809398,1.2272604832117538e-06
771.2567199809398,1.193532345112111e-06
771.3567199809398,1.1606956749765593e-06
771.4567199809399,1.1287279255237754e-06
771.5567199809399,1.097607091583535e-06
771.6567199809399,1.0673116978182363e-06
771.7567199809399,1.0378207867028926e-06
771.8567199809399,1.0091139067587612e-06
771.95671998094,9.811711010356195e-07
772.05671998094,9.539728958380027e-07
772.15671998094,9.275002896906165e-07
772.25671998094,9.017347425383549e-07
772.35671998094,8.766581651763126e-07
772.4567199809401,8.522529089053879e-07
772.5567199809401,8.285017554090153e-07
772.6567199809401,8.05387906846748e-07
772.7567199809401,7.828949761604488e-07
772.8567199809402,7.610069775888672e-07
772.9567199809402,7.397083173865643e-07
773.0567199809402,7.189837847431228e-07
773.1567199809402,6.988185428986862e-07
773.2567199809403,6.791981204519464e-07
773.3567199809403,6.601084028567518e-07
773.4567199809403,6.415356241035801e-07
773.5567199809403,6.234663585822214e-07
773.6567199809404,6.058875131219775e-07
773.7567199809404,5.887863192059117e-07
773.8567199809404,5.721503253555723e-07
773.9567199809404,5.559673896828241e-07
774.0567199809404,5.402256726053674e-07
774.1567199809405,5.249136297226715e-07
774.2567199809405,5.100200048490525e-07
774.3567199809405,4.955338232007153e-07
774.4567199809405,4.814443847336159e-07
774.5567199809406,4.677412576290902e-07
774.6567199809406,4.5441427192420123e-07
774.7567199809406,4.4145351328386156e-07
774.8567199809406,4.288493169118199e-07
774.9567199809406,4.165922615976367e-07
775.0567199809407,4.046731638968772e-07
775.1567199809407,3.930830724417342e-07
775.2567199809407,3.818132623794185e-07
775.3567199809407,3.7085522993562664e-07
775.4567199809408,3.6020068710052223e-07
775.5567199809408,3.498415564346558e-07
775.6567199809408,3.397699659923224e-07
775.7567199809408,3.299782443599149e-07
775.8567199809409,3.2045891580683947e-07
775.9567199809409,3.112046955466482e-07
776.0567199809409,3.022084851060613e-07
776.1567199809409,2.934633677995941e-07
