606.6567199809024,2.829510163413128
606.7567199809024,2.829720533785918
606.8567199809024,2.8299321137375704
606.9567199809024,2.830144907763317
607.0567199809025,2.8303589203549473
607.1567199809025,2.8305741560006044
607.2567199809025,2.8307906191845897
607.3567199809025,2.8310083143871587
607.4567199809026,2.8312272460843175
607.5567199809026,2.831447418747621
607.6567199809026,2.8316688368439653
607.7567199809026,2.831891504835382
607.8567199809027,2.8321154271788322
607.9567199809027,2.832340608325993
608.0567199809027,2.8325670527230526
608.1567199809027,2.8327947648104956
608.2567199809027,2.8330237490228907
608.3567199809028,2.8332540097886776
608.4567199809028,2.833485551529953
608.5567199809028,2.8337183786622515
608.6567199809028,2.833952495594332
608.7567199809029,2.8341879067279545
608.8567199809029,2.8344246164576656
608.9567199809029,2.834662629170574
609.0567199809029,2.8349019492461296
609.156719980903,2.8351425810559
609.256719980903,2.8353845289633464
609.356719980903,2.835627797323598
609.456719980903,2.8358723904832255
609.556719980903,2.8361183127800134
609.6567199809031,2.83636556854273
609.7567199809031,2.8366141620908993
609.8567199809031,2.8368640977345674
609.9567199809031,2.837115379774072
610.0567199809032,2.837368012499809
610.1567199809032,2.8376220001919967
610.2567199809032,2.837877347120442
610.3567199809032,2.8381340575443006
610.4567199809032,2.8383921357118433
610.5567199809033,2.8386515858602146
610.6567199809033,2.8389124122151927
610.7567199809033,2.8391746189909495
610.8567199809033,2.8394382103898077
610.9567199809034,2.839703190601999
611.0567199809034,2.8399695638054188
611.1567199809034,2.8402373341653804
611.2567199809034,2.840506505834371
611.3567199809034,2.840777082951802
611.4567199809035,2.8410490696437636
611.5567199809035,2.841322470022772
611.6567199809035,2.841597288187523
611.7567199809035,2.841873528222637
611.8567199809036,2.84215119419841
611.9567199809036,2.8424302901705594
612.0567199809036,2.8427108201799687
612.1567199809036,2.8429927882524337
612.2567199809037,2.843276198398406
612.3567199809037,2.8435610546127363
612.4567199809037,2.843847360874417
612.5567199809037,2.844135121146322
612.6567199809037,2.8444243393749478
612.7567199809038,2.8447150194901534
612.8567199809038,2.845007165404898
612.9567199809038,2.84530078101498
613.0567199809038,2.845595870198771
613.1567199809039,2.845892436816955
613.2567199809039,2.846190484712262
613.3567199809039,2.8464900177092
613.4567199809039,2.8467910396137937
613.556719980904,2.847093554213312
613.656719980904,2.8473975652760024
613.756719980904,2.8477030765508218
613.856719980904,2.848010091767166
613.956719980904,2.848318614634599
614.0567199809041,2.8486286488425834
614.1567199809041,2.8489401980602063
614.2567199809041,2.849253265935907
614.3567199809041,2.8495678560972055
614.4567199809042,2.8498839721504248
614.5567199809042,2.8502016176804186
614.6567199809042,2.8505207962502954
614.7567199809042,2.8508415114011405
614.8567199809042,2.851163766651742
614.9567199809043,2.8514875654983105
615.0567199809043,2.8518129114142012
615.1567199809043,2.852139807849637
615.2567199809043,2.852468258231428
615.3567199809044,2.852798265962689
615.4567199809044,2.8531298344225644
615.5567199809044,2.853462966965941
615.6567199809044,2.85379766692317
615.7567199809044,2.854133937599784
615.8567199809045,2.8544717822762133
615.9567199809045,2.8548112042075036
616.0567199809045,2.8551522066230306
616.1567199809045,2.8554947927262178
616.2567199809046,2.8558389656942507
616.3567199809046,2.856184728677791
616.4567199809046,2.8565320848006914
616.5567199809046,2.856881037159711
616.6567199809047,2.8572315888242246
616.7567199809047,2.857583742835941
616.8567199809047,2.857937502208613
616.9567199809047,2.858292869927749
617.0567199809047,2.858649848950327
617.1567199809048,2.8590084422045052
617.2567199809048,2.8593686525893336
617.3567199809048,2.8597304829744647
617.4567199809048,2.8600939361998656
617.5567199809049,2.8604590150755267
617.6567199809049,2.8608257223811737
617.7567199809049,2.861194060865977
617.8567199809049,2.861564033248261
617.956719980905,2.861935642215215
618.056719980905,2.8623088904226024
618.156719980905,2.862683780494468
618.256719980905,2.8630603150228513
618.356719980905,2.8634384965674915
618.4567199809051,2.86381832765554
618.5567199809051,2.8641998107812654
618.6567199809051,2.864582948405767
618.7567199809051,2.8649677429566807
618.8567199809052,2.865354196827887
618.9567199809052,2.8657423123792225
619.0567199809052,2.866132091936187
619.1567199809052,2.8665235377896536
619.2567199809052,2.866916652195575
619.3567199809053,2.8673114373746964
619.4567199809053,2.8677078955122615
619.5567199809053,2.868106028757722
619.6567199809053,2.868505839224449
619.7567199809054,2.8689073289894402
619.8567199809054,2.8693105000930315
619.9567199809054,2.869715354538605
620.0567199809054,2.870121894292301
620.1567199809055,2.870530121282727
620.2567199809055,2.870940037400669
620.3567199809055,2.8713516444988016
620.4567199809055,2.8717649443914013
620.5567199809055,2.872179938854056
620.6567199809056,2.872596629623377
620.7567199809056,2.873015018396713
620.8567199809056,2.8734351068318618
620.9567199809056,2.873856896546783
621.0567199809057,2.874280389119312
621.1567199809057,2.8747055860868755
621.2567199809057,2.8751324889462033
621.3567199809057,2.8755610991530465
621.4567199809057,2.875991418121891
621.5567199809058,2.876423447225674
621.6567199809058,2.8768571877955025
621.7567199809058,2.877292641120369
621.8567199809058,2.8777298084468717
621.9567199809059,2.8781686909789297
622.0567199809059,2.8786092898775077
622.1567199809059,2.8790516062603313
622.2567199809059,2.8794956412016113
622.356719980906,2.8799413957317648
622.456719980906,2.880388870837137
622.556719980906,2.8808380674597265
622.656719980906,2.881288986496907
622.756719980906,2.881741628801156
622.8567199809061,2.882195995179777
622.9567199809061,2.882652086394632
623.0567199809061,2.8831099031618637
623.1567199809061,2.883569446151629
623.2567199809062,2.884030715987828
623.3567199809062,2.884493713247834
623.4567199809062,2.8849584384622298
623.5567199809062,2.8854248921145356
623.6567199809062,2.8858930746409492
623.7567199809063,2.886362986430078
623.8567199809063,2.886834627822679
623.9567199809063,2.8873079991113957
624.0567199809063,2.8877831005404975
624.1567199809064,2.8882599323056226
624.2567199809064,2.888738494553519
624.3567199809064,2.8892187873817896
624.4567199809064,2.889700810838635
624.5567199809065,2.890184564922604
624.6567199809065,2.8906700495823383
624.7567199809065,2.8911572647163255
624.8567199809065,2.8916462101726474
624.9567199809065,2.8921368857487355
625.0567199809066,2.8926292911911244
625.1567199809066,2.8931234261952086
625.2567199809066,2.893619290405
625.3567199809066,2.894116883412889
625.4567199809067,2.894616204759404
625.5567199809067,2.895117253932977
625.6567199809067,2.8956200303697073
625.7567199809067,2.8961245334531296
625.8567199809067,2.896630762513984
625.9567199809068,2.8971387168299843
626.0567199809068,2.8976483956255943
626.1567199809068,2.8981597980718017
626.2567199809068,2.898672923285895
626.3567199809069,2.8991877703312445
626.4567199809069,2.8997043382170826
626.5567199809069,2.900222625898288
626.6567199809069,2.9007426322751733
626.756719980907,2.9012643561932716
626.856719980907,2.901787796443129
626.956719980907,2.902312951760097
627.056719980907,2.90283982082413
627.156719980907,2.9033684022595807
627.2567199809071,2.903898694635003
627.3567199809071,2.9044306964629567
627.4567199809071,2.904964406199811
627.5567199809071,2.9054998222455533
627.6567199809072,2.906036942943605
627.7567199809072,2.9065757665806298
627.8567199809072,2.9071162913863557
627.9567199809072,2.9076585155333934
628.0567199809072,2.9082024371370587
628.1567199809073,2.9087480542551996
628.2567199809073,2.9092953648880253
628.3567199809073,2.9098443669779375
628.4567199809073,2.910395058409367
628.5567199809074,2.9109474370086117
628.6567199809074,2.911501500543678
628.7567199809074,2.9120572467241277
628.8567199809074,2.9126146732009235
628.9567199809075,2.9131737775662843
629.0567199809075,2.9137345573535383
629.1567199809075,2.914297010036983
629.2567199809075,2.914861133031748
629.3567199809075,2.915426923693661
629.4567199809076,2.915994379319118
629.5567199809076,2.916563497144956
629.6567199809076,2.917134274348332
629.7567199809076,2.9177067080466044
629.8567199809077,2.918280795297219
629.9567199809077,2.9188565330975966
630.0567199809077,2.9194339183850286
630.1567199809077,2.9200129480365753
630.2567199809077,2.920593618868965
630.3567199809078,2.921175927638504
630.4567199809078,2.9217598710409862
630.5567199809078,2.9223454457116063
630.6567199809078,2.922932648224883
630.7567199809079,2.9235214750945806
630.8567199809079,2.9241119227736396
630.9567199809079,2.92470398765411
631.0567199809079,2.925297666067089
631.156719980908,2.9258929542826655
631.256719980908,2.9264898485098687
631.356719980908,2.9270883448966205
631.456719980908,2.927688439529694
631.556719980908,2.9282901284346785
631.6567199809081,2.928893407575947
631.7567199809081,2.929498272856632
631.8567199809081,2.930104720118604
631.9567199809081,2.930712745142456
632.0567199809082,2.931322343647497
632.1567199809082,2.9319335112917466
632.2567199809082,2.932546243671938
632.3567199809082,2.933160536323525
632.4567199809082,2.933776384720698
632.5567199809083,2.9343937842764025
632.6567199809083,2.935012730342366
632.7567199809083,2.93563321820913
632.8567199809083,2.9362552431060895
632.9567199809084,2.9368788002015376
633.0567199809084,2.9375038846027164
633.1567199809084,2.9381304913558774
633.2567199809084,2.9387586154463436
633.3567199809085,2.9393882517985825
633.4567199809085,2.9400193952762854
633.5567199809085,2.940652040682452
633.6567199809085,2.9412861827594816
633.7567199809085,2.9419218161892755
633.8567199809086,2.942558935593343
633.9567199809086,2.943197535532914
634.0567199809086,2.943837610509064
634.1567199809086,2.9444791549628415
634.2567199809087,2.9451221632754057
634.3567199809087,2.945766629768171
634.4567199809087,2.9464125487029613
634.5567199809087,2.9470599142821703
634.6567199809087,2.9477087206489294
634.7567199809088,2.9483589618872874
634.8567199809088,2.9490106320223948
634.9567199809088,2.9496637250206983
635.0567199809088,2.950318234790143
635.1567199809089,2.950974155180387
635.2567199809089,2.9516314799830172
635.3567199809089,2.9522902029317835
635.4567199809089,2.9529503177028342
635.556719980909,2.953611817914965
635.656719980909,2.954274697129877
635.756719980909,2.9549389488524413
635.856719980909,2.9556045665309774
635.956719980909,2.956271543557538
636.0567199809091,2.9569398732682064
636.1567199809091,2.9576095489433993
636.2567199809091,2.9582805638081875
636.3567199809091,2.9589529110326174
636.4567199809092,2.9596265837320526
636.5567199809092,2.9603015749675166
636.6567199809092,2.960977877746055
636.7567199809092,2.961655485021102
636.8567199809092,2.9623343896928596
636.9567199809093,2.963014584608692
637.0567199809093,2.9636960625635242
637.1567199809093,2.964378816300259
637.2567199809093,2.9650628385101987
637.3567199809094,2.965748121833485
637.4567199809094,2.9664346588595483
637.5567199809094,2.967122442127565
637.6567199809094,2.9678114641269344
637.7567199809095,2.9685017172977624
637.8567199809095,2.9691931940313587
637.9567199809095,2.9698858866707503
638.0567199809095,2.9705797875112014
638.1567199809095,2.971274888800752
638.2567199809096,2.9719711827407655
638.3567199809096,2.972668661486495
638.4567199809096,2.973367317147655
638.5567199809096,2.9740671417890137
638.6567199809097,2.974768127430997
638.7567199809097,2.9754702660503054
638.8567199809097,2.9761735495805457
638.9567199809097,2.9768779699128762
639.0567199809097,2.9775835188966693
639.1567199809098,2.9782901883401838
639.2567199809098,2.978997970011258
639.3567199809098,2.9797068556380117
639.4567199809098,2.9804168369095674
639.5567199809099,2.981127905476787
639.6567199809099,2.9818400529530202
639.7567199809099,2.9825532709148734
639.8567199809099,2.9832675509029905
639.95671998091,2.983982884422852
640.05671998091,2.984699262945591
640.15671998091,2.985416677908822
640.25671998091,2.9861351207174907
640.35671998091,2.986854582744738
640.4567199809101,2.9875750553327802
640.5567199809101,2.9882965297938107
640.6567199809101,2.989018997410913
640.7567199809101,2.9897424494389964
640.8567199809102,2.990466877105745
640.9567199809102,2.99119227161259
641.0567199809102,2.9919186241356934
641.1567199809102,2.9926459258269573
641.2567199809102,2.993374167815045
641.3567199809103,2.9941033412064253
641.4567199809103,2.9948334370864327
641.5567199809103,2.99556444652035
641.6567199809103,2.996296360554505
641.7567199809104,2.997029170217394
641.8567199809104,2.9977628665208162
641.9567199809104,2.9984974404610365
642.0567199809104,2.99923288301996
642.1567199809105,2.999969185166334
642.2567199809105,3.000706337856966
642.3567199809105,3.001444332037964
642.4567199809105,3.0021831586459964
642.5567199809105,3.002922808609573
642.6567199809106,3.003663272850349
642.7567199809106,3.0044045422844485
642.8567199809106,3.0051466078238094
642.9567199809106,3.005889460377551
643.0567199809107,3.006633090853363
643.1567199809107,3.007377490158916
643.2567199809107,3.0081226492032966
643.3567199809107,3.008868558898461
643.4567199809107,3.0096152101607148
643.5567199809108,3.0103625939122147
643.6567199809108,3.0111107010824916
643.7567199809108,3.011859522609998
643.8567199809108,3.0126090494436797
643.9567199809109,3.01335927254457
644.0567199809109,3.014110182887407
644.1567199809109,3.014861771462276
644.2567199809109,3.015614029276275
644.356719980911,3.0163669473552055
644.456719980911,3.0171205167452864
644.556719980911,3.0178747285148937
644.656719980911,3.0186295737563236
644.756719980911,3.0193850435875818
644.8567199809111,3.020141129154196
644.9567199809111,3.0208978216310567
645.0567199809111,3.0216551122242805
645.1567199809111,3.022412992173098
645.2567199809112,3.0231714527517726
645.3567199809112,3.023930485271539
645.4567199809112,3.0246900810825714
645.5567199809112,3.0254502315759755
645.6567199809112,3.02621092818581
645.7567199809113,3.0269721623911288
645.8567199809113,3.027733925718057
645.9567199809113,3.028496209741886
646.0567199809113,3.0292590060892017
646.1567199809114,3.030022306440034
646.2567199809114,3.030786102530038
646.3567199809114,3.0315503861526993
646.4567199809114,3.032315149161566
646.5567199809115,3.033080383472511
646.6567199809115,3.033846081066019
646.7567199809115,3.0346122339895
646.8567199809115,3.035378834359635
646.9567199809115,3.036145874364743
647.0567199809116,3.0369133462671813
647.1567199809116,3.037681242405768
647.2567199809116,3.0384495551982376
647.3567199809116,3.0392182771437204
647.4567199809117,3.0399874008252534
647.5567199809117,3.040756918912313
647.6567199809117,3.0415268241633835
647.7567199809117,3.0422971094285467
647.8567199809117,3.0430677676521043
647.9567199809118,3.0438387918752245
648.0567199809118,3.0446101752386188
648.1567199809118,3.045381910985247
648.2567199809118,3.046153992463049
648.3567199809119,3.046926413127703
648.4567199809119,3.0476991665454167
648.5567199809119,3.0484722463957405
648.6567199809119,3.0492456464744127
648.756719980912,3.0500193606962287
648.856719980912,3.0507933830979432
648.956719980912,3.051567707841194
649.056719980912,3.0523423292154575
649.156719980912,3.05311724164103
649.2567199809121,3.0538924396720377
649.3567199809121,3.0546679179994705
649.4567199809121,3.0554436714542472
649.5567199809121,3.056219695010306
649.6567199809122,3.0569959837877203
649.7567199809122,3.057772533055843
649.8567199809122,3.058549338236477
649.9567199809122,3.059326394907071
650.0567199809122,3.0601036988039443
650.1567199809123,3.0608812458255334
650.2567199809123,3.061659032035667
650.3567199809123,3.062437053666867
650.4567199809123,3.0632153071236723
650.5567199809124,3.06399378898599
650.6567199809124,3.0647724960124707
650.7567199809124,3.065551425143907
650.8567199809124,3.0663305735066593
650.9567199809125,3.0671099384161007
651.0567199809125,3.0678895173800913
651.1567199809125,3.0686693081024705
651.2567199809125,3.0694493084865755
651.3567199809125,3.070229516638782
651.4567199809126,3.0710099308720653
651.5567199809126,3.071790549709585
651.6567199809126,3.0725713718882917
651.7567199809126,3.0733523963625506
651.8567199809127,3.074133622307793
651.9567199809127,3.0749150491241792
652.0567199809127,3.075696676440288
652.1567199809127,3.076478504116823
652.2567199809127,3.077260532250337
652.3567199809128,3.078042761176974
652.4567199809128,3.0788251914762306
652.5567199809128,3.0796078239747358
652.6567199809128,3.080390659750042
652.7567199809129,3.081173700134439
652.8567199809129,3.0819569467187757
652.9567199809129,3.082740401356306
653.0567199809129,3.0835240661665364
653.156719980913,3.0843079435391028
653.256719980913,3.0850920361376444
653.356719980913,3.0858763469037003
653.456719980913,3.086660879060614
653.556719980913,3.087445636117448
653.6567199809131,3.0882306218729094
653.7567199809131,3.089015840419285
653.8567199809131,3.089801296146385
653.9567199809131,3.0905869937454917
654.0567199809132,3.091372938213319
654.1567199809132,3.092159134855974
654.2567199809132,3.0929455892929294
654.3567199809132,3.093732307460993
654.4567199809132,3.0945192956182836
654.5567199809133,3.0953065603482144
654.6567199809133,3.096094108563469
654.7567199809133,3.096881947509984
654.8567199809133,3.0976700847709293
654.9567199809134,3.098458528270688
655.0567199809134,3.0992472862788323
655.1567199809134,3.1000363674140963
655.2567199809134,3.100825780648346
655.3567199809135,3.1016155353105415
655.4567199809135,3.1024056410906944
655.5567199809135,3.103196108043815
655.6567199809135,3.1039869465938525
655.7567199809135,3.104778167537626
655.8567199809136,3.1055697820487396
655.9567199809136,3.1063618016814907
656.0567199809136,3.1071542383747612
656.1567199809136,3.107947104455893
656.2567199809137,3.10874041264455
656.3567199809137,3.109534176056562
656.4567199809137,3.110328408207745
656.5567199809137,3.1111231230177094
656.6567199809137,3.11191833481364
656.7567199809138,3.112714058334056
656.8567199809138,3.113510308732544
656.9567199809138,3.114307101581471
657.0567199809138,3.115104452875662
657.1567199809139,3.1159023790360565
657.2567199809139,3.1167008969133296
657.3567199809139,3.117500023791484
657.4567199809139,3.118299777391408
657.556719980914,3.119100175874399
657.656719980914,3.1199012378456494
657.756719980914,3.120702982357697
657.856719980914,3.121505428913834
657.956719980914,3.1223085974714753
658.0567199809141,3.123112508445484
658.1567199809141,3.1239171827114505
658.2567199809141,3.1247226416089315
658.3567199809141,3.1255289069446337
658.4567199809142,3.126336000995551
658.5567199809142,3.127143946512052
658.6567199809142,3.1279527667209113
658.7567199809142,3.1287624853282887
658.8567199809142,3.129573126522648
658.9567199809143,3.130384714977623
659.0567199809143,3.1311972758548157
659.1567199809143,3.1320108348065387
659.2567199809143,3.1328254179784896
659.3567199809144,3.1336410520123605
659.4567199809144,3.1344577640483817
659.5567199809144,3.1352755817277904
659.6567199809144,3.136094533195233
659.7567199809145,3.136914647101089
659.8567199809145,3.137735952603725
659.9567199809145,3.138558479371663
660.0567199809145,3.1393822575856754
660.1567199809145,3.1402073179407974
660.2567199809146,3.1410336916482517
660.3567199809146,3.1418614104372917
660.4567199809146,3.1426905065569537
660.5567199809146,3.1435210127777213
660.6567199809147,3.1443529623930977
660.7567199809147,3.14518638922108
660.8567199809147,3.1460213276055446
660.9567199809147,3.146857812417525
661.0567199809147,3.147695879056398
661.1567199809148,3.1485355634509613
661.2567199809148,3.1493769020604083
661.3567199809148,3.150219931875196
661.4567199809148,3.1510646904178046
661.5567199809149,3.1519112157433837
661.6567199809149,3.152759546440287
661.7567199809149,3.15360972163049
661.8567199809149,3.1544617809698927
661.956719980915,3.155315764648498
662.056719980915,3.156171713390472
662.156719980915,3.1570296684540766
662.256719980915,3.157889671631479
662.356719980915,3.1587517652484287
662.4567199809151,3.1596159921638085
662.5567199809151,3.1604823957690464
662.6567199809151,3.1613510199873973
662.7567199809151,3.1622219092730846
662.8567199809152,3.1630951086103023
662.9567199809152,3.1639706635120763
663.0567199809152,3.1648486200189825
663.1567199809152,3.165729024697713
663.2567199809152,3.1666119246395037
663.3567199809153,3.167497367458401
663.4567199809153,3.1683854012893846
663.5567199809153,3.1692760747863282
663.6567199809153,3.1701694371198106
663.7567199809154,3.1710655379747585
663.8567199809154,3.1719644275479393
663.9567199809154,3.17286615654528
664.0567199809154,3.1737707761790275
664.1567199809155,3.1746783381647394
664.2567199809155,3.1755888947181052
664.3567199809155,3.1765024985515957
664.4567199809155,3.1774192028709396
664.5567199809155,3.178339061371424
664.6567199809156,3.1792621282340185
664.7567199809156,3.180188458121317
664.8567199809156,3.181118106173303
664.9567199809156,3.182051128002925
665.0567199809157,3.182987579691494
665.1567199809157,3.1839275177838866
665.2567199809157,3.184870999283566
665.3567199809157,3.1858180816474073
665.4567199809158,3.1867688227803312
665.5567199809158,3.187723281029747
665.6567199809158,3.188681515179795
665.7567199809158,3.1896435844453936
665.8567199809158,3.1906095484660857
665.9567199809159,3.1915794672996864
666.0567199809159,3.1925534014157275
666.1567199809159,3.1935314116886935
666.2567199809159,3.1945135593910607
666.356719980916,3.1954999061861202
666.456719980916,3.1964905141205997
666.556719980916,3.1974854456170685
666.656719980916,3.198484763466139
666.756719980916,3.1994885308184475
666.8567199809161,3.2004968111764294
666.9567199809161,3.2015096683858717
667.0567199809161,3.2025271666272546
667.1567199809161,3.203549370406874
667.2567199809162,3.204576344547745
667.3567199809162,3.2056081541802874
667.4567199809162,3.206644864732789
667.5567199809162,3.2076865419216514
667.6567199809163,3.208733251741407
667.7567199809163,3.2097850604545197
667.8567199809163,3.2108420345809603
667.9567199809163,3.2119042408875536
668.0567199809163,3.2129717463771055
668.1567199809164,3.214044618277302
668.2567199809164,3.2151229240293837
668.3567199809164,3.2162067312765905
668.4567199809164,3.2172961078523845
668.5567199809165,3.2183911217684407
668.6567199809165,3.2194918412024136
668.7567199809165,3.2205983344854756
668.8567199809165,3.2217106700896263
668.9567199809165,3.222828916614775
669.0567199809166,3.2239531427755965
669.1567199809166,3.2250834173881575
669.2567199809166,3.2262198093563157
669.3567199809166,3.2273623876578936
669.4567199809167,3.2285112213306237
669.5567199809167,3.2296663794578673
669.6567199809167,3.230827931154109
669.7567199809167,3.231995945550223
669.8567199809168,3.2331704917785165
669.9567199809168,3.23435163895755
670.0567199809168,3.2355394561767326
670.1567199809168,3.2367340124806927
670.2567199809168,3.237935376853435
670.3567199809169,3.239143618202268
670.4567199809169,3.240358805341518
670.5567199809169,3.2415810069760234
670.6567199809169,3.242810291684412
670.756719980917,3.2440467279021656
670.856719980917,3.2452903839044644
670.956719980917,3.2465413277888278
671.056719980917,3.2477996274575367
671.156719980917,3.249065350599853
671.2567199809171,3.2503385646740295
671.3567199809171,3.251619336889112
671.4567199809171,3.252907734186545
671.5567199809171,3.2542038232215704
671.6567199809172,3.2555076703444312
671.7567199809172,3.256819341581378
671.8567199809172,3.258138902615478
671.9567199809172,3.25946641876724
672.0567199809173,3.260801954975044
672.1567199809173,3.262145575775387
672.2567199809173,3.2634973452829463
672.3567199809173,3.2648573271704597
672.4567199809173,3.2662255846484327
672.5567199809174,3.267602180444667
672.6567199809174,3.2689871767836185
672.7567199809174,3.2703806353655906
672.8567199809174,3.2717826173457603
672.9567199809175,3.2731931833130408
673.0567199809175,3.274612393268794
673.1567199809175,3.2760403066053816
673.2567199809175,3.2774769820845706
673.3567199809175,3.278922477815791
673.4567199809176,3.280376851234253
673.5567199809176,3.281840159078922
673.6567199809176,3.2833124573703665
673.7567199809176,3.2847938013884703
673.8567199809177,3.2862842456500228
673.9567199809177,3.287783843886186
674.0567199809177,3.2892926490198486
674.1567199809177,3.2908107131428657
674.2567199809178,3.292338087493194
674.3567199809178,3.2938748224319223
674.4567199809178,3.295420967420208
674.5567199809178,3.296976570996121
674.6567199809178,3.2985416807513985
674.7567199809179,3.3001163433081224
674.8567199809179,3.3017006042953176
674.9567199809179,3.3032945083254797
675.0567199809179,3.304898098971039
675.156719980918,3.306511418740765
675.256719980918,3.3081345090561163
675.356719980918,3.3097674102275407
675.456719980918,3.311410161430737
675.556719980918,3.3130628006828795
675.6567199809181,3.314725364818808
675.7567199809181,3.316397889467203
675.8567199809181,3.3180804090267326
675.9567199809181,3.319772956642198
676.0567199809182,3.3214755641806653
676.1567199809182,3.3231882622076068
676.2567199809182,3.3249110799630444
676.3567199809182,3.3266440453377095
676.4567199809183,3.3283871848492277
676.5567199809183,3.330140523618327
676.6567199809183,3.3319040853450854
676.7567199809183,3.3336778922852153
676.8567199809183,3.335461965226405
676.9567199809184,3.3372563234647092
677.0567199809184,3.339060984781006
677.1567199809184,3.340875965417525
677.2567199809184,3.3427012800544538
677.3567199809185,3.3445369417866275
677.4567199809185,3.3463829621003134
677.5567199809185,3.348239350850094
677.6567199809185,3.35010611623586
677.7567199809185,3.351983264779917
677.8567199809186,3.353870801304217
677.9567199809186,3.3557687289077167
678.0567199809186,3.35767704894388
678.1567199809186,3.3595957609983227
678.2567199809187,3.361524862866613
678.3567199809187,3.363464350532232
678.4567199809187,3.365414218144709
678.5567199809187,3.367374457997926
678.6567199809188,3.3693450605086213
678.7567199809188,3.3713260141950707
678.8567199809188,3.373317305655985
678.9567199809188,3.3753189195496107
679.0567199809188,3.3773308385730476
679.1567199809189,3.379353043441797
679.2567199809189,3.3813855128695423
679.3567199809189,3.3834282235481714
679.4567199809189,3.38548115012805
679.556719980919,3.3875442651985574
679.656719980919,3.389617539268883
679.756719980919,3.391700940749104
679.856719980919,3.393794435931545
679.956719980919,3.395897988972425
680.0567199809191,3.3980102195497066
680.1567199809191,3.4001248668072166
680.2567199809191,3.4022411079038912
680.3567199809191,3.404358900356646
680.4567199809192,3.406478200466164
680.5567199809192,3.4085989632999647
680.6567199809192,3.41072114267565
680.7567199809192,3.4128446911443464
680.8567199809193,3.4149695599743457
680.9567199809193,3.417095699134953
681.0567199809193,3.4192230572805533
681.1567199809193,3.421351581734902
681.2567199809193,3.4234812184756462
681.3567199809194,3.425611912119092
681.4567199809194,3.427743605905216
681.5567199809194,3.4298762416829387
681.6567199809194,3.4320097598956614
681.7567199809195,3.434144099567077
681.8567199809195,3.4362791982872674
681.9567199809195,3.438414992199082
682.0567199809195,3.440551415984825
682.1567199809195,3.442688402853243
682.2567199809196,3.4448258845268285
682.3567199809196,3.446963791229445
682.4567199809196,3.449102051674284
682.5567199809196,3.4512405930521597
682.6567199809197,3.4533793410201503
682.7567199809197,3.4555182196905894
682.8567199809197,3.457657151620425
682.9567199809197,3.459796057800943
683.0567199809198,3.4619348576478677
683.1567199809198,3.4640734689918498
683.2567199809198,3.4662118080693416
683.3567199809198,3.4683497895138737
683.4567199809198,3.4704873263477385
683.5567199809199,3.4726243299740833
683.6567199809199,3.4747607101694293
683.7567199809199,3.4768963750766115
683.8567199809199,3.47903123119816
683.95671998092,3.4811651833901154
684.05671998092,3.4832981348562964
684.15671998092,3.4854299871430214
684.25671998092,3.4875606401342876
684.35671998092,3.4896899920474214
684.4567199809201,3.4918179394291986
684.5567199809201,3.493944377152446
684.6567199809201,3.49606919841313
684.7567199809201,3.498192294727928
684.8567199809202,3.500313555932312
684.9567199809202,3.502432870179118
685.0567199809202,3.5045501239376344
685.1567199809202,3.5066652019932025
685.2567199809203,3.5087779874473277
685.3567199809203,3.510888361718326
685.4567199809203,3.512996204542489
685.5567199809203,3.515101393975785
685.6567199809203,3.5172038063961004
685.7567199809204,3.5193033165060212
685.8567199809204,3.5213997973361577
685.9567199809204,3.5234931202490225
686.0567199809204,3.5255831549434653
686.1567199809205,3.527669769459658
686.2567199809205,3.5297528301846484
686.3567199809205,3.531832201858475
686.4567199809205,3.5339077475808507
686.5567199809205,3.5359793288184163
686.6567199809206,3.5380468054125704
686.7567199809206,3.540110035587872
686.8567199809206,3.5421688759610257
686.9567199809206,3.5442231815504455
687.0567199809207,3.546272805786401
687.1567199809207,3.5483176005217514
687.2567199809207,3.550357416043266
687.3567199809207,3.5523921010835284
687.4567199809208,3.5544215028334354
687.5567199809208,3.5564454669552825
687.6567199809208,3.558463837596445
687.7567199809208,3.5604764574036434
687.8567199809208,3.5624831675378124
687.9567199809209,3.5644838076895486
688.0567199809209,3.5664782160951654
688.1567199809209,3.568466229553327
688.2567199809209,3.570447683442283
688.356719980921,3.5724224117376924
688.456719980921,3.574390247031035
688.556719980921,3.5763510205486138
688.656719980921,3.5783045621711493
688.756719980921,3.5802507004539534
688.8567199809211,3.582189262647692
688.9567199809211,3.584120074719732
689.0567199809211,3.586042961376063
689.1567199809211,3.5879577460838057
689.2567199809212,3.589864251094286
689.3567199809212,3.5917622974666914
689.4567199809212,3.593651705092288
689.5567199809212,3.5955322927192133
689.6567199809213,3.597403877977822
689.7567199809213,3.5992662774065973
689.8567199809213,3.6011193064786164
689.9567199809213,3.6029627796285646
690.0567199809213,3.6047965102802966
690.1567199809214,3.606620310874941
690.2567199809214,3.6084339928995375
690.3567199809214,3.6102373669162136
690.4567199809214,3.612030242591878
690.5567199809215,3.613812428728442
690.6567199809215,3.615583733293552
690.7567199809215,3.6173439634518347
690.8567199809215,3.6190929255966404
690.9567199809215,3.620830425382288
691.0567199809216,3.622556267756794
691.1567199809216,3.624270256995091
691.2567199809216,3.6259721967327145
691.3567199809216,3.627661889999966
691.4567199809217,3.6293391392565306
691.5567199809217,3.631003746426553
691.6567199809217,3.6326555129341562
691.7567199809217,3.634294239739396
691.8567199809218,3.63591972737465
691.9567199809218,3.6375317759814214
692.0567199809218,3.6391301853475584
692.1567199809218,3.6407147549448737
692.2567199809218,3.6422852839671607
692.3567199809219,3.643841571368592
692.4567199809219,3.645383415902494
692.5567199809219,3.6469106161604863
692.6567199809219,3.648422970611976
692.756719980922,3.649920277644002
692.856719980922,3.6514023356014063
692.956719980922,3.6528689428273386
693.056719980922,3.6543198977040703
693.156719980922,3.6557549986941136
693.2567199809221,3.6571740443816343
693.3567199809221,3.658576833514145
693.4567199809221,3.65996316504447
693.5567199809221,3.661332838172968
693.6567199809222,3.6626856523900058
693.7567199809222,3.664021407518663
693.8567199809222,3.6653399037576664
693.9567199809222,3.6666409417245345
694.0567199809223,3.667924322498921
694.1567199809223,3.6691898476661495
694.2567199809223,3.6704373193609223
694.3567199809223,3.671666540311193
694.4567199809223,3.672877313882191
694.5567199809224,3.6740694441205823
694.6567199809224,3.6752427357987596
694.7567199809224,3.6763969944592407
694.8567199809224,3.6775320264591698
694.9567199809225,3.678647639014905
695.0567199809225,3.67974364024668
695.1567199809225,3.6808198392233207
695.2567199809225,3.6818760460070195
695.3567199809225,3.6829120716981345
695.4567199809226,3.6839277284800103
695.5567199809226,3.6849228296638086
695.6567199809226,3.685897189733332
695.7567199809226,3.6868506243898214
695.8567199809227,3.687782950596728
695.9567199809227,3.688693986624429
696.0567199809227,3.6895835520948896
696.1567199809227,3.690451468026242
696.2567199809228,3.6912975568772812
696.3567199809228,3.692121642591854
696.4567199809228,3.6929235506431333
696.5567199809228,3.6937031080777585
696.6567199809228,3.6944601435598354
696.7567199809229,3.695194487414775
696.8567199809229,3.6959059716729574
696.9567199809229,3.6965944301132136
697.0567199809229,3.6972596983061052
697.156719980923,3.69790161365699
697.256719980923,3.6985200154488567
697.356719980923,3.699114744884924
697.456719980923,3.6996856451309794
697.556719980923,3.7002325613574474
697.6567199809231,3.700755340781179
697.7567199809231,3.7012538327069433
697.8567199809231,3.7017278885686062
697.9567199809231,3.70217736196999
698.0567199809232,3.702602108725387
698.1567199809232,3.703001986899737
698.2567199809232,3.7033768568484247
698.3567199809232,3.7037265812567117
698.4567199809233,3.704051025178773
698.5567199809233,3.704350056076332
698.6567199809233,3.7046235438568758
698.7567199809233,3.7048713609114485
698.8567199809233,3.7050933821519947
698.9567199809234,3.7052894850482536
699.0567199809234,3.7054595496641842
699.1567199809234,3.7056034586939117
699.2567199809234,3.7057210974971824
699.3567199809235,3.7058123541343146
699.4567199809235,3.7058771194006335
699.5567199809235,3.7059152868603795
699.6567199809235,3.7059267528800772
699.7567199809235,3.7059114166613525
699.8567199809236,3.7058691802731882
699.9567199809236,3.705799948683609
700.0567199809236,3.7057036297907753
700.1567199809236,3.70558013445349
700.2567199809237,3.705429376521094
700.3567199809237,3.7052512728627462
700.4567199809237,3.705045743396079
700.5567199809237,3.7048127111152143
700.6567199809238,3.7045521021181327
700.7567199809238,3.7042638456333887
700.8567199809238,3.703947874046157
700.9567199809238,3.703604122923605
701.0567199809238,3.7032325310395784
701.1567199809239,3.7028330403985983
701.2567199809239,3.7024055962591493
701.3567199809239,3.7019501471562606
701.4567199809239,3.7014666449233706
701.556719980924,3.7009550447134587
701.656719980924,3.7004153050194457
701.756719980924,3.699847387693852
701.856719980924,3.6992512579677053
701.956719980924,3.698626884468691
702.0567199809241,3.6979742392385404
702.1567199809241,3.697293297749646
702.2567199809241,3.6965840389209044
702.3567199809241,3.695846445132771
702.4567199809242,3.6950805022415327
702.5567199809242,3.694286199592779
702.6567199809242,3.6934635300340806
702.7567199809242,3.6926124899268578
702.8567199809243,3.691733079157445
702.9567199809243,3.690825301147335
703.0567199809243,3.6898891628626105
703.1567199809243,3.688924674822551
703.2567199809243,3.687931851107414
703.3567199809244,3.6869107093653866
703.4567199809244,3.6858612708187053
703.5567199809244,3.684783560268939
703.6567199809244,3.6836776061014356
703.7567199809245,3.6825434402889266
703.8567199809245,3.6813810983942896
703.9567199809245,3.6801906195724667
704.0567199809245,3.6789691579047714
704.1567199809245,3.6777033737590337
704.2567199809246,3.6763916417522737
704.3567199809246,3.6750340281708125
704.4567199809246,3.6736306090558646
704.5567199809246,3.672181470192106
704.6567199809247,3.6706867070926994
704.7567199809247,3.6691464249807972
704.8567199809247,3.667560738767517
704.9567199809247,3.665929773026406
705.0567199809248,3.664253661964412
705.1567199809248,3.6625325493893577
705.2567199809248,3.660766588673951
705.3567199809248,3.658955942716342
705.4567199809248,3.6571007838972376
705.5567199809249,3.655201294033607
705.6567199809249,3.653257664328992
705.7567199809249,3.6512700953204473
705.8567199809249,3.6492387968221376
705.956719980925,3.6471639878656177
706.056719980925,3.6450458966368213
706.156719980925,3.642884760409796
706.256719980925,3.64068082547721
706.356719980925,3.638434347077663
706.4567199809251,3.6361455893198436
706.5567199809251,3.6338148251035616
706.6567199809251,3.6314423360376997
706.7567199809251,3.6290284123551153
706.8567199809252,3.626573352824548
706.9567199809252,3.6240774646595546
707.0567199809252,3.6215410634245373
707.1567199809252,3.618964472937893
707.2567199809253,3.616348025172339
707.3567199809253,3.613692060152461
707.4567199809253,3.6109969258495287
707.5567199809253,3.608262978073639
707.6567199809253,3.6054905803632225
707.7567199809254,3.602680103871986
707.8567199809254,3.5998319272533257
707.9567199809254,3.596946436542278
708.0567199809254,3.594024025035059
708.1567199809255,3.591065093166256
708.2567199809255,3.5880700483837162
708.3567199809255,3.5850393050212084
708.4567199809255,3.581973284168902
708.5567199809255,3.5788724135417387
708.6567199809256,3.5757371273457466
708.7567199809256,3.572567866142365
708.8567199809256,3.5693650767108474
708.9567199809256,3.5661292119087955
709.0567199809257,3.562860730530902
709.1567199809257,3.5595600971659604
709.2567199809257,3.556227782052209
709.3567199809257,3.552864260931077
709.4567199809258,3.549470014899401
709.5567199809258,3.546045530260179
709.6567199809258,3.5425912983719288
709.7567199809258,3.539107815496723
709.8567199809258,3.535595582646969
709.9567199809259,3.5320551054310005
710.0567199809259,3.5284868938975547
710.1567199809259,3.524891462379206
710.2567199809259,3.5212693293348196
710.356719980926,3.5176210171911073
710.456719980926,3.5139470521833442
710.556719980926,3.5102479641953277
710.656719980926,3.5065242865986432
710.756719980926,3.5027765560913107
710.8567199809261,3.4990053125358815
710.9567199809261,3.4952110987970615
711.0567199809261,3.4913944605789204
711.1567199809261,3.487555946261777
711.2567199809262,3.4836961067388046
711.3567199809262,3.4798154952524594
711.4567199809262,3.475914667230769
711.5567199809262,3.471994180123579
711.6567199809263,3.4680545932388105
711.7567199809263,3.4640964675788024
711.8567199809263,3.4601203656768105
711.9567199809263,3.456126851433729
712.0567199809263,3.452116489955104
712.1567199809264,3.4480898473884998
712.2567199809264,3.444047490761303
712.3567199809264,3.439989987819007
712.4567199809264,3.435917906864061
712.5567199809265,3.431831816595342
712.6567199809265,3.427732285948314
712.7567199809265,3.423619883935941
712.8567199809265,3.419495179490411
712.9567199809266,3.4153587413057447
713.0567199809266,3.4112111376813363
713.1567199809266,3.4070529363665005
713.2567199809266,3.402884704406075
713.3567199809266,3.398707007987144
713.4567199809267,3.394520412286941
713.5567199809267,3.39032548132198
713.6567199809267,3.3861227777984855
713.7567199809267,3.3819128629641613
713.8567199809268,3.377696296461364
713.9567199809268,3.3734736361817284
714.0567199809268,3.369245438122296
714.1567199809268,3.3650122562432054
714.2567199809268,3.3607746423269838
714.3567199809269,3.356533145839497
714.4567199809269,3.3522883137926023
714.5567199809269,3.348040690608547
714.6567199809269,3.343790817986168
714.756719980927,3.339539234768926
714.856719980927,3.335286476814822
714.956719980927,3.3310330768682377
715.056719980927,3.326779564433742
715.156719980927,3.322526465651897
715.2567199809271,3.3182743031771063
715.3567199809271,3.3140235960575426
715.4567199809271,3.309774859617188
715.5567199809271,3.305528605340018
715.6567199809272,3.3012853407563694
715.7567199809272,3.2970455693315173
715.8567199809272,3.2928097903564923
715.9567199809272,3.2885784988411717
716.0567199809273,3.2843521854096625
716.1567199809273,3.2801313361980107
716.2567199809273,3.2759164327542605
716.3567199809273,3.2717079519408796
716.4567199809273,3.267506365839584
716.5567199809274,3.263312141658571
716.6567199809274,3.2591257416421904
716.7567199809274,3.2549476229830634
716.8567199809274,3.2507782377366716
716.9567199809275,3.2466180327384264
717.0567199809275,3.2424674495232386
717.1567199809275,3.2383269242475947
717.2567199809275,3.2341968876141536
717.3567199809276,3.2300777647988785
717.4567199809276,3.2259699753806985
717.5567199809276,3.2218739332737276
717.6567199809276,3.2177900466620257
717.7567199809276,3.2137187179369238
717.8567199809277,3.2096603436369042
717.9567199809277,3.2056153143900454
718.0567199809277,3.201584014859029
718.1567199809277,3.197566823688709
718.2567199809278,3.193564113456239
718.3567199809278,3.1895762506237633
718.4567199809278,3.185603595493654
718.5567199809278,3.1816465021662994
718.6567199809278,3.1777053185004354
718.7567199809279,3.173780386076005
718.8567199809279,3.1698720401595493
718.9567199809279,3.1659806096721033
719.0567199809279,3.1621064171596065
719.156719980928,3.1582497787657937
719.256719980928,3.1544110042075704
719.356719980928,3.1505903967528446
719.456719980928,3.1467882532008136
719.556719980928,3.1430048638646735
719.6567199809281,3.139240512556746
719.7567199809281,3.1354954765760006
719.8567199809281,3.1317700266979465
719.9567199809281,3.1280644271668856
720.0567199809282,3.124378935690491
720.1567199809282,3.120713803436701
720.2567199809282,3.1170692750329
720.3567199809282,3.1134455885673575
720.4567199809283,3.109842975592912
720.5567199809283,3.1062616611328604
720.6567199809283,3.1027018636890387
720.7567199809283,3.099163795252057
720.8567199809283,3.095647661313666
720.9567199809284,3.092153660881225
721.0567199809284,3.088681986494241
721.1567199809284,3.085232824242951
721.2567199809284,3.0818063537889118
721.3567199809285,3.078402748387572
721.4567199809285,3.07502217491279
721.5567199809285,3.0716647938832677
721.6567199809285,3.0683307594908618
721.7567199809286,3.065020219630748
721.8567199809286,3.0617333159333926
721.9567199809286,3.0584701837983106
722.0567199809286,3.0552309524295573
722.1567199809286,3.052015744872937
722.2567199809287,3.048824678054878
722.3567199809287,3.0456578628229454
722.4567199809287,3.042515403987952
722.5567199809287,3.039397400367631
722.6567199809288,3.0363039448318356
722.7567199809288,3.03323512434922
722.8567199809288,3.030191020035376
722.9567199809288,3.0271717072023754
723.0567199809288,3.024177255409689
723.1567199809289,3.021207728516436
723.2567199809289,3.0182631847349333
723.3567199809289,3.015343676685497
723.4567199809289,3.0124492514524657
723.556719980929,3.009579950641401
723.656719980929,3.0067358104374287
723.756719980929,3.0039168616646794
723.856719980929,3.0011231298467944
723.956719980929,2.9983546352684503
724.0567199809291,2.995611393037869
724.1567199809291,2.9928934131502762
724.2567199809291,2.9902007005522586
724.3567199809291,2.9875332552069933
724.4567199809292,2.984891072160305
724.5567199809292,2.9822741416075105
724.6567199809292,2.979682448961017
724.7567199809292,2.977115974918633
724.8567199809293,2.97457469553255
724.9567199809293,2.972058582278968
725.0567199809293,2.9695676021283153
725.1567199809293,2.967101717616032
725.2567199809293,2.9646608869138773
725.3567199809294,2.962245063901725
725.4567199809294,2.959854198239811
725.5567199809294,2.957488235441394
725.6567199809294,2.9551471169457972
725.7567199809295,2.9528307801917895
725.8567199809295,2.9505391586912806
725.9567199809295,2.948272182103284
726.0567199809295,2.9460297763081202
726.1567199809296,2.943811863481826
726.2567199809296,2.9416183621707312
726.3567199809296,2.939449187366175
726.4567199809296,2.937304250579327
726.5567199809296,2.9351834599160798
726.6567199809297,2.93308672015198
726.7567199809297,2.9310139328071716
726.8567199809297,2.928964996221312
726.9567199809297,2.9269398056284404
727.0567199809298,2.924938253231759
727.1567199809298,2.922960228278305
727.2567199809298,2.9210056171334755
727.3567199809298,2.91907430335539
727.4567199809298,2.9171661677690492
727.5567199809299,2.91528108854027
727.6567199809299,2.913418941249368
727.7567199809299,2.9115795989645625
727.8567199809299,2.909762932315074
727.95671998093,2.907968809563896
728.05671998093,2.9061970966802075
728.15671998093,2.904447657411413
728.25671998093,2.9027203533547747
728.35671998093,2.9010150440286226
728.4567199809301,2.8993315869431178
728.5567199809301,2.897669837670545
728.6567199809301,2.896029649915115
728.7567199809301,2.894410875582259
728.8567199809302,2.892813364847386
728.9567199809302,2.8912369662240973
729.0567199809302,2.8896815266318256
729.1567199809302,2.8881468914628905
729.2567199809303,2.8866329046489465
729.3567199809303,2.885139408726811
729.4567199809303,2.8836662449036528
729.5567199809303,2.8822132531215248
729.6567199809303,2.880780272121228
729.7567199809304,2.879367139505493
729.8567199809304,2.8779736918014613
729.9567199809304,2.8765997645224504
730.0567199809304,2.875245192229002
730.1567199809305,2.873909808589187
730.2567199809305,2.872593446438162
730.3567199809305,2.8712959378369667
730.4567199809305,2.8700171141305497
730.5567199809306,2.868756806005012
730.6567199809306,2.867514843544061
730.7567199809306,2.8662910562846653
730.8567199809306,2.8650852732718968
730.9567199809306,2.863897323112963
731.0567199809307,2.8627270340304127
731.1567199809307,2.8615742339145083
731.2567199809307,2.8604387503747666
731.3567199809307,2.8593204107906547
731.4567199809308,2.8582190423614366
731.5567199809308,2.8571344721551712
731.6567199809308,2.8560665271568477
731.7567199809308,2.855015034315667
731.8567199809308,2.8539798205914533
731.9567199809309,2.852960713000201
732.0567199809309,2.851957538658754
732.1567199809309,2.850970124828613
732.2567199809309,2.8499982989588677
732.356719980931,2.8490418887282583
732.456719980931,2.8481007220863637
732.556719980931,2.8471746272939122
732.656719980931,2.8462634329622203
732.756719980931,2.845366968091759
732.8567199809311,2.844485062109845
732.9567199809311,2.8436175449074663
733.0567199809311,2.8427642468752325
733.1567199809311,2.841924998938465
733.2567199809312,2.84109963259142
733.3567199809312,2.8402879799306495
733.4567199809312,2.8394898736875094
733.5567199809312,2.8387051472598106
733.6567199809313,2.8379336347426194
733.7567199809313,2.8371751709582167
733.8567199809313,2.8364295914852113
733.9567199809313,2.835696732686825
734.0567199809313,2.8349764317383372
734.1567199809314,2.834268526653715
734.2567199809314,2.8335728563114184
734.3567199809314,2.8328892604793934
734.4567199809314,2.8322175798392606
734.5567199809315,2.8315576560097027
734.6567199809315,2.830909331569061
734.7567199809315,2.830272450077143
734.8567199809315,2.8296468560962555
734.9567199809316,2.829032395211464
735.0567199809316,2.828428914050092
735.1567199809316,2.8278362603004616
735.2567199809316,2.8272542827298937
735.3567199809316,2.826682831201962
735.4567199809317,2.8261217566930235
735.5567199809317,2.8255709113080254
735.6567199809317,2.8250301482955997
735.7567199809317,2.8244993220624566
735.8567199809318,2.8239782881870803
735.9567199809318,2.8234669034327453
736.0567199809318,2.8229650257598515
736.1567199809318,2.8224725143375995
736.2567199809318,2.8219892295550064
736.3567199809319,2.8215150330312753
736.4567199809319,2.8210497876255305
736.5567199809319,2.820593357445925
736.6567199809319,2.8201456078581315
736.756719980932,2.819706405493228
736.856719980932,2.8192756182549847
736.956719980932,2.8188531153265717
737.056719980932,2.8184387671766804
737.156719980932,2.818032445565091
737.2567199809321,2.817634023547677
737.3567199809321,2.817243375480869
737.4567199809321,2.8168603770255833
737.5567199809321,2.8164849051506264
737.6567199809322,2.8161168381355877
737.7567199809322,2.8157560555732295
737.8567199809322,2.8154024383713825
737.9567199809322,2.8150558687543605
738.0567199809323,2.8147162302639073
738.1567199809323,2.8143834077596757
738.2567199809323,2.814057287419263
738.3567199809323,2.813737756737802
738.4567199809323,2.8134247045271223
738.5567199809324,2.8131180209144966
738.6567199809324,2.8128175973409717
738.7567199809324,2.812523326559304
738.8567199809324,2.812235102631508
738.9567199809325,2.81195282092602
739.0567199809325,2.8116763781145
739.1567199809325,2.811405672168272
739.2567199809325,2.8111406023544143
739.3567199809326,2.8108810692315136
739.4567199809326,2.81062697464509
739.5567199809326,2.8103782217227
739.6567199809326,2.810134714868732
739.7567199809326,2.8098963597589033
739.8567199809327,2.8096630633344635
739.9567199809327,2.8094347337961167
740.0567199809327,2.809211280597675
740.1567199809327,2.808992614439446
740.2567199809328,2.808778647261367
740.3567199809328,2.808569292235897
740.4567199809328,2.8083644637606695
740.5567199809328,2.8081640774509196
740.6567199809328,2.8079680501316937
740.7567199809329,2.807776299829848
740.8567199809329,2.8075887457658464
740.9567199809329,2.8074053083453627
741.0567199809329,2.807225909150703
741.156719980933,2.8070504709320456
741.256719980933,2.8068789175985174
741.356719980933,2.8067111742091027
741.456719980933,2.8065471669634063
741.556719980933,2.806386823192265
741.6567199809331,2.806230071348222
741.7567199809331,2.8060768409958756
741.8567199809331,2.8059270628020947
741.9567199809331,2.8057806685261264
742.0567199809332,2.8056375910095896
742.1567199809332,2.8054977641663683
742.2567199809332,2.8053611229724056
742.3567199809332,2.805227603455411
742.4567199809333,2.805097142684484
742.5567199809333,2.8049696787596625
742.6567199809333,2.804845150801397
742.7567199809333,2.804723498939964
742.8567199809333,2.8046046643048204
742.9567199809334,2.804488589013903
743.0567199809334,2.804375216162884
743.1567199809334,2.8042644898143845
743.2567199809334,2.80415635498715
743.3567199809335,2.804050757645199
743.4567199809335,2.803947644686942
743.5567199809335,2.803846963934283
743.6567199809335,2.803748664121706
743.7567199809336,2.8036526948853484
743.8567199809336,2.803559006752069
743.9567199809336,2.803467551128517
744.0567199809336,2.8033782802902025
744.1567199809336,2.8032911473705724
744.2567199809337,2.803206106350101
744.3567199809337,2.803123112045395
744.4567199809337,2.803042120098317
744.5567199809337,2.8029630869651347
744.6567199809338,2.8028859699056943
744.7567199809338,2.802810726972628
744.8567199809338,2.802737317000591
744.9567199809338,2.802665699595544
745.0567199809338,2.8025958351240656
745.1567199809339,2.8025276847027185
745.2567199809339,2.8024612101874586
745.3567199809339,2.802396374163093
745.4567199809339,2.802333139932793
745.556719980934,2.802271471507662
745.656719980934,2.802211333596362
745.756719980934,2.8021526915947983
745.856719980934,2.8020955115758728
745.956719980934,2.8020397602792957
746.0567199809341,2.80198540510147
746.1567199809341,2.801932414085445
746.2567199809341,2.8018807559109398
746.3567199809341,2.801830399884443
746.4567199809342,2.8017813159293863
746.5567199809342,2.801733474576394
746.6567199809342,2.8016868469536185
746.7567199809342,2.8016414047771474
746.8567199809343,2.8015971203414978
746.9567199809343,2.801553966510197
747.0567199809343,2.8015119167064397
747.1567199809343,2.80147094490384
747.2567199809343,2.8014310256172683
747.3567199809344,2.801392133893771
747.4567199809344,2.8013542453035907
747.5567199809344,2.8013173359312655
747.6567199809344,2.8012813823668297
747.7567199809345,2.8012463616971
747.8567199809345,2.801212251497057
747.9567199809345,2.8011790298213217
748.0567199809345,2.801146675195724
748.1567199809346,2.801115166608968
748.2567199809346,2.801084483504392
748.3567199809346,2.801054605771824
748.4567199809346,2.801025513739535
748.5567199809346,2.800997188166286
748.6567199809347,2.800969610233475
748.7567199809347,2.80094276153738
748.8567199809347,2.8009166240814976
748.9567199809347,2.8008911802689807
749.0567199809348,2.800866412895175
749.1567199809348,2.800842305140248
749.2567199809348,2.8008188405619214
749.3567199809348,2.8007960030882963
749.4567199809348,2.800773777010779
749.5567199809349,2.800752146977099
749.6567199809349,2.800731097984431
749.7567199809349,2.8007106153726076
749.8567199809349,2.8006906848174298
749.956719980935,2.800671292324074
750.056719980935,2.800652424220597
750.156719980935,2.8006340671515306
750.256719980935,2.8006162080715775
750.356719980935,2.800598834239396
750.4567199809351,2.8005819332114834
750.5567199809351,2.80056549283615
750.6567199809351,2.800549501247585
750.7567199809351,2.800533946860019
750.8567199809352,2.800518818361974
750.9567199809352,2.8005041047106074
751.0567199809352,2.800489795126144
751.1567199809352,2.8004758790863993
751.2567199809353,2.8004623463213933
751.3567199809353,2.8004491868080508
751.4567199809353,2.800436390764988
751.5567199809353,2.8004239486473907
751.6567199809353,2.8004118511419747
751.7567199809354,2.8004000891620335
751.8567199809354,2.80038865384257
751.9567199809354,2.800377536535514
752.0567199809354,2.8003667288050185
752.1567199809355,2.8003562224228435
752.2567199809355,2.800346009363817
752.3567199809355,2.8003360818013805
752.4567199809355,2.8003264321032093
752.5567199809356,2.8003170528269163
752.6567199809356,2.800307936715832
752.7567199809356,2.8002990766948606
752.8567199809356,2.8002904658664134
752.9567199809356,2.8002820975064178
753.0567199809357,2.8002739650604003
753.1567199809357,2.8002660621396425
753.2567199809357,2.80025838251741
753.3567199809357,2.8002509201252552
753.4567199809358,2.8002436690493853
753.5567199809358,2.8002366235271063
753.6567199809358,2.800229777943333
753.7567199809358,2.8002231268271665
753.8567199809358,2.8002166648485405
753.9567199809359,2.800210386814931
754.0567199809359,2.8002042876681354
754.1567199809359,2.8001983624811126
754.2567199809359,2.800192606454887
754.356719980936,2.800187014915516
754.456719980936,2.8001815833111174
754.556719980936,2.80017630720896
754.656719980936,2.8001711822926123
754.756719980936,2.8001662043591478
754.8567199809361,2.800161369316414
754.9567199809361,2.8001566731803518
755.0567199809361,2.800152112072376
755.1567199809361,2.8001476822168083
755.2567199809362,2.8001433799383664
755.3567199809362,2.800139201659704
755.4567199809362,2.800135143899007
755.5567199809362,2.800131203267637
755.6567199809363,2.8001273764678296
755.7567199809363,2.8001236602904416
755.8567199809363,2.800120051612745
755.9567199809363,2.800116547396272
756.0567199809364,2.8001131446847074
756.1567199809364,2.8001098406018254
756.2567199809364,2.800106632349474
756.3567199809364,2.800103517205604
756.4567199809364,2.8001004925223425
756.5567199809365,2.8000975557241086
756.6567199809365,2.800094704305773
756.7567199809365,2.8000919358308582
756.8567199809365,2.800089247929782
756.9567199809366,2.8000866382981373
757.0567199809366,2.8000841046950167
757.1567199809366,2.8000816449413697
757.2567199809366,2.800079256918404
757.3567199809366,2.8000769385660194
757.4567199809367,2.8000746878812808
757.5567199809367,2.800072502916927
757.6567199809367,2.800070381779912
757.7567199809367,2.8000683226299867
757.8567199809368,2.8000663236783057
757.9567199809368,2.8000643831860756
758.0567199809368,2.800062499463231
758.1567199809368,2.800060670867142
758.2567199809369,2.800058895801358
758.3567199809369,2.8000571727143737
758.4567199809369,2.8000555000984324
758.5567199809369,2.8000538764883554
758.6567199809369,2.800052300460399
758.756719980937,2.800050770631143
758.856719980937,2.800049285656402
758.956719980937,2.8000478442301677
759.056719980937,2.8000464450835754
759.156719980937,2.800045086983897
759.2567199809371,2.8000437687335573
759.3567199809371,2.800042489169179
759.4567199809371,2.8000412471606464
759.5567199809371,2.8000400416101985
759.6567199809372,2.8000388714515396
759.7567199809372,2.800037735648975
759.8567199809372,2.8000366331965716
759.9567199809372,2.800035563117333
760.0567199809373,2.800034524462402
760.1567199809373,2.8000335163102825
760.2567199809373,2.8000325377660773
760.3567199809373,2.800031587960751
760.4567199809374,2.800030666050408
760.5567199809374,2.8000297712155944
760.6567199809374,2.80002890266061
760.7567199809374,2.8000280596128455
760.8567199809374,2.800027241322135
760.9567199809375,2.8000264470601257
761.0567199809375,2.8000256761196596
761.1567199809375,2.8000249278141816
761.2567199809375,2.800024201477153
761.3567199809376,2.8000234964614856
761.4567199809376,2.8000228121389936
761.5567199809376,2.8000221478998526
761.6567199809376,2.800021503152079
761.7567199809376,2.8000208773210233
761.8567199809377,2.8000202698488734
761.9567199809377,2.8000196801941737
762.0567199809377,2.800019107831359
762.1567199809377,2.8000185522502976
762.2567199809378,2.8000180129558467
762.3567199809378,2.8000174894674257
762.4567199809378,2.8000169813185933
762.5567199809378,2.8000164880566416
762.6567199809379,2.8000160092421997
762.7567199809379,2.800015544448848
762.8567199809379,2.8000150932627434
762.9567199809379,2.8000146552822547
763.0567199809379,2.800014230117609
763.156719980938,2.8000138173905462
763.256719980938,2.8000134167339854
763.356719980938,2.8000130277916977
763.456719980938,2.8000126502179916
763.556719980938,2.800012283677405
763.6567199809381,2.800011927844405
763.7567199809381,2.800011582403099
763.8567199809381,2.8000112470469527
763.9567199809381,2.800010921478514
764.0567199809382,2.800010605409147
764.1567199809382,2.800010298558776
764.2567199809382,2.8000100006556288
764.3567199809382,2.8000097114359965
764.4567199809383,2.8000094306439944
764.5567199809383,2.8000091580313313
764.6567199809383,2.8000088933570857
764.7567199809383,2.8000086363874885
764.8567199809384,2.8000083868957106
764.9567199809384,2.8000081446616587
765.0567199809384,2.8000079094717765
765.1567199809384,2.8000076811188483
765.2567199809384,2.8000074594018147
765.3567199809385,2.800007244125587
765.4567199809385,2.800007035100872
765.5567199809385,2.800006832143999
765.6567199809385,2.8000066350767514
765.7567199809386,2.8000064437262084
765.8567199809386,2.8000062579245832
765.9567199809386,2.800006077509072
766.0567199809386,2.8000059023217063
766.1567199809386,2.800005732209208
766.2567199809387,2.8000055670228488
766.3567199809387,2.8000054066183155
766.4567199809387,2.8000052508555795
766.5567199809387,2.8000050995987658
766.6567199809388,2.800004952716032
766.7567199809388,2.800004810079445
766.8567199809388,2.800004671564867
766.9567199809388,2.800004537051841
767.0567199809389,2.80000440642348
767.1567199809389,2.8000042795663607
767.2567199809389,2.80000415637042
767.3567199809389,2.8000040367288554
767.4567199809389,2.8000039205380256
767.556719980939,2.8000038076973572
767.656719980939,2.800003698109253
767.756719980939,2.800003591679002
767.856719980939,2.800003488314693
767.956719980939,2.8000033879271324
768.0567199809391,2.800003290429761
768.1567199809391,2.800003195738576
768.2567199809391,2.800003103772054
768.3567199809391,2.800003014451078
768.4567199809392,2.800002927698863
768.5567199809392,2.80000284344089
768.6567199809392,2.8000027616048335
768.7567199809392,2.8000026821204993
768.8567199809393,2.8000026049197593
768.9567199809393,2.800002529936491
769.0567199809393,2.8000024571065145
769.1567199809393,2.800002386367539
769.2567199809394,2.8000023176591022
769.3567199809394,2.8000022509225175
769.4567199809394,2.8000021861008206
769.5567199809394,2.8000021231387184
769.6567199809394,2.8000020619825388
769.7567199809395,2.8000020025801824
769.8567199809395,2.8000019448810747
769.9567199809395,2.8000018888361224
770.0567199809395,2.800001834397668
770.1567199809396,2.800001781519446
770.2567199809396,2.8000017301565445
770.3567199809396,2.800001680265362
770.4567199809396,2.8000016318035694
770.5567199809396,2.800001584730072
770.6567199809397,2.8000015390049735
770.7567199809397,2.800001494589539
770.8567199809397,2.800001451446162
770.9567199809397,2.8000014095383303
771.0567199809398,2.800001368830592
771.1567199809398,2.8000013292885266
771.2567199809398,2.8000012908787135
771.3567199809398,2.8000012535687007
771.4567199809399,2.800001217326979
771.5567199809399,2.800001182122952
771.6567199809399,2.800001147926909
771.7567199809399,2.800001114710001
771.8567199809399,2.8000010824442123
771.95671998094,2.8000010511023383
772.05671998094,2.8000010206579606
772.15671998094,2.8000009910854233
772.25671998094,2.8000009623598117
772.35671998094,2.800000934456929
772.4567199809401,2.800000907353277
772.5567199809401,2.8000008810260337
772.6567199809401,2.8000008554530353
772.7567199809401,2.8000008306127553
772.8567199809402,2.8000008064842863
772.9567199809402,2.8000007830473224
773.0567199809402,2.8000007602821406
773.1567199809402,2.800000738169585
773.2567199809403,2.800000716691048
773.3567199809403,2.800000695828458
773.4567199809403,2.8000006755642595
773.5567199809403,2.8000006558814006
773.6567199809404,2.8000006367633183
773.7567199809404,2.800000618193923
773.8567199809404,2.800000600157586
773.9567199809404,2.800000582639125
774.0567199809404,2.8000005656237925
774.1567199809405,2.8000005490972604
774.2567199809405,2.8000005330456115
774.3567199809405,2.800000517455325
774.4567199809405,2.800000502313267
774.5567199809406,2.8000004876066753
774.6567199809406,2.8000004733231547
774.7567199809406,2.800000459450661
774.8567199809406,2.8000004459774934
774.9567199809406,2.8000004328922854
775.0567199809407,2.8000004201839923
775.1567199809407,2.800000407841884
775.2567199809407,2.8000003958555357
775.3567199809407,2.8000003842148193
775.4567199809408,2.800000372909894
775.5567199809408,2.800000361931198
775.6567199809408,2.8000003512694422
775.7567199809408,2.8000003409156
775.8567199809409,2.8000003308609016
775.9567199809409,2.8000003210968254
776.0567199809409,2.8000003116150927
776.1567199809409,2.800000302407658
