1.0,29.03210162870382
1.1,29.125616075189242
1.2000000000000002,29.21980285153484
1.3000000000000003,29.314667826737903
1.4000000000000004,29.410216925473076
1.5000000000000004,29.50645612857258
1.6000000000000005,29.603391473507617
1.7000000000000006,29.701029054870844
1.8000000000000007,29.79937502485972
1.9000000000000008,29.898435593760702
2.000000000000001,29.998217030433988
2.100000000000001,30.098725662798888
2.200000000000001,30.1999678783194
2.300000000000001,30.301950124490002
2.4000000000000012,30.40467890932154
2.5000000000000013,30.508160801826744
2.6000000000000014,30.612402432505636
2.7000000000000015,30.71741049383013
2.8000000000000016,30.8231917407281
2.9000000000000017,30.92975299106635
3.0000000000000018,31.037101126132473
3.100000000000002,31.1452430911153
3.200000000000002,31.254185895583657
3.300000000000002,31.36393661396332
3.400000000000002,31.474502386011803
3.500000000000002,31.5858904172907
3.6000000000000023,31.698107979635413
3.7000000000000024,31.81116241162191
3.8000000000000025,31.925061119030172
3.9000000000000026,32.039811575304114
4.000000000000003,32.15542132200768
4.100000000000003,32.27189796927655
4.200000000000003,32.38924919626549
4.3000000000000025,32.507482751590615
4.400000000000003,32.626606453766456
4.5000000000000036,32.74662819163735
4.600000000000003,32.86755592480269
4.700000000000003,32.98939768403576
4.800000000000003,33.11216157169562
4.900000000000004,33.23585576213166
5.0000000000000036,33.36048850208027
5.100000000000003,33.48606811105334
5.200000000000004,33.61260298171784
5.300000000000004,33.74010158026619
5.400000000000004,33.86857244677679
5.5000000000000036,33.99802419556412
5.600000000000004,34.12846551551806
5.700000000000005,34.25990517043144
5.800000000000004,34.39235199931574
5.900000000000004,34.52581491670381
6.000000000000004,34.66030291293932
6.100000000000005,34.795825054452095
6.200000000000005,34.93239048401866
6.300000000000004,35.07000842100742
6.400000000000005,35.20868816160744
6.500000000000005,35.34843907904039
6.600000000000005,35.489270623754685
6.700000000000005,35.631192323601
6.800000000000005,35.77421378398839
6.900000000000006,35.91834468802007
7.000000000000005,36.06359479660807
7.100000000000005,36.20997394856573
7.2000000000000055,36.357492060677046
7.300000000000006,36.50615912774205
7.400000000000006,36.65598522259708
7.500000000000005,36.80698049610885
7.600000000000006,36.95915517714136
7.700000000000006,37.112519572494435
7.800000000000006,37.26708406681277
7.900000000000006,37.4228591224643
8.000000000000007,37.579855279386685
8.100000000000007,37.73808315490048
8.200000000000006,37.897553443488064
8.300000000000006,38.05827691653653
8.400000000000006,38.22026442204347
8.500000000000007,38.383526884284166
8.600000000000007,38.548075303438544
8.700000000000006,38.71392075517668
8.800000000000008,38.881074390201064
8.900000000000007,39.04954743374407
9.000000000000007,39.219351185019065
9.100000000000007,39.3904970166234
9.200000000000006,39.56299637389148
9.300000000000008,39.73686077419627
9.400000000000007,39.9121018061972
9.500000000000007,40.08873112903275
9.600000000000009,40.2667604714556
9.700000000000008,40.446201630908455
9.800000000000008,40.627066472538445
9.900000000000007,40.809366928147895
10.000000000000007,40.99311499507946
10.100000000000009,41.17832273503313
10.200000000000008,41.36500227281312
10.300000000000008,41.55316579500197
10.40000000000001,41.74282554855969
10.500000000000009,41.93399383934518
10.600000000000009,42.12668303055764
10.700000000000008,42.320905541095286
10.800000000000008,42.5166738438284
10.90000000000001,42.714000463784416
11.000000000000009,42.912897976241794
11.100000000000009,43.11337900473009
11.20000000000001,43.31545621893294
11.30000000000001,43.519142332491285
11.40000000000001,43.72445010070331
11.500000000000009,43.93139231811823
11.600000000000009,44.13998181602045
11.70000000000001,44.35023145980078
11.80000000000001,44.562154146211356
11.90000000000001,44.77576280050063
12.00000000000001,44.991070373424975
12.10000000000001,45.208089838133105
12.20000000000001,45.42683418691959
12.30000000000001,45.64731642784372
12.40000000000001,45.869549581209625
12.50000000000001,46.093546675903895
12.60000000000001,46.31932074558625
12.70000000000001,46.54688482472956
12.800000000000011,46.77625194450441
12.900000000000011,47.00743512850451
13.00000000000001,47.24044738830783
13.10000000000001,47.47530171886959
13.20000000000001,47.71201109374202
13.300000000000011,47.95058846011659
13.400000000000011,48.191046733683606
13.50000000000001,48.433398793304676
13.600000000000012,48.67765747549291
13.700000000000012,48.923835568695765
13.800000000000011,49.171945807375934
13.900000000000011,49.42200086588434
14.00000000000001,49.67401335212084
14.100000000000012,49.92799580097673
14.200000000000012,50.183960667553904
14.300000000000011,50.44192032015532
14.400000000000013,50.70188703304106
14.500000000000012,50.963872978944465
14.600000000000012,51.22789022134285
14.700000000000012,51.49395070647698
14.800000000000011,51.76206625511354
14.900000000000013,52.032248554044926
15.000000000000012,52.304509147320445
15.100000000000012,52.57885942720314
15.200000000000014,52.855310624846126
15.300000000000013,53.133873800682906
15.400000000000013,53.41455983452522
15.500000000000012,53.69737941536299
15.600000000000012,53.98234303085988
15.700000000000014,54.26946095653906
15.800000000000013,54.55874324465269
15.900000000000013,54.85019971272955
16.000000000000014,55.14383993179483
16.100000000000016,55.4396732142562
16.200000000000014,55.73770860145031
16.30000000000001,56.03795485084399
16.400000000000013,56.340420422884776
16.500000000000014,56.64511346749447
16.600000000000016,56.95204181020108
16.700000000000014,57.26121293790324
16.800000000000015,57.572633984262055
16.900000000000013,57.88631171471515
17.000000000000014,58.20225251110831
17.100000000000016,58.52046235593964
17.200000000000014,58.840946816211684
17.300000000000015,59.163711026887654
17.400000000000013,59.488759673946944
17.500000000000014,59.81609697703689
17.600000000000016,60.145726671716446
17.700000000000014,60.477651991289235
17.800000000000015,60.81187564822277
17.900000000000016,61.148399815150896
18.000000000000014,61.487226105458234
18.100000000000016,61.82835555344384
18.200000000000017,62.17178859406354
18.300000000000015,62.51752504224943
18.400000000000016,62.86556407180693
18.500000000000014,63.215904193888676
18.600000000000016,63.56854323504683
18.700000000000017,63.92347831486444
18.800000000000015,64.28070582316828
18.900000000000016,64.64022139682565
19.000000000000014,65.00201989612813
19.100000000000016,65.36609538076704
19.200000000000017,65.73244108540464
19.300000000000015,66.10104939484754
19.400000000000016,66.47191181882806
19.500000000000018,66.84501896640165
19.600000000000016,67.22036051996824
19.700000000000017,67.59792520892717
19.80000000000002,67.97770078297599
19.900000000000016,68.3596739850646
20.000000000000018,68.74383052401734
20.100000000000016,69.13015504683686
20.200000000000017,69.51863111070459
20.30000000000002,69.90924115469421
20.400000000000016,70.30196647121578
20.500000000000018,70.69678717720903
20.600000000000016,71.09368218510666
20.700000000000017,71.49262917358911
20.80000000000002,71.89360455815415
20.900000000000016,72.29658346152614
21.000000000000018,72.70153968393147
21.10000000000002,73.10844567326804
21.200000000000017,73.51727249519868
21.30000000000002,73.92798980320016
21.40000000000002,74.34056580860046
21.500000000000018,74.75496725064004
21.60000000000002,75.17115936659363
21.700000000000017,75.58910586199123
21.80000000000002,76.00876888097936
21.90000000000002,76.43010897686493
22.000000000000018,76.85308508288632
22.10000000000002,77.27765448325864
22.200000000000017,77.70377278454121
22.30000000000002,78.13139388737855
22.40000000000002,78.56046995866697
22.500000000000018,78.99095140420212
22.60000000000002,79.42278684186394
22.70000000000002,79.85592307539771
22.80000000000002,80.2903050688527
22.90000000000002,80.72587592174084
23.00000000000002,81.16257684498038
23.10000000000002,81.60034713769178
23.20000000000002,82.03912416491437
23.30000000000002,82.47884333631453
23.40000000000002,82.91943808595819
23.50000000000002,83.36083985322175
23.60000000000002,83.80297806491758
23.70000000000002,84.24578011871188
23.80000000000002,84.68917136791387
23.90000000000002,85.13307510771726
24.00000000000002,85.57741256297568
24.10000000000002,86.02210287759543
24.20000000000002,86.46706310562985
24.300000000000022,86.91220820416012
24.40000000000002,87.35745102804889
24.50000000000002,87.8027023266528
24.600000000000023,88.24787074258127
24.70000000000002,88.69286281258813
24.800000000000022,89.13758297068422
24.90000000000002,89.58193355355648
25.00000000000002,90.02581480838175
25.100000000000023,90.46912490311976
25.20000000000002,90.91175993937094
25.300000000000022,91.35361396788274
25.40000000000002,91.79457900678645
25.50000000000002,92.23454506264542
25.600000000000023,92.67340015439261
25.70000000000002,93.11103034023402
25.800000000000022,93.5473197475913
25.900000000000023,93.98215060615343
26.00000000000002,94.41540328410497
26.100000000000023,94.84695632759434
26.200000000000024,95.27668650350041
26.300000000000022,95.7044688455533
26.400000000000023,96.13017670385896
26.50000000000002,96.55368179787219
26.600000000000023,96.97485427285827
26.700000000000024,97.39356275987586
26.800000000000022,97.80967443930922
26.900000000000023,98.22305510797014
27.00000000000002,98.63356924978352
27.100000000000023,99.04108011006291
27.200000000000024,99.44544977337517
27.300000000000022,99.84653924498514
27.400000000000023,100.2442085358626
27.500000000000025,100.63831675122604
27.600000000000023,101.02872218258844
27.700000000000024,101.41528240326056
27.800000000000026,101.79785436725915
27.900000000000023,102.1762945115567
28.000000000000025,102.55045886160036
28.100000000000023,102.92020314001684
28.200000000000024,103.28538287841116
28.300000000000026,103.6458535321556
28.400000000000023,104.00147059805597
28.500000000000025,104.35208973477131
28.600000000000023,104.697566885853
28.700000000000024,105.03775840525913
28.800000000000026,105.3725211851892
28.900000000000023,105.70171278607486
29.000000000000025,106.02519156855176
29.100000000000026,106.34281682722802
29.200000000000024,106.65444892605542
29.300000000000026,106.95994943510044
29.400000000000027,107.25918126850229
29.500000000000025,107.55200882339815
29.600000000000026,107.8382981195864
29.700000000000024,108.11791693969171
29.800000000000026,108.39073496958872
29.900000000000027,108.6566239388342
30.000000000000025,108.91545776085192
30.100000000000026,109.16711267260924
30.200000000000024,109.41146737351964
30.300000000000026,109.64840316330155
30.400000000000027,109.87780407852085
30.500000000000025,110.0995570275422
30.600000000000026,110.31355192361255
30.700000000000028,110.51968181579949
30.800000000000026,110.71784301750809
30.900000000000027,110.9079352322998
31.00000000000003,111.08986167673984
31.100000000000026,111.26352920000201
31.200000000000028,111.42884839996438
31.300000000000026,111.58573373553263
31.400000000000027,111.73410363493522
31.50000000000003,111.87388059974008
31.600000000000026,112.00499130434996
31.700000000000028,112.127366690743
31.800000000000026,112.24094205823307
31.900000000000027,112.34565714803523
32.00000000000003,112.44145622243268
32.10000000000002,112.52828813835279
32.20000000000003,112.60610641517273
32.300000000000026,112.67486929658786
32.40000000000003,112.73453980639027
32.50000000000003,112.78508579801921
32.60000000000003,112.82647999775946
32.70000000000003,112.85870004148042
32.800000000000026,112.88172850482306
32.90000000000003,112.89555292675902
33.00000000000003,112.90016582646301
33.10000000000003,112.89028569323682
33.20000000000003,112.86064500829518
33.300000000000026,112.81127822977176
33.40000000000003,112.7422426724942
33.50000000000003,112.65361834190398
33.60000000000003,112.54550770280093
33.70000000000003,112.4180353841569
33.800000000000026,112.27134782158107
33.90000000000003,112.10561283934318
34.00000000000003,111.92101917416777
34.10000000000003,111.71777594330153
34.20000000000003,111.49611205962348
34.30000000000003,111.25627559681281
34.40000000000003,110.9985331078087
34.50000000000003,110.72316889999094
34.60000000000003,110.43048427067782
34.70000000000003,110.12079670667518
34.80000000000003,109.79443905172269
34.90000000000003,109.45175864576429
35.00000000000003,109.0931164400238
35.10000000000003,108.7188860918918
35.20000000000003,108.32945304362711
35.30000000000003,107.925213588849
35.400000000000034,107.50657393074064
35.50000000000003,107.07394923580723
35.60000000000003,106.62776268693189
35.70000000000003,106.16844453935066
35.80000000000003,105.69643118302847
35.900000000000034,105.21216421476066
36.00000000000003,104.71608952315313
36.10000000000003,104.20865638944889
36.20000000000003,103.69031660697425
36.30000000000003,103.16152362177235
36.400000000000034,102.62273169678224
36.50000000000003,102.0743951017049
36.60000000000003,101.51696733048007
36.70000000000003,100.95090034807902
36.80000000000003,100.37664386809787
36.900000000000034,99.79464466242258
37.00000000000003,99.20534590402318
37.10000000000003,98.60918654372793
37.20000000000003,98.00660072162898
37.30000000000003,97.39801721357637
37.400000000000034,96.78385891303479
37.500000000000036,96.16454234840141
37.60000000000003,95.54047723571847
37.70000000000003,94.91206606655935
37.80000000000003,94.27970373072381
37.900000000000034,93.6437771732446
38.000000000000036,93.00466508508676
38.10000000000003,92.3627376268109
38.20000000000003,91.71835618437301
38.30000000000003,91.07187315614532
38.400000000000034,90.42363177016615
38.500000000000036,89.77396593056075
38.60000000000004,89.12320009201868
38.70000000000003,88.47164916116739
38.80000000000003,87.81961842364456
38.900000000000034,87.16740349564488
39.000000000000036,86.51529029869523
39.10000000000004,85.86355505640275
39.20000000000003,85.21246431191435
39.30000000000003,84.56227496482829
39.400000000000034,83.91323432630834
39.500000000000036,83.26558019116209
39.60000000000004,82.61954092566671
39.70000000000003,81.9753355699472
39.80000000000003,81.33317395373946
39.900000000000034,80.69325682440247
40.000000000000036,80.05577598607628
40.10000000000004,79.4209144489198
40.20000000000003,78.78884658740037
40.30000000000003,78.15973830664718
40.400000000000034,77.53374721592297
40.500000000000036,76.91102280830897
40.60000000000004,76.29170664574319
40.70000000000004,75.67593254859442
40.80000000000003,75.06382678899809
40.900000000000034,74.45550828722325
41.000000000000036,73.8510888103841
41.10000000000004,73.25067317284963
41.20000000000004,72.65435943774911
41.30000000000003,72.06223911901024
41.400000000000034,71.47439738340694
41.500000000000036,70.89091325213315
41.60000000000004,70.31185980145482
41.70000000000004,69.73730436202969
41.80000000000004,69.16730871651899
41.900000000000034,68.6019292951475
42.000000000000036,68.04121736890146
42.10000000000004,67.4852192400839
42.20000000000004,66.933976429975
42.30000000000004,66.38752586337397
42.400000000000034,65.84590004982368
42.500000000000036,65.30912726134457
42.60000000000004,64.77723170652729
42.70000000000004,64.25023370085486
42.80000000000004,63.72814983314581
42.900000000000034,63.21099312802913
43.000000000000036,62.69877320437837
43.10000000000004,62.19149642965047
43.20000000000004,61.68916607008826
43.30000000000004,61.19178243676113
43.400000000000034,60.69934302743063
43.500000000000036,60.21184266423998
43.60000000000004,59.72927362723752
43.70000000000004,59.25162578375338
43.80000000000004,58.77888671365888
43.90000000000004,58.31104183054522
44.000000000000036,57.84807449886654
44.10000000000004,57.389966147097496
44.20000000000004,56.93669637696375
44.30000000000004,56.488243068806014
44.40000000000004,56.044582483145675
44.500000000000036,55.60568935852227
44.60000000000004,55.17153700567705
44.70000000000004,54.742097398160126
44.80000000000004,54.31734125944048
44.90000000000004,53.89723814660071
45.00000000000004,53.481756530699755
45.10000000000004,53.07086387388797
45.20000000000004,52.66452670336005
45.30000000000004,52.26271068223194
45.40000000000004,51.86538067742735
45.50000000000004,51.47250082466097
45.60000000000004,51.08403459060355
45.70000000000004,50.69994483231528
45.80000000000004,50.32019385403187
45.90000000000004,49.94474346138759
46.00000000000004,49.57355501315865
46.10000000000004,49.20658947060903
46.20000000000004,48.8438074445192
46.30000000000004,48.485169239978106
46.40000000000004,48.1306348990157
46.50000000000004,47.780164241153216
46.60000000000004,47.43371690194601
46.70000000000004,47.09125236959247
46.80000000000004,46.75273001968071
46.90000000000004,46.418109148143316
47.00000000000004,46.087349002488
47.100000000000044,45.76040881137122
47.20000000000004,45.43724781257916
47.30000000000004,45.117825279479234
47.40000000000004,44.802100546003444
47.50000000000004,44.49003303022255
47.600000000000044,44.181582256569286
47.70000000000004,43.87670787676605
47.80000000000004,43.57536968951143
47.90000000000004,43.27752765897799
48.00000000000004,42.98314193217182
48.100000000000044,42.69217285520318
48.200000000000045,42.40458098851536
48.30000000000004,42.12032712111767
48.40000000000004,41.83937228386659
48.50000000000004,41.56167776183801
48.600000000000044,41.28720510583121
48.700000000000045,41.01591614304449
48.80000000000004,40.74777298696053
48.90000000000004,40.48273804647812
49.00000000000004,40.22077403432592
49.100000000000044,39.96184397479176
49.200000000000045,39.705911210800664
49.30000000000004,39.45293941037279
49.40000000000004,39.20289257249151
49.50000000000004,38.955735032410786
49.600000000000044,38.7114314664295
49.700000000000045,38.46994689615962
49.80000000000004,38.23124669231375
49.90000000000004,37.99529657803674
50.00000000000004,37.76206263180493
50.100000000000044,37.53151128991549
50.200000000000045,37.30360934858773
50.30000000000005,37.078323965696846
50.40000000000004,36.85562266216026
50.50000000000004,36.63547332299511
50.600000000000044,36.41784419806566
50.700000000000045,36.202703902537365
50.80000000000005,35.99002141705466
50.90000000000004,35.77976608765815
51.00000000000004,35.5719076254564
51.100000000000044,35.36641610606685
51.200000000000045,35.16326196883972
51.30000000000005,34.962416015877885
51.40000000000005,34.76384941086566
51.50000000000004,34.56753367771826
51.600000000000044,34.37344069906338
51.700000000000045,34.1815427145661
51.80000000000005,33.991812319107154
51.90000000000005,33.804222460824676
52.00000000000004,33.61874643902884
52.100000000000044,33.43535790199836
52.200000000000045,33.2540308446674
52.30000000000005,33.074739606210954
52.40000000000005,32.897458867536585
52.50000000000004,32.72216364868966
52.600000000000044,32.54882930617919
52.700000000000045,32.37743153023095
52.80000000000005,32.20794634197396
52.90000000000005,32.04035009056649
53.00000000000004,31.874619450267133
53.100000000000044,31.71073141745637
53.200000000000045,31.54866330761365
53.30000000000005,31.388392752254877
53.40000000000005,31.22989769583469
53.50000000000005,31.073156392618067
53.600000000000044,30.91814740352513
53.700000000000045,30.764849592953038
53.80000000000005,30.61324212557873
53.90000000000005,30.463304463145754
54.00000000000005,30.315016361238488
54.100000000000044,30.168357866046836
54.200000000000045,30.023309311124173
54.30000000000005,29.879851314141337
54.40000000000005,29.737964773639096
54.50000000000005,29.597630865781525
54.60000000000005,29.458831041112486
54.700000000000045,29.321547021317382
54.80000000000005,29.18576079599196
54.90000000000005,29.05145461942022
55.00000000000005,28.918611007363
55.10000000000005,28.78721273385874
55.200000000000045,28.657242828038186
55.30000000000005,28.52868457095405
55.40000000000005,28.401521492427285
55.50000000000005,28.275737367910782
55.60000000000005,28.151316215371896
55.700000000000045,28.028242292194555
55.80000000000005,27.906500092102096
55.90000000000005,27.786074342101514
56.00000000000005,27.666949999450015
56.10000000000005,27.54911224864444
56.200000000000045,27.4325464984344
56.30000000000005,27.31723837885949
56.40000000000005,27.20317373831125
56.50000000000005,27.090338640620303
56.60000000000005,26.97871936216905
56.70000000000005,26.868302389030248
56.80000000000005,26.759074414131952
56.90000000000005,26.65102233444886
57.00000000000005,26.544133248220472
57.10000000000005,26.438394452196196
57.20000000000005,26.33379343890745
57.30000000000005,26.230317893967076
57.40000000000005,26.12795569339591
57.50000000000005,26.026694900976835
57.60000000000005,25.92652376563601
57.70000000000005,25.82743071885158
57.800000000000054,25.729404372089604
57.90000000000005,25.63243351426729
58.00000000000005,25.536507109243313
58.10000000000005,25.44161429333535
58.20000000000005,25.34774437286437
58.300000000000054,25.254886821725883
58.40000000000005,25.16303127898772
58.50000000000005,25.072167546514333
58.60000000000005,24.98228558661738
58.70000000000005,24.89337551973236
58.800000000000054,24.805427622121073
58.90000000000005,24.7184323235998
59.00000000000005,24.632380205292748
59.10000000000005,24.54726199741075
59.20000000000005,24.46306857705475
59.300000000000054,24.379790966043952
59.40000000000005,24.29742032876829
59.50000000000005,24.215947970064935
59.60000000000005,24.1353653331186
59.70000000000005,24.055663997385288
59.800000000000054,23.97683567653923
59.900000000000055,23.89887221644268
60.00000000000005,23.821765593138302
60.10000000000005,23.745507910863736
60.20000000000005,23.67009140008825
60.300000000000054,23.59550841557087
60.400000000000055,23.5217514344399
60.50000000000005,23.44881305429343
60.60000000000005,23.376685991320528
60.70000000000005,23.305363078442745
60.800000000000054,23.234837263475743
60.900000000000055,23.165101607310568
61.00000000000006,23.09614928211438
61.10000000000005,23.027973569550248
61.20000000000005,22.960567859015732
61.300000000000054,22.893925645899934
61.400000000000055,22.828040529858686
61.50000000000006,22.762906213107577
61.60000000000005,22.69851649873256
61.70000000000005,22.63486528901771
61.800000000000054,22.571946583789995
61.900000000000055,22.509754478780643
62.00000000000006,22.44828316400282
62.10000000000005,22.387526922145426
62.20000000000005,22.32748012698255
62.300000000000054,22.2681372417985
62.400000000000055,22.209492817827975
62.50000000000006,22.15154149271114
62.60000000000005,22.0942779889634
62.70000000000005,22.037697112459487
62.800000000000054,21.981793750931722
62.900000000000055,21.926562872482126
63.00000000000006,21.871999524108073
63.10000000000006,21.818098830241393
63.20000000000005,21.7648559913005
63.300000000000054,21.71226628225544
63.400000000000055,21.660325051205596
63.50000000000006,21.609027717969703
63.60000000000006,21.558369772688174
63.70000000000005,21.508346774437314
63.800000000000054,21.458954349855304
63.900000000000055,21.410188191779724
64.00000000000006,21.362044057896433
64.10000000000005,21.3145177693996
64.20000000000006,21.267605209662648
64.30000000000005,21.221302322920028
64.40000000000006,21.175605112959502
64.50000000000006,21.130509641824943
64.60000000000005,21.086012028529247
64.70000000000006,21.042108447777437
64.80000000000005,20.99879512869967
64.90000000000006,20.9560683535939
65.00000000000006,20.913924456678366
65.10000000000005,20.872359822853344
65.20000000000006,20.8313708864724
65.30000000000005,20.790954130122813
65.40000000000006,20.751106083415042
65.50000000000006,20.71182332178125
65.60000000000005,20.673102465282593
65.70000000000006,20.634940177425353
65.80000000000005,20.597333163985688
65.90000000000006,20.560278171842885
66.00000000000006,20.523771987821185
66.10000000000005,20.487811437539875
66.20000000000006,20.452393384271772
66.30000000000005,20.417514727809888
66.40000000000006,20.38317240334225
66.50000000000006,20.349363380334854
66.60000000000005,20.31608466142262
66.70000000000006,20.28333328130835
66.80000000000005,20.251106305669644
66.90000000000006,20.21940083007366
67.00000000000006,20.188213978899824
67.10000000000007,20.157542904270286
67.20000000000006,20.12738478498824
67.30000000000005,20.097736825484013
67.40000000000006,20.068596254768906
67.50000000000006,20.03996032539685
67.60000000000007,20.011826312433755
67.70000000000006,19.984191512434652
67.80000000000005,19.957053242428593
67.90000000000006,19.93040883891129
68.00000000000006,19.90425565684562
68.10000000000007,19.87859106866979
68.20000000000006,19.853412463313497
68.30000000000005,19.82871724522179
68.40000000000006,19.80450283338692
68.50000000000006,19.780766660388082
68.60000000000007,19.757506171439097
68.70000000000006,19.734718823444148
68.80000000000005,19.712402084061534
68.90000000000006,19.690553430775566
69.00000000000006,19.66917034997664
69.10000000000007,19.648250336049486
69.20000000000006,19.62779089046982
69.30000000000005,19.607789520909254
69.40000000000006,19.588243740348716
69.50000000000006,19.56915106620039
69.60000000000007,19.5505090194382
69.70000000000006,19.532315123737057
69.80000000000007,19.5145669046208
69.90000000000006,19.49726188861905
70.00000000000006,19.480397602433015
70.10000000000007,19.463971572110292
70.20000000000006,19.447981322228927
70.30000000000007,19.432424375090598
70.40000000000006,19.41729824992328
70.50000000000006,19.402600462093304
70.60000000000007,19.38832852232699
70.70000000000006,19.374479935942055
70.80000000000007,19.361052202088715
70.90000000000006,19.34804281300079
71.00000000000006,19.335449253256847
71.10000000000007,19.323268999051457
71.20000000000006,19.311499517476836
71.30000000000007,19.300138265814795
71.40000000000006,19.28918269083932
71.50000000000006,19.278630228129792
71.60000000000007,19.268478301395007
71.70000000000006,19.25872432180814
71.80000000000007,19.24936568735277
71.90000000000006,19.240399782180145
72.00000000000006,19.231823975977715
72.10000000000007,19.22363562334921
72.20000000000006,19.215832063206285
72.30000000000007,19.208410618171953
72.40000000000006,19.20136859399586
72.50000000000006,19.19470327898162
72.60000000000007,19.188411943426317
72.70000000000006,19.18249183907228
72.80000000000007,19.17694019857133
72.90000000000006,19.1717542349616
73.00000000000006,19.166931141157086
73.10000000000007,19.162468089450037
73.20000000000006,19.158362231026352
73.30000000000007,19.154610695494128
73.40000000000006,19.15121059042545
73.50000000000007,19.14815900091161
73.60000000000007,19.145452989131883
73.70000000000006,19.14308959393592
73.80000000000007,19.141065830440038
73.90000000000006,19.139378689637372
74.00000000000007,19.138025138022133
74.10000000000007,19.13700211722808
74.20000000000006,19.13630654368129
74.30000000000007,19.13593530826739
74.40000000000006,19.13588527601337
74.50000000000007,19.13615328578407
74.60000000000007,19.13673614999353
74.70000000000006,19.13763065433122
74.80000000000007,19.13883355750331
74.90000000000006,19.140341590989173
75.00000000000007,19.142151458813075
75.10000000000007,19.144259837331262
75.20000000000006,19.146663375034542
75.30000000000007,19.149358692366434
75.40000000000006,19.15234238155697
75.50000000000007,19.155611006472324
75.60000000000007,19.159161102480233
75.70000000000006,19.162989176331408
75.80000000000007,19.16709170605699
75.90000000000006,19.171465140882074
76.00000000000007,19.176105901155474
76.10000000000007,19.18101037829573
76.20000000000007,19.186174934753446
76.30000000000007,19.19159590399005
76.40000000000006,19.197269590472985
76.50000000000007,19.203192269687463
76.60000000000007,19.20936018816477
76.70000000000007,19.21576956352717
76.80000000000007,19.222416584549542
76.90000000000006,19.229297411237667
77.00000000000007,19.236408174923287
77.10000000000007,19.24374497837594
77.20000000000007,19.2513038959316
77.30000000000007,19.25908097363813
77.40000000000006,19.26707222941761
77.50000000000007,19.275273653245485
77.60000000000007,19.283681207346596
77.70000000000007,19.29229082640809
77.80000000000007,19.301098417809186
77.90000000000006,19.310099861867766
78.00000000000007,19.319291012103903
78.10000000000007,19.328667695520107
78.20000000000007,19.33822571289848
78.30000000000007,19.347960839114577
78.40000000000006,19.357868823468078
78.50000000000007,19.3679453900301
78.60000000000007,19.378186238007267
78.70000000000007,19.388587042122317
78.80000000000007,19.399143453011334
78.90000000000006,19.409851097637464
79.00000000000007,19.420705579721098
79.10000000000007,19.431702480186388
79.20000000000007,19.442837357624136
79.30000000000007,19.45410574877084
79.40000000000006,19.465503169003938
79.50000000000007,19.47702511285306
79.60000000000007,19.488667054527255
79.70000000000007,19.500424448458077
79.80000000000007,19.51229272985843
79.90000000000008,19.524267315297017
80.00000000000007,19.53634360328838
80.10000000000007,19.54851697489828
80.20000000000007,19.560782794364407
80.30000000000007,19.57313640973221
80.40000000000008,19.585573153505784
80.50000000000007,19.598088343313574
80.60000000000007,19.61067728258887
80.70000000000007,19.62333526126487
80.80000000000007,19.636057556484126
80.90000000000008,19.648839433322344
81.00000000000007,19.661676145526208
81.10000000000007,19.67456293626521
81.20000000000007,19.687495038897215
81.30000000000007,19.700467677747604
81.40000000000008,19.713476068901876
81.50000000000007,19.726515421011413
81.60000000000007,19.739580936112354
81.70000000000007,19.752667810457233
81.80000000000007,19.76577123535933
81.90000000000008,19.77888639804943
82.00000000000007,19.792008482544833
82.10000000000007,19.805132670530387
82.20000000000007,19.818254142251362
82.30000000000007,19.831368077417892
82.40000000000008,19.84446965612084
82.50000000000007,19.857554059758776
82.60000000000008,19.870616471975946
82.70000000000007,19.883652079610883
82.80000000000007,19.896656073655535
82.90000000000008,19.909623650224614
83.00000000000007,19.922550011534923
83.10000000000008,19.93543036689448
83.20000000000007,19.94825993370108
83.30000000000007,19.961033938450207
83.40000000000008,19.973747617751865
83.50000000000007,19.98639621935623
83.60000000000008,19.998975003187784
83.70000000000007,20.011479242387654
83.80000000000007,20.023904224363996
83.90000000000008,20.036245251850033
84.00000000000007,20.048497643969576
84.10000000000008,20.060656737309714
84.20000000000007,20.072717887000397
84.30000000000007,20.08467646780069
84.40000000000008,20.09652787519135
84.50000000000007,20.108267526473462
84.60000000000008,20.11989086187296
84.70000000000007,20.131393345650547
84.80000000000007,20.14277046721692
84.90000000000008,20.154017742252904
85.00000000000007,20.165130713834227
85.10000000000008,20.176104953560674
85.20000000000007,20.186936062689263
85.30000000000007,20.197619673271202
85.40000000000008,20.208151449292302
85.50000000000007,20.21852708781651
85.60000000000008,20.228742320132344
85.70000000000007,20.23879291290179
85.80000000000007,20.248674669311484
85.90000000000008,20.258383430225756
86.00000000000007,20.267915075341264
86.10000000000008,20.277265524342916
86.20000000000007,20.286430738060684
86.30000000000008,20.295406719627053
86.40000000000008,20.304189515634725
86.50000000000007,20.312775217294252
86.60000000000008,20.32115996159127
86.70000000000007,20.329339932442938
86.80000000000008,20.337311361853335
86.90000000000008,20.345070531067293
87.00000000000007,20.352613771722492
87.10000000000008,20.3599374669993
87.20000000000007,20.36703805276805
87.30000000000008,20.373912018733407
87.40000000000008,20.380555909575357
87.50000000000007,20.38696632608648
87.60000000000008,20.39313992630514
87.70000000000007,20.3990734266441
87.80000000000008,20.404763603014235
87.90000000000008,20.410207291942854
88.00000000000007,20.4154013916863
88.10000000000008,20.42034286333624
88.20000000000007,20.42502873191939
88.30000000000008,20.429456087490067
88.40000000000008,20.43362208621516
88.50000000000007,20.437523951451105
88.60000000000008,20.44115897481229
88.70000000000007,20.44452451723045
88.80000000000008,20.447618010004568
88.90000000000008,20.450436955840708
89.00000000000009,20.45297892988132
89.10000000000008,20.45524158072348
89.20000000000007,20.457222631425438
89.30000000000008,20.458919880501035
89.40000000000008,20.460331202901322
89.50000000000009,20.46145455098288
89.60000000000008,20.46228795546212
89.70000000000007,20.46282952635516
89.80000000000008,20.46307745390242
89.90000000000008,20.46303000947749
90.00000000000009,20.462685546479484
90.10000000000008,20.46204250120835
90.20000000000007,20.46109939372235
90.30000000000008,20.459854828677024
90.40000000000008,20.458307496145046
90.50000000000009,20.456456172416082
90.60000000000008,20.454299720776074
90.70000000000007,20.451837092265094
90.80000000000008,20.449067326413026
90.90000000000008,20.445989551952337
91.00000000000009,20.442602987507104
91.10000000000008,20.43890694225749
91.20000000000007,20.434900816578853
91.30000000000008,20.430584102654674
91.40000000000008,20.425956385062385
91.50000000000009,20.421017341331336
91.60000000000008,20.415766742471888
91.70000000000007,20.41020445347487
91.80000000000008,20.404330433780416
91.90000000000008,20.398144737715278
92.00000000000009,20.391647514897677
92.10000000000008,20.38483901060882
92.20000000000007,20.37771956613
92.30000000000008,20.370289619044428
92.40000000000008,20.362549703502808
92.50000000000009,20.354500450451596
92.60000000000008,20.346155203992975
92.70000000000009,20.337687986685882
92.80000000000008,20.32915478444182
92.90000000000008,20.320556508197086
93.00000000000009,20.311894106669712
93.10000000000008,20.303168566398682
93.20000000000009,20.294380911758502
93.30000000000008,20.285532204948044
93.40000000000008,20.276623545952603
93.50000000000009,20.267656072478083
93.60000000000008,20.258630959856315
93.70000000000009,20.24954942092036
93.80000000000008,20.240412705848765
93.90000000000008,20.23122210197771
94.00000000000009,20.221978933579937
94.10000000000008,20.212684561609464
94.20000000000009,20.203340383410925
94.30000000000008,20.193947832392617
94.40000000000008,20.18450837766207
94.50000000000009,20.17502352362324
94.60000000000008,20.165494809534216
94.70000000000009,20.15592380902452
94.80000000000008,20.146312129570944
94.90000000000008,20.13666141193103
95.00000000000009,20.126973329533232
95.10000000000008,20.11724958782286
95.20000000000009,20.107491923562915
95.30000000000008,20.097702104088974
95.40000000000009,20.087881926517323
95.50000000000009,20.078033216905553
95.60000000000008,20.06815782936485
95.70000000000009,20.058257645123337
95.80000000000008,20.048334571539772
95.90000000000009,20.038390541067013
96.00000000000009,20.02842751016469
96.10000000000008,20.018447458160573
96.20000000000009,20.00845238606022
96.30000000000008,19.998444315304457
96.40000000000009,19.98842528647442
96.50000000000009,19.97839735794384
96.60000000000008,19.968362604478415
96.70000000000009,19.9583231157821
96.80000000000008,19.9482809949903
96.90000000000009,19.938238357109903
97.00000000000009,19.928197327406323
97.10000000000008,19.918160039737675
97.20000000000009,19.908128634836352
97.30000000000008,19.898105258538312
97.40000000000009,19.888092059960513
97.50000000000009,19.878091189627003
97.60000000000008,19.86810479754425
97.70000000000009,19.858135031226414
97.80000000000008,19.84818403367133
97.90000000000009,19.838253941288066
98.00000000000009,19.82834688177709
98.10000000000008,19.818464971964044
98.20000000000009,19.80861031558834
98.30000000000008,19.798785001047875
98.40000000000009,19.78899109910116
98.50000000000009,19.779230660528437
98.60000000000008,19.769505713753336
98.70000000000009,19.759818262426716
98.80000000000008,19.75017028297456
98.90000000000009,19.74056372211174
99.00000000000009,19.731000494323787
99.1000000000001,19.721482479318574
99.20000000000009,19.712011519450364
99.30000000000008,19.70258941711833
99.40000000000009,19.69321793214211
99.50000000000009,19.68389877911688
99.6000000000001,19.674633624750527
99.70000000000009,19.66542408518573
99.80000000000008,19.656271723309693
99.90000000000009,19.64717804605451
100.00000000000009,19.638144501691155
100.1000000000001,19.62917247712018
100.20000000000009,19.62026329516236
100.30000000000008,19.61141821185254
100.40000000000009,19.602638413740056
100.50000000000009,19.593925015199147
100.6000000000001,19.585279055752963
100.70000000000009,19.576701497414646
100.80000000000008,19.568193222049256
100.90000000000009,19.559755028760165
101.00000000000009,19.551387631303832
101.1000000000001,19.54309165553667
101.20000000000009,19.534867636897992
101.30000000000008,19.526716017932923
101.40000000000009,19.518637145859287
101.50000000000009,19.510631270182458
101.6000000000001,19.50269854036223
101.70000000000009,19.49483900353575
101.8000000000001,19.487052602300615
101.90000000000009,19.479339172562238
102.00000000000009,19.47169844144948
102.1000000000001,19.464130025302794
102.20000000000009,19.4566334277388
102.3000000000001,19.449208037795493
102.40000000000009,19.441853128161995
102.50000000000009,19.434567853496958
102.6000000000001,19.427351248839546
102.70000000000009,19.42020222811692
102.8000000000001,19.413119582752074
102.90000000000009,19.40610198037589
103.00000000000009,19.399147963647096
103.1000000000001,19.392255949183806
103.20000000000009,19.385424226610247
103.3000000000001,19.378650957722115
103.40000000000009,19.371934175774
103.50000000000009,19.36527178489213
103.6000000000001,19.35866155961559
103.70000000000009,19.352101144569126
103.8000000000001,19.34558805427038
103.90000000000009,19.339119673074354
104.00000000000009,19.332693255257794
104.1000000000001,19.326305925245883
104.20000000000009,19.31995467798368
104.3000000000001,19.313636379454366
104.40000000000009,19.307347767346336
104.50000000000009,19.301085451871
104.6000000000001,19.294845916732797
104.70000000000009,19.288625520252978
104.8000000000001,19.28242049664836
104.90000000000009,19.27622695746605
105.00000000000009,19.270040893175036
105.1000000000001,19.263858174915256
105.20000000000009,19.25767455640448
105.3000000000001,19.251485676003337
105.40000000000009,19.24528705893824
105.5000000000001,19.23907411968216
105.6000000000001,19.23284216449261
105.70000000000009,19.2265863941061
105.8000000000001,19.220301906588205
105.90000000000009,19.213983700337895
106.0000000000001,19.207626677244797
106.1000000000001,19.201225645997603
106.20000000000009,19.194775325541734
106.3000000000001,19.18827034868408
106.40000000000009,19.18170526584239
106.5000000000001,19.17507454893658
106.6000000000001,19.168372595419186
106.70000000000009,19.161593732441695
106.8000000000001,19.154732221153367
106.90000000000009,19.147782261129045
107.0000000000001,19.14073799492191
107.1000000000001,19.133593512737278
107.20000000000009,19.12634285722297
107.3000000000001,19.11898002837181
107.40000000000009,19.111498988531462
107.5000000000001,19.103893667516644
107.6000000000001,19.096157967818513
107.70000000000009,19.088285769905905
107.8000000000001,19.080270937612795
107.90000000000009,19.072107323606243
108.0000000000001,19.063788774928902
108.1000000000001,19.05530913860995
108.2000000000001,19.046662267338142
108.3000000000001,19.03784202519065
108.40000000000009,19.028842293410978
108.5000000000001,19.019656976229314
108.6000000000001,19.010280006718475
108.7000000000001,19.00070535267842
108.8000000000001,18.99092702254234
108.90000000000009,18.980939071297065
109.0000000000001,18.970735606410596
109.1000000000001,18.960310793759437
109.2000000000001,18.949658863548233
109.3000000000001,18.938774116214415
109.40000000000009,18.92765092831022
109.5000000000001,18.916283758354655
109.6000000000001,18.90466715264786
109.7000000000001,18.892795751040282
109.8000000000001,18.880664292649197
109.90000000000009,18.86826762151499
110.0000000000001,18.85560069218982
110.1000000000001,18.84265857525114
110.2000000000001,18.829436462732723
110.3000000000001,18.815929673465952
110.40000000000009,18.80213365832404
110.5000000000001,18.788044005362174
110.6000000000001,18.773656444846477
110.7000000000001,18.758966854164903
110.8000000000001,18.743971262613368
110.90000000000009,18.72866585605036
111.0000000000001,18.7130469814137
111.1000000000001,18.69711115109307
111.2000000000001,18.680855047152164
111.3000000000001,18.664275525394604
111.40000000000009,18.647369619267806
111.5000000000001,18.63013454359932
111.6000000000001,18.61256769816028
111.7000000000001,18.594666671050945
111.8000000000001,18.57642924190343
111.9000000000001,18.557853384897058
112.0000000000001,18.538937271581993
112.1000000000001,18.519679273507037
112.2000000000001,18.50007796464785
112.3000000000001,18.480132123631968
112.4000000000001,18.45984073575743
112.5000000000001,18.439202994802073
112.6000000000001,18.418218304620734
112.7000000000001,18.396886280528083
112.8000000000001,18.375206750465008
112.9000000000001,18.35317975594672
113.0000000000001,18.33080555279128
113.1000000000001,18.308084611627223
113.2000000000001,18.284872981580612
113.3000000000001,18.26097479629031
113.4000000000001,18.23639091632445
113.5000000000001,18.211124171096852
113.6000000000001,18.185178218949925
113.7000000000001,18.158557541383296
113.8000000000001,18.13126743564025
113.9000000000001,18.10331400567256
114.0000000000001,18.07470415150872
114.1000000000001,18.045445557054975
114.2000000000001,18.01554667636296
114.3000000000001,17.985016718401717
114.4000000000001,17.95386563037621
114.5000000000001,17.92210407963806
114.60000000000011,17.8897434342381
114.7000000000001,17.856795742173993
114.8000000000001,17.823273709389266
114.9000000000001,17.789190676583583
115.0000000000001,17.754560594896844
115.10000000000011,17.719398000532465
115.2000000000001,17.683717988387883
115.3000000000001,17.647536184762327
115.4000000000001,17.610868719214228
115.5000000000001,17.573732195642272
115.60000000000011,17.536143662665634
115.7000000000001,17.498120583380413
115.8000000000001,17.45968080457003
115.9000000000001,17.420842525448485
116.0000000000001,17.38162426601555
116.10000000000011,17.342044835103447
116.2000000000001,17.30212329819459
116.3000000000001,17.261878945089524
116.4000000000001,17.221331257503948
116.5000000000001,17.18049987667283
116.60000000000011,17.139404571038575
116.7000000000001,17.0980652040993
116.8000000000001,17.056501702491367
116.9000000000001,17.014734024379194
117.0000000000001,16.972782128223106
117.10000000000011,16.93066594199401
117.2000000000001,16.88840533290172
117.3000000000001,16.8460200777008
117.4000000000001,16.80352983363577
117.5000000000001,16.76095411008436
117.60000000000011,16.718312240954717
117.7000000000001,16.67562335788963
117.8000000000001,16.632906364327418
117.9000000000001,16.59017991046606
118.0000000000001,16.54746236917382
118.10000000000011,16.50477181288611
118.2000000000001,16.462125991524903
118.30000000000011,16.4195423114736
118.4000000000001,16.377037815636477
118.5000000000001,16.334629164608444
118.60000000000011,16.29233261897719
118.7000000000001,16.2501640227762
118.80000000000011,16.20813878810347
118.9000000000001,16.166271880917485
119.0000000000001,16.124577808018106
119.10000000000011,16.083070605216925
119.2000000000001,16.041763826698116
119.30000000000011,16.00067053556734
119.4000000000001,15.959803295583455
119.5000000000001,15.919174164064064
119.60000000000011,15.87879468595346
119.7000000000001,15.838675889038264
119.80000000000011,15.798828280293227
119.9000000000001,15.759261843337324
120.0000000000001,15.719986036977224
120.10000000000011,15.681009794813276
120.2000000000001,15.642341525880589
120.30000000000011,15.603989116295697
120.4000000000001,15.565959931877506
120.5000000000001,15.528260821709127
120.60000000000011,15.490898122605781
120.7000000000001,15.453877664452328
120.80000000000011,15.417204776372571
120.9000000000001,15.380884293691505
121.00000000000011,15.344920565650352
121.10000000000011,15.309317463833676
121.2000000000001,15.27407839126678
121.30000000000011,15.239206292141414
121.4000000000001,15.204703662127077
121.50000000000011,15.170572559225052
121.60000000000011,15.136814615122299
121.7000000000001,15.103431047002081
121.80000000000011,15.070422669768599
121.9000000000001,15.03778990864306
122.00000000000011,15.005532812088951
122.10000000000011,14.97365106502502
122.2000000000001,14.942144002284806
122.30000000000011,14.911010622282582
122.4000000000001,14.880249600846243
122.50000000000011,14.849859305178612
122.60000000000011,14.819837807909785
122.7000000000001,14.790182901204071
122.80000000000011,14.760892110886406
122.9000000000001,14.731962710554283
123.00000000000011,14.70339173564254
123.10000000000011,14.675175997409788
123.2000000000001,14.647312096816552
123.30000000000011,14.619796438266748
123.4000000000001,14.592625243185545
123.50000000000011,14.56579456340813
123.60000000000011,14.539300294355542
123.7000000000001,14.51313818797514
123.80000000000011,14.487303865424904
123.9000000000001,14.461792829482315
124.00000000000011,14.436600476660049
124.10000000000011,14.411722109012358
124.2000000000001,14.387152945617416
124.30000000000011,14.362888133722548
124.4000000000001,14.338922759540619
124.50000000000011,14.315251858687406
124.60000000000011,14.291870426251176
124.70000000000012,14.268773426487055
124.80000000000011,14.245955802130204
124.9000000000001,14.223412483323017
125.00000000000011,14.201138396152924
125.10000000000011,14.17912847079861
125.20000000000012,14.157377649283472
125.30000000000011,14.135880892836543
125.4000000000001,14.114633188861868
125.50000000000011,14.093629557518588
125.60000000000011,14.072865057914829
125.70000000000012,14.052334793919364
125.80000000000011,14.032033919596028
125.9000000000001,14.011957644266452
126.00000000000011,13.992101237207606
126.10000000000011,13.972460031991206
126.20000000000012,13.953029430472709
126.30000000000011,13.933804906438212
126.4000000000001,13.914782008918024
126.50000000000011,13.895956365176229
126.60000000000011,13.8773236833859
126.70000000000012,13.85887975499999
126.80000000000011,13.84062045682833
126.9000000000001,13.822541752831237
127.00000000000011,13.804639695640665
127.10000000000011,13.786910427819855
127.20000000000012,13.769350182872593
127.30000000000011,13.75195528601335
127.40000000000012,13.734722154709498
127.50000000000011,13.7176472990069
127.60000000000011,13.700727321650124
127.70000000000012,13.683958918008418
127.80000000000011,13.667338875818615
127.90000000000012,13.650864074755788
128.0000000000001,13.63453148584266
128.1000000000001,13.618338170708231
128.2000000000001,13.602281280706196
128.30000000000013,13.586358055903304
128.40000000000012,13.570565823947703
128.5000000000001,13.554901998826928
128.6000000000001,13.539364079525091
128.7000000000001,13.523949648588383
128.80000000000013,13.50865637060778
128.90000000000012,13.49348199062759
129.0000000000001,13.478424332488007
129.1000000000001,13.463481297109707
129.2000000000001,13.448650860728069
129.30000000000013,13.433931073084292
129.40000000000012,13.419320055580407
129.5000000000001,13.40481599940477
129.6000000000001,13.390417163634341
129.7000000000001,13.376121873319736
129.80000000000013,13.36192851755863
129.90000000000012,13.34783554756288
130.0000000000001,13.333841474724272
130.1000000000001,13.319944868683649
130.2000000000001,13.306144355407708
130.30000000000013,13.292438615277554
130.40000000000012,13.278826381192765
130.5000000000001,13.265306436694406
130.6000000000001,13.251877614110231
130.7000000000001,13.238538792724936
130.80000000000013,13.225288896978164
130.90000000000012,13.212126894692627
131.0000000000001,13.199051795334494
131.1000000000001,13.186062648308017
131.2000000000001,13.173158541286046
131.30000000000013,13.160338598577919
131.40000000000012,13.147601979536065
131.5000000000001,13.13494787700229
131.6000000000001,13.122375515794804
131.7000000000001,13.109884151236582
131.80000000000013,13.097473067725705
131.90000000000012,13.085141577348077
132.0000000000001,13.072889018532758
132.1000000000001,13.06071475475009
132.2000000000001,13.048618173252613
132.30000000000013,13.036598683858628
132.40000000000012,13.024655717778263
132.5000000000001,13.012788726481645
132.6000000000001,13.000997180608838
132.70000000000013,12.989280568921036
132.80000000000013,12.977638397292456
132.90000000000012,12.966070187742261
133.0000000000001,12.954575477505891
133.1000000000001,12.943153818144992
133.20000000000013,12.931804774695188
133.30000000000013,12.920527924850852
133.40000000000012,12.909322858185977
133.5000000000001,12.898189175410286
133.6000000000001,12.887126487659634
133.70000000000013,12.876134415819733
133.80000000000013,12.865212589882294
133.90000000000012,12.854360648332523
134.0000000000001,12.843578237567066
134.1000000000001,12.832865011341369
134.20000000000013,12.822220630245479
134.30000000000013,12.811644761207296
134.40000000000012,12.801137077022275
134.5000000000001,12.790697255908638
134.6000000000001,12.780324981087093
134.70000000000013,12.770019940384135
134.80000000000013,12.759781825857976
134.90000000000012,12.74961033344617
135.0000000000001,12.73950516263405
135.1000000000001,12.72946601614307
135.20000000000013,12.719492599638194
135.30000000000013,12.70958462145349
135.40000000000012,12.699741792335072
135.5000000000001,12.689963825200618
135.6000000000001,12.680250434914687
135.70000000000013,12.67060133807905
135.80000000000013,12.661016252837332
135.90000000000012,12.651494898693203
