1.0,3.506313319042599e-56
1.1,4.4072888345325455e-56
1.2000000000000002,5.538646809092776e-56
1.3000000000000003,6.959005776753063e-56
1.4000000000000004,8.741824613018246e-56
1.5000000000000004,1.0979140625102075e-55
1.6000000000000005,1.3786244395830339e-55
1.7000000000000006,1.7307524911250527e-55
1.8000000000000007,2.1723776414578435e-55
1.9000000000000008,2.726133062691159e-55
2.000000000000001,3.42034679628352e-55
2.100000000000001,4.290467350655828e-55
2.200000000000001,5.380844322393778e-55
2.300000000000001,6.746951991051213e-55
2.4000000000000012,8.45816550979463e-55
2.5000000000000013,1.0601226298005326e-54
2.6000000000000014,1.3284566832241861e-54
2.7000000000000015,1.664370683722598e-54
2.8000000000000016,2.0847984896911472e-54
2.9000000000000017,2.61089542185733e-54
3.0000000000000018,3.2690851771249484e-54
3.100000000000002,4.0923650108271227e-54
3.200000000000002,5.1219325618613857e-54
3.300000000000002,6.409213162314375e-54
3.400000000000002,8.018385694581967e-54
3.500000000000002,1.002952894088541e-53
3.6000000000000023,1.2542540036190925e-53
3.7000000000000024,1.568201347901595e-53
3.8000000000000025,1.960331490228542e-53
3.9000000000000026,2.450014059816551e-53
4.000000000000003,3.0613924278016704e-53
4.100000000000003,3.824554001540016e-53
4.200000000000003,4.7769858833704e-53
4.3000000000000025,5.965385099647898e-53
4.400000000000003,7.4479092971957e-53
4.5000000000000036,9.296974498924522e-53
4.600000000000003,1.1602732162941178e-52
4.700000000000003,1.447738958110781e-52
4.800000000000003,1.806057704458611e-52
4.900000000000004,2.2526014001847294e-52
5.0000000000000036,2.8089786872374196e-52
5.100000000000003,3.502062601740271e-52
5.200000000000004,4.3652662019093844e-52
5.300000000000004,5.4401256096660905e-52
5.400000000000004,6.778264139883582e-52
5.5000000000000036,8.443828748719283e-52
5.600000000000004,1.051651175041337e-51
5.700000000000005,1.3095297610418378e-51
5.800000000000004,1.6303107831548205e-51
5.900000000000004,2.0292558001674323e-51
6.000000000000004,2.5253091808019605e-51
6.100000000000005,3.141981951570335e-51
6.200000000000005,3.9084465857952706e-51
6.300000000000004,4.8608927945798054e-51
6.400000000000005,6.044206193283537e-51
6.500000000000005,7.514046301177475e-51
6.600000000000005,9.339418333763517e-51
6.700000000000005,1.160585546294659e-50
6.800000000000005,1.441935563047299e-50
6.900000000000006,1.7911250812158897e-50
7.000000000000005,2.224422833089944e-50
7.100000000000005,2.761977523463825e-50
7.2000000000000055,3.428738014259487e-50
7.300000000000006,4.255590508866281e-50
7.400000000000006,5.280763616137102e-50
7.500000000000005,6.551564034447915e-50
7.600000000000006,8.1265202051282705e-50
7.700000000000006,1.0078029275009908e-49
7.800000000000006,1.2495624857853329e-49
7.900000000000006,1.5490010349921403e-49
8.000000000000007,1.9198036110336107e-49
8.100000000000007,2.37888401042525e-49
8.200000000000006,2.9471422397280017e-49
8.300000000000006,3.6503986356948584e-49
8.400000000000006,4.5205456229688375e-49
8.500000000000007,5.5969675194086e-49
8.600000000000007,6.928290406009458e-49
8.700000000000006,8.574538341663375e-49
8.800000000000008,1.0609789726896903e-48
8.900000000000007,1.312544914604733e-48
9.000000000000007,1.62342764521852e-48
9.100000000000007,2.0075347316321335e-48
9.200000000000006,2.4820159305671604e-48
9.300000000000008,3.0680146455277335e-48
9.400000000000007,3.791592529897771e-48
9.500000000000007,4.6848668934513145e-48
9.600000000000009,5.787409598003037e-48
9.700000000000008,7.147967198901286e-48
9.800000000000008,8.826575662044156e-48
9.900000000000007,1.0897159623020486e-47
10.000000000000007,1.3450726543152134e-47
10.100000000000009,1.6599291097135367e-47
10.200000000000008,2.0480695726356227e-47
10.300000000000008,2.52645307668712e-47
10.40000000000001,3.1159403446751534e-47
10.500000000000009,3.842186121972907e-47
10.600000000000009,4.736734365216727e-47
10.700000000000008,5.838362120702561e-47
10.800000000000008,7.194728218862648e-47
10.90000000000001,8.864395499762426e-47
11.000000000000009,1.0919310678813579e-46
11.100000000000009,1.3447844783180233e-46
11.20000000000001,1.6558520095711379e-46
11.30000000000001,2.0384577659225695e-46
11.40000000000001,2.5089573747184416e-46
11.500000000000009,3.087423567194643e-46
11.600000000000009,3.798485855457142e-46
11.70000000000001,4.67235872629032e-46
11.80000000000001,5.746100412557269e-46
11.90000000000001,7.065153627999098e-46
12.00000000000001,8.685231030408133e-46
12.10000000000001,1.0674622060962546e-45
12.20000000000001,1.3117014741249878e-45
12.30000000000001,1.611494666020919e-45
12.40000000000001,1.9794024561462716e-45
12.50000000000001,2.4308082633348967e-45
12.60000000000001,2.9845487008839645e-45
12.70000000000001,3.663683955905075e-45
12.800000000000011,4.4964389585614995e-45
12.900000000000011,5.517352963940936e-45
13.00000000000001,6.76868340359126e-45
13.10000000000001,8.302119888367981e-45
13.20000000000001,1.0180876445918277e-44
13.300000000000011,1.2482244924428917e-44
13.400000000000011,1.5300710559483423e-44
13.50000000000001,1.8751752675236797e-44
13.600000000000012,2.297648021481759e-44
13.700000000000012,2.8147284287556385e-44
13.800000000000011,3.447472941912688e-44
13.900000000000011,4.22159531954742e-44
14.00000000000001,5.168490232174481e-44
14.100000000000012,6.326480397938272e-44
14.200000000000012,7.742335743194865e-44
14.300000000000011,9.473123534344951e-44
14.400000000000013,1.158846111586275e-43
14.500000000000012,1.417325829083865e-43
14.600000000000012,1.7331055070630963e-43
14.700000000000012,2.118808319680946e-43
14.800000000000011,2.589820734588871e-43
14.900000000000013,3.1648935287332915e-43
15.000000000000012,3.866872671453759e-43
15.100000000000012,4.723587950315179e-43
15.200000000000014,5.768933158063055e-43
15.300000000000013,7.044178860364833e-43
15.400000000000013,8.599567488169201e-43
15.500000000000012,1.0496251065352703e-42
15.600000000000012,1.2808644678337987e-42
15.700000000000014,1.5627284286476506e-42
15.800000000000013,1.9062296224276836e-42
15.900000000000013,2.3247608440277165e-42
16.000000000000014,2.8346060974972833e-42
16.100000000000016,3.4555606394858606e-42
16.200000000000014,4.2116831069577933e-42
16.30000000000001,5.1322076750723815e-42
16.400000000000013,6.252650062852734e-42
16.500000000000014,7.616148301076947e-42
16.600000000000016,9.275087752447531e-42
16.700000000000014,1.1293070234426619e-41
16.800000000000015,1.374729960896683e-41
16.900000000000013,1.6731471315078432e-41
17.000000000000014,2.0359271565179847e-41
17.100000000000016,2.476861394947988e-41
17.200000000000014,3.012676777090288e-41
17.300000000000015,3.663656450160064e-41
17.400000000000013,4.4543907436730063e-41
17.500000000000014,5.414685627682899e-41
17.600000000000016,6.580661462737157e-41
17.700000000000014,7.996081622421363e-41
17.800000000000015,9.713958743588514e-41
17.900000000000016,1.1798496209492862e-40
18.000000000000014,1.4327434338098944e-40
18.100000000000016,1.7394885041817856e-40
18.200000000000017,2.1114755938365863e-40
18.300000000000015,2.562488561732953e-40
18.400000000000016,3.109203671422272e-40
18.500000000000014,3.771792346715812e-40
18.600000000000016,4.574648655593238e-40
18.700000000000017,5.5472671479782476e-40
18.800000000000015,6.725301899537452e-40
18.900000000000016,8.15184389827205e-40
19.000000000000014,9.878961465950266e-40
19.100000000000016,1.1969557487365005e-39
19.200000000000017,1.4499608132693266e-39
19.300000000000015,1.756086086845218e-39
19.400000000000016,2.1264085299984462e-39
19.500000000000018,2.5742989299499098e-39
19.600000000000016,3.115893557921681e-39
19.700000000000017,3.770662112450948e-39
19.80000000000002,4.562091461188175e-39
19.900000000000016,5.5185086184396386e-39
20.000000000000018,6.674071103927504e-39
20.100000000000016,8.069958475071671e-39
20.200000000000017,9.755805596217805e-39
20.30000000000002,1.17914263257296e-38
20.400000000000016,1.4248886031398638e-38
20.500000000000018,1.7214993003777622e-38
20.600000000000016,2.0794292805562974e-38
20.700000000000017,2.511266632683653e-38
20.80000000000002,3.0321652353128354e-38
20.900000000000016,3.6603639443759063e-38
21.000000000000018,4.417810063557349e-38
21.10000000000002,5.330907885607874e-38
21.200000000000017,6.43141720534129e-38
21.30000000000002,7.757531624538111e-38
21.40000000000002,9.355172352749227e-38
21.500000000000018,1.1279540243580844e-37
21.60000000000002,1.3596977217070094e-37
21.700000000000017,1.638719827203609e-37
21.80000000000002,1.974596730581202e-37
21.90000000000002,2.378830431170055e-37
22.000000000000018,2.8652328668736887e-37
22.10000000000002,3.4503863712265533e-37
22.200000000000017,4.1541952218952534e-37
22.30000000000002,5.000546162008285e-37
22.40000000000002,6.018099258205105e-37
22.500000000000018,7.24123461459834e-37
22.60000000000002,8.711185418839562e-37
22.70000000000002,1.0477393708584736e-36
22.80000000000002,1.2599132296383876e-36
22.90000000000002,1.5147444695440617e-36
23.00000000000002,1.8207464906015907e-36
23.10000000000002,2.1881190859386188e-36
23.20000000000002,2.629079953814676e-36
23.30000000000002,3.1582608731873255e-36
23.40000000000002,3.793181056095701e-36
23.50000000000002,4.554812592091911e-36
23.60000000000002,5.4682557591551335e-36
23.70000000000002,6.563545378299963e-36
23.80000000000002,7.87661343791454e-36
23.90000000000002,9.450438030335618e-36
24.00000000000002,1.133641437162557e-35
24.10000000000002,1.3595990487142407e-35
24.20000000000002,1.630261824338203e-35
24.300000000000022,1.9544080031522512e-35
24.40000000000002,2.3425262845596406e-35
24.50000000000002,2.807146508672006e-35
24.600000000000023,3.363233756527854e-35
24.70000000000002,4.0286579340628507e-35
24.800000000000022,4.824753179553439e-35
24.90000000000002,5.776984135671207e-35
25.00000000000002,6.915739333289293e-35
25.100000000000023,8.277275738171577e-35
25.20000000000002,9.904843024253898e-35
25.300000000000022,1.18500214891927e-34
25.40000000000002,1.4174313873994223e-34
25.50000000000002,1.695103887191091e-34
25.600000000000023,2.0267583028810185e-34
25.70000000000002,2.4228078303824624e-34
25.800000000000022,2.8956585077698103e-34
25.900000000000023,3.4600875224229667e-34
26.00000000000002,4.133692741990657e-34
26.100000000000023,4.937426765679678e-34
26.200000000000024,5.896231253320021e-34
26.300000000000022,7.0397902020569866e-34
26.400000000000023,8.40342428648091e-34
26.50000000000002,1.0029152454366635e-33
26.600000000000023,1.1966951791262933e-33
26.700000000000024,1.4276252367743175e-33
26.800000000000022,1.7027710522210798e-33
26.900000000000023,2.030531199719455e-33
27.00000000000002,2.420886575907121e-33
27.100000000000023,2.8856960450574345e-33
27.200000000000024,3.439046855915406e-33
27.300000000000022,4.097669889382253e-33
27.400000000000023,4.881431627433207e-33
27.500000000000025,5.8139168950801325e-33
27.600000000000023,6.923118977955361e-33
27.700000000000024,8.242256727675532e-33
27.800000000000026,9.810741817290158e-33
27.900000000000023,1.1675323496046914e-32
28.000000000000025,1.3891443129517557e-32
28.100000000000023,1.6524836630912782e-32
28.200000000000024,1.9653429748576706e-32
28.300000000000026,2.3369579257068307e-32
28.400000000000023,2.7782722621035816e-32
28.500000000000025,3.302250991608983e-32
28.600000000000023,3.9242504997410745e-32
28.700000000000024,4.6624558455088464e-32
28.800000000000026,5.538397319645183e-32
28.900000000000023,6.577560503271556e-32
29.000000000000025,7.810106598671786e-32
29.100000000000026,9.271722784521719e-32
29.200000000000024,1.1004625853310935e-31
29.300000000000026,1.3058746510265496e-31
29.400000000000027,1.5493126558136527e-31
29.500000000000025,1.8377566886450737e-31
29.600000000000026,2.1794570874679965e-31
29.700000000000024,2.5841635678952497e-31
29.800000000000026,3.0633953103740324e-31
29.900000000000027,3.630759260046486e-31
30.000000000000025,4.302325166165991e-31
30.100000000000026,5.097067381719669e-31
30.200000000000024,6.037385196848102e-31
30.300000000000026,7.149715536251251e-31
30.400000000000027,8.465254263119297e-31
30.500000000000025,1.0020805161128356e-30
30.600000000000026,1.185977898295165e-30
30.700000000000028,1.4033368841859269e-30
30.800000000000026,1.6601932779663396e-30
30.900000000000027,1.963661968335358e-30
31.00000000000003,2.3221280977192526e-30
31.100000000000026,2.7454717842153025e-30
31.200000000000028,3.245332229183448e-30
31.300000000000026,3.8354180475123954e-30
31.400000000000027,4.531871832835387e-30
31.50000000000003,5.353698345196034e-30
31.600000000000026,6.32326731756967e-30
31.700000000000028,7.466903759506541e-30
31.800000000000026,8.81558083681742e-30
31.900000000000027,1.0405732979113611e-29
32.00000000000003,1.2280209874442648e-29
32.10000000000002,1.448939552485076e-29
32.20000000000003,1.7092520643102132e-29
32.300000000000026,2.0159201467546036e-29
32.40000000000003,2.3771243674167533e-29
32.50000000000003,2.8024756605849333e-29
32.60000000000003,3.3032630674612266e-29
32.70000000000003,3.892743970429248e-29
32.800000000000026,4.586484037974724e-29
32.90000000000003,5.402755309966326e-29
33.00000000000003,6.363002267892237e-29
33.10000000000003,7.492387384527276e-29
33.20000000000003,8.820429570984644e-29
33.300000000000026,1.038175118106964e-28
33.40000000000003,1.2216951845450172e-28
33.50000000000003,1.4373630452019154e-28
33.60000000000003,1.6907580134325204e-28
33.70000000000003,1.9884185258900865e-28
33.800000000000026,2.338005420963789e-28
33.90000000000003,2.7484927363302896e-28
34.00000000000003,3.2303906162803816e-28
34.10000000000003,3.79600567723277e-28
34.20000000000003,4.4597450613270245e-28
34.30000000000003,5.238471433168132e-28
34.40000000000003,6.151917366843602e-28
34.50000000000003,7.223168956111837e-28
34.60000000000003,8.479230091287297e-28
34.70000000000003,9.951680717910867e-28
34.80000000000003,1.167744456657678e-27
34.90000000000003,1.3699684368702111e-27
35.00000000000003,1.6068845505646292e-27
35.10000000000003,1.8843872443302016e-27
35.20000000000003,2.2093626256244306e-27
35.30000000000003,2.5898536131664654e-27
35.400000000000034,3.035252306425629e-27
35.50000000000003,3.556524012530622e-27
35.60000000000003,4.1664680847097475e-27
35.70000000000003,4.880021556287907e-27
35.80000000000003,5.714612516309756e-27
35.900000000000034,6.690571287805678e-27
36.00000000000003,7.831608761600086e-27
36.10000000000003,9.165372735122245e-27
36.20000000000003,1.0724094838955842e-26
36.30000000000003,1.2545342640884033e-26
36.400000000000034,1.4672893840625697e-26
36.50000000000003,1.715775215766323e-26
36.60000000000003,2.0059327626388304e-26
36.70000000000003,2.3446807612859837e-26
36.80000000000003,2.74007490315197e-26
36.900000000000034,3.2014927055449196e-26
37.00000000000003,3.7398481180850967e-26
37.10000000000003,4.367840594138773e-26
37.20000000000003,5.1002441004331065e-26
37.30000000000003,5.954242397232723e-26
37.400000000000034,6.949817913905017e-26
37.500000000000036,8.110202690851528e-26
37.60000000000003,9.462401182132998e-26
37.70000000000003,1.1037796240725423e-25
37.80000000000003,1.2872851371360832e-25
37.900000000000034,1.5009924370145058e-25
38.000000000000036,1.7498209816816392e-25
38.10000000000003,2.0394830592008643e-25
38.20000000000003,2.376610171266966e-25
38.30000000000003,2.7688993376510685e-25
38.400000000000034,3.2252824252977367e-25
38.500000000000036,3.7561220836416467e-25
38.60000000000004,4.373438418186057e-25
38.70000000000003,5.091171168422218e-25
38.80000000000003,5.9254828862906485e-25
38.900000000000034,6.895109451969293e-25
39.000000000000036,8.0217652313138985e-25
39.10000000000004,9.330611292703454e-25
39.20000000000003,1.0850796382070357e-24
39.30000000000003,1.2616081828414913e-24
39.400000000000034,1.46655632466865e-24
39.500000000000036,1.704450385325717e-24
39.60000000000004,1.9805296448862283e-24
39.70000000000003,2.300857369777734e-24
39.80000000000003,2.6724489289394814e-24
39.900000000000034,3.1034195965646947e-24
40.000000000000036,3.603155029941302e-24
40.10000000000004,4.182507858911424e-24
40.20000000000003,4.854024337764948e-24
40.30000000000003,5.632205600650594e-24
40.400000000000034,6.533808738895424e-24
40.500000000000036,7.5781936956343e-24
40.60000000000004,8.787722864348425e-24
40.70000000000004,1.0188221299832951e-23
40.80000000000003,1.1809506621696185e-23
40.900000000000034,1.3685999033332727e-23
41.000000000000036,1.585742341811471e-23
41.10000000000004,1.83696172375088e-23
41.20000000000004,2.1275459975155738e-23
41.30000000000003,2.4635942183399293e-23
41.400000000000034,2.852139483630828e-23
41.500000000000036,3.3012902723735676e-23
41.60000000000004,3.8203929089081126e-23
41.70000000000004,4.420218268140302e-23
41.80000000000004,5.11317629314554e-23
41.900000000000034,5.913562415206697e-23
42.000000000000036,6.837840559835289e-23
42.10000000000004,7.904968100768125e-23
42.20000000000004,9.136768899308234e-23
42.30000000000004,1.0558361452313102e-22
42.400000000000034,1.2198650184194413e-22
42.500000000000036,1.4090889074154061e-22
42.60000000000004,1.6273328129681058e-22
42.70000000000004,1.8789954724012185e-22
42.80000000000004,2.169134353484417e-22
42.900000000000034,2.503563078377224e-22
43.000000000000036,2.8889630714419313e-22
43.10000000000004,3.3330114800324634e-22
43.20000000000004,3.8445277085008283e-22
43.30000000000004,4.433641237566452e-22
43.400000000000034,5.111983779495522e-22
43.500000000000036,5.892909250627466e-22
43.60000000000004,6.791745533910719e-22
43.70000000000004,7.826082563521674e-22
43.80000000000004,9.016101900668776e-22
43.90000000000004,1.0384953694955347e-21
44.000000000000036,1.1959187751212533e-21
44.10000000000004,1.3769246361176152e-21
44.20000000000004,1.5850027628239986e-21
44.30000000000004,1.8241529229340535e-21
44.40000000000004,2.0989583940678768e-21
44.500000000000036,2.414669982604115e-21
44.60000000000004,2.7773019773437785e-21
44.70000000000004,3.19374170965984e-21
44.80000000000004,3.671874622528575e-21
44.90000000000004,4.220727012948486e-21
45.00000000000004,4.850628909928868e-21
45.10000000000004,5.5733998882216305e-21
45.20000000000004,6.4025610016480064e-21
45.30000000000004,7.35357645531965e-21
45.40000000000004,8.444129130134826e-21
45.50000000000004,9.694434633425704e-21
45.60000000000004,1.1127599185312475e-20
45.70000000000004,1.2770027371115131e-20
45.80000000000004,1.4651886607296008e-20
45.90000000000004,1.6807636094508027e-20
46.00000000000004,1.9276629080722294e-20
46.10000000000004,2.210379844622374e-20
46.20000000000004,2.5340436968729212e-20
46.30000000000004,2.904508515156511e-20
46.40000000000004,3.3284541223907024e-20
46.50000000000004,3.8135009875732406e-20
46.60000000000004,4.368340850082404e-20
46.70000000000004,5.002885222217489e-20
46.80000000000004,5.728434180296517e-20
46.90000000000004,6.557868174510384e-20
47.00000000000004,7.505865949380503e-20
47.100000000000044,8.589152075430836e-20
47.20000000000004,9.826778054604976e-20
47.30000000000004,1.1240441483827534e-19
47.40000000000004,1.2854848350568633e-19
47.50000000000004,1.4698124199927243e-19
47.600000000000044,1.6802280664279986e-19
47.70000000000004,1.9203744694825966e-19
47.80000000000004,2.194395879165258e-19
47.90000000000004,2.507006160897998e-19
48.00000000000004,2.8635659530510545e-19
48.100000000000044,3.270170118365686e-19
48.200000000000045,3.7337468410389165e-19
48.30000000000004,4.2621698958435046e-19
48.40000000000004,4.864385812421372e-19
48.50000000000004,5.550557879577006e-19
48.600000000000044,6.3322291841201655e-19
48.700000000000045,7.222507160027818e-19
48.80000000000004,8.236272440333783e-19
48.90000000000004,9.390415160574697e-19
49.00000000000004,1.0704102263732472e-18
49.100000000000044,1.2199079807925465e-18
49.200000000000045,1.390001478576107e-18
49.30000000000004,1.5834881535196505e-18
49.40000000000004,1.803539846368771e-18
49.50000000000004,2.0537521528993893e-18
49.600000000000044,2.338200173097817e-18
49.700000000000045,2.6615014779915643e-18
49.80000000000004,3.028887213038102e-18
49.90000000000004,3.4462823719306576e-18
50.00000000000004,3.920396403748103e-18
50.100000000000044,4.458825461263484e-18
50.200000000000045,5.07016776082807e-18
50.30000000000005,5.764153706694869e-18
50.40000000000004,6.551792637309196e-18
50.50000000000004,7.445538280624648e-18
50.600000000000044,8.459475262866263e-18
50.700000000000045,9.609529303665387e-18
50.80000000000005,1.091370405382347e-17
50.90000000000004,1.2392347894248618e-17
51.00000000000004,1.4068454420448518e-17
51.100000000000044,1.596800079148095e-17
51.200000000000045,1.812032863119039e-17
51.30000000000005,2.0558572739261044e-17
51.40000000000005,2.332014350722034e-17
51.50000000000004,2.6447269647945823e-17
51.600000000000044,2.998760864529625e-17
51.700000000000045,3.399493322304652e-17
51.80000000000005,3.85299031302998e-17
51.90000000000005,4.3660932656185636e-17
52.00000000000004,4.946516553349125e-17
52.100000000000044,5.602957028405035e-17
52.200000000000045,6.34521706149842e-17
52.30000000000005,7.184342721302409e-17
52.40000000000005,8.132778922485406e-17
52.50000000000004,9.204543587785409e-17
52.600000000000044,1.0415423111350834e-16
52.700000000000045,1.1783191680349546e-16
52.80000000000005,1.332785731280377e-16
52.90000000000005,1.5071937805235483e-16
53.00000000000004,1.7040770157948266e-16
53.100000000000044,1.9262857462943983e-16
53.200000000000045,2.1770257704403864e-16
53.30000000000005,2.4599019439704545e-16
53.40000000000005,2.7789669906003303e-16
53.50000000000005,3.138776174011041e-16
53.600000000000044,3.5444485214944344e-16
53.700000000000045,4.001735369242681e-16
53.80000000000005,4.517097087917077e-16
53.90000000000005,5.097788945768539e-16
54.00000000000005,5.751957176301718e-16
54.100000000000044,6.488746439498472e-16
54.200000000000045,7.318420001288954e-16
54.30000000000005,8.252494106769933e-16
54.40000000000005,9.303888190274585e-16
54.50000000000005,1.0487092751615465e-15
54.60000000000005,1.1818356934674469e-15
54.700000000000045,1.3315898074235537e-15
54.80000000000005,1.500013573200373e-15
54.90000000000005,1.689395302587116e-15
55.00000000000005,1.902298837067182e-15
55.10000000000005,2.141596109725533e-15
55.200000000000045,2.4105034803365854e-15
55.30000000000005,2.7126222718604625e-15
55.40000000000005,3.0519839841154274e-15
55.50000000000005,3.4331007130890255e-15
55.60000000000005,3.861021362745345e-15
55.700000000000045,4.341394300881864e-15
55.80000000000005,4.880537182249013e-15
55.90000000000005,5.485514741499885e-15
56.00000000000005,6.164225446392307e-15
56.10000000000005,6.925497998905687e-15
56.200000000000045,7.779198779540932e-15
56.30000000000005,8.736351449116589e-15
56.40000000000005,9.809270054044291e-15
56.50000000000005,1.1011707126666696e-14
56.60000000000005,1.235901843320248e-14
56.70000000000005,1.3868346199747447e-14
56.80000000000005,1.555882284336395e-14
56.90000000000005,1.7451797452460224e-14
57.00000000000005,1.9571087500511417e-14
57.10000000000005,2.194325854202244e-14
57.20000000000005,2.459793493199874e-14
57.30000000000005,2.7568144932858186e-14
57.40000000000005,3.089070392876377e-14
57.50000000000005,3.460663986009061e-14
57.60000000000005,3.8761665423901085e-14
57.70000000000005,4.340670206387204e-14
57.800000000000054,4.859846129957488e-14
57.90000000000005,5.440008952517684e-14
58.00000000000005,6.088188304686465e-14
58.10000000000005,6.812208083240447e-14
58.20000000000005,7.620774322167866e-14
58.300000000000054,8.523572570073443e-14
58.40000000000005,9.531375778159425e-14
58.50000000000005,1.0656163806414897e-13
58.60000000000005,1.1911255769411909e-13
58.70000000000005,1.3311456568242452e-13
58.800000000000054,1.487321909272928e-13
58.90000000000005,1.6614823729318538e-13
59.00000000000005,1.8556576976329437e-13
59.10000000000005,2.0721031150928467e-13
59.20000000000005,2.313322737290689e-13
59.300000000000054,2.5820964230763124e-13
59.40000000000005,2.8815094777633746e-13
59.50000000000005,3.2149854770310797e-13
59.60000000000005,3.586322535617448e-13
59.70000000000005,3.9997333732817965e-13
59.800000000000054,4.4598895656083826e-13
59.900000000000055,4.971970405711867e-13
60.00000000000005,5.541716845102054e-13
60.10000000000005,6.175491028220337e-13
60.20000000000005,6.880341985845017e-13
60.300000000000054,7.664078108098057e-13
60.400000000000055,8.535347078605577e-13
60.50000000000005,9.503724017971711e-13
60.60000000000005,1.0579808657639751e-12
60.70000000000005,1.1775332445019078e-12
60.800000000000054,1.3103276568080729e-12
60.900000000000055,1.4578001983151078e-12
61.00000000000006,1.6215392634106398e-12
61.10000000000005,1.8033013165402544e-12
61.20000000000005,2.005028255624329e-12
61.300000000000054,2.228866523964762e-12
61.400000000000055,2.477188141927461e-12
61.50000000000006,2.7526138459712666e-12
61.60000000000005,3.058038540377955e-12
61.70000000000005,3.3966592864533796e-12
61.800000000000054,3.772006075160562e-12
61.900000000000055,4.187975652269796e-12
62.00000000000006,4.648868690335871e-12
62.10000000000005,5.159430629324989e-12
62.20000000000005,5.7248965377126205e-12
62.300000000000054,6.351040378572834e-12
62.400000000000055,7.044229100818105e-12
62.50000000000006,7.811482014575229e-12
62.60000000000005,8.66053595197688e-12
62.70000000000005,9.599916760703163e-12
62.800000000000054,1.0639017727748942e-11
62.900000000000055,1.1788185585466357e-11
63.00000000000006,1.3058814811315213e-11
63.10000000000006,1.4463450997355169e-11
63.20000000000005,1.6015904135770548e-11
63.300000000000054,1.7731372743112748e-11
63.400000000000055,1.962657982897873e-11
63.50000000000006,2.1719921805089888e-11
63.60000000000006,2.403163152877488e-11
63.70000000000005,2.6583956781350247e-11
63.800000000000054,2.9401355597531406e-11
63.900000000000055,3.2510709987539134e-11
64.00000000000006,3.5941559729819874e-11
64.10000000000005,3.972635806012618e-11
64.20000000000006,4.3900751243071726e-11
64.30000000000005,4.850388418617982e-11
64.40000000000006,5.3578734445016336e-11
64.50000000000006,5.917247717233241e-11
64.60000000000005,6.53368837856579e-11
64.70000000000006,7.212875736765414e-11
64.80000000000005,7.96104080734119e-11
64.90000000000006,8.785017210023318e-11
65.00000000000006,9.692297807994946e-11
65.10000000000005,1.0691096508348774e-10
65.20000000000006,1.179041567839051e-10
65.30000000000005,1.300011967098443e-10
65.40000000000006,1.4331014993842573e-10
65.50000000000006,1.579493770273722e-10
65.60000000000005,1.7404848647353704e-10
65.70000000000006,1.9174937251136123e-10
65.80000000000005,2.1120734563350796e-10
65.90000000000006,2.325923638300786e-10
66.00000000000006,2.560903732056499e-10
66.10000000000005,2.8190476734910185e-10
66.20000000000006,3.102579756031633e-10
66.30000000000005,3.413931912135019e-10
66.40000000000006,3.7557625123546916e-10
66.50000000000006,4.1309768104475564e-10
66.60000000000005,4.5427491734224343e-10
66.70000000000006,4.994547246677105e-10
66.80000000000005,5.490158216488266e-10
66.90000000000006,6.033717345166142e-10
67.00000000000006,6.629738968232059e-10
67.10000000000007,7.283150158101437e-10
67.20000000000006,7.999327275021393e-10
67.30000000000005,8.784135643521206e-10
67.40000000000006,9.643972611453506e-10
67.50000000000006,1.0585814268948225e-09
67.60000000000007,1.1617266126355522e-09
67.70000000000006,1.274661807362971e-09
67.80000000000005,1.398290396872573e-09
67.90000000000006,1.533596622954523e-09
68.00000000000006,1.681652583293182e-09
68.10000000000007,1.8436258155302518e-09
68.20000000000006,2.0207875122846715e-09
68.30000000000005,2.2145214175019837e-09
68.40000000000006,2.426333458342048e-09
68.50000000000006,2.657862170929137e-09
68.60000000000007,2.9108899826984823e-09
68.70000000000006,3.1873554187977582e-09
68.80000000000005,3.4893663050657583e-09
68.90000000000006,3.819214045529831e-09
69.00000000000006,4.1793890581688375e-09
69.10000000000007,4.572597458900302e-09
69.20000000000006,5.001779090396167e-09
69.30000000000005,5.47012699944367e-09
69.40000000000006,5.981108474168797e-09
69.50000000000006,6.538487760570354e-09
69.60000000000007,7.14635058649915e-09
69.70000000000006,7.809130630497887e-09
69.80000000000007,8.531638082833953e-09
69.90000000000006,9.319090456639976e-09
70.00000000000006,1.0177145818382902e-08
70.10000000000007,1.1111938618937272e-08
70.20000000000006,1.2130118319408385e-08
70.30000000000007,1.323889101957316e-08
70.40000000000006,1.44460643114341e-08
70.50000000000006,1.5760095595983357e-08
70.60000000000007,1.7190144117884682e-08
70.70000000000006,1.8746126990487316e-08
70.80000000000007,2.0438779502439302e-08
70.90000000000006,2.2279720017228043e-08
71.00000000000006,2.428151979834894e-08
71.10000000000007,2.6457778115512725e-08
71.20000000000006,2.882320301148379e-08
71.30000000000007,3.139369813484024e-08
71.40000000000006,3.4186456071256493e-08
71.50000000000006,3.7220058634954086e-08
71.60000000000007,4.051458461278566e-08
71.70000000000006,4.409172548617845e-08
71.80000000000007,4.797490969092776e-08
71.90000000000006,5.2189436011716065e-08
72.00000000000006,5.676261674739974e-08
72.10000000000007,6.172393132459789e-08
72.20000000000006,6.710519108115786e-08
72.30000000000007,7.29407159877255e-08
72.40000000000006,7.926752412506784e-08
72.50000000000006,8.612553478719436e-08
72.60000000000007,9.355778613573798e-08
72.70000000000006,1.016106683897713e-07
72.80000000000007,1.1033417359735627e-07
72.90000000000006,1.1978216310077788e-07
73.00000000000006,1.3001265387696982e-07
73.10000000000007,1.4108812500801076e-07
73.20000000000006,1.5307584561423384e-07
73.30000000000007,1.6604822566450185e-07
73.40000000000006,1.8008319116472275e-07
73.50000000000007,1.952645853172127e-07
73.60000000000007,2.116825973398463e-07
73.70000000000006,2.294342207358589e-07
73.80000000000007,2.4862374291237337e-07
73.90000000000006,2.6936326815893956e-07
74.00000000000007,2.9177327611665745e-07
74.10000000000007,3.1598321799395184e-07
74.20000000000006,3.4213215291754185e-07
74.30000000000007,3.703694269462379e-07
74.40000000000006,4.0085539742188465e-07
74.50000000000007,4.3376220548594465e-07
74.60000000000007,4.692745997521971e-07
74.70000000000006,5.075908142967017e-07
74.80000000000007,5.489235043050208e-07
74.90000000000006,5.935007429049259e-07
75.00000000000007,6.415670829104111e-07
75.10000000000007,6.933846874098868e-07
75.20000000000006,7.492345333493149e-07
75.30000000000007,8.094176924888419e-07
75.40000000000006,8.742566943508365e-07
75.50000000000007,9.440969760279881e-07
75.60000000000007,1.0193084239823527e-06
75.70000000000006,1.1002870132416673e-06
75.80000000000007,1.1874565496866272e-06
75.90000000000006,1.2812705214241753e-06
76.00000000000007,1.3822140655569654e-06
76.10000000000007,1.4908060569878987e-06
76.20000000000007,1.6076013262434978e-06
76.30000000000007,1.7331930136584275e-06
76.40000000000006,1.8682150676396995e-06
76.50000000000007,2.0133448951199367e-06
76.60000000000007,2.169306172718155e-06
76.70000000000007,2.3368718275528398e-06
76.80000000000007,2.516867197095297e-06
76.90000000000006,2.7101733779153663e-06
77.00000000000007,2.9177307736519453e-06
77.10000000000007,3.1405428530434013e-06
77.20000000000007,3.37968012937466e-06
77.30000000000007,3.6362843732395305e-06
77.40000000000006,3.911573071082412e-06
77.50000000000007,4.206844142567971e-06
77.60000000000007,4.523480930436842e-06
77.70000000000007,4.862957477137455e-06
77.80000000000007,5.226844103177329e-06
77.90000000000006,5.616813302819535e-06
78.00000000000007,6.03464597345107e-06
78.10000000000007,6.482237995680931e-06
78.20000000000007,6.961607181981057e-06
78.30000000000007,7.474900612461604e-06
78.40000000000006,8.024402377184038e-06
78.50000000000007,8.612541745245933e-06
78.60000000000007,9.241901781736665e-06
78.70000000000007,9.915228434553051e-06
78.80000000000007,1.0635440113979973e-05
78.90000000000006,1.1405637788892012e-05
79.00000000000007,1.2229115624404099e-05
79.10000000000007,1.310937218680605e-05
79.20000000000007,1.405012224265134e-05
79.30000000000007,1.505530917992981e-05
79.40000000000006,1.6129118080353486e-05
79.50000000000007,1.7275989472901278e-05
79.60000000000007,1.8500633799924926e-05
79.70000000000007,1.980804662830105e-05
79.80000000000007,2.1203524639320072e-05
79.90000000000008,2.269268243225224e-05
80.00000000000007,2.4281470177790914e-05
80.10000000000007,2.597619215888059e-05
80.20000000000007,2.7783526237755752e-05
80.30000000000007,2.9710544289373675e-05
80.40000000000008,3.176473364280925e-05
80.50000000000007,3.3954019573574295e-05
80.60000000000007,3.628678889127404e-05
80.70000000000007,3.877191466845145e-05
80.80000000000007,4.141878215796143e-05
80.90000000000008,4.423731594772081e-05
81.00000000000007,4.7238008403187106e-05
81.10000000000007,5.043194944948398e-05
81.20000000000007,5.383085774662727e-05
81.30000000000007,5.744711331289874e-05
81.40000000000008,6.12937916529986e-05
81.50000000000007,6.538469944919927e-05
81.60000000000007,6.973441187535776e-05
81.70000000000007,7.435831159523217e-05
81.80000000000007,7.927262950819459e-05
81.90000000000008,8.449448730705356e-05
82.00000000000007,9.004194191430595e-05
82.10000000000007,9.593403186478857e-05
82.20000000000007,0.00010219082570428038
82.30000000000007,0.0001088334724752264
82.40000000000008,0.00011588425436234964
82.50000000000007,0.0001233666415724462
82.60000000000008,0.00013130534952426082
82.70000000000007,0.00013972639842579616
82.80000000000007,0.00014865717531795274
82.90000000000008,0.00015812649866479638
83.00000000000007,0.0001681646855721787
83.10000000000008,0.00017880362171781715
83.20000000000007,0.00019007683407717865
83.30000000000007,0.00020201956653085292
83.40000000000008,0.0002146688584401911
83.50000000000007,0.00022806362627915395
83.60000000000008,0.00024224474841134434
83.70000000000007,0.0002572551531020925
83.80000000000007,0.0002731399098564091
83.90000000000008,0.0002899463241742793
84.00000000000007,0.00030772403581548567
84.10000000000008,0.00032652512066668626
84.20000000000007,0.00034640419630380673
84.30000000000007,0.0003674185313432152
84.40000000000008,0.00038962815867515173
84.50000000000007,0.0004130959926729631
84.60000000000008,0.0004378879504715439
84.70000000000007,0.0004640730774079243
84.80000000000007,0.0004917236767166337
84.90000000000008,0.000520915443571566
85.00000000000007,0.0005517276035653253
85.10000000000008,0.0005842430557159186
85.20000000000007,0.0006185485200892117
85.30000000000007,0.0006547346901242642
85.40000000000008,0.0006928963897466227
85.50000000000007,0.0007331327353527957
85.60000000000008,0.0007755473027468556
85.70000000000007,0.0008202482991073587
85.80000000000007,0.0008673487400602625
85.90000000000008,0.0009169666319300615
86.00000000000007,0.0009692251592381438
86.10000000000008,0.0010242528775136575
86.20000000000007,0.0010821839114778084
86.30000000000008,0.0011431581586586173
86.40000000000008,0.0012073214984878067
86.50000000000007,0.0012748260069270075
86.60000000000008,0.0013458301766644636
86.70000000000007,0.0014204991429178763
86.80000000000008,0.0014990049148728413
86.90000000000008,0.001581526612779287
87.00000000000007,0.001668250710721905
87.10000000000008,0.0017593712850724787
87.20000000000007,0.0018550902686245085
87.30000000000008,0.0019556177104022845
87.40000000000008,0.0020611720411272713
87.50000000000007,0.002171980344316226
87.60000000000008,0.0022882786329750603
87.70000000000007,0.002410312131842744
87.80000000000008,0.002538335565129078
87.90000000000008,0.002672613449678363
88.00000000000007,0.002813420393480513
88.10000000000008,0.002961041399438044
88.20000000000007,0.0031157721742854673
88.30000000000008,0.003277919442544709
88.40000000000008,0.0034478012653858837
88.50000000000007,0.003625747364249848
88.60000000000008,0.0038120994490733963
88.70000000000007,0.004007211550943658
88.80000000000008,0.004211450358992902
88.90000000000008,0.004425195561327949
89.00000000000009,0.004648840189773748
89.10000000000008,0.004882790968191611
89.20000000000007,0.005127468664117512
89.30000000000008,0.005383308443446027
89.40000000000008,0.0056507602278685
89.50000000000009,0.0059302890547552455
89.60000000000008,0.006222375439151512
89.70000000000007,0.006527515737538959
89.80000000000008,0.006846222512993082
89.90000000000008,0.007179024901347429
90.00000000000009,0.00752646897795555
90.10000000000008,0.007889118124618632
90.20000000000007,0.0082675533962283
90.30000000000008,0.0086623738866501
90.40000000000008,0.009074197093352603
90.50000000000009,0.009503659280265897
90.60000000000008,0.009951415838328452
90.70000000000007,0.010418141643162569
90.80000000000008,0.010904531409292876
90.90000000000008,0.011411300040301676
91.00000000000009,0.011939182974292832
91.10000000000008,0.01248893652401061
91.20000000000007,0.01306133821094134
91.30000000000008,0.013657187092699133
91.40000000000008,0.014277304082977536
91.50000000000009,0.014922532263326382
91.60000000000008,0.015593737185988624
91.70000000000007,0.016291807167014817
91.80000000000008,0.01701765356884671
91.90000000000008,0.01777221107154352
92.00000000000009,0.01855643793180427
92.10000000000008,0.019371316228915695
92.20000000000007,0.020217852096741557
92.30000000000008,0.02109707594084451
92.40000000000008,0.022010042639817234
92.50000000000009,0.02295783172988228
92.60000000000008,0.023941547571799043
92.70000000000009,0.024962319499107436
92.80000000000008,0.026021301946715557
92.90000000000008,0.027119674558831852
93.00000000000009,0.028258642275223688
93.10000000000008,0.029439435394775674
93.20000000000009,0.030663309615312558
93.30000000000008,0.031931546048635386
93.40000000000008,0.03324545120972251
93.50000000000009,0.03460635697902965
93.60000000000008,0.036015620536826026
93.70000000000009,0.037474624268500005
93.80000000000008,0.03898477563975888
93.90000000000008,0.04054750704065934
94.00000000000009,0.042164275597395745
94.10000000000008,0.0438365629507836
94.20000000000009,0.045565875000382755
94.30000000000008,0.047353741613203784
94.40000000000008,0.049201716295964114
94.50000000000009,0.05111137582985863
94.60000000000008,0.05308431986683279
94.70000000000009,0.055122170486362414
94.80000000000008,0.0572265717117539
94.90000000000008,0.05939918898501399
95.00000000000009,0.061641708599347374
95.10000000000008,0.06395583708837474
95.20000000000009,0.06634330057119424
95.30000000000008,0.06880584405242712
95.40000000000009,0.07134523067644245
95.50000000000009,0.07396324093496791
95.60000000000008,0.07666167182735693
95.70000000000009,0.07944233597280204
95.80000000000008,0.0823070606738421
95.90000000000009,0.08525768693055741
96.00000000000009,0.08829606840488355
96.10000000000008,0.09142407033454741
96.20000000000009,0.09464356839616356
96.30000000000008,0.09795644751709864
96.40000000000009,0.10136460063577567
96.50000000000009,0.10486992741013314
96.60000000000008,0.10847433287404921
96.70000000000009,0.1121797260415811
96.80000000000008,0.11598801845895804
96.90000000000009,0.1199011227043409
97.00000000000009,0.12392095083541894
97.10000000000008,0.1280494127850219
97.20000000000009,0.1322884147049771
97.30000000000008,0.136639857258543
97.40000000000009,0.14110563386183805
97.50000000000009,0.1456876288747496
97.60000000000008,0.15038771574193008
97.70000000000009,0.15520775508454726
97.80000000000008,0.16014959274356994
97.90000000000009,0.16521505777546508
98.00000000000009,0.17040596040125897
98.10000000000008,0.17572408991004773
98.20000000000009,0.1811712125181066
98.30000000000008,0.1867490691848715
98.40000000000009,0.1924593733871709
98.50000000000009,0.19830380885316026
98.60000000000008,0.20428402725756084
98.70000000000009,0.21040164587986165
98.80000000000008,0.21665824522728033
98.90000000000009,0.2230553666243822
99.00000000000009,0.2295945097713311
99.1000000000001,0.23627713027290229
99.20000000000009,0.24310463714043273
99.30000000000008,0.25007839026904877
99.40000000000009,0.25719969789255986
99.50000000000009,0.2644698140185439
99.6000000000001,0.2718899358462517
99.70000000000009,0.27946120117001944
99.80000000000008,0.28718468577103784
99.90000000000009,0.2950614008003591
100.00000000000009,0.3030922901561587
100.1000000000001,0.311278227858359
100.20000000000009,0.3196200154237719
100.30000000000008,0.3281183792450659
100.40000000000009,0.33677396797688464
100.50000000000009,0.34558734993256096
100.6000000000001,0.3545590104949527
100.70000000000009,0.36368934954494947
100.80000000000008,0.3729786789113436
100.90000000000009,0.382427219845747
101.00000000000009,0.3920351005263443
101.1000000000001,0.4018023535943265
101.20000000000009,0.4117289137268535
101.30000000000008,0.421814615250513
101.40000000000009,0.4320591897992061
101.50000000000009,0.44246226402047617
101.6000000000001,0.45302335733432253
101.70000000000009,0.4637418797485136
101.8000000000001,0.47461712973451514
101.90000000000009,0.4856482921680592
102.00000000000009,0.49683443633848473
102.1000000000001,0.5081745140308885
102.20000000000009,0.5196673576851669
102.3000000000001,0.5313116786360197
102.40000000000009,0.5431060654378961
102.50000000000009,0.5550489822789331
102.6000000000001,0.5671387674877983
102.70000000000009,0.5793736321373643
102.8000000000001,0.5917516587490904
102.90000000000009,0.6042708001018647
103.00000000000009,0.6169288781490857
103.1000000000001,0.6297235830475918
103.20000000000009,0.642652472302024
103.3000000000001,0.6557129700281161
103.40000000000009,0.6689023663382438
103.50000000000009,0.6822178168525573
103.6000000000001,0.6956563423388107
103.70000000000009,0.7092148284839348
103.8000000000001,0.7228900258002833
103.90000000000009,0.7366785496692682
104.00000000000009,0.7505768805250681
104.1000000000001,0.7645813641808352
104.20000000000009,0.7786882122997321
104.3000000000001,0.7928935030129712
104.40000000000009,0.8071931816867844
104.50000000000009,0.8215830618401833
104.6000000000001,0.8360588262150762
104.70000000000009,0.8506160280001889
104.8000000000001,0.865250092210037
104.90000000000009,0.8799563172199302
105.00000000000009,0.8947298764578884
105.1000000000001,0.9095658202540313
105.20000000000009,0.9244590778478509
105.3000000000001,0.9394044595535659
105.40000000000009,0.9543966590834471
105.5000000000001,0.9694302560289038
105.6000000000001,0.9844997184987478
105.70000000000009,0.999599405913957
105.8000000000001,1.014723571957897
105.90000000000009,1.0298663676808042
106.0000000000001,1.0450218447570816
106.1000000000001,1.0601839588936561
106.20000000000009,1.0753465733875027
106.3000000000001,1.0905034628300954
106.40000000000009,1.1056483169563698
106.5000000000001,1.1207747446355363
106.6000000000001,1.1358762780007736
106.70000000000009,1.1509463767147
106.8000000000001,1.1659784323671738
106.90000000000009,1.1809657730018028
107.0000000000001,1.195901667767314
107.1000000000001,1.2107793316896336
107.20000000000009,1.2255919305604057
107.3000000000001,1.240332585937353
107.40000000000009,1.2549943802517283
107.5000000000001,1.2695703620178995
107.6000000000001,1.2840535511398266
107.70000000000009,1.2984369443091028
107.8000000000001,1.3127135204889255
107.90000000000009,1.3268762464782486
108.0000000000001,1.340918082550179
108.1000000000001,1.3548319881584463
108.2000000000001,1.368610927705719
108.3000000000001,1.3822478763672554
108.40000000000009,1.3957358259633612
108.5000000000001,1.4090677908738747
108.6000000000001,1.4222368139878385
108.7000000000001,1.4352359726814052
108.8000000000001,1.4480583848168433
108.90000000000009,1.460697214755516
109.0000000000001,1.4731456793775257
109.1000000000001,1.4853970541006933
109.2000000000001,1.4974446788914884
109.3000000000001,1.5092819642604018
109.40000000000009,1.5209023972343216
109.5000000000001,1.5322995472983316
109.6000000000001,1.5434670722994148
109.7000000000001,1.5543987243045199
109.8000000000001,1.56508835540542
109.90000000000009,1.5755299234628812
110.0000000000001,1.5857174977826227
110.1000000000001,1.5956452647156372
110.2000000000001,1.6053075331755065
110.3000000000001,1.614698740065361
110.40000000000009,1.6238134556072934
110.5000000000001,1.6326463885670626
110.6000000000001,1.6411923913670685
110.7000000000001,1.6494464650807046
110.8000000000001,1.6574037643012836
110.90000000000009,1.665059601878934
111.0000000000001,1.6724094535189666
111.1000000000001,1.6794489622354067
111.2000000000001,1.6861739426535711
111.3000000000001,1.6925803851557184
111.40000000000009,1.698664459864056
111.5000000000001,1.7044225204555414
111.6000000000001,1.7098511078031715
111.7000000000001,1.7149469534386774
111.8000000000001,1.719706982831751
111.9000000000001,1.7241283184812282
112.0000000000001,1.728208282813844
112.1000000000001,1.7319444008865066
112.2000000000001,1.7353344028882456
112.3000000000001,1.7383762264383047
112.4000000000001,1.7410680186771283
112.5000000000001,1.7434081381472586
112.6000000000001,1.7453951564614856
112.7000000000001,1.747027859755865
112.8000000000001,1.748305249925544
112.9000000000001,1.7492265456416267
113.0000000000001,1.7497911831476332
113.1000000000001,1.7499988168344147
113.2000000000001,1.749704682993648
113.3000000000001,1.7487121058988453
113.4000000000001,1.7470211402868028
113.5000000000001,1.744633813338177
113.6000000000001,1.7415529848238491
113.7000000000001,1.737782341396174
113.8000000000001,1.733326389237301
113.9000000000001,1.7281904450850807
114.0000000000001,1.722380625661588
114.1000000000001,1.715903835533667
114.2000000000001,1.7087677534392418
114.3000000000001,1.7009808171172838
114.4000000000001,1.6925522066833834
114.5000000000001,1.6834918265967909
114.60000000000011,1.6738102862684754
114.7000000000001,1.6635188793633775
114.8000000000001,1.6526295618533218
114.9000000000001,1.6411549288803124
115.0000000000001,1.6291081904928355
115.10000000000011,1.6165031463205526
115.2000000000001,1.6033541592553362
115.3000000000001,1.5896761282087934
115.4000000000001,1.575484460018571
115.5000000000001,1.5607950405774635
115.60000000000011,1.5456242052609037
115.7000000000001,1.5299887087297683
115.8000000000001,1.5139056941863678
115.9000000000001,1.4973926621623834
116.0000000000001,1.4804674389179584
116.10000000000011,1.4631481445314185
116.2000000000001,1.4454531607591896
116.3000000000001,1.4274010987451025
116.4000000000001,1.4090107666579166
116.5000000000001,1.3903011373350775
116.60000000000011,1.3712913160097335
116.7000000000001,1.3520005081969335
116.8000000000001,1.3324479878133344
116.9000000000001,1.312653065603254
117.0000000000001,1.2926350579419426
117.10000000000011,1.2724132560848869
117.2000000000001,1.2520068959298183
117.3000000000001,1.231435128355501
117.4000000000001,1.2107169901989558
117.5000000000001,1.1898713759299142
117.60000000000011,1.1689170100784136
117.7000000000001,1.147872420468529
117.8000000000001,1.1267559123079265
117.9000000000001,1.105585543179859
118.0000000000001,1.084379098980781
118.10000000000011,1.0631540708433536
118.2000000000001,1.0419276330812377
118.30000000000011,1.0207166221884003
118.4000000000001,0.9995375169222624
118.5000000000001,0.9784064194962787
118.60000000000011,0.9573390379040884
118.7000000000001,0.9363506693937003
118.80000000000011,0.9154561851066011
118.9000000000001,0.8946700158932291
119.0000000000001,0.8740061393125975
119.10000000000011,0.8534780678205598
119.2000000000001,0.8330988381477169
119.30000000000011,0.8128810018646516
119.4000000000001,0.79283661712905
119.5000000000001,0.7729772416059666
119.60000000000011,0.7533139265496199
119.7000000000001,0.7338572120320759
119.80000000000011,0.7146171233013673
119.9000000000001,0.6956031682490257
120.0000000000001,0.6768243359642833
120.10000000000011,0.6582890963499585
120.2000000000001,0.6400054007726594
120.30000000000011,0.6219806837178248
120.4000000000001,0.6042218654182386
120.5000000000001,0.5867353554226925
120.60000000000011,0.5695270570699449
120.7000000000001,0.5526023728315297
120.80000000000011,0.5359662104856223
120.9000000000001,0.5196229900830562
121.00000000000011,0.5035766516654244
121.10000000000011,0.48783066369446426
121.2000000000001,0.4723880321510584
121.30000000000011,0.4572513102617459
121.4000000000001,0.44242260881013523
121.50000000000011,0.42790360699034263
121.60000000000011,0.4136955637595289
121.7000000000001,0.39979932964649484
121.80000000000011,0.38621535897356696
121.9000000000001,0.37294372244919655
122.00000000000011,0.35998412008910935
122.10000000000011,0.34733589442442053
122.2000000000001,0.33499804395566407
122.30000000000011,0.3229692368125246
122.4000000000001,0.3112478245798387
122.50000000000011,0.29983185625136743
122.60000000000011,0.2887190922739252
122.7000000000001,0.27790701864545986
122.80000000000011,0.26739286103195054
122.9000000000001,0.25717359886917307
123.00000000000011,0.24724597941669435
123.10000000000011,0.2376065317328648
123.2000000000001,0.22825158054090391
123.30000000000011,0.21917725995769965
123.4000000000001,0.21037952705836913
123.50000000000011,0.20185417525113752
123.60000000000011,0.19359684743866187
123.7000000000001,0.18560304894339805
123.80000000000011,0.17786816017622506
123.9000000000001,0.17038744902904968
124.00000000000011,0.16315608297366435
124.10000000000011,0.1561691408507081
124.2000000000001,0.14942162433404813
124.30000000000011,0.14290846905746468
124.4000000000001,0.13662455539197113
124.50000000000011,0.13056471886355936
124.60000000000011,0.12472376020262138
124.70000000000012,0.1190964550176374
124.80000000000011,0.11367756308713074
124.9000000000001,0.10846183726515046
125.00000000000011,0.1034440319968556
125.10000000000011,0.09861891144197032
125.20000000000012,0.0939812572050526
125.30000000000011,0.08952587567266952
125.4000000000001,0.08524760495860163
125.50000000000011,0.08114132145925641
125.60000000000011,0.07720194602240854
125.70000000000012,0.07342444973329398
125.80000000000011,0.06980385932295646
125.9000000000001,0.0663352622045086
126.00000000000011,0.06301381114374047
126.10000000000011,0.05983472857116985
126.20000000000012,0.05679331054325896
126.30000000000011,0.05388493036110844
126.4000000000001,0.05110504185543258
126.50000000000011,0.048449182347107336
126.60000000000011,0.045912975292978775
126.70000000000012,0.043492132626980186
126.80000000000011,0.04118245680692934
126.9000000000001,0.038979842577618655
127.00000000000011,0.03688027846104581
127.10000000000011,0.034879847984789616
127.20000000000012,0.0329747306596632
127.30000000000011,0.031161202717872517
127.40000000000012,0.02943563762293669
127.50000000000011,0.027794506362653255
127.60000000000011,0.026234377536346425
127.70000000000012,0.024751917247591206
127.80000000000011,0.02334388881350322
127.90000000000012,0.022007152301565115
128.0000000000001,0.02073866390481739
128.1000000000001,0.01953547516605651
128.2000000000001,0.018394732061497332
128.30000000000013,0.017313673954129784
128.40000000000012,0.01628963242676819
128.5000000000001,0.015320030004529629
128.6000000000001,0.014402378776217842
128.7000000000001,0.013534278923795136
128.80000000000013,0.012713417168834992
128.90000000000012,0.011937565144542896
129.0000000000001,0.011204577701613563
129.1000000000001,0.010512391155881172
129.2000000000001,0.009859021485384917
129.30000000000013,0.009242562484147204
129.40000000000012,0.008661183879630135
129.5000000000001,0.00811312942049878
129.6000000000001,0.007596714940993587
129.7000000000001,0.007110326407876258
129.80000000000013,0.006652417955588037
129.90000000000012,0.006221509914933062
130.0000000000001,0.005816186840275512
130.1000000000001,0.005435095539927385
130.2000000000001,0.005076943114088789
130.30000000000013,0.004740495004401221
130.40000000000012,0.004424573058877783
130.5000000000001,0.004128053615683192
130.6000000000001,0.003849865608959538
130.7000000000001,0.0035889886996184088
130.80000000000013,0.0033444514337592325
130.90000000000012,0.003115329431120127
131.0000000000001,0.002900743605722495
131.1000000000001,0.002699858420639126
131.2000000000001,0.0025118801785891506
131.30000000000013,0.002336055349850873
131.40000000000012,0.0021716689387795826
131.5000000000001,0.0020180428900228734
131.6000000000001,0.0018745345353443322
131.7000000000001,0.001740535081791157
131.80000000000013,0.0016154681417788902
131.90000000000012,0.0014987883055124786
132.0000000000001,0.0013899797560182475
132.1000000000001,0.001288554926927837
132.2000000000001,0.0011940532030286638
132.30000000000013,0.00110603966347963
132.40000000000012,0.0010241038674832696
132.5000000000001,0.000947858682105776
132.6000000000001,0.0008769391518463788
132.70000000000013,0.0008110014094736396
132.80000000000013,0.0007497216275715198
132.90000000000012,0.0006927950101695093
133.0000000000001,0.0006399348237707187
133.1000000000001,0.0005908714670369136
133.20000000000013,0.0005453515783418575
133.30000000000013,0.0005031371803624619
133.40000000000012,0.000464004860840831
133.5000000000001,0.0004277449886200722
133.6000000000001,0.00039416096403068927
133.70000000000013,0.00036306850268391996
133.80000000000013,0.00033429495171207407
133.90000000000012,0.0003076786374837544
134.0000000000001,0.0002830682438140387
134.1000000000001,0.0002603222196849586
134.20000000000013,0.00023930821549070195
134.30000000000013,0.00021990254682399178
134.40000000000012,0.00020198968482487052
134.5000000000001,0.00018546177212081945
134.6000000000001,0.00017021816339682241
134.70000000000013,0.00015616498964611525
134.80000000000013,0.0001432147451663095
134.90000000000012,0.0001312858963811788
135.0000000000001,0.00012030251158574634
135.1000000000001,0.000110193910730728
135.20000000000013,0.00010089433438218917
135.30000000000013,9.234263101299559e-05
135.40000000000012,8.448196180416373e-05
135.5000000000001,7.72595221565934e-05
135.6000000000001,7.062627913641922e-05
135.70000000000013,6.453672410056286e-05
135.80000000000013,5.894863977268176e-05
135.90000000000012,5.3822881063494644e-05
