1.0,18.13210162861364
1.1,18.225616075094
1.2000000000000002,18.31980285143426
1.3000000000000003,18.414667826631693
1.4000000000000004,18.510216925360925
1.5000000000000004,18.606456128454166
1.6000000000000005,18.7033914733826
1.7000000000000006,18.801029054738855
1.8000000000000007,18.899375024720385
1.9000000000000008,18.99843559361362
2.000000000000001,19.098217030278736
2.100000000000001,19.198725662635024
2.200000000000001,19.299967878146454
2.300000000000001,19.401950124307483
2.4000000000000012,19.50467890912893
2.5000000000000013,19.608160801623498
2.6000000000000014,19.712402432291178
2.7000000000000015,19.817410493603855
2.8000000000000016,19.92319174048937
2.9000000000000017,20.029752990814497
3.0000000000000018,20.13710112586679
3.100000000000002,20.245243090835046
3.200000000000002,20.354185895288047
3.300000000000002,20.463936613651533
3.400000000000002,20.574502385682973
3.500000000000002,20.685890416943916
3.6000000000000023,20.79810797926972
3.7000000000000024,20.911162411236297
3.8000000000000025,21.025061118623576
3.9000000000000026,21.139811574875424
4.000000000000003,21.25542132155572
4.100000000000003,21.371897968800084
4.200000000000003,21.489249195763215
4.3000000000000025,21.60748275106117
4.400000000000003,21.7266064532084
4.5000000000000036,21.84662819104918
4.600000000000003,21.96755592418281
4.700000000000003,22.089397683382508
4.800000000000003,22.21216157100724
4.900000000000004,22.3358557614063
5.0000000000000036,22.46048850131599
5.100000000000003,22.5860681102481
5.200000000000004,22.712602980869498
5.300000000000004,22.84010157937249
5.400000000000004,22.96857244583536
5.5000000000000036,23.098024194572478
5.600000000000004,23.22846551447358
5.700000000000005,23.359905169331384
5.800000000000004,23.492351998157215
5.900000000000004,23.62581491548378
6.000000000000004,23.760302911654595
6.100000000000005,23.895825053099323
6.200000000000005,24.032390482594327
6.300000000000004,24.17000841950783
6.400000000000005,24.3086881600287
6.500000000000005,24.44843907737844
6.600000000000005,24.58927062200523
6.700000000000005,24.731192321759547
6.800000000000005,24.87421378205021
6.900000000000006,25.018344685980214
7.000000000000005,25.163594794461336
7.100000000000005,25.309973946306638
7.2000000000000055,25.457492058299863
7.300000000000006,25.606159125240755
7.400000000000006,25.755985219965353
7.500000000000005,25.90698049334005
7.600000000000006,26.059155174228522
7.700000000000006,26.212519569430246
7.800000000000006,26.36708406358956
7.900000000000006,26.522859119074024
8.000000000000007,26.679855275820884
8.100000000000007,26.8380831511503
8.200000000000006,26.997553439544202
8.300000000000006,27.158276912389226
8.400000000000006,27.320264417682505
8.500000000000007,27.483526879698797
8.600000000000007,27.64807529861751
8.700000000000006,27.81392075010817
8.800000000000008,27.981074384872695
8.900000000000007,28.14954742814285
9.000000000000007,28.31935117913138
9.100000000000007,28.49049701043497
9.200000000000006,28.662996367387326
9.300000000000008,28.83686076736069
9.400000000000007,29.012101799013738
9.500000000000007,29.188731121484146
9.600000000000009,29.366760463523775
9.700000000000008,29.546201622574447
9.800000000000008,29.727066463782382
9.900000000000007,29.909366918948958
10.000000000000007,30.093114985415813
10.100000000000009,30.27832272488191
10.200000000000008,30.465002262150367
10.300000000000008,30.653165783802578
10.40000000000001,30.84282553679734
10.500000000000009,31.033993826992305
10.600000000000009,31.22668301758539
10.700000000000008,31.420905527473405
10.800000000000008,31.616673829525208
10.90000000000001,31.814000448766734
11.000000000000009,32.012897960474874
11.100000000000009,32.21337898817753
11.20000000000001,32.41545620155664
11.30000000000001,32.619142314251334
11.40000000000001,32.82445008155792
11.500000000000009,33.03139229802366
11.600000000000009,33.23998179493091
11.70000000000001,33.450231437668315
11.80000000000001,33.662154122985775
11.90000000000001,33.87576277612939
12.00000000000001,34.09107034785311
12.10000000000001,34.30808981130305
12.20000000000001,34.52683415877114
12.30000000000001,34.74731639831382
12.40000000000001,34.96954955023235
12.50000000000001,35.19354664341024
12.60000000000001,35.41932071150401
12.70000000000001,35.64688478898319
12.800000000000011,35.87625190701492
12.900000000000011,36.10743508918923
13.00000000000001,36.34044734708031
13.10000000000001,36.57530167563939
13.20000000000001,36.81201104841457
13.300000000000011,37.05058841259297
13.400000000000011,37.29104668386039
13.50000000000001,37.5333987410737
13.600000000000012,37.77765742074107
13.700000000000012,38.02383551130484
13.800000000000011,38.2719457472223
13.900000000000011,38.52200080283877
14.00000000000001,38.77401328604823
14.100000000000012,39.02799573173587
14.200000000000012,39.28396059499721
14.300000000000011,39.54192024412855
14.400000000000013,39.80188695338299
14.500000000000012,40.063872895486625
14.600000000000012,40.327890133909214
14.700000000000012,40.59395061488361
14.800000000000011,40.86206615916826
14.900000000000013,41.13224845354696
15.000000000000012,41.404509042060035
15.100000000000012,41.67885931696117
15.200000000000014,41.95531050939374
15.300000000000013,42.23387367978104
15.400000000000013,42.51455970792422
15.500000000000012,42.797379282802105
15.600000000000012,43.082342892066826
15.700000000000014,43.36946081122951
15.800000000000013,43.658743092529754
15.900000000000013,43.95019955348325
16.000000000000014,44.24383976510157
16.100000000000016,44.53967303977812
16.200000000000014,44.837708418834744
16.30000000000001,45.13795465972283
16.400000000000013,45.44042022287378
16.500000000000014,45.745113258192625
16.600000000000016,46.05204159118988
16.700000000000014,46.36121270874593
16.800000000000015,46.6726337445029
16.900000000000013,46.98631146387863
17.000000000000014,47.302252248698295
17.100000000000016,47.6204620814385
17.200000000000014,47.94094652907941
17.300000000000015,48.263710726560944
17.400000000000013,48.588759359838235
17.500000000000014,48.916096648533305
17.600000000000016,49.2457263281788
17.700000000000014,49.57765163205092
17.800000000000015,49.911875272588624
17.900000000000016,50.24839942239605
18.000000000000014,50.587225694826834
18.100000000000016,50.92835512414784
18.200000000000017,51.271788145281334
18.300000000000015,51.61752457312451
18.400000000000016,51.96556358144644
18.500000000000014,52.31590368136192
18.600000000000016,52.668542699383764
18.700000000000017,53.023477755054046
18.800000000000015,53.38070523815692
18.900000000000016,53.74022078551531
19.000000000000014,54.102019257374664
19.100000000000016,54.466094713378254
19.200000000000017,54.83244038813843
19.300000000000015,55.20104866640979
19.400000000000016,55.57191105787066
19.500000000000018,55.945018171520225
19.600000000000016,56.32035968969995
19.700000000000017,56.6979243417484
19.80000000000002,57.07769987729986
19.900000000000016,57.45967303923848
20.000000000000018,57.84382953632026
20.100000000000016,58.23015401547673
20.200000000000017,58.61863003381544
20.30000000000002,59.009240030333274
20.400000000000016,59.401965297360384
20.500000000000018,59.79678595175354
20.600000000000016,60.19368090585916
20.700000000000017,60.59262783826803
20.80000000000002,60.993603164384744
20.900000000000016,61.396582006836844
21.000000000000018,61.801538165750124
21.10000000000002,62.20844408891793
21.200000000000017,62.61727084189454
21.30000000000002,63.027988078043876
21.40000000000002,63.44056400857673
21.500000000000018,63.85496537261184
21.60000000000002,64.27115740729748
21.700000000000017,64.68910381803236
21.80000000000002,65.10876674882662
21.90000000000002,65.53010675284555
22.000000000000018,65.95308276318049
22.10000000000002,66.37765206389386
22.200000000000017,66.80377026138645
22.30000000000002,67.2313912561382
22.40000000000002,67.6604672148746
22.500000000000018,68.09094854321395
22.60000000000002,68.52278385885214
22.70000000000002,68.95591996534338
22.80000000000002,69.39030182653867
22.90000000000002,69.8258725417442
23.00000000000002,70.26257332166473
23.10000000000002,70.70034346519915
23.20000000000002,71.13912033715695
23.30000000000002,71.57883934696605
23.40000000000002,72.01943392844501
23.50000000000002,72.46083552071359
23.60000000000002,72.90297355031798
23.70000000000002,73.34577541464832
23.80000000000002,73.7891664667275
23.90000000000002,74.23307000145228
24.00000000000002,74.67740724336839
24.10000000000002,75.12209733606286
24.20000000000002,75.56705733325798
24.300000000000022,76.01220219169173
24.40000000000002,76.45744476587092
24.50000000000002,76.90269580478339
24.600000000000023,77.3478639506562
24.70000000000002,77.79285573984694
24.800000000000022,78.23757560595573
24.90000000000002,78.68192588524387
25.00000000000002,79.12580682444715
25.100000000000023,79.56911659106824
25.20000000000002,80.011751286234
25.300000000000022,80.45360496020128
25.40000000000002,80.89456963059304
25.50000000000002,81.3345353034461
25.600000000000023,81.77338999714796
25.70000000000002,82.2110197693397
25.800000000000022,82.6473087468578
25.900000000000023,83.08213915878527
26.00000000000002,83.51539137267916
26.100000000000023,83.94694393403805
26.200000000000024,84.37667360906796
26.300000000000022,84.80445543080239
26.400000000000023,85.23016274862609
26.50000000000002,85.65366728124722
26.600000000000023,86.07483917315824
26.700000000000024,86.49354705461782
26.800000000000022,86.90965810518226
26.900000000000023,87.32303812080649
27.00000000000002,87.7335515845286
27.100000000000023,88.14106174074456
27.200000000000024,88.54543067307176
27.300000000000022,88.94651938579264
27.400000000000023,89.34418788886065
27.500000000000025,89.73829528644288
27.600000000000023,90.12869986896466
27.700000000000024,90.51525920861177
27.800000000000026,90.89783025823736
27.900000000000023,91.27626945361055
28.000000000000025,91.65043281893398
28.100000000000023,92.02017607554744
28.200000000000024,92.38535475372527
28.300000000000026,92.74582430746392
28.400000000000023,93.10144023214676
28.500000000000025,93.45205818496233
28.600000000000023,93.79753410794191
28.700000000000024,94.13772435347234
28.800000000000026,94.47248581212911
28.900000000000023,94.80167604266545
29.000000000000025,95.12515340398244
29.100000000000026,95.44277718889577
29.200000000000024,95.75440775950513
29.300000000000026,96.05990668396336
29.400000000000027,96.3591368744326
29.500000000000025,96.65196272600754
29.600000000000026,96.93825025637668
29.700000000000024,97.21786724598532
29.800000000000026,97.49068337845709
29.900000000000027,97.75657038102396
30.000000000000025,98.01540216470882
30.100000000000026,98.26705496399977
30.200000000000024,98.51140747575027
30.300000000000026,98.74834099703551
30.400000000000027,98.97773956169245
30.500000000000025,99.19949007526844
30.600000000000026,99.41348244810226
30.700000000000028,99.61960972625957
30.800000000000026,99.81776822004707
30.900000000000027,100.00785762982845
31.00000000000003,100.18978116886883
31.100000000000026,100.36344568293661
31.200000000000028,100.52876176639596
31.300000000000026,100.68564387452697
31.400000000000027,100.8340104318176
31.50000000000003,100.97378393597688
31.600000000000026,101.10489105742695
31.700000000000028,101.22726273403993
31.800000000000026,101.34083426089467
31.900000000000027,101.44554537483849
32.00000000000003,101.54134033365028
32.10000000000002,101.62816798961255
32.20000000000003,101.70598185731303
32.300000000000026,101.77474017550894
32.40000000000003,101.83440596290122
32.50000000000003,101.88494706768061
32.60000000000003,101.92633621072162
32.70000000000003,101.95855102231687
32.800000000000026,101.98157407235946
32.90000000000003,101.9953928938972
33.00000000000003,102.00000000000001
33.10000000000003,101.99011387367894
33.20000000000003,101.96046698966674
33.300000000000026,101.9110937994186
33.40000000000003,101.84205161088161
33.50000000000003,101.75342042240916
33.60000000000003,101.64530269149958
33.70000000000003,101.51782303960401
33.800000000000026,101.37112789458564
33.90000000000003,101.20538507273676
34.00000000000003,101.02078330256673
34.10000000000003,100.81753169286274
34.20000000000003,100.59585914779349
34.30000000000003,100.35601373207011
34.40000000000003,100.09826198939908
34.50000000000003,99.82288821765573
34.60000000000003,99.53019370437482
34.70000000000003,99.2204959262921
34.80000000000003,98.89412771678296
34.90000000000003,98.55143640512509
35.00000000000003,98.19278293156599
35.10000000000003,97.81854094220171
35.20000000000003,97.42909586766999
35.30000000000003,97.0248439896338
35.400000000000034,96.60619149897605
35.50000000000003,96.17355354954877
35.60000000000003,95.72735331121977
35.70000000000003,95.26802102583832
35.80000000000003,94.79599306960142
35.900000000000034,94.31171102514557
36.00000000000003,93.81562076651684
36.10000000000003,93.30817155998722
36.20000000000003,92.78981518349022
36.30000000000003,92.26100506724377
36.400000000000034,91.72219545791827
36.50000000000003,91.17384060849143
36.60000000000003,90.61639399571371
36.70000000000003,90.05030756688927
36.80000000000003,89.47603101745749
36.900000000000034,88.89401110064561
37.00000000000003,88.30469097025063
37.10000000000003,87.70850955740066
37.20000000000003,87.1059009819476
37.30000000000003,86.49729399894781
37.400000000000034,85.88311148050543
37.500000000000036,85.2637699330763
37.60000000000003,84.6396790501664
37.70000000000003,84.01124130020352
37.80000000000003,83.37885154921788
37.900000000000034,82.74289671783359
38.000000000000036,82.10375547195265
38.10000000000003,81.46179794640273
38.20000000000003,80.81738550072083
38.30000000000003,80.17087050615804
38.400000000000034,79.52259616291273
38.500000000000036,78.87289634653447
38.60000000000004,78.22209548238416
38.70000000000003,77.57050844699005
38.80000000000003,76.91844049510208
38.900000000000034,76.26618721122043
39.000000000000036,75.61403448435208
39.10000000000004,74.96225850473981
39.20000000000003,74.31112578130244
39.30000000000003,73.66089317852666
39.400000000000034,73.01180797156105
39.500000000000036,72.364107918274
39.60000000000004,71.71802134705858
39.70000000000003,71.07376725918955
39.80000000000003,70.43155544456482
39.900000000000034,69.7915866096956
40.000000000000036,69.15405251684201
40.10000000000004,68.51913613322797
40.20000000000003,67.88701178930762
40.30000000000003,67.25784534509502
40.400000000000034,66.63179436361185
40.500000000000036,66.00900829054784
40.60000000000004,65.38962863927415
40.70000000000004,64.77378918039199
40.80000000000003,64.16161613504278
40.900000000000034,63.55322837124884
41.000000000000036,62.94873760259826
41.10000000000004,62.34824858862748
41.20000000000004,61.75185933629916
41.30000000000003,61.15966130201235
41.400000000000034,60.57173959362176
41.500000000000036,59.98817317198262
41.60000000000004,59.40903505157327
41.70000000000004,58.83439249978504
41.80000000000004,58.26430723450355
41.900000000000034,57.698835619637975
42.000000000000036,57.138028858287605
42.10000000000004,56.58193318326533
42.20000000000004,56.03059004472572
42.30000000000004,55.48403629467407
42.400000000000034,54.94230436815778
42.500000000000036,54.405422460966385
42.60000000000004,53.87341470368997
42.70000000000004,53.34630133200644
42.80000000000004,52.82409885308943
42.900000000000034,52.30682020804731
43.000000000000036,51.794474930321044
43.10000000000004,51.28706929998608
43.20000000000004,50.7846064939175
43.30000000000004,50.28708673179277
43.400000000000034,49.79450741791895
43.500000000000036,49.30686327888322
43.60000000000004,48.82414649703687
43.70000000000004,48.34634683983197
43.80000000000004,47.87345178504019
43.90000000000004,47.40544664189054
44.000000000000036,46.9423146681707
44.10000000000004,46.48403718334265
44.20000000000004,46.03059367773031
44.30000000000004,45.58196191784055
44.40000000000004,45.138118047885094
44.500000000000036,44.69903668757367
44.60000000000004,44.26469102625286
44.70000000000004,43.83505291346795
44.80000000000004,43.4100929460271
44.90000000000004,42.98978055164972
45.00000000000004,42.57408406928233
45.10000000000004,42.162970826166266
45.20000000000004,41.75640721174261
45.30000000000004,41.35435874848069
45.40000000000004,40.95679015971566
45.50000000000004,40.56366543458218
45.60000000000004,40.17494789012962
45.70000000000004,39.79060023070484
45.80000000000004,39.410584604687315
45.90000000000004,39.03486265866073
46.00000000000004,38.66339558910432
46.10000000000004,38.29614419168626
46.20000000000004,37.933068908239406
46.30000000000004,37.57412987149989
46.40000000000004,37.219286947685724
46.50000000000004,36.86849977699265
46.60000000000004,36.52172781208226
46.70000000000004,36.17893035463551
46.80000000000004,35.84006659004382
46.90000000000004,35.50509562030749
47.00000000000004,35.17397649520993
47.100000000000044,34.846668241834145
47.20000000000004,34.52312989248637
47.30000000000004,34.203320511089714
47.40000000000004,33.887199218109316
47.50000000000004,33.57472521406793
47.600000000000044,33.26585780171015
47.70000000000004,32.960556406870815
47.80000000000004,32.65878059810181
47.90000000000004,32.360490105109925
48.00000000000004,32.06564483605601
48.100000000000044,31.77420489376501
48.200000000000045,31.48613059089389
48.30000000000004,31.20138246410341
48.40000000000004,30.91992128727783
48.50000000000004,30.641708083835372
48.600000000000044,30.366704138170245
48.700000000000045,30.09487100626611
48.80000000000004,29.82617052551904
48.90000000000004,29.560564823806693
49.00000000000004,29.298016327839274
49.100000000000044,29.038487770826016
49.200000000000045,28.781942199490146
49.30000000000004,28.528342980463695
49.40000000000004,28.277653806092335
49.50000000000004,28.02983869967951
49.600000000000044,27.784862020197373
49.700000000000045,27.542688466491583
49.80000000000004,27.30328308100552
49.90000000000004,27.06661125304848
50.00000000000004,26.83263872163161
50.100000000000044,26.601331577894033
50.200000000000045,26.37265626714092
50.30000000000005,26.146579590514246
50.40000000000004,25.92306870631617
50.50000000000004,25.702091131003808
50.600000000000044,25.483614739874067
50.700000000000045,25.267607767455402
50.80000000000005,25.05403880762348
50.90000000000004,24.842876813456616
51.00000000000004,24.63409109684601
51.100000000000044,24.42765132787557
51.200000000000045,24.223527533984925
51.30000000000005,24.021690098929014
51.40000000000005,23.822109761546834
51.50000000000004,23.62475761435143
51.600000000000044,23.42960510195248
51.700000000000045,23.2366240193227
51.80000000000005,23.045786509918248
51.90000000000005,22.857065063663114
52.00000000000004,22.670432514807164
52.100000000000044,22.48586203966655
52.200000000000045,22.30332715425541
52.30000000000005,22.122801711816663
52.40000000000005,21.944259900259993
52.50000000000004,21.767676239514177
52.600000000000044,21.5930255788008
52.700000000000045,21.420283093836243
52.80000000000005,21.249424283967915
52.90000000000005,21.080424969251023
53.00000000000004,20.913261287471407
53.100000000000044,20.74790969111995
53.200000000000045,20.584346944323638
53.30000000000005,20.422550119738098
53.40000000000005,20.26249659540624
53.50000000000005,20.10416405158736
53.600000000000044,19.94753046756079
53.700000000000045,19.79257411840794
53.80000000000005,19.63927357177659
53.90000000000005,19.487607684630667
54.00000000000005,19.337555599988878
54.100000000000044,19.189096743655377
54.200000000000045,19.042210820945204
54.30000000000005,18.896877813407396
54.40000000000005,18.753077975548244
54.50000000000005,18.610791831557158
54.60000000000005,18.47000017203741
54.700000000000045,18.330684050743937
54.80000000000005,18.19282478133008
54.90000000000005,18.056403934105333
55.00000000000005,17.921403332805703
55.10000000000005,17.78780505137832
55.200000000000045,17.65559141078198
55.30000000000005,17.52474497580483
55.40000000000005,17.39524855190078
55.50000000000005,17.267085182045605
55.60000000000005,17.140238143614116
55.700000000000045,17.014690945279266
55.80000000000005,16.89042732393434
55.90000000000005,16.767431241639027
56.00000000000005,16.645686882590244
56.10000000000005,16.5251786501184
56.200000000000045,16.405891163709953
56.30000000000005,16.287809256056697
56.40000000000005,16.17091797013252
56.50000000000005,16.05520255629806
56.60000000000005,15.940648469433738
56.70000000000005,15.82724136610158
56.80000000000005,15.714967101736264
56.90000000000005,15.603811727865569
57.00000000000005,15.493761489360697
57.10000000000005,15.384802821716546
57.20000000000005,15.276922348362197
57.30000000000005,15.170106878001835
57.40000000000005,15.064343401986125
57.50000000000005,14.959619091714297
57.60000000000005,14.855921296066823
57.70000000000005,14.753237538868934
57.800000000000054,14.651555516384796
57.90000000000005,14.550863094842546
58.00000000000005,14.451148307989918
58.10000000000005,14.352399354680704
58.20000000000005,14.254604596491644
58.300000000000054,14.157752555369955
58.40000000000005,14.061831911311168
58.50000000000005,13.966831500067274
58.60000000000005,13.872740310885018
58.70000000000005,13.779547484274133
58.800000000000054,13.687242309805372
58.90000000000005,13.595814223938216
59.00000000000005,13.505252807877916
59.10000000000005,13.415547785461852
59.20000000000005,13.32668902107485
59.300000000000054,13.238666517593272
59.40000000000005,13.151470414357682
59.50000000000005,13.065090985173796
59.60000000000005,12.979518636341542
59.70000000000005,12.89474390471185
59.800000000000054,12.810757455771066
59.900000000000055,12.727550081752584
60.00000000000005,12.645112699775558
60.10000000000005,12.563436350010248
60.20000000000005,12.482512193869972
60.300000000000054,12.402331512229097
60.400000000000055,12.322885703666994
60.50000000000005,12.244166282737591
60.60000000000005,12.166164878264224
60.70000000000005,12.088873231659539
60.800000000000054,12.012283195270113
60.900000000000055,11.936386730745514
61.00000000000006,11.86117590743152
61.10000000000005,11.786642900787164
61.20000000000005,11.712779990825352
61.300000000000054,11.639579560576763
61.400000000000055,11.567034094576673
61.50000000000006,11.495136177374468
61.60000000000005,11.423878492065557
61.70000000000005,11.353253818845316
61.800000000000054,11.28325503358489
61.900000000000055,11.213875106428462
62.00000000000006,11.145107100411709
62.10000000000005,11.076944170101253
62.20000000000005,11.009379560254658
62.300000000000054,10.94240660450088
62.400000000000055,10.876018724040708
62.50000000000006,10.810209426367042
62.60000000000005,10.744972304004651
62.70000000000005,10.680301033269187
62.800000000000054,10.616189373045149
62.900000000000055,10.552631163582568
63.00000000000006,10.489620325312034
63.10000000000006,10.427150857677967
63.20000000000005,10.365216837989715
63.300000000000054,10.303812420290285
63.400000000000055,10.242931834242484
63.50000000000006,10.182569384032101
63.60000000000006,10.122719447287999
63.70000000000005,10.063376474018803
63.800000000000054,10.004534985565908
63.900000000000055,9.946189573572644
64.00000000000006,9.88833489896929
64.10000000000005,9.830965690973711
64.20000000000006,9.774076746107374
64.30000000000005,9.71766292722658
64.40000000000006,9.66171916256852
64.50000000000006,9.606240444812151
64.60000000000005,9.551221830153422
64.70000000000006,9.496658437394823
64.80000000000005,9.442545447048982
64.90000000000006,9.388878100455969
65.00000000000006,9.335651698914338
65.10000000000005,9.282861602825419
65.20000000000006,9.23050323085088
65.30000000000005,9.17857205908327
65.40000000000006,9.127063620229217
65.50000000000006,9.075973502805356
65.60000000000005,9.025297350346488
65.70000000000006,8.975030860626005
65.80000000000005,8.925169784888295
65.90000000000006,8.875709927092876
66.00000000000006,8.826647143170252
66.10000000000005,8.777977340289084
66.20000000000006,8.729696476134691
66.30000000000005,8.681800558198608
66.40000000000006,8.634285643078977
66.50000000000006,8.587147835791763
66.60000000000005,8.54038328909242
66.70000000000006,8.493988202807998
66.80000000000005,8.447958823179487
66.90000000000006,8.40229144221413
67.00000000000006,8.356982397047746
67.10000000000007,8.312028069316685
67.20000000000006,8.267424884539448
67.30000000000005,8.223169311507682
67.40000000000006,8.179257861686471
67.50000000000006,8.135687088623797
67.60000000000007,8.092453587368892
67.70000000000006,8.049553993899547
67.80000000000005,8.00698498455802
67.90000000000006,7.964743275495558
68.00000000000006,7.922825622125361
68.10000000000007,7.881228818583751
68.20000000000006,7.8399496971996125
68.30000000000005,7.798985127971744
68.40000000000006,7.758332018054185
68.50000000000006,7.717987311249301
68.60000000000007,7.6779479875084675
68.70000000000006,7.63821106244035
68.80000000000005,7.59877358682651
68.90000000000006,7.559632646144358
69.00000000000006,7.520785360097261
69.10000000000007,7.482228882151651
69.20000000000006,7.44396039908117
69.30000000000005,7.405977130517536
69.40000000000006,7.3682763285082125
69.50000000000006,7.330855277080668
69.60000000000007,7.293711291813098
69.70000000000006,7.2568417194116295
69.80000000000007,7.220243937293739
69.90000000000006,7.183915353177951
70.00000000000006,7.14785340467957
70.10000000000007,7.112055558912454
70.20000000000006,7.076519312096704
70.30000000000007,7.041242189172111
70.40000000000006,7.006221743417406
70.50000000000006,6.971455556075053
70.60000000000007,6.93694123598164
70.70000000000006,6.902676419203728
70.80000000000007,6.868658768678995
70.90000000000006,6.8348859738627485
71.00000000000006,6.801355750379563
71.10000000000007,6.768065839680066
71.20000000000006,6.735014008702765
71.30000000000007,6.702198049540781
71.40000000000006,6.6696157791135136
71.50000000000006,6.637265038843051
71.60000000000007,6.605143694335326
71.70000000000006,6.573249635065943
71.80000000000007,6.541580774070501
71.90000000000006,6.510135047639515
72.00000000000006,6.478910415017681
72.10000000000007,6.447904858107542
72.20000000000006,6.417116381177463
72.30000000000007,6.386543010573772
72.40000000000006,6.356182794437116
72.50000000000006,6.326033802422861
72.60000000000007,6.296094125425559
72.70000000000006,6.266361875307356
72.80000000000007,6.236835184630292
72.90000000000006,6.207512206392481
73.00000000000006,6.178391113768023
73.10000000000007,6.149470099850672
73.20000000000006,6.120747377401162
73.30000000000007,6.092221178598111
73.40000000000006,6.063889754792529
73.50000000000007,6.035751376265748
73.60000000000007,6.007804331990882
73.70000000000006,5.980046929397571
73.80000000000007,5.952477494140149
73.90000000000006,5.925094369869053
74.00000000000007,5.897895918005443
74.10000000000007,5.870880517519065
74.20000000000006,5.844046564709178
74.30000000000007,5.817392472988605
74.40000000000006,5.7909166726708285
74.50000000000007,5.764617610760025
74.60000000000007,5.7384937507441105
74.70000000000006,5.712543572390624
74.80000000000007,5.686765571545491
74.90000000000006,5.661158259934615
75.00000000000007,5.6357201649681885
75.10000000000007,5.6104498295477825
75.20000000000006,5.585345811876058
75.30000000000007,5.560406685269181
75.40000000000006,5.535631037971799
75.50000000000007,5.511017472974574
75.60000000000007,5.486564607834283
75.70000000000006,5.4622710744963365
75.80000000000007,5.438135519119805
75.90000000000006,5.414156601904823
76.00000000000007,5.390332996922352
76.10000000000007,5.366663391946325
76.20000000000007,5.3431464882880455
76.30000000000007,5.319781000632883
76.40000000000006,5.296565656879177
76.50000000000007,5.2734991979793655
76.60000000000007,5.250580377783269
76.70000000000007,5.227807962883479
76.80000000000007,5.205180732462902
76.90000000000006,5.182697478144327
77.00000000000007,5.160357003842035
77.10000000000007,5.13815812561546
77.20000000000007,5.116099671524757
77.30000000000007,5.094180481488388
77.40000000000006,5.072399407142576
77.50000000000007,5.050755311702665
77.60000000000007,5.029247069826366
77.70000000000007,5.007873567478795
77.80000000000007,4.986633701799355
77.90000000000006,4.965526380970368
78.00000000000007,4.9445505240874885
78.10000000000007,4.9237050610318365
78.20000000000007,4.902988932343809
78.30000000000007,4.882401089098613
78.40000000000006,4.861940492783416
78.50000000000007,4.841606115176127
78.60000000000007,4.821396938225817
78.70000000000007,4.8013119539346665
78.80000000000007,4.781350164241522
78.90000000000006,4.7615105809069505
79.00000000000007,4.741792225399819
79.10000000000007,4.722194128785379
79.20000000000007,4.702715331614791
79.30000000000007,4.683354883816128
79.40000000000006,4.664111844586766
79.50000000000007,4.644985282287222
79.60000000000007,4.625974274336356
79.70000000000007,4.607077907107919
79.80000000000007,4.588295275828499
79.90000000000008,4.569625484476725
80.00000000000007,4.55106764568385
80.10000000000007,4.532620880635551
80.20000000000007,4.5142843189750455
80.30000000000007,4.496057098707454
80.40000000000008,4.477938366105373
80.50000000000007,4.459927275615685
80.60000000000007,4.442022989767551
80.70000000000007,4.424224679081595
80.80000000000007,4.406531521980257
80.90000000000008,4.3889427046992635
81.00000000000007,4.371457421200274
81.10000000000007,4.354074873084602
81.20000000000007,4.336794269508051
81.30000000000007,4.319614827096849
81.40000000000008,4.302535769864617
81.50000000000007,4.285556329130426
81.60000000000007,4.268675743437863
81.70000000000007,4.251893258475135
81.80000000000007,4.235208126996191
81.90000000000008,4.2186196087428085
82.00000000000007,4.202126970367698
82.10000000000007,4.1857294853585385
82.20000000000007,4.169426433962997
82.30000000000007,4.153217103114673
82.40000000000008,4.137100786359959
82.50000000000007,4.121076783785848
82.60000000000008,4.1051444019486025
82.70000000000007,4.089302953803347
82.80000000000007,4.073551758634507
82.90000000000008,4.057890141987132
83.00000000000007,4.04231743559907
83.10000000000008,4.026832977333968
83.20000000000007,4.011436111115119
83.30000000000007,3.996126186860102
83.40000000000008,3.980902560416262
83.50000000000007,3.9657645934969548
83.60000000000008,3.9507116536185847
83.70000000000007,3.9357431140384267
83.80000000000007,3.9208583536931934
83.90000000000008,3.906056757138361
84.00000000000007,3.891337714488251
84.10000000000008,3.8767006213568136
84.20000000000007,3.8621448787991657
84.30000000000007,3.8476698932538103
84.40000000000008,3.8332750764855787
84.50000000000007,3.8189598455292657
84.60000000000008,3.804723622633929
84.70000000000007,3.790565835207885
84.80000000000007,3.7764859157643476
84.90000000000008,3.7624833018677415
85.00000000000007,3.74855743608066
85.10000000000008,3.7347077659114376
85.20000000000007,3.7209337437623926
85.30000000000007,3.707234826878652
85.40000000000008,3.6936104772976073
85.50000000000007,3.680060161798985
85.60000000000008,3.6665833518554845
85.70000000000007,3.653179523584037
85.80000000000007,3.6398481576976196
85.90000000000008,3.6265887394576506
86.00000000000007,3.6134007586269625
86.10000000000008,3.600283709423309
86.20000000000007,3.5872370904734465
86.30000000000008,3.574260404767731
86.40000000000008,3.5613531596152868
86.50000000000007,3.5485148665996666
86.60000000000008,3.535745041535056
86.70000000000007,3.5230432044229927
86.80000000000008,3.5104088794095794
86.90000000000008,3.4978415947432144
87.00000000000007,3.4853408827328014
87.10000000000008,3.472906279706458
87.20000000000007,3.460537325970711
87.30000000000008,3.4482335657701473
87.40000000000008,3.4359945472475593
87.50000000000007,3.4238198224045258
87.60000000000008,3.411708947062476
87.70000000000007,3.399661480824194
87.80000000000008,3.387676987035757
87.90000000000008,3.375755032748938
88.00000000000007,3.3638951886840203
88.10000000000008,3.352097029193045
88.20000000000007,3.340360132223497
88.30000000000008,3.3286840792823824
88.40000000000008,3.3170684554007432
88.50000000000007,3.305512849098554
88.60000000000008,3.294016852350039
88.70000000000007,3.2825800605493836
88.80000000000008,3.2712020724768203
88.90000000000008,3.259882490265126
89.00000000000009,3.248620919366469
89.10000000000008,3.237416968519671
89.20000000000007,3.2262702497178037
89.30000000000008,3.2151803781761696
89.40000000000008,3.2041469723006557
89.50000000000009,3.1931696536564154
89.60000000000008,3.1822480469369334
89.70000000000007,3.171381779933414
89.80000000000008,3.160570483504536
89.90000000000008,3.149813791546532
90.00000000000009,3.1391113409636
90.10000000000008,3.1284627716386684
90.20000000000007,3.1178677264044605
90.30000000000008,3.1073258510148993
90.40000000000008,3.096836794116829
90.50000000000009,3.0864002072220416
90.60000000000008,3.076015744679629
90.70000000000007,3.0656830636486307
90.80000000000008,3.0554018240709846
90.90000000000008,3.0451716886447913
91.00000000000009,3.0349923227978524
91.10000000000008,3.0248633946615238
91.20000000000007,3.014784575044832
91.30000000000008,3.0047555374088986
91.40000000000008,2.9947759578416364
91.50000000000009,2.984845515032718
91.60000000000008,2.9749638902488296
91.70000000000007,2.9651307673091805
91.80000000000008,2.9553458325613002
91.90000000000008,2.9456087748570883
92.00000000000009,2.9359192855291134
92.10000000000008,2.9262770583672033
92.20000000000007,2.916681789595252
92.30000000000008,2.907133177848303
92.40000000000008,2.897630924149877
92.50000000000009,2.8881747318895346
92.60000000000008,2.8787643068006967
92.70000000000009,2.869399356938686
92.80000000000008,2.860079592659029
92.90000000000008,2.8508047265959644
93.00000000000009,2.841574473641207
93.10000000000008,2.832388550922927
93.20000000000009,2.8232466777849496
93.30000000000008,2.8141485757661933
93.40000000000008,2.805093968580315
93.50000000000009,2.7960825820955733
93.60000000000008,2.7871141443149186
93.70000000000009,2.7781883853562763
93.80000000000008,2.769305037433059
93.90000000000008,2.760463834834866
94.00000000000009,2.751664513908404
94.10000000000008,2.74290681303861
94.20000000000009,2.7341904726299493
94.30000000000008,2.7255152350879492
94.40000000000008,2.7168808448008925
94.50000000000009,2.7082870481217247
94.60000000000008,2.6997335933501496
94.70000000000009,2.6912202307148982
94.80000000000008,2.6827467123562045
94.90000000000008,2.674312792308449
95.00000000000009,2.6659182264829875
95.10000000000008,2.6575627726511692
95.20000000000009,2.6492461904275153
95.30000000000008,2.6409682412530873
95.40000000000009,2.632728688379016
95.50000000000009,2.624527296850217
95.60000000000008,2.616363833489258
95.70000000000009,2.608238066880404
95.80000000000008,2.6001497673538294
95.90000000000009,2.592098706969982
96.00000000000009,2.5840846595041227
96.10000000000008,2.5761074004310096
96.20000000000009,2.568166706909752
96.30000000000008,2.5602623577688157
96.40000000000009,2.5523941334911795
96.50000000000009,2.54456181619965
96.60000000000008,2.5367651896423173
96.70000000000009,2.529004039178169
96.80000000000008,2.5212781517628517
96.90000000000009,2.5135873159345605
97.00000000000009,2.5059313218001003
97.10000000000008,2.498309961021061
97.20000000000009,2.4907230268001506
97.30000000000008,2.4831703138676695
97.40000000000009,2.475651618468098
97.50000000000009,2.468166738346849
97.60000000000008,2.460715472737136
97.70000000000009,2.453297622346978
97.80000000000008,2.4459129893463447
97.90000000000009,2.4385613773544086
98.00000000000009,2.4312425914269506
98.10000000000008,2.423956438043875
98.20000000000009,2.416702725096857
98.30000000000008,2.4094812618771146
98.40000000000009,2.4022918590632965
98.50000000000009,2.3951343287094926
98.60000000000008,2.3880084842333753
98.70000000000009,2.380914140404437
98.80000000000008,2.373851113332374
98.90000000000009,2.3668192204555494
99.00000000000009,2.3598182805296073
99.1000000000001,2.352848113616168
99.20000000000009,2.345908541071667
99.30000000000008,2.33899938553627
99.40000000000009,2.3321204709229213
99.50000000000009,2.325271622406496
99.6000000000001,2.3184526664130485
99.70000000000009,2.311663430609187
99.80000000000008,2.3049037438915225
99.90000000000009,2.2981734363762514
100.00000000000009,2.291472339388821
100.1000000000001,2.284800285453702
100.20000000000009,2.2781571082842675
100.30000000000008,2.2715426427727543
100.40000000000009,2.2649567249803373
100.50000000000009,2.2583991921272943
100.6000000000001,2.2518698825832653
100.70000000000009,2.245368635857614
100.80000000000008,2.2388952925898686
100.90000000000009,2.2324496945402657
101.00000000000009,2.226031684580387
101.1000000000001,2.2196411066838757
101.20000000000009,2.2132778059172615
101.30000000000008,2.206941628430845
101.40000000000009,2.2006324214496997
101.50000000000009,2.1943500332647403
101.6000000000001,2.188094313223886
101.70000000000009,2.181865111723308
101.8000000000001,2.175662280198756
101.90000000000009,2.169485671116968
102.00000000000009,2.16333513796717
102.1000000000001,2.157210535252647
102.20000000000009,2.151111718482403
102.3000000000001,2.145038544162891
102.40000000000009,2.138990869789826
102.50000000000009,2.13296855384008
102.6000000000001,2.1269714557636457
102.70000000000009,2.1209994359756865
102.8000000000001,2.1150523558486456
102.90000000000009,2.1091300777044477
103.00000000000009,2.10323246480676
103.1000000000001,2.097359381353336
103.20000000000009,2.0915106924684266
103.3000000000001,2.0856862641952603
103.40000000000009,2.0798859634885978
103.50000000000009,2.0741096582073553
103.6000000000001,2.068357217107296
103.70000000000009,2.062628509833795
103.8000000000001,2.0569234069146596
103.90000000000009,2.0512417797530285
104.00000000000009,2.0455835006203325
104.1000000000001,2.039948442649319
104.20000000000009,2.034336479827148
104.3000000000001,2.0287474869885407
104.40000000000009,2.0231813398090015
104.50000000000009,2.0176379147980987
104.6000000000001,2.012117089292808
104.70000000000009,2.00661874145092
104.8000000000001,2.0011427502444996
104.90000000000009,1.9956889954534165
105.00000000000009,1.9902573576589286
105.1000000000001,1.984847718237327
105.20000000000009,1.9794599593536397
105.3000000000001,1.9740939639553887
105.40000000000009,1.9687496157664077
105.5000000000001,1.9634267992807175
105.6000000000001,1.958125399756457
105.70000000000009,1.9528453032098634
105.8000000000001,1.9475863964093152
105.90000000000009,1.9423485668694258
106.0000000000001,1.9371317028451889
106.1000000000001,1.931935693326186
106.20000000000009,1.9267604280308288
106.3000000000001,1.9216057974006728
106.40000000000009,1.9164716925947711
106.5000000000001,1.9113580054840797
106.6000000000001,1.906264628645924
106.70000000000009,1.901191455358494
106.8000000000001,1.8961383795954123
106.90000000000009,1.891105296020334
107.0000000000001,1.8860920999816047
107.1000000000001,1.8810986875069635
107.20000000000009,1.876124955298289
107.3000000000001,1.871170800726399
107.40000000000009,1.8662361218258943
107.5000000000001,1.8613208172900444
107.6000000000001,1.856424786465731
107.70000000000009,1.851547929348416
107.8000000000001,1.8466901465771746
107.90000000000009,1.8418513394297613
108.0000000000001,1.8370314098177203
108.1000000000001,1.8322302602815492
108.2000000000001,1.8274477939858853
108.3000000000001,1.8226839147147564
108.40000000000009,1.817938526866859
108.5000000000001,1.8132115354508842
108.6000000000001,1.8085028460808856
108.7000000000001,1.8038123649716813
108.8000000000001,1.7991399989343027
108.90000000000009,1.7944856553714832
109.0000000000001,1.7898492422731793
109.1000000000001,1.785230668212145
109.2000000000001,1.7806298423395261
109.3000000000001,1.776046674380507
109.40000000000009,1.7714810746299936
109.5000000000001,1.7669329539483256
109.6000000000001,1.7624022237570411
109.7000000000001,1.757888796034658
109.8000000000001,1.7533925833125108
109.90000000000009,1.7489134986706112
110.0000000000001,1.7444514557335513
110.1000000000001,1.7400063686664407
110.2000000000001,1.7355781521708749
110.3000000000001,1.7311667214809414
110.40000000000009,1.726771992359264
110.5000000000001,1.7223938810930723
110.6000000000001,1.7180323044903174
110.7000000000001,1.7136871798758049
110.8000000000001,1.7093584250873748
110.90000000000009,1.7050459584721096
111.0000000000001,1.700749698882571
111.1000000000001,1.6964695656730788
111.2000000000001,1.6922054786960057
111.3000000000001,1.6879573582981209
111.40000000000009,1.6837251253169518
111.5000000000001,1.6795087010771845
111.6000000000001,1.6753080073870936
111.7000000000001,1.6711229665349967
111.8000000000001,1.666953501285745
111.9000000000001,1.6627995348772415
112.0000000000001,1.6586609910169934
112.1000000000001,1.6545377938786812
112.2000000000001,1.6504298680987706
112.3000000000001,1.6463371387731442
112.4000000000001,1.642259531453766
112.5000000000001,1.6381969721453742
112.6000000000001,1.6341493873021948
112.7000000000001,1.6301167038246922
112.8000000000001,1.6260988490563426
112.9000000000001,1.622095750780431
113.0000000000001,1.6181073372168864
113.1000000000001,1.614133537019126
113.2000000000001,1.6101742792709437
113.3000000000001,1.6062294934834103
113.4000000000001,1.6022991095918078
113.5000000000001,1.598383057952591
113.6000000000001,1.5944812693403627
113.7000000000001,1.5905936749448868
113.8000000000001,1.586720206368118
113.9000000000001,1.5828607956212615
114.0000000000001,1.579015375121854
114.1000000000001,1.5751838776908684
114.2000000000001,1.571366236549842
114.3000000000001,1.567562385318033
114.4000000000001,1.5637722580095947
114.5000000000001,1.559995789030778
114.60000000000011,1.5562329131771506
114.7000000000001,1.552483565630844
114.8000000000001,1.5487476819578236
114.9000000000001,1.5450251981051772
115.0000000000001,1.5413160503984293
115.10000000000011,1.5376201755388754
115.2000000000001,1.533937510600935
115.3000000000001,1.530267993029536
115.4000000000001,1.526611560637508
115.5000000000001,1.5229681516030087
115.60000000000011,1.5193377044669603
115.7000000000001,1.5157201581305144
115.8000000000001,1.5121154518525322
115.9000000000001,1.5085235252470908
116.0000000000001,1.504944318281007
116.10000000000011,1.5013777712713774
116.2000000000001,1.497823824883144
116.3000000000001,1.4942824201266747
116.4000000000001,1.4907534983553683
116.5000000000001,1.4872370012632774
116.60000000000011,1.4837328708827442
116.7000000000001,1.4802410495820633
116.8000000000001,1.4767614800631614
116.9000000000001,1.4732941053592887
117.0000000000001,1.4698388688327455
117.10000000000011,1.4663957141726014
117.2000000000001,1.4629645853924582
117.3000000000001,1.4595454268282158
117.4000000000001,1.4561381831358584
117.5000000000001,1.4527427992892639
117.60000000000011,1.4493592205780217
117.7000000000001,1.4459873926052735
117.8000000000001,1.4426272612855735
117.9000000000001,1.4392787728427585
118.0000000000001,1.4359418738078422
118.10000000000011,1.4326165110169202
118.2000000000001,1.4293026316090929
118.30000000000011,1.4260001830244087
118.4000000000001,1.4227091130018215
118.5000000000001,1.4194293695771585
118.60000000000011,1.4161609010811134
118.7000000000001,1.412903656137249
118.80000000000011,1.409657583660015
118.9000000000001,1.4064226328527916
119.0000000000001,1.403198753205929
119.10000000000011,1.3999858944948225
119.2000000000001,1.3967840067779917
119.30000000000011,1.3935930403951715
119.4000000000001,1.3904129459654353
119.5000000000001,1.3872436743853063
119.60000000000011,1.3840851768269085
119.7000000000001,1.380937404736117
119.80000000000011,1.3778003098307279
119.9000000000001,1.3746738440986441
120.0000000000001,1.3715579597960692
120.10000000000011,1.36845260944572
120.2000000000001,1.3653577458350528
120.30000000000011,1.3622733220145022
120.4000000000001,1.359199291295734
120.5000000000001,1.3561356072499096
120.60000000000011,1.353082223705965
120.7000000000001,1.350039094748907
120.80000000000011,1.3470061747181146
120.9000000000001,1.3439834182056618
121.00000000000011,1.3409707800546458
121.10000000000011,1.337968215357533
121.2000000000001,1.334975679454515
121.30000000000011,1.3319931279318784
121.4000000000001,1.3290205166203906
121.50000000000011,1.3260578015936875
121.60000000000011,1.323104939166685
121.7000000000001,1.3201618858939963
121.80000000000011,1.3172285985683603
121.9000000000001,1.3143050342190912
122.00000000000011,1.3113911501105244
122.10000000000011,1.308486903740488
122.2000000000001,1.30559225283878
122.30000000000011,1.3027071553656535
122.4000000000001,1.2998315695103269
122.50000000000011,1.2969654536894837
122.60000000000011,1.294108766545805
122.7000000000001,1.2912614669465006
122.80000000000011,1.288423513981853
122.9000000000001,1.2855948669637776
123.00000000000011,1.2827754854243862
123.10000000000011,1.2799653291145658
123.2000000000001,1.2771643580025684
123.30000000000011,1.2743725322726087
123.4000000000001,1.2715898123234763
123.50000000000011,1.2688161587671518
123.60000000000011,1.2660515324274393
123.7000000000001,1.263295894338607
123.80000000000011,1.2605492057440375
123.9000000000001,1.257811428094889
124.00000000000011,1.2550825230487648
124.10000000000011,1.2523624524683945
124.2000000000001,1.249651178420323
124.30000000000011,1.2469486631736129
124.4000000000001,1.2442548691985529
124.50000000000011,1.2415697591653765
124.60000000000011,1.2388932959429904
124.70000000000012,1.2362254425977115
124.80000000000011,1.23356616239202
124.9000000000001,1.230915418783308
125.00000000000011,1.2282731754226486
125.10000000000011,1.2256393961535723
125.20000000000012,1.223014045010847
125.30000000000011,1.220397086219276
125.4000000000001,1.217788484192493
125.50000000000011,1.2151882035317765
125.60000000000011,1.2125962090248676
125.70000000000012,1.2100124656447981
125.80000000000011,1.2074369385487267
125.9000000000001,1.2048695930767817
126.00000000000011,1.2023103947509168
126.10000000000011,1.1997593092737697
126.20000000000012,1.197216302527534
126.30000000000011,1.1946813405728365
126.4000000000001,1.1921543896476223
126.50000000000011,1.18963541616605
126.60000000000011,1.1871243867173917
126.70000000000012,1.1846212680649455
126.80000000000011,1.1821260271449532
126.9000000000001,1.1796386310655234
127.00000000000011,1.1771590471055677
127.10000000000011,1.174687242713741
127.20000000000012,1.172223185507387
127.30000000000011,1.1697668432715032
127.40000000000012,1.1673181839576934
127.50000000000011,1.164877175683147
127.60000000000011,1.1624437867296153
127.70000000000012,1.1600179855423947
127.80000000000011,1.157599740729326
127.90000000000012,1.1551890210597877
128.0000000000001,1.1527857954637084
128.1000000000001,1.1503900330305794
128.2000000000001,1.1480017030084768
128.30000000000013,1.1456207748030884
128.40000000000012,1.1432472179767539
128.5000000000001,1.1408810022475007
128.6000000000001,1.1385220974880974
128.7000000000001,1.136170473725109
128.80000000000013,1.133826101137957
128.90000000000012,1.1314889500579932
129.0000000000001,1.1291589909675712
129.1000000000001,1.1268361944991296
129.2000000000001,1.1245205314342819
129.30000000000013,1.1222119727029105
129.40000000000012,1.1199104893822707
129.5000000000001,1.1176160526960948
129.6000000000001,1.115328634013708
129.7000000000001,1.1130482048491495
129.80000000000013,1.1107747368602976
129.90000000000012,1.108508201848005
130.0000000000001,1.1062485717552333
130.1000000000001,1.1039958186662013
130.2000000000001,1.1017499148055336
130.30000000000013,1.099510832537418
130.40000000000012,1.09727854436477
130.5000000000001,1.0950530229283963
130.6000000000001,1.0928342410061744
130.7000000000001,1.090622171512228
130.80000000000013,1.0884167874961148
130.90000000000012,1.0862180621420192
131.0000000000001,1.0840259687679454
131.1000000000001,1.0818404808249231
131.2000000000001,1.0796615718962133
131.30000000000013,1.0774892156965212
131.40000000000012,1.0753233860712206
131.5000000000001,1.073164056995569
131.6000000000001,1.0710112025739449
131.7000000000001,1.068864797039079
131.80000000000013,1.0667248147512938
131.90000000000012,1.0645912301977538
132.0000000000001,1.062464017991709
132.1000000000001,1.0603431528717557
132.2000000000001,1.0582286097010956
132.30000000000013,1.0561203634668008
132.40000000000012,1.0540183892790878
132.5000000000001,1.0519226623705893
132.6000000000001,1.0498331580956373
132.70000000000013,1.0477498519295478
132.80000000000013,1.045672719467914
132.90000000000012,1.0436017364258978
133.0000000000001,1.0415368786375325
133.1000000000001,1.0394781220550273
133.20000000000013,1.0374254427480754
133.30000000000013,1.035378816903173
133.40000000000012,1.0333382208229314
133.5000000000001,1.0313036309254067
133.6000000000001,1.0292750237434247
133.70000000000013,1.0272523759239136
133.80000000000013,1.025235664227245
133.90000000000012,1.0232248655265699
134.0000000000001,1.0212199568071685
134.1000000000001,1.0192209151658005
134.20000000000013,1.0172277178100588
134.30000000000013,1.0152403420577305
134.40000000000012,1.013258765336158
134.5000000000001,1.0112829651816087
134.6000000000001,1.009312919238647
134.70000000000013,1.0073486052595086
134.80000000000013,1.005390001103485
134.90000000000012,1.0034370847363039
135.0000000000001,1.0014898342295189
135.1000000000001,0.9995482277599039
135.20000000000013,0.9976122436088484
135.30000000000013,0.9956818601617595
135.40000000000012,0.9937570559074653
135.5000000000001,0.9918378094376248
135.6000000000001,0.9899240994461392
135.70000000000013,0.9880159047285705
135.80000000000013,0.9861132041815609
135.90000000000012,0.9842159768022566
