499.80915482062244,0.018042595120574767
499.90915482062246,0.018282769315757848
500.0091548206225,0.01852776943717889
500.1091548206225,0.018777725599270073
500.20915482062253,0.01903277232960734
500.30915482062255,0.019293048749684363
500.4091548206226,0.019558698764381533
500.5091548206226,0.019829871260611073
500.6091548206226,0.02010672031564945
500.70915482062264,0.020389405415700546
500.80915482062267,0.02067809168526767
500.9091548206227,0.020972950127949277
501.0091548206227,0.021274157879313065
501.10915482062273,0.021581898472545543
501.20915482062276,0.021896362117619694
501.3091548206228,0.022217745994772314
501.4091548206228,0.022546254563135082
501.5091548206228,0.02288209988541986
501.60915482062285,0.023225501969619245
501.70915482062287,0.02357668912874869
501.8091548206229,0.023935898359726544
501.9091548206229,0.024303375742563946
502.00915482062294,0.024679376861117732
502.10915482062296,0.0250641672467472
502.209154820623,0.02545802284630999
502.309154820623,0.025861230516034384
502.40915482062303,0.026274088542915228
502.50915482062305,0.026696907195399612
502.6091548206231,0.027130009305256927
502.7091548206231,0.02757373088266668
502.8091548206231,0.028028421766707994
502.90915482062314,0.028494446313597193
503.00915482062317,0.028972184125196473
503.1091548206232,0.02946203082050772
503.2091548206232,0.02996439885307272
503.30915482062323,0.030479718377426704
503.40915482062326,0.031008438167996068
503.5091548206233,0.03155102659409755
503.6091548206233,0.03210797265498495
503.7091548206233,0.03267978707920458
503.80915482062335,0.03326700349286357
503.90915482062337,0.03387017966178885
504.0091548206234,0.034489898812962855
504.1091548206234,0.03512677104106721
504.20915482062344,0.03578143480645238
504.30915482062346,0.03645455853138323
504.4091548206235,0.037146842301993374
504.5091548206235,0.03785901968401838
504.60915482062353,0.03859185966107774
504.70915482062355,0.03934616870504254
504.8091548206236,0.040122792988868033
504.9091548206236,0.04092262075319648
505.0091548206236,0.041746584839053746
505.10915482062364,0.042595665400084956
505.20915482062367,0.04347089280900979
505.3091548206237,0.044373350774341444
505.4091548206237,0.04530417968491854
505.50915482062373,0.046264580201462346
505.60915482062376,0.04725581711621263
505.7091548206238,0.04827922350373312
505.8091548206238,0.049336205188237725
505.9091548206238,0.050428245555295785
506.00915482062385,0.05155691073856125
506.10915482062387,0.05272385521526914
506.2091548206239,0.05393082784769335
506.3091548206239,0.05517967841160635
506.40915482062394,0.05647236465707492
506.50915482062396,0.05781095995172286
506.609154820624,0.059197661561960005
506.709154820624,0.06063479963368919
506.80915482062403,0.062124846940747894
506.90915482062405,0.06367042947691655
507.0091548206241,0.06527433797584513
507.1091548206241,0.0669395404528454
507.2091548206241,0.06866919587331753
507.30915482062414,0.07046666906480252
507.40915482062417,0.07233554700347747
507.5091548206242,0.07427965662157192
507.6091548206242,0.07630308429995361
507.70915482062424,0.0784101972303251
507.80915482062426,0.0806056668544581
507.9091548206243,0.08289449461409902
508.0091548206243,0.08528204027511002
508.1091548206243,0.08777405312365404
508.20915482062435,0.09037670637148369
508.30915482062437,0.09309663515246469
508.4091548206244,0.09594097854431996
508.5091548206244,0.09891742610935596
508.60915482062444,0.10203426951697703
508.70915482062446,0.10530045989070935
508.8091548206245,0.10872567161515001
508.9091548206245,0.11232037344600898
509.00915482062453,0.11609590789194818
509.10915482062455,0.12006457998351824
509.2091548206246,0.12423975671608851
509.3091548206246,0.1286359786550191
509.4091548206246,0.13326908542818883
509.50915482062464,0.13815635711036656
509.60915482062467,0.143316673834304
509.7091548206247,0.14877069635524307
509.8091548206247,0.1545410707615187
509.90915482062474,0.1606526610797794
510.00915482062476,0.16713281418840215
510.1091548206248,0.1740116622509115
510.2091548206248,0.1813224688424323
510.3091548206248,0.18910202610360127
510.40915482062485,0.19739111166453222
510.5091548206249,0.20623501579499443
510.6091548206249,0.21568415132998006
510.7091548206249,0.22579476148626906
510.80915482062494,0.23662974384521826
510.90915482062496,0.24825961268316357
511.009154820625,0.2607636266808632
511.109154820625,0.2742311150924982
511.20915482062503,0.2887630430345466
511.30915482062505,0.3044738660987641
511.4091548206251,0.3214937365709819
511.5091548206251,0.3399711389009384
511.6091548206251,0.3600760517180536
511.70915482062514,0.38200375896131783
511.80915482062517,0.4059794653878023
511.9091548206252,0.4322639142804283
512.0091548206252,0.461160260912733
512.1091548206252,0.49302252880324915
512.2091548206253,0.5282660732991208
512.3091548206253,0.5673806073210473
512.4091548206253,0.6109465194345304
512.5091548206253,0.6596554520557174
512.6091548206253,0.7143364320430967
512.7091548206254,0.7759892920915834
512.8091548206254,0.8458277392689396
512.9091548206254,0.9253352886338074
513.0091548206254,1.0163384885989357
513.1091548206255,1.1211035688905762
513.2091548206255,1.2424650522621272
513.3091548206255,1.3839982804088975
513.4091548206255,1.5502526024953545
513.5091548206256,1.747068632653604
513.6091548206256,1.9820119396927565
513.7091548206256,2.2649667996957645
513.8091548206256,2.608945661435579
513.9091548206256,3.031176555553351
514.0091548206257,3.554513166865449
514.1091548206257,4.209120308266348
514.2091548206257,5.0340942449458375
514.3091548206257,6.077886555637411
514.4091548206258,7.394504664931738
514.5091548206258,9.028568745635008
514.6091548206258,10.976614955948792
514.7091548206258,13.112125572850358
514.8091548206258,15.095004809191863
514.9091548206259,16.38051200792761
515.0091548206259,16.59795822690679
515.1091548206259,16.57678577539969
515.2091548206259,16.532803659467902
515.309154820626,16.466374195444097
515.409154820626,16.378039158525937
515.509154820626,16.268508858350508
515.609154820626,16.138648108883917
515.709154820626,15.989459600002878
515.8091548206261,15.822065250580104
515.9091548206261,15.637686163864457
516.0091548206261,15.437621815290349
516.1091548206261,15.223229082608091
516.2091548206262,14.995901682288686
516.3091548206262,14.757050509738775
516.4091548206262,14.50808529992413
516.5091548206262,14.250397935680464
516.6091548206263,13.985347639101564
516.7091548206263,13.714248192040053
516.8091548206263,13.438357249066904
516.9091548206263,13.158867733245874
517.0091548206263,12.876901243712224
517.1091548206264,12.593503355198703
517.2091548206264,12.309640653343301
517.3091548206264,12.026199325163317
517.4091548206264,11.743985110309783
517.5091548206265,11.463724414129285
517.6091548206265,11.18606638651216
517.7091548206265,10.91158577933487
517.8091548206265,10.640786408433462
517.9091548206266,10.374105062052566
518.0091548206266,10.11191571537366
518.1091548206266,9.85453392902408
518.2091548206266,9.60222132760357
518.3091548206266,9.355190071636356
518.4091548206267,9.113607252539952
518.5091548206267,8.877599154924903
518.6091548206267,8.64725534365564
518.7091548206267,8.42263254456246
518.8091548206268,8.203758297524661
518.9091548206268,7.990634368923937
519.0091548206268,7.783239917310392
519.1091548206268,7.581534411667148
519.2091548206268,7.385460306049422
519.3091548206269,7.1949454777581385
519.4091548206269,7.0099054387292465
519.5091548206269,6.830245331612577
519.6091548206269,6.655861723200959
519.709154820627,6.486644208561804
519.809154820627,6.322476839516713
519.909154820627,6.163239391093982
520.009154820627,6.008808479316323
520.109154820627,5.859058543242374
520.2091548206271,5.7138627036062575
520.3091548206271,5.573093509735865
520.4091548206271,5.4366235857115335
520.5091548206271,5.30432618597878
520.6091548206272,5.176075669873031
520.7091548206272,5.05174790376666
520.8091548206272,4.931220598821426
520.9091548206272,4.814373591631016
521.0091548206273,4.701089074375221
521.1091548206273,4.591251780482836
521.2091548206273,4.484749131217055
521.3091548206273,4.3814713480557295
521.4091548206274,4.28131153523907
521.5091548206274,4.184165736398398
521.6091548206274,4.0899329687598245
521.7091548206274,3.998515238034322
521.8091548206274,3.9098175367586427
521.9091548206275,3.8237478285373316
522.0091548206275,3.740217020352691
522.1091548206275,3.6591389248544455
522.2091548206275,3.580430214311767
522.3091548206276,3.5040103677051584
522.4091548206276,3.4298016122522426
522.5091548206276,3.357728860497832
522.6091548206276,3.2877196439529013
522.7091548206276,3.219704044137563
522.8091548206277,3.1536146217681384
522.9091548206277,3.0893863447266208
523.0091548206277,3.0269565153607743
523.1091548206277,2.9662646975836027
523.2091548206278,2.9072526441708932
523.3091548206278,2.8498642245938983
523.4091548206278,2.79404535367012
523.5091548206278,2.739743921267735
523.6091548206279,2.6869097232577155
523.7091548206279,2.635494393871499
523.8091548206279,2.5854513395905467
523.9091548206279,2.5367356746667387
524.0091548206279,2.4893041583488276
524.109154820628,2.443115133869709
524.209154820628,2.3981284692316014
524.309154820628,2.3543054998111423
524.409154820628,2.3116089727934646
524.509154820628,2.27000299343337
524.6091548206281,2.229452973132438
524.7091548206281,2.1899255793131416
524.8091548206281,2.151388687064555
524.9091548206281,2.11381133252892
525.0091548206282,2.0771636679939873
525.1091548206282,2.0414169186525633
525.2091548206282,2.006543340987964
525.3091548206282,1.9725161827419926
525.4091548206283,1.9393096444205098
525.5091548206283,1.9068988422906348
525.6091548206283,1.8752597728229545
525.7091548206283,1.8443692785318444
525.8091548206284,1.8142050151669864
525.9091548206284,1.7847454202094597
526.0091548206284,1.7559696826262068
526.1091548206284,1.7278577138373568
526.2091548206284,1.7003901198516465
526.3091548206285,1.673548174526099
526.4091548206285,1.6473137939071132
526.5091548206285,1.6216695116111879
526.6091548206285,1.5965984552046346
526.7091548206286,1.5720843235427988
526.8091548206286,1.548111365030521
526.9091548206286,1.5246643567667642
527.0091548206286,1.50172858453758
527.1091548206286,1.4792898236227963
527.2091548206287,1.457334320383034
527.3091548206287,1.435848774594862
527.4091548206287,1.4148203225030958
527.5091548206287,1.3942365205604017
527.6091548206288,1.3740853298255304
527.7091548206288,1.3543551009925974
527.8091548206288,1.3350345600249471
527.9091548206288,1.3161127943681696
528.0091548206289,1.2975792397178854
528.1091548206289,1.2794236673189032
528.2091548206289,1.2616361717733247
528.3091548206289,1.2442071593360962
528.4091548206289,1.2271273366774156
528.509154820629,1.2103877000922638
528.609154820629,1.1939795251381682
528.709154820629,1.1778943566831095
528.809154820629,1.1621239993462609
528.909154820629,1.1466605083149808
529.0091548206291,1.13149618052221
529.1091548206291,1.1166235461690925
529.2091548206291,1.1020353605783093
529.3091548206291,1.0877245963642337
529.4091548206292,1.0736844359066302
529.5091548206292,1.0599082641151885
529.6091548206292,1.0463896614727441
529.7091548206292,1.0331223973455594
529.8091548206293,1.020100423549555
529.9091548206293,1.0073178681618598
530.0091548206293,0.9947690295675138
530.1091548206293,0.9824483707315997
530.2091548206294,0.9703505136875114
530.3091548206294,0.9584702342324575
530.4091548206294,0.9468024568217003
530.5091548206294,0.9353422496533974
530.6091548206294,0.9240848199362536
