1.0,82.29026473479993
1.1,82.65112493365137
1.2000000000000002,83.01380270374047
1.3000000000000003,83.37830415726138
1.4000000000000004,83.7446353334273
1.5000000000000004,84.11280219585052
1.6000000000000005,84.48281062987209
1.7000000000000006,84.85466643983938
1.8000000000000007,85.22837534633186
1.9000000000000008,85.60394298333402
2.000000000000001,85.98137489535462
2.100000000000001,86.36067653449224
2.200000000000001,86.74185325744557
2.300000000000001,87.12491032246896
2.4000000000000012,87.50985288627155
2.5000000000000013,87.89668600085987
2.6000000000000014,88.28541461032351
2.7000000000000015,88.67604354756246
2.8000000000000016,89.06857753095646
2.9000000000000017,89.46302116097527
3.0000000000000018,89.85937891672887
3.100000000000002,90.25765515245814
3.200000000000002,90.65785409396422
3.300000000000002,91.05997983497687
3.400000000000002,91.46403633346067
3.500000000000002,91.87002740785908
3.6000000000000023,92.27795673327546
3.7000000000000024,92.68782783759036
3.8000000000000025,93.09964409751538
3.9000000000000026,93.51340873458201
4.000000000000003,93.92912481106616
4.100000000000003,94.34679522584653
4.200000000000003,94.76642271019828
4.3000000000000025,95.18800982351924
4.400000000000003,95.61155894899065
4.5000000000000036,96.03707228917011
4.600000000000003,96.46455186151766
4.700000000000003,96.89399949385412
4.800000000000003,97.32541681975118
4.900000000000004,97.75880527385382
5.0000000000000036,98.19416608713368
5.100000000000003,98.63150028207419
5.200000000000004,99.07080866778638
5.300000000000004,99.5120918350561
5.400000000000004,99.95535015132154
5.5000000000000036,100.40058375558205
5.600000000000004,100.8477925532371
5.700000000000005,101.2969762108562
5.800000000000004,101.74813415087942
5.900000000000004,102.20126554624854
6.000000000000004,102.6563693149691
6.100000000000005,103.11344411460334
6.200000000000005,103.57248833669433
6.300000000000004,104.03350010112155
6.400000000000005,104.49647725038771
6.500000000000005,104.9614173438382
6.600000000000005,105.42831765181235
6.700000000000005,105.89717514972769
6.800000000000005,106.36798651209753
6.900000000000006,106.84074810648225
7.000000000000005,107.31545598737505
7.100000000000005,107.79210589002291
7.2000000000000055,108.27069322418328
7.300000000000006,108.75121306781722
7.400000000000006,109.2336601607204
7.500000000000005,109.71802889809223
7.600000000000006,110.20431332404436
7.700000000000006,110.69250712504994
7.800000000000006,111.18260362333419
7.900000000000006,111.6745957702081
8.000000000000007,112.16847613934607
8.100000000000007,112.66423692000929
8.200000000000006,113.16186991021596
8.300000000000006,113.66136650986034
8.400000000000006,114.1627177137818
8.500000000000007,114.66591410478586
8.600000000000007,115.17094584661922
8.700000000000006,115.67780267690023
8.800000000000008,116.18647390000748
8.900000000000007,116.69694837992782
9.000000000000007,117.2092145330668
9.100000000000007,117.72326032102343
9.200000000000006,118.23907324333169
9.300000000000008,118.75664033017169
9.400000000000007,119.27594813505266
9.500000000000007,119.79698272747079
9.600000000000009,120.31972968554489
9.700000000000008,120.84417408863268
9.800000000000008,121.370300509931
9.900000000000007,121.8980930090628
10.000000000000007,122.427535124655
10.100000000000009,122.95860986690985
10.200000000000008,123.49129971017418
10.300000000000008,124.02558658550959
10.40000000000001,124.56145187326821
10.500000000000009,125.09887639567731
10.600000000000009,125.63784040943733
10.700000000000008,126.1783235983375
10.800000000000008,126.72030506589364
10.90000000000001,127.26376332801233
11.000000000000009,127.8086763056865
11.100000000000009,128.3550213177271
11.20000000000001,128.90277507353582
11.30000000000001,129.45191366592425
11.40000000000001,130.0024125639843
11.500000000000009,130.5542466060158
11.600000000000009,131.10738999251643
11.70000000000001,131.66181627923987
11.80000000000001,132.21749837032817
11.90000000000001,132.77440851152394
12.00000000000001,133.33251828346926
12.10000000000001,133.89179859509645
12.20000000000001,134.45221967711836
12.30000000000001,135.01375107562413
12.40000000000001,135.57636164578702
12.50000000000001,136.14001954569184
12.60000000000001,136.70469223028832
12.70000000000001,137.270346445478
12.800000000000011,137.83694822234182
12.900000000000011,138.40446287151585
13.00000000000001,138.97285497772305
13.10000000000001,139.54208839446787
13.20000000000001,140.11212623890304
13.300000000000011,140.68293088687494
13.400000000000011,141.25446396815667
13.50000000000001,141.82668636187705
13.600000000000012,142.39955819215308
13.700000000000012,142.9730388239352
13.800000000000011,143.54708685907372
13.900000000000011,144.12166013261447
14.00000000000001,144.69671570933338
14.100000000000012,145.27220988051832
14.200000000000012,145.84809816100707
14.300000000000011,146.42433528649096
14.400000000000013,147.00087521109265
14.500000000000012,147.57767110522784
14.600000000000012,148.15467535376
14.700000000000012,148.73183955445685
14.800000000000011,149.30911451675894
14.900000000000013,149.886450260869
15.000000000000012,150.4637960171717
15.100000000000012,151.04110022599315
15.200000000000014,151.61831053771004
15.300000000000013,152.19537381321715
15.400000000000013,152.77223612476328
15.500000000000012,153.348842757165
15.600000000000012,153.92513820940678
15.700000000000014,154.5010661966386
15.800000000000013,155.07656965257803
15.900000000000013,155.65159073232834
16.000000000000014,156.22607081562015
16.100000000000016,156.79995051048624
16.200000000000014,157.37316965737878
16.30000000000001,157.9456673337376
16.400000000000013,158.51738185901775
16.500000000000014,159.0882508001859
16.600000000000016,159.6582109776931
16.700000000000014,160.2271984719326
16.800000000000015,160.7951486301909
16.900000000000013,161.36199607409904
17.000000000000014,161.9276747075933
17.100000000000016,162.49211772539067
17.200000000000014,163.05525762198826
17.300000000000015,163.61702620119206
17.400000000000013,164.1773545861821
17.500000000000014,164.7361732301205
17.600000000000016,165.29341192730809
17.700000000000014,165.84899982489526
17.800000000000015,166.40286543515236
17.900000000000016,166.95493664830425
18.000000000000014,167.50514074593414
18.100000000000016,168.05340441496017
18.200000000000017,168.59965376218852
18.300000000000015,169.14381432944649
18.400000000000016,169.6858111092984
18.500000000000014,170.225568561346
18.600000000000016,170.76301062911566
18.700000000000017,171.29806075753396
18.800000000000015,171.83064191099146
18.900000000000016,172.36067659199583
19.000000000000014,172.8880868604132
19.100000000000016,173.41279435329784
19.200000000000017,173.9347203053073
19.300000000000015,174.4537855697022
19.400000000000016,174.96991063992735
19.500000000000018,175.4830156717704
19.600000000000016,175.99302050609523
19.700000000000017,176.4998446921443
19.80000000000002,177.00340751140507
19.900000000000016,177.50362800203456
20.000000000000018,178.0004249838354
20.100000000000016,178.49371708377558
20.200000000000017,178.98342276204448
20.30000000000002,179.46946033863549
20.400000000000016,179.95174802044662
20.500000000000018,180.4302039288881
20.600000000000016,180.9047461279864
20.700000000000017,181.37529265297277
20.80000000000002,181.84176153934382
20.900000000000016,182.30407085238085
21.000000000000018,182.76213871711445
21.10000000000002,183.21588334871876
21.200000000000017,183.66522308332083
21.30000000000002,184.1100764092085
21.40000000000002,184.5503619984198
21.500000000000018,184.9859987386964
21.60000000000002,185.41690576578296
21.700000000000017,185.84300249605246
21.80000000000002,186.26420865943902
21.90000000000002,186.6804443326566
22.000000000000018,187.09162997268308
22.10000000000002,187.49768645048746
22.200000000000017,187.89853508497853
22.30000000000002,188.29409767715077
22.40000000000002,188.68429654440473
22.500000000000018,189.06905455501715
22.60000000000002,189.44829516273617
22.70000000000002,189.8219424414758
22.80000000000002,190.1899211200846
22.90000000000002,190.55215661716062
23.00000000000002,190.90857507588748
23.10000000000002,191.25910339886298
23.20000000000002,191.60366928289264
23.30000000000002,191.9422012537205
23.40000000000002,192.27462870066833
23.50000000000002,192.6008819111542
23.60000000000002,192.92089210506182
23.70000000000002,193.23459146893083
23.80000000000002,193.5419131899387
23.90000000000002,193.84279148964438
24.00000000000002,194.1371616574637
24.10000000000002,194.4249600838468
24.20000000000002,194.70612429312752
24.300000000000022,194.98059297601407
24.40000000000002,195.24830602169172
24.50000000000002,195.50920454950742
24.600000000000023,195.76323094020555
24.70000000000002,196.01032886668682
24.800000000000022,196.25044332425867
24.90000000000002,196.4835206603497
25.00000000000002,196.70950860365838
25.100000000000023,196.92835629270672
25.20000000000002,197.14001430377238
25.300000000000022,197.34443467816897
25.40000000000002,197.54157094884917
25.50000000000002,197.73137816630276
25.600000000000023,197.9138129237229
25.70000000000002,198.08883338141584
25.800000000000022,198.25639929042768
25.900000000000023,198.41647201536486
26.00000000000002,198.56901455638365
26.100000000000023,198.713991570326
26.200000000000024,198.85136939097933
26.300000000000022,198.98111604843922
26.400000000000023,199.10320128755376
26.50000000000002,199.21759658543024
26.600000000000023,199.32427516798558
26.700000000000024,199.4232120255221
26.800000000000022,199.51438392731282
26.900000000000023,199.59776943517917
27.00000000000002,199.6733489160475
27.100000000000023,199.74110455347017
27.200000000000024,199.8010203580989
27.300000000000022,199.85308217709826
27.400000000000023,199.89727770249024
27.500000000000025,199.93359647841933
27.600000000000023,199.9620299073311
27.700000000000024,199.9825712550569
27.800000000000026,199.99521565479964
27.900000000000023,199.99996011001545
28.000000000000025,199.9896436984166
28.100000000000023,199.95382623037025
28.200000000000024,199.89244584412668
28.300000000000026,199.8055496179661
28.400000000000023,199.693204126491
28.500000000000025,199.55549531327586
28.600000000000023,199.39252832682251
28.700000000000024,199.204427320403
28.800000000000026,198.99133521649978
28.900000000000023,198.7534134366741
29.000000000000025,198.49084159781057
29.100000000000026,198.20381717579795
29.200000000000024,197.892555137812
29.300000000000026,197.55728754446577
29.400000000000027,197.19826312318511
29.500000000000025,196.81574681425263
29.600000000000026,196.4100192910407
29.700000000000024,195.98137645602344
29.800000000000026,195.53012891421866
29.900000000000027,195.05660142576454
30.000000000000025,194.5611323393772
30.100000000000026,194.04407300847444
30.200000000000024,193.5057871917743
30.300000000000026,192.94665044019726
30.400000000000027,192.36704947190916
30.500000000000025,191.76738153734482
30.600000000000026,191.148053776043
30.700000000000028,190.5094825671115
30.800000000000026,189.852092875116
30.900000000000027,189.17631759315933
31.00000000000003,188.4825968848794
31.100000000000026,187.77137752705264
31.200000000000028,187.04311225444027
31.300000000000026,186.29825910846174
31.400000000000027,185.53728079121822
31.50000000000003,184.76064402632826
31.600000000000026,183.9688189279674
31.700000000000028,183.1622783794335
31.800000000000026,182.34149742248613
31.900000000000027,181.50695265862956
32.00000000000003,180.65912166343253
32.10000000000002,179.79848241489623
32.20000000000003,178.92551273680178
32.300000000000026,178.04068975788687
32.40000000000003,177.14448938761745
32.50000000000003,176.23738580924356
32.60000000000003,175.31985099074146
32.70000000000003,174.39235421416996
32.800000000000026,173.45536162388817
32.90000000000003,172.5093357940046
33.00000000000003,171.55473531535637
33.10000000000003,170.59201440224106
33.20000000000003,169.62162251905764
33.300000000000026,168.64400402694386
33.40000000000003,167.65959785043455
33.50000000000003,166.66883716410481
33.60000000000003,165.6721490991025
33.70000000000003,164.6699544694224
33.800000000000026,163.6626675177219
33.90000000000003,162.6506956804303
34.00000000000003,161.63443937186128
34.10000000000003,160.61429178699453
34.20000000000003,159.59063872255777
34.30000000000003,158.56385841600482
34.40000000000003,157.53432140195537
34.50000000000003,156.5023903856339
34.60000000000003,155.46842013282279
34.70000000000003,154.43275737582061
34.80000000000003,153.3957407348816
34.90000000000003,152.35770065459448
35.00000000000003,151.31895935464794
35.10000000000003,150.2798307944202
35.20000000000003,149.24062065082077
35.30000000000003,148.20162630881077
35.400000000000034,147.16313686402262
35.50000000000003,146.12543313690114
35.60000000000003,145.08878769778798
35.70000000000003,144.05346490237682
35.80000000000003,143.01972093696855
35.900000000000034,141.98780387296486
36.00000000000003,140.95795373004506
36.10000000000003,139.93040254748053
36.20000000000003,138.9053744630521
36.30000000000003,137.8830857990457
36.400000000000034,136.86374515481518
36.50000000000003,135.84755350541457
36.60000000000003,134.83470430581383
36.70000000000003,133.82538360023
36.80000000000003,132.81977013611694
36.900000000000034,131.81803548237508
37.00000000000003,130.82034415135655
37.10000000000003,129.82685372425817
37.20000000000003,128.83771497951008
37.30000000000003,127.8530720237844
37.400000000000034,126.87306242526414
37.500000000000036,125.89781734882939
37.60000000000003,124.92746169283365
37.70000000000003,123.96211422715831
37.80000000000003,123.00188773225136
37.900000000000034,122.04688913886852
38.000000000000036,121.09721966825383
38.10000000000003,120.15297497250906
38.20000000000003,119.21424527491733
38.30000000000003,118.2811155100007
38.400000000000034,117.35366546310426
38.500000000000036,116.4319699093141
38.60000000000004,115.51609875152887
38.70000000000003,114.60611715751807
38.80000000000003,113.70208569581109
38.900000000000034,112.80406047027527
39.000000000000036,111.91209325324968
39.10000000000004,111.02623161711469
39.20000000000003,110.14651906418709
39.30000000000003,109.27299515483949
39.400000000000034,108.40569563375514
39.500000000000036,107.54465255423472
39.60000000000004,106.68989440048378
39.70000000000003,105.84144620781608
39.80000000000003,104.99932968071562
39.900000000000034,104.16356330871012
40.000000000000036,103.33416248001174
40.10000000000004,102.51113959289158
40.20000000000003,101.69450416475847
40.30000000000003,100.88426293891851
40.400000000000034,100.0804199889994
40.500000000000036,99.28297682102556
40.60000000000004,98.4919324731383
40.70000000000004,97.70728361295772
40.80000000000003,96.92902463258777
40.900000000000034,96.15714774127026
41.000000000000036,95.3916430556973
41.10000000000004,94.6324986879941
41.20000000000004,93.87970083138843
41.30000000000003,93.13323384358532
41.400000000000034,92.39308032786772
41.500000000000036,91.65922121194811
41.60000000000004,90.93163582459523
41.70000000000004,90.2103019700653
41.80000000000004,89.49519600036672
41.900000000000034,88.78629288538953
42.000000000000036,88.0835662809325
42.10000000000004,87.38698859466238
42.20000000000004,86.69653105003924
42.30000000000004,86.01216374824523
42.400000000000034,85.33385572815283
42.500000000000036,84.66157502437075
42.60000000000004,83.99528872340562
42.70000000000004,83.33496301797763
42.80000000000004,82.68056325952995
42.900000000000034,82.03205400897075
43.000000000000036,81.38939908568724
43.10000000000004,80.75256161487175
43.20000000000004,80.12150407319902
43.30000000000004,79.49618833289402
43.400000000000034,78.87657570423063
43.500000000000036,78.26262697649888
43.60000000000004,77.65430245748124
43.70000000000004,77.0515620114755
43.80000000000004,76.4543650959027
43.90000000000004,75.86267079653857
44.000000000000036,75.27643786140501
44.10000000000004,74.69562473335944
44.20000000000004,74.12018958141802
44.30000000000004,73.55009033084866
44.40000000000004,72.98528469206964
44.500000000000036,72.42573018838804
44.60000000000004,71.87138418261272
44.70000000000004,71.32220390257538
44.80000000000004,70.77814646559244
44.90000000000004,70.23916890190034
45.00000000000004,69.70522817709588
45.10000000000004,69.17628121361267
45.20000000000004,68.65228491126403
45.30000000000004,68.1331961668825
45.40000000000004,67.61897189308418
45.50000000000004,67.10956903618717
45.60000000000004,66.60494459331139
45.70000000000004,66.10505562868693
45.80000000000004,65.6098592891976
45.90000000000004,65.11931281918501
46.00000000000004,64.63337357453867
46.10000000000004,64.15199903609631
46.20000000000004,63.67514682237845
46.30000000000004,63.20277470168046
46.40000000000004,62.73484060354427
46.50000000000004,62.2713026296322
46.60000000000004,61.81211906402388
46.70000000000004,61.35724838295711
46.80000000000004,60.90664926403307
46.90000000000004,60.460280594904994
47.00000000000004,60.018101481469586
47.100000000000044,59.580071255579725
47.20000000000004,59.14614948229611
47.30000000000004,58.7162959666952
47.40000000000004,58.29047076025084
47.50000000000004,57.868634166804924
47.600000000000044,57.45074674814389
47.70000000000004,57.036769329195664
47.80000000000004,56.626663002862244
47.90000000000004,56.22038913450243
48.00000000000004,55.81790936607806
48.100000000000044,55.419185619977895
48.200000000000045,55.02418010253164
48.30000000000004,54.63285530722716
48.40000000000004,54.24517401764252
48.50000000000004,53.86109931010546
48.600000000000044,53.48059455609074
48.700000000000045,53.10362342436719
48.80000000000004,52.73014988290452
48.90000000000004,52.36013820055051
49.00000000000004,51.99355294848851
49.100000000000044,51.63035900148451
49.200000000000045,51.270521538933416
49.30000000000004,50.914006045713236
49.40000000000004,50.56077831285574
49.50000000000004,50.21080443804228
49.600000000000044,49.86405082593225
49.700000000000045,49.520484188332354
49.80000000000004,49.1800715442138
49.90000000000004,48.84278021958491
50.00000000000004,48.508577847225936
50.100000000000044,48.17743236629257
50.200000000000045,47.849312021794915
50.30000000000005,47.52418536395777
50.40000000000004,47.2020212474685
50.50000000000004,46.8827888306178
50.600000000000044,46.56645757433952
50.700000000000045,46.25299724115415
50.80000000000005,45.942377894021455
50.90000000000004,45.6345698951072
51.00000000000004,45.329543904468494
51.100000000000044,45.02727087866254
51.200000000000045,44.72772206928285
51.30000000000005,44.430869021427334
51.40000000000005,44.13668357210228
51.50000000000004,43.84513784856606
51.600000000000044,43.556204266616106
51.700000000000045,43.26985552882312
51.80000000000005,42.986064622715574
51.90000000000005,42.70480481891788
52.00000000000004,42.42604966924552
52.100000000000044,42.14977300475996
52.200000000000045,41.87594893378641
52.30000000000005,41.604551839897105
52.40000000000005,41.33555637986278
52.50000000000004,41.06893748157494
52.600000000000044,40.80467034194123
52.700000000000045,40.54273042475659
52.80000000000005,40.28309345855183
52.90000000000005,40.02573543442242
53.00000000000004,39.770632603839076
53.100000000000044,39.517761476442274
53.200000000000045,39.267098817822614
53.30000000000005,39.01862164728876
53.40000000000005,38.7723072356245
53.50000000000005,38.52813310283692
53.600000000000044,38.286077015896865
53.700000000000045,38.04611698647344
53.80000000000005,37.80823126866392
53.90000000000005,37.572398356720136
54.00000000000005,37.3385969827731
54.100000000000044,37.10680611455669
54.200000000000045,36.8770049531317
54.30000000000005,36.64917293061148
54.40000000000005,36.42328970788997
54.50000000000005,36.19933517237332
54.60000000000005,35.97728943571593
54.700000000000045,35.75713283156198
54.80000000000005,35.538845913292946
54.90000000000005,35.32240945178249
55.00000000000005,35.10780443315876
55.10000000000005,34.89501205657546
55.200000000000045,34.68401373199205
55.30000000000005,34.474791077963715
55.40000000000005,34.26732591944194
55.50000000000005,34.0616002855859
55.60000000000005,33.85759640758559
55.700000000000045,33.655296716496935
55.80000000000005,33.454683841089384
55.90000000000005,33.2557406057067
56.00000000000005,33.05845002814089
56.10000000000005,32.86279531752011
56.200000000000045,32.66875987221066
56.30000000000005,32.47632727773347
56.40000000000005,32.28548130469542
56.50000000000005,32.09620590673581
56.60000000000005,31.908485218488003
56.70000000000005,31.722303553556948
56.80000000000005,31.537645402512354
56.90000000000005,31.354495430897977
57.00000000000005,31.172838477257223
57.10000000000005,30.992659551175016
57.20000000000005,30.813943831336367
57.30000000000005,30.63667666360159
57.40000000000005,30.460843559098326
57.50000000000005,30.286430192330617
57.60000000000005,30.113422399304884
57.70000000000005,29.9418061756731
57.800000000000054,29.771567674893113
57.90000000000005,29.602693206406297
58.00000000000005,29.43516923383226
58.10000000000005,29.268982373181238
58.20000000000005,29.104119391083493
58.300000000000054,28.940567203036228
58.40000000000005,28.778312871667858
58.50000000000005,28.617343605019574
58.60000000000005,28.457646754844365
58.70000000000005,28.299209814923202
58.800000000000054,28.142020419398627
58.90000000000005,27.98606634112558
59.00000000000005,27.83133549003932
59.10000000000005,27.67781591154074
59.20000000000005,27.52549578489851
59.300000000000054,27.374363421668413
59.40000000000005,27.22440726412965
59.50000000000005,27.07561588373793
59.60000000000005,26.927977979595557
59.70000000000005,26.78148237693803
59.800000000000054,26.636118025637447
59.900000000000055,26.491873998722408
60.00000000000005,26.348739490914365
60.10000000000005,26.2067038171803
60.20000000000005,26.065756411301777
60.300000000000054,25.92588682445996
60.400000000000055,25.787084723836802
60.50000000000005,25.649339891232135
60.60000000000005,25.512642221696492
60.70000000000005,25.376981722179774
60.800000000000054,25.242348510195328
60.900000000000055,25.10873281249957
61.00000000000006,24.976124963786948
61.10000000000005,24.844515405400067
61.20000000000005,24.713894684054896
61.300000000000054,24.58425345058096
61.400000000000055,24.455582458676346
61.50000000000006,24.327872563677385
61.60000000000005,24.20111472134293
61.70000000000005,24.075299986652986
61.800000000000054,23.95041951262176
61.900000000000055,23.82646454912478
62.00000000000006,23.70342644174006
62.10000000000005,23.581296630603237
62.20000000000005,23.460066649276317
62.300000000000054,23.33972812363026
62.400000000000055,23.220272770740827
62.50000000000006,23.101692397797958
62.60000000000005,22.983978901028312
62.70000000000005,22.867124264630817
62.800000000000054,22.75112055972537
62.900000000000055,22.635959943314106
63.00000000000006,22.52163465725553
63.10000000000006,22.40813702725109
63.20000000000005,22.29545946184429
63.300000000000054,22.18359445143187
63.400000000000055,22.072534567287363
63.50000000000006,21.962272460596502
63.60000000000006,21.852800861504583
63.70000000000005,21.744112578175567
63.800000000000054,21.63620049586272
63.900000000000055,21.52905757599091
64.00000000000006,21.42267685525008
64.10000000000005,21.317051444700056
64.20000000000006,21.21217452888639
64.30000000000005,21.1080393649673
64.40000000000006,21.004639281851237
64.50000000000006,20.90196767934541
64.60000000000005,20.800018027314724
64.70000000000006,20.698783864851276
64.80000000000005,20.598258799454243
64.90000000000006,20.49843650621982
65.00000000000006,20.39931072704149
65.10000000000005,20.30087526982008
65.20000000000006,20.203124007683783
65.30000000000005,20.10605087821799
65.40000000000006,20.00964988270451
65.50000000000006,19.913915085370647
65.60000000000005,19.81884061264732
65.70000000000006,19.724420652436727
65.80000000000005,19.630649453389093
65.90000000000006,19.537521324188397
66.00000000000006,19.445030632847217
66.10000000000005,19.353171806010202
66.20000000000006,19.26193932826644
66.30000000000005,19.17132774147041
66.40000000000006,19.081331644071327
66.50000000000006,18.99194569045112
66.60000000000005,18.90316459027045
66.70000000000006,18.81498310782312
66.80000000000005,18.72739606139854
66.90000000000006,18.64039832265209
67.00000000000006,18.55398481598353
67.10000000000007,18.468150517923046
67.20000000000006,18.382890456525143
67.30000000000005,18.29819971077
67.40000000000006,18.214073409972407
67.50000000000006,18.13050673319816
67.60000000000007,18.047494908687582
67.70000000000006,17.965033213286503
67.80000000000005,17.88311697188417
67.90000000000006,17.801741556858293
68.00000000000006,17.720902387527087
68.10000000000007,17.64059492960799
68.20000000000006,17.560814694683387
68.30000000000005,17.481557239672814
68.40000000000006,17.402818166311885
68.50000000000006,17.32459312063773
68.60000000000007,17.246877792480735
68.70000000000006,17.169667914962837
68.80000000000005,17.092959264001877
68.90000000000006,17.01674765782227
69.00000000000006,16.94102895647178
69.10000000000007,16.865799061344198
69.20000000000006,16.791053914708144
69.30000000000005,16.71678949924157
69.40000000000006,16.643001837572186
69.50000000000006,16.56968699182358
69.60000000000007,16.496841063166865
69.70000000000006,16.424460191378138
69.80000000000007,16.352540554401163
69.90000000000006,16.281078367915715
70.00000000000006,16.210069884911135
70.10000000000007,16.139511395265227
70.20000000000006,16.069399225328436
70.30000000000007,15.99972973751301
70.40000000000006,15.93049932988746
70.50000000000006,15.861704435775856
70.60000000000007,15.793341523362187
70.70000000000006,15.725407095299603
70.80000000000007,15.657897688324391
70.90000000000006,15.590809872874857
71.00000000000006,15.524140252714767
71.10000000000007,15.457885464561523
71.20000000000006,15.392042177718915
71.30000000000007,15.3266070937143
71.40000000000006,15.261576945940385
71.50000000000006,15.196948499301262
71.60000000000007,15.132718549862904
71.70000000000006,15.068883924507924
71.80000000000007,15.005441480594486
71.90000000000006,14.942388105619528
72.00000000000006,14.87972071688598
72.10000000000007,14.817436261174137
72.20000000000006,14.755531714417035
72.30000000000007,14.694004081379724
72.40000000000006,14.632850395342567
72.50000000000006,14.572067717788283
72.60000000000007,14.51165313809288
72.70000000000006,14.451603773220363
72.80000000000007,14.391916767421026
72.90000000000006,14.332589291933605
73.00000000000006,14.273618544690857
73.10000000000007,14.215001750028824
73.20000000000006,14.156736158399633
73.30000000000007,14.098819046087636
73.40000000000006,14.041247714929176
73.50000000000007,13.984019492035555
73.60000000000007,13.927131729519502
73.70000000000006,13.870581804224813
73.80000000000007,13.814367117459325
73.90000000000006,13.758485094731123
74.00000000000007,13.702933185487808
74.10000000000007,13.647708862859044
74.20000000000006,13.59280962340207
74.30000000000007,13.538232986850346
74.40000000000006,13.483976495865193
74.50000000000007,13.430037715790354
74.60000000000007,13.376414234409587
74.70000000000006,13.323103661707048
74.80000000000007,13.270103629630606
74.90000000000006,13.217411791857991
75.00000000000007,13.165025823565633
75.10000000000007,13.112943421200368
75.20000000000006,13.061162302253777
75.30000000000007,13.009680205039228
75.40000000000006,12.958494888471611
75.50000000000007,12.907604131849581
75.60000000000007,12.857005734640483
75.70000000000006,12.806697516267754
75.80000000000007,12.756677315900856
75.90000000000006,12.706942992247733
76.00000000000007,12.65749242334961
76.10000000000007,12.608323506378325
76.20000000000007,12.559434157435964
76.30000000000007,12.510822311356915
76.40000000000006,12.46248592151216
76.50000000000007,12.414422959615957
76.60000000000007,12.366631415534743
76.70000000000007,12.31910929709824
76.80000000000007,12.271854629912859
76.90000000000006,12.224865457177186
77.00000000000007,12.178139839499659
77.10000000000007,12.131675854718436
77.20000000000007,12.085471597723219
77.30000000000007,12.039525180279306
77.40000000000006,11.993834730853532
77.50000000000007,11.948398394442373
77.60000000000007,11.903214332401967
77.70000000000007,11.858280722280075
77.80000000000007,11.813595757650079
77.90000000000006,11.769157647946797
78.00000000000007,11.724964618304265
78.10000000000007,11.681014909395367
78.20000000000007,11.637306777273281
78.30000000000007,11.593838493214824
78.40000000000006,11.550608343565479
78.50000000000007,11.50761462958633
78.60000000000007,11.464855667302665
78.70000000000007,11.422329787354341
78.80000000000007,11.380035334847879
78.90000000000006,11.337970669210181
79.00000000000007,11.296134164044009
79.10000000000007,11.25452420698505
79.20000000000007,11.213139199560615
79.30000000000007,11.171977557049985
79.40000000000006,11.131037708346263
79.50000000000007,11.090318095819887
79.60000000000007,11.049817175183632
79.70000000000007,11.009533415359146
79.80000000000007,10.96946529834503
79.90000000000008,10.92961131908633
80.00000000000007,10.889969985345628
80.10000000000007,10.85053981757544
80.20000000000007,10.811319348792157
80.30000000000007,10.772307124451386
80.40000000000008,10.733501702324613
80.50000000000007,10.694901652377384
80.60000000000007,10.656505556648709
80.70000000000007,10.618312009131918
80.80000000000007,10.580319615656833
80.90000000000008,10.54252699377317
81.00000000000007,10.50493277263539
81.10000000000007,10.467535592888677
81.20000000000007,10.430334106556307
81.30000000000007,10.393326976928199
81.40000000000008,10.356512878450728
81.50000000000007,10.319890496617763
81.60000000000007,10.283458527862878
81.70000000000007,10.247215679452818
81.80000000000007,10.211160669382078
81.90000000000008,10.175292226268683
82.00000000000007,10.139609089251119
82.10000000000007,10.104110007886351
82.20000000000007,10.068793742049037
82.30000000000007,10.03365906183179
82.40000000000008,9.998704747446547
82.50000000000007,9.963929589127059
82.60000000000008,9.929332387032362
82.70000000000007,9.894911951151414
82.80000000000007,9.860667101208664
82.90000000000008,9.826596666570737
83.00000000000007,9.792699486154099
83.10000000000008,9.758974408333692
83.20000000000007,9.72542029085266
83.30000000000007,9.692036000732923
83.40000000000008,9.658820414186845
83.50000000000007,9.62577241652979
83.60000000000008,9.59289090209361
83.70000000000007,9.560174774141144
83.80000000000007,9.527622944781541
83.90000000000008,9.495234334886582
84.00000000000007,9.463007874007857
84.10000000000008,9.430942500294817
84.20000000000007,9.399037160413782
84.30000000000007,9.367290809467704
84.40000000000008,9.3357024109169
84.50000000000007,9.30427093650057
84.60000000000008,9.272995366159153
84.70000000000007,9.24187468795756
84.80000000000007,9.210907898009154
84.90000000000008,9.180094000400612
85.00000000000007,9.149432007117532
85.10000000000008,9.11892093797086
85.20000000000007,9.088559820524095
85.30000000000007,9.058347690021234
85.40000000000008,9.028283589315533
85.50000000000007,8.998366568798977
85.60000000000008,8.968595686332515
85.70000000000007,8.938970007177033
85.80000000000007,8.90948860392503
85.90000000000008,8.88015055643305
86.00000000000007,8.85095495175479
86.10000000000008,8.821900884074937
86.20000000000007,8.792987454643686
86.30000000000008,8.764213771711919
86.40000000000008,8.735578950467136
86.50000000000007,8.707082112969951
86.60000000000008,8.678722388091343
86.70000000000007,8.650498911450526
86.80000000000008,8.622410825353427
86.90000000000008,8.59445727873189
87.00000000000007,8.566637427083416
87.10000000000008,8.5389504324116
87.20000000000007,8.511395463167165
87.30000000000008,8.483971694189568
87.40000000000008,8.456678306649279
87.50000000000007,8.429514487990579
87.60000000000008,8.402479431875019
87.70000000000007,8.375572338125423
87.80000000000008,8.348792412670448
87.90000000000008,8.32213886748978
88.00000000000007,8.295610920559803
88.10000000000008,8.269207795799908
88.20000000000007,8.242928723019313
88.30000000000008,8.216772937864404
88.40000000000008,8.19073968176667
88.50000000000007,8.164828201891112
88.60000000000008,8.139037751085226
88.70000000000007,8.113367587828467
88.80000000000008,8.087816976182244
88.90000000000008,8.062385185740442
89.00000000000009,8.037071491580384
89.10000000000008,8.011875174214373
89.20000000000007,7.986795519541645
89.30000000000008,7.961831818800866
89.40000000000008,7.936983368523089
89.50000000000009,7.91224947048515
89.60000000000008,7.887629431663612
89.70000000000007,7.863122564189075
89.80000000000008,7.838728185301033
89.90000000000008,7.814445617303133
90.00000000000009,7.79027418751888
90.10000000000008,7.766213228247826
90.20000000000007,7.742262076722144
90.30000000000008,7.71842007506368
90.40000000000008,7.694686570241416
90.50000000000009,7.671060914029333
90.60000000000008,7.647542462964747
90.70000000000007,7.624130578307001
90.80000000000008,7.600824625996606
90.90000000000008,7.577623976614784
91.00000000000009,7.554528005343367
91.10000000000008,7.531536091925178
91.20000000000007,7.508647620624701
91.30000000000008,7.48586198018922
91.40000000000008,7.46317856381032
91.50000000000009,7.440596769085719
91.60000000000008,7.418115997981558
91.70000000000007,7.395735656794981
91.80000000000008,7.373455156117141
91.90000000000008,7.351273910796545
92.00000000000009,7.329191339902733
92.10000000000008,7.307206866690373
92.20000000000007,7.2853199185636415
92.30000000000008,7.263529927040988
92.40000000000008,7.241836327720243
92.50000000000009,7.220238560244034
92.60000000000008,7.198736068265598
92.70000000000009,7.1773282994148495
92.80000000000008,7.156014705264826
92.90000000000008,7.134794741298461
93.00000000000009,7.113667866875642
93.10000000000008,7.0926335452006395
93.20000000000009,7.0716912432897905
93.30000000000008,7.050840431939529
93.40000000000008,7.030080585694732
93.50000000000009,7.009411182817331
93.60000000000008,6.9888317052552855
93.70000000000009,6.968341638611776
93.80000000000008,6.947940472114753
93.90000000000008,6.927627698586765
94.00000000000009,6.907402814415042
94.10000000000008,6.88726531952193
94.20000000000009,6.867214717335527
94.30000000000008,6.847250514760651
94.40000000000008,6.827372222150084
94.50000000000009,6.807579353276053
94.60000000000008,6.787871425302041
94.70000000000009,6.768247958754789
94.80000000000008,6.748708477496622
94.90000000000008,6.729252508698026
95.00000000000009,6.709879582810447
95.10000000000008,6.690589233539417
95.20000000000009,6.671380997817855
95.30000000000008,6.652254415779665
95.40000000000009,6.633209030733576
95.50000000000009,6.614244389137235
95.60000000000008,6.595360040571503
95.70000000000009,6.576555537715048
95.80000000000008,6.557830436319131
95.90000000000009,6.539184295182648
96.00000000000009,6.520616676127421
96.10000000000008,6.502127143973662
96.20000000000009,6.483715266515738
96.30000000000008,6.465380614498101
96.40000000000009,6.447122761591486
96.50000000000009,6.428941284369311
96.60000000000008,6.410835762284272
96.70000000000009,6.392805777645208
96.80000000000008,6.374850915594124
96.90000000000009,6.356970764083473
97.00000000000009,6.339164913853627
97.10000000000008,6.3214329584105275
97.20000000000009,6.303774494003605
97.30000000000008,6.28618911960384
97.40000000000009,6.268676436882064
97.50000000000009,6.251236050187456
97.60000000000008,6.2338675665261984
97.70000000000009,6.216570595540384
97.80000000000008,6.199344749487075
97.90000000000009,6.18218964321756
98.00000000000009,6.165104894156843
98.10000000000008,6.14809012228323
98.20000000000009,6.131144950108189
98.30000000000008,6.114269002656355
98.40000000000009,6.0974619074457
98.50000000000009,6.0807232944679415
98.60000000000008,6.064052796169044
98.70000000000009,6.0474500474299635
98.80000000000008,6.030914685547557
98.90000000000009,6.014446350215622
99.00000000000009,5.998044683506174
99.1000000000001,5.98170932985082
99.20000000000009,5.965439936022355
99.30000000000008,5.9492361511165
99.40000000000009,5.933097626533798
99.50000000000009,5.917024015961711
99.6000000000001,5.901014975356808
99.70000000000009,5.885070162927179
99.80000000000008,5.869189239114975
99.90000000000009,5.853371866579096
100.00000000000009,5.83761771017807
100.1000000000001,5.821926436953038
100.20000000000009,5.806297716110916
100.30000000000008,5.790731219007715
100.40000000000009,5.775226619131973
100.50000000000009,5.759783592088396
100.6000000000001,5.744401815581565
100.70000000000009,5.7290809693998455
100.80000000000008,5.713820735399429
100.90000000000009,5.698620797488486
101.00000000000009,5.683480841611507
101.1000000000001,5.668400555733732
101.20000000000009,5.653379629825744
101.30000000000008,5.638417755848201
101.40000000000009,5.623514627736683
101.50000000000009,5.608669941386699
101.6000000000001,5.593883394638792
101.70000000000009,5.579154687263792
101.8000000000001,5.564483520948206
101.90000000000009,5.549869599279735
102.00000000000009,5.535312627732878
102.1000000000001,5.520812313654721
102.20000000000009,5.506368366250803
102.3000000000001,5.491980496571129
102.40000000000009,5.477648417496309
102.50000000000009,5.463371843723777
102.6000000000001,5.449150491754183
102.70000000000009,5.434984079877867
102.8000000000001,5.420872328161457
102.90000000000009,5.406814958434607
103.00000000000009,5.3928116942767925
103.1000000000001,5.378862261004286
103.20000000000009,5.364966385657198
103.3000000000001,5.351123796986646
103.40000000000009,5.337334225442053
103.50000000000009,5.323597403158497
103.6000000000001,5.309913063944241
103.70000000000009,5.296280943268311
103.8000000000001,5.282700778248215
103.90000000000009,5.269172307637769
104.00000000000009,5.255695271814978
104.1000000000001,5.24226941277009
104.20000000000009,5.228894474093696
104.3000000000001,5.215570200964963
104.40000000000009,5.20229634013996
104.50000000000009,5.1890726399400595
104.6000000000001,5.175898850240477
104.70000000000009,5.1627747224588765
104.8000000000001,5.149700009544084
104.90000000000009,5.136674465964907
105.00000000000009,5.123697847699015
105.1000000000001,5.110769912221951
105.20000000000009,5.097890418496212
105.3000000000001,5.085059126960431
105.40000000000009,5.072275799518659
105.5000000000001,5.059540199529697
105.6000000000001,5.046852091796574
105.70000000000009,5.034211242556067
105.8000000000001,5.02161741946833
105.90000000000009,5.009070391606624
106.0000000000001,4.99656992944708
106.1000000000001,4.9841158048586065
106.20000000000009,4.971707791092852
106.3000000000001,4.959345662774244
106.40000000000009,4.947029195890144
106.5000000000001,4.934758167781037
106.6000000000001,4.922532357130841
106.70000000000009,4.91035154395728
106.8000000000001,4.898215509602333
106.90000000000009,4.886124036722788
107.0000000000001,4.874076909280829
107.1000000000001,4.862073912534737
107.20000000000009,4.850114833029662
107.3000000000001,4.838199458588449
107.40000000000009,4.826327578302578
107.5000000000001,4.814498982523137
107.6000000000001,4.802713462851889
107.70000000000009,4.7909708121324215
107.8000000000001,4.779270824441346
107.90000000000009,4.767613295079594
108.0000000000001,4.75599802056376
108.1000000000001,4.744424798617527
108.2000000000001,4.732893428163162
108.3000000000001,4.721403709313091
108.40000000000009,4.709955443361511
108.5000000000001,4.698548432776105
108.6000000000001,4.687182481189801
108.7000000000001,4.675857393392611
108.8000000000001,4.664572975323535
108.90000000000009,4.653329034062514
109.0000000000001,4.64212537782247
109.1000000000001,4.630961815941395
109.2000000000001,4.619838158874516
109.3000000000001,4.608754218186516
109.40000000000009,4.597709806543806
109.5000000000001,4.586704737706888
109.6000000000001,4.5757388265227465
109.7000000000001,4.564811888917327
109.8000000000001,4.55392374188807
109.90000000000009,4.543074203496478
110.0000000000001,4.532263092860784
110.1000000000001,4.521490230148643
110.2000000000001,4.510755436569909
110.3000000000001,4.500058534369449
110.40000000000009,4.489399346820022
110.5000000000001,4.4787776982152145
110.6000000000001,4.468193413862436
110.7000000000001,4.45764632007596
110.8000000000001,4.447136244170039
110.90000000000009,4.436663014452043
111.0000000000001,4.426226460215685
111.1000000000001,4.415826411734275
111.2000000000001,4.405462700254047
111.3000000000001,4.3951351579875295
111.40000000000009,4.384843618106955
111.5000000000001,4.3745879147377495
111.6000000000001,4.364367882952048
111.7000000000001,4.354183358762273
111.8000000000001,4.344034179114775
111.9000000000001,4.333920181883479
112.0000000000001,4.323841205863642
112.1000000000001,4.313797090765605
112.2000000000001,4.30378767720863
112.3000000000001,4.293812806714774
112.4000000000001,4.283872321702793
112.5000000000001,4.2739660654821225
112.6000000000001,4.264093882246887
112.7000000000001,4.254255617069959
112.8000000000001,4.244451115897074
112.9000000000001,4.234680225540966
113.0000000000001,4.224942793675582
113.1000000000001,4.215238668830311
113.2000000000001,4.205567700384276
113.3000000000001,4.195929738560678
113.4000000000001,4.186324634421142
113.5000000000001,4.176752239860157
113.6000000000001,4.167212407599532
113.7000000000001,4.157704991182895
113.8000000000001,4.1482298449702455
113.9000000000001,4.138786824132537
114.0000000000001,4.129375784646302
114.1000000000001,4.119996583288336
114.2000000000001,4.110649077630391
114.3000000000001,4.101333126033942
114.4000000000001,4.092048587644968
114.5000000000001,4.0827953223887885
114.60000000000011,4.073573190964926
114.7000000000001,4.064382054842037
114.8000000000001,4.055221776252825
114.9000000000001,4.046092218189062
115.0000000000001,4.036993244396588
115.10000000000011,4.027924719370388
115.2000000000001,4.018886508349688
115.3000000000001,4.009878477313086
115.4000000000001,4.0009004929737335
115.5000000000001,3.991952422774539
115.60000000000011,3.983034134883416
115.7000000000001,3.974145498188572
115.8000000000001,3.965286382293813
115.9000000000001,3.956456657513904
116.0000000000001,3.947656194869955
116.10000000000011,3.938884866084842
116.2000000000001,3.93014254357867
116.3000000000001,3.9214291004642488
116.4000000000001,3.9127444105426337
116.5000000000001,3.9040883482986692
116.60000000000011,3.895460788896589
116.7000000000001,3.8868616081756393
116.8000000000001,3.8782906826457273
116.9000000000001,3.8697478894831185
117.0000000000001,3.861233106526149
117.10000000000011,3.852746212270985
117.2000000000001,3.84428708586741
117.3000000000001,3.8358556071146235
117.4000000000001,3.827451656457107
117.5000000000001,3.819075114980484
117.60000000000011,3.8107258644074387
117.7000000000001,3.8024037870936565
117.8000000000001,3.7941087660237742
117.9000000000001,3.785840684807396
118.0000000000001,3.7775994276751086
118.10000000000011,3.7693848794745404
118.2000000000001,3.761196925666455
118.30000000000011,3.7530354523208485
118.4000000000001,3.7449003461131043
118.5000000000001,3.736791494320158
118.60000000000011,3.728708784816698
118.7000000000001,3.7206521060713964
118.80000000000011,3.7126213471431497
118.9000000000001,3.704616397677375
119.0000000000001,3.6966371479023072
119.10000000000011,3.6886834886253395
119.2000000000001,3.6807553112293885
119.30000000000011,3.6728525076692726
119.4000000000001,3.6649749704681374
119.5000000000001,3.657122592713886
119.60000000000011,3.6492952680556536
119.7000000000001,3.641492890700301
119.80000000000011,3.633715355408919
119.9000000000001,3.6259625574933856
120.0000000000001,3.618234392812923
120.10000000000011,3.6105307577706953
120.2000000000001,3.60285154931043
120.30000000000011,3.595196664913044
120.4000000000001,3.587566002593324
120.5000000000001,3.579959460896607
120.60000000000011,3.5723769388954967
120.7000000000001,3.564818336186604
120.80000000000011,3.5572835528872964
120.9000000000001,3.5497724896324905
121.00000000000011,3.542285047571452
121.10000000000011,3.534821128364634
121.2000000000001,3.527380634180518
121.30000000000011,3.519963467692491
121.4000000000001,3.5125695320757457
121.50000000000011,3.5051987310041937
121.60000000000011,3.497850968647415
121.7000000000001,3.4905261496676054
121.80000000000011,3.4832241792165735
121.9000000000001,3.4759449629327372
122.00000000000011,3.4686884069381536
122.10000000000011,3.4614544178355713
122.2000000000001,3.454242902705485
122.30000000000011,3.4470537691032384
122.4000000000001,3.4398869250561224
122.50000000000011,3.432742279060513
122.60000000000011,3.4256197400790214
122.7000000000001,3.418519217537654
122.80000000000011,3.4114406213230146
122.9000000000001,3.4043838617795044
123.00000000000011,3.397348849706557
123.10000000000011,3.390335496355889
123.2000000000001,3.383343713428759
123.30000000000011,3.3763734130732628
123.4000000000001,3.3694245078816336
123.50000000000011,3.3624969108875713
123.60000000000011,3.355590535563589
123.7000000000001,3.348705295818361
123.80000000000011,3.3418411059941193
123.9000000000001,3.3349978808640413
124.00000000000011,3.3281755356296707
124.10000000000011,3.321373985918356
124.2000000000001,3.3145931477806925
124.30000000000011,3.3078329376880022
124.4000000000001,3.301093272529814
124.50000000000011,3.294374069611373
124.60000000000011,3.2876752466511663
124.70000000000012,3.2809967217784504
124.80000000000011,3.274338413530819
124.9000000000001,3.267700240851769
125.00000000000011,3.261082123088293
125.10000000000011,3.2544839799884904
125.20000000000012,3.247905731699179
125.30000000000011,3.241347298763543
125.4000000000001,3.2348086021187847
125.50000000000011,3.228289563093797
125.60000000000011,3.221790103406855
125.70000000000012,3.2153101451633077
125.80000000000011,3.208849610853308
125.9000000000001,3.202408423349542
126.00000000000011,3.195986505904977
126.10000000000011,3.1895837821506374
126.20000000000012,3.183200176093368
126.30000000000011,3.1768356121136456
126.4000000000001,3.170490014963377
126.50000000000011,3.164163309763732
126.60000000000011,3.157855422002986
126.70000000000012,3.151566277534363
126.80000000000011,3.1452958025739166
126.9000000000001,3.1390439236984067
127.00000000000011,3.1328105678432
127.10000000000011,3.126595662300186
127.20000000000012,3.120399134715694
127.30000000000011,3.114220913088442
127.40000000000012,3.108060925767484
127.50000000000011,3.1019191014501875
127.60000000000011,3.0957953691802027
127.70000000000012,3.089689658345466
127.80000000000011,3.083601898676208
127.90000000000012,3.077532020242969
128.0000000000001,3.071479953454645
128.1000000000001,3.0654456290565246
128.2000000000001,3.0594289781283592
128.30000000000013,3.0534299320824294
128.40000000000012,3.0474484226616405
128.5000000000001,3.041484381937617
128.6000000000001,3.0355377423088146
128.7000000000001,3.0296084364986484
128.80000000000013,3.023696397553625
128.90000000000012,3.0178015588415055
129.0000000000001,3.011923854049452
129.1000000000001,3.006063217182208
129.2000000000001,3.000219582560287
129.30000000000013,2.9943928848181716
129.40000000000012,2.98858305890252
129.5000000000001,2.982790040070389
129.6000000000001,2.977013763887471
129.7000000000001,2.9712541662263376
129.80000000000013,2.9655111832646917
129.90000000000012,2.9597847514836504
130.0000000000001,2.9540748076660086
130.1000000000001,2.9483812888945398
130.2000000000001,2.942704132550295
130.30000000000013,2.937043276310919
130.40000000000012,2.931398658148977
130.5000000000001,2.9257702163302803
130.6000000000001,2.920157889412246
130.7000000000001,2.9145616162422447
130.80000000000013,2.9089813359559704
130.90000000000012,2.9034169879758283
131.0000000000001,2.89786851200931
131.1000000000001,2.8923358480474013
131.2000000000001,2.8868189363629915
131.30000000000013,2.8813177175092948
131.40000000000012,2.875832132318281
131.5000000000001,2.870362121899112
131.6000000000001,2.8649076276366
131.7000000000001,2.8594685911896627
131.80000000000013,2.854044954489795
131.90000000000012,2.8486366597395594
132.0000000000001,2.8432436494110624
132.1000000000001,2.837865866244463
132.2000000000001,2.8325032532464833
132.30000000000013,2.827155753688926
132.40000000000012,2.8218233111072055
132.5000000000001,2.8165058692988847
132.6000000000001,2.811203372322226
132.70000000000013,2.8059157644947446
132.80000000000013,2.8006429903917804
132.90000000000012,2.7953849948450724
133.0000000000001,2.7901417229413386
133.1000000000001,2.7849131200208777
133.20000000000013,2.779699131676166
133.30000000000013,2.774499703750479
133.40000000000012,2.769314782336498
133.5000000000001,2.764144313774951
133.6000000000001,2.758988244653249
133.70000000000013,2.7538465218041295
133.80000000000013,2.7487190923043143
133.90000000000012,2.7436059034731786
134.0000000000001,2.738506902871413
134.1000000000001,2.733422038299714
134.20000000000013,2.7283512577974673
134.30000000000013,2.723294509641456
134.40000000000012,2.718251742344552
134.5000000000001,2.7132229046544376
134.6000000000001,2.708207945552334
134.70000000000013,2.7032068142517183
134.80000000000013,2.6982194601970733
134.90000000000012,2.69324583306263
135.0000000000001,2.688285882751119
135.1000000000001,2.6833395593925373
135.20000000000013,2.6784068133429115
135.30000000000013,2.6734875951830888
135.40000000000012,2.6685818557175054
135.5000000000001,2.6636895459729892
135.6000000000001,2.6588106171975614
135.70000000000013,2.6539450208592372
135.80000000000013,2.649092708644848
135.90000000000012,2.6442536324588626
136.0000000000001,2.639427744422213
136.1000000000001,2.634614996871138
136.20000000000013,2.6298153423560215
136.30000000000013,2.6250287336402547
136.40000000000012,2.6202551236990814
136.5000000000001,2.615494465718475
136.6000000000001,2.610746713094004
136.70000000000013,2.6060118194297206
136.80000000000013,2.601289738537041
136.90000000000012,2.596580424433638
137.0000000000001,2.591883831342351
137.1000000000001,2.587199913690084
137.20000000000013,2.5825286261067215
137.30000000000013,2.5778699234240596
137.40000000000012,2.5732237606747184
137.5000000000001,2.568590093091086
137.6000000000001,2.5639688761042567
137.70000000000013,2.55936006534298
137.80000000000013,2.5547636166326146
137.90000000000012,2.5501794859940823
138.0000000000001,2.545607629642846
138.1000000000001,2.5410480039878705
138.20000000000013,2.536500565630609
138.30000000000013,2.531965271363993
138.40000000000012,2.5274420781714113
138.5000000000001,2.5229309432257176
138.60000000000014,2.5184318238882297
138.70000000000013,2.5139446777077477
138.80000000000013,2.509469462419558
138.90000000000012,2.505006135944462
139.0000000000001,2.5005546563878087
139.10000000000014,2.4961149820385167
139.20000000000013,2.4916870713681263
139.30000000000013,2.4872708830298387
139.40000000000012,2.4828663758575673
139.5000000000001,2.4784735088649956
139.60000000000014,2.4740922412446418
139.70000000000013,2.4697225323669283
139.80000000000013,2.4653643417792512
139.90000000000012,2.461017629205062
140.0000000000001,2.456682354542957
140.10000000000014,2.4523584778657614
140.20000000000013,2.448045959419631
140.30000000000013,2.4437447596231534
140.40000000000012,2.4394548390664506
140.5000000000001,2.4351761585102967
140.60000000000014,2.430908678885231
140.70000000000013,2.4266523612906905
140.80000000000013,2.4224071669941263
140.90000000000012,2.418173057430143
141.0000000000001,2.4139499941996405
141.10000000000014,2.40973793906895
141.20000000000013,2.405536853968993
141.30000000000013,2.401346700994427
141.40000000000012,2.397167442402809
141.5000000000001,2.3929990406137587
141.60000000000014,2.388841458208125
141.70000000000013,2.3846946579271693
141.80000000000013,2.3805586026717322
141.90000000000012,2.376433255501425
142.0000000000001,2.3723185796338178
142.10000000000014,2.36821453844363
142.20000000000013,2.3641210954619334
142.30000000000013,2.3600382143753516
142.40000000000012,2.3559658590252672
142.5000000000001,2.351903993407038
142.60000000000014,2.3478525816692093
142.70000000000013,2.343811588112744
142.80000000000013,2.3397809771902374
142.90000000000012,2.335760713505157
143.0000000000001,2.3317507618110747
143.10000000000014,2.327751087010907
143.20000000000013,2.3237616541561597
143.30000000000013,2.3197824284461768
143.40000000000012,2.315813375227394
143.5000000000001,2.311854459992593
143.60000000000014,2.3079056483801685
143.70000000000013,2.303966906173395
143.80000000000013,2.30003819929969
143.90000000000012,2.2961194938298957
144.0000000000001,2.2922107559775564
144.10000000000014,2.2883119520982005
144.20000000000013,2.2844230486886294
144.30000000000013,2.2805440123862093
144.40000000000012,2.276674809968165
144.5000000000001,2.272815408350881
144.60000000000014,2.268965774589205
144.70000000000013,2.265125875875759
144.80000000000013,2.261295679540246
144.90000000000012,2.2574751530487696
