495.22584997301675,1.9864545694675205e-08
495.3258499730168,2.3832770361322836e-08
495.4258499730168,2.8568050585900168e-08
495.5258499730168,3.421345007316611e-08
495.62584997301684,4.09376889012577e-08
495.72584997301686,4.893954853299712e-08
495.8258499730169,5.84529969089811e-08
495.9258499730169,6.975314487477544e-08
496.02584997301693,8.316316127439187e-08
496.12584997301695,9.906229226335693e-08
496.225849973017,1.1789515101332337e-07
496.325849973017,1.4018246727877996e-07
496.425849973017,1.665335125857407e-07
496.52584997301705,1.9766044642352753e-07
496.62584997301707,2.3439486214756431e-07
496.7258499730171,2.777068487418878e-07
496.8258499730171,3.287269265902073e-07
496.92584997301714,3.8877126244811027e-07
497.02584997301716,4.5937062142196587e-07
497.1258499730172,5.423035725108923e-07
497.2258499730172,6.396345297706824e-07
497.3258499730172,7.537572840730885e-07
497.42584997301725,8.874447614694648e-07
497.5258499730173,1.0439058340822404e-06
497.6258499730173,1.2268501090496654e-06
497.7258499730173,1.4405617311975791e-06
497.82584997301734,1.6899833567159064e-06
497.92584997301736,1.980811589136393e-06
498.0258499730174,2.319605316348586e-06
498.1258499730174,2.7139085493065823e-06
498.22584997301743,3.172389540564885e-06
498.32584997301745,3.7049981549717954e-06
498.4258499730175,4.323143676909451e-06
498.5258499730175,5.039895469593782e-06
498.6258499730175,5.8702091533444025e-06
498.72584997301755,6.831181242622465e-06
498.82584997301757,7.942335477226405e-06
498.9258499730176,9.225944402527481e-06
499.0258499730176,1.0707390098182024e-05
499.12584997301764,1.241556832548501e-05
499.22584997301766,1.4383340761471975e-05
499.3258499730177,1.664804041397686e-05
499.4258499730177,1.92520357669389e-05
499.5258499730177,2.2243359690000492e-05
499.62584997301775,2.5676409661350415e-05
499.7258499730178,2.961272639813019e-05
499.8258499730178,3.412185856457549e-05
499.9258499730178,3.9282321834161806e-05
500.02584997301784,4.518266121778285e-05
500.12584997301786,5.1922626234463356e-05
500.2258499730179,5.961446919290998e-05
500.3258499730179,6.838437756949585e-05
500.42584997301793,7.837405220867714e-05
500.52584997301796,8.97424438323988e-05
500.625849973018,0.00010266766112218748
500.725849973018,0.00011734906442705926
500.825849973018,0.00013400955994708648
500.92584997301805,0.00015289811004062648
501.02584997301807,0.00017429247609614394
501.1258499730181,0.00019850221118966334
501.2258499730181,0.00022587192050760194
501.32584997301814,0.00025678480824249905
501.42584997301816,0.00029166653035535316
501.5258499730182,0.0003309893732312051
501.6258499730182,0.0003752767788214257
501.7258499730182,0.0004251082373529792
501.82584997301825,0.00048112456907655794
501.9258499730183,0.0005440336168057796
502.0258499730183,0.0006146163711512028
502.1258499730183,0.0006937335503572433
502.22584997301834,0.0007823326564878359
502.32584997301836,0.0008814555293572042
502.4258499730184,0.0009922464190441956
502.5258499730184,0.0011159605970400505
502.62584997301843,0.001253973525037485
502.72584997301846,0.0014077905990502921
502.8258499730185,0.0015790574849335521
502.9258499730185,0.0017695710594316195
503.0258499730185,0.001981290968590323
503.12584997301855,0.002216351812708408
503.22584997301857,0.00247707596394856
503.3258499730186,0.0027659870192587575
503.4258499730186,0.0030858238873502143
503.52584997301864,0.0034395555041202646
503.62584997301866,0.0038303961660808056
503.7258499730187,0.0042618214660416305
503.8258499730187,0.004737584809492426
503.9258499730187,0.005261734483819551
504.02584997301875,0.005838631245681151
504.1258499730188,0.006472966384546779
504.2258499730188,0.00716978021259188
504.3258499730188,0.007934480922834185
504.42584997301884,0.008772863748624803
504.52584997301886,0.009691130348385446
504.6258499730189,0.010695908329844577
504.7258499730189,0.011794270818005858
504.82584997301893,0.012993755960728054
504.92584997301896,0.014302386255157784
505.025849973019,0.015728687567396794
505.125849973019,0.01728170770677266
505.225849973019,0.018971034404993616
505.32584997301905,0.020806812539390627
505.42584997301907,0.02279976042847865
505.5258499730191,0.024961185017305695
505.6258499730191,0.027302995759616984
505.72584997301914,0.02983771699385871
505.82584997301916,0.032578498600611225
505.9258499730192,0.03553912472030642
506.0258499730192,0.03873402030218889
506.1258499730192,0.0421782552485723
506.22584997301925,0.045887545912666215
506.3258499730193,0.04987825370376045
506.4258499730193,0.054167380550506614
506.5258499730193,0.058772560971583364
506.62584997301934,0.06371205050332757
506.72584997301936,0.06900471023610691
506.8258499730194,0.0746699872154489
506.9258499730194,0.0807278904703608
507.02584997301943,0.08719896244001149
507.12584997301946,0.09410424558111315
507.2258499730195,0.10146524395205028
507.3258499730195,0.10930387958614506
507.4258499730195,0.11764244348549693
507.52584997301955,0.12650354108864703
507.62584997301957,0.13591003208992966
507.7258499730196,0.14588496451579358
507.8258499730196,0.15645150299359026
507.92584997301964,0.16763285118129942
508.02584997301966,0.1794521683623137
508.1258499730197,0.19193248024764542
508.2258499730197,0.20509658406861145
508.32584997301973,0.21896694808603104
508.42584997301975,0.23356560568705428
508.5258499730198,0.24891404428766814
508.6258499730198,0.26503308930747715
508.7258499730198,0.2819427835331934
508.82584997301984,0.2996622622380957
508.92584997301987,0.3182096244761576
509.0258499730199,0.3376018010212127
509.1258499730199,0.3578544194730142
509.22584997301993,0.37898166710290093
509.32584997301996,0.40099615206156114
509.42584997302,0.4239087636195861
509.52584997302,0.4477285321576527
509.62584997302,0.472462489666745
509.72584997302005,0.4981155315593244
509.82584997302007,0.5246902806292517
509.9258499730201,0.5521869540310693
510.0258499730201,0.5806032341774383
510.12584997302014,0.6099341444766335
510.22584997302016,0.6401719308495505
510.3258499730202,0.6713059499772313
510.4258499730202,0.7033225652350754
510.52584997302023,0.7362050512682965
510.62584997302025,0.7699335081544665
510.7258499730203,0.8044847860829323
510.8258499730203,0.8398324214572083
510.9258499730203,0.8759465852950383
511.02584997302034,0.9127940447615345
511.12584997302037,0.9503381386236539
511.2258499730204,0.9885387673592504
511.3258499730204,1.0273523985912074
511.42584997302043,1.0667320884468654
511.52584997302046,1.106627519365383
511.6258499730205,1.146985054791164
511.7258499730205,1.1877478111004562
511.8258499730205,1.2288557470111665
511.92584997302055,1.2702457706234365
512.0258499730205,1.3118518641311752
512.1258499730206,1.3536052261335338
512.2258499730206,1.395434431359671
512.3258499730207,1.437265607505088
512.4258499730206,1.479022628755063
512.5258499730207,1.5206273254562925
512.6258499730206,1.5619997092726476
512.7258499730208,1.603058213048872
512.8258499730207,1.6437199444841284
512.9258499730208,1.6839009526106876
513.0258499730207,1.7235165059587187
513.1258499730209,1.7624813811909619
513.2258499730208,1.8007101608883362
513.3258499730209,1.8381175390836557
513.4258499730208,1.8746186330533343
513.525849973021,1.9101292998099264
513.6258499730209,1.9445664556699434
513.725849973021,1.977848397224306
513.8258499730209,2.0098951219921926
513.9258499730211,2.0406286470144046
514.025849973021,2.069973323619838
514.1258499730211,2.097856146598227
514.225849973021,2.124207056015317
514.3258499730211,2.1489592299313713
514.4258499730211,2.1720493663130274
514.5258499730212,2.193417952478488
514.6258499730211,2.2130095204709352
514.7258499730212,2.23077288682939
514.8258499730211,2.24666137530566
514.9258499730213,2.260633021172959
515.0258499730212,2.272650755873552
515.1258499730213,2.2826825708696488
515.2258499730212,2.290701659682957
515.3258499730214,2.2966865372416305
515.4258499730213,2.300621135790235
515.5258499730214,2.302494876764088
515.6258499730213,2.302413281149608
515.7258499730215,2.3008424109328067
515.8258499730214,2.2978373001228665
515.9258499730215,2.2934035713775742
516.0258499730214,2.2875495113842357
516.1258499730216,2.2802860450518123
516.2258499730215,2.2716267015379414
516.3258499730216,2.2615875722582746
516.4258499730215,2.250187261061087
516.5258499730216,2.2374468267824685
516.6258499730216,2.223389718431093
516.7258499730217,2.2080417032809354
516.8258499730216,2.191430788181486
516.9258499730217,2.1735871344207225
517.0258499730216,2.154542966504113
517.1258499730218,2.1343324752344577
517.2258499730217,2.1129917155016513
517.3258499730218,2.0905584992083313
517.4258499730217,2.067072283777506
517.5258499730219,2.0425740567001256
517.6258499730218,2.0171062165962237
517.7258499730219,1.9907124512698966
517.8258499730218,1.9634376132493803
517.925849973022,1.935327593304803
518.0258499730219,1.9064291924424506
518.125849973022,1.8767899928704033
518.2258499730219,1.8464582284319577
518.3258499730221,1.8154826549941783
518.425849973022,1.7839124212759012
518.5258499730221,1.7517969405856355
518.625849973022,1.7191857639325097
518.7258499730222,1.6861284549550788
518.8258499730221,1.6526744671016338
518.9258499730222,1.6188730234733257
519.0258499730221,1.5847729997268418
519.1258499730222,1.5504228104076052
519.2258499730222,1.5158702990670014
519.3258499730223,1.481162632488569
519.4258499730222,1.4463461993283016
519.5258499730223,1.4114665134435087
519.6258499730222,1.3765681221631896
519.7258499730224,1.3416945197207015
519.8258499730223,1.3068880660469624
519.9258499730224,1.2721899110894666
520.0258499730223,1.2376399247994143
520.1258499730225,1.2032766328961941
520.2258499730224,1.1691371584956516
520.3258499730225,1.135257169656047
520.4258499730224,1.1016708328735616
520.5258499730226,1.0684107725277927
520.6258499730225,1.0355080362569289
520.7258499730226,1.0029920662125373
520.8258499730225,0.9708906761248803
520.9258499730227,0.9392300340820662
521.0258499730226,0.9080346509094522
521.1258499730227,0.8773273740106297
521.2258499730226,0.8471293865168882
521.3258499730227,0.8174602115698032
521.4258499730227,0.7883377215498422
521.5258499730228,0.7597781520446826
521.6258499730227,0.7317961203420401
521.7258499730228,0.704404648215785
521.8258499730227,0.6776151887681386
521.9258499730229,0.6514376570779802
522.0258499730228,0.6258804644022045
522.1258499730229,0.6009505556675333
522.2258499730228,0.5766534499899205
522.325849973023,0.5529932839522756
522.4258499730229,0.5299728573736568
522.525849973023,0.5075936812996237
522.6258499730229,0.4858560279483555
522.7258499730231,0.46475898234642204
522.825849973023,0.4443004953952511
522.9258499730231,0.4244774381110913
523.025849973023,0.4052856567903929
523.1258499730232,0.38672002885645856
523.2258499730231,0.3687745191539903
523.3258499730232,0.35144223646395084
523.4258499730231,0.334715490023254
523.5258499730232,0.31858584584111727
523.6258499730232,0.3030441826169974
523.7258499730233,0.28808074707353987
523.8258499730232,0.2736852085317245
523.9258499730233,0.25984671256474856
524.0258499730232,0.24655393358130218
524.1258499730234,0.23379512619877518
524.2258499730233,0.2215581752811014
524.3258499730234,0.20983064452607544
524.4258499730233,0.1985998235009142
524.5258499730235,0.18785277303493614
524.6258499730234,0.17757636889170317
524.7258499730235,0.16775734365279366
524.8258499730234,0.15838232675817673
524.9258499730236,0.14943788265749403
525.0258499730235,0.14091054703851158
525.1258499730236,0.1327868611076847
525.2258499730235,0.1250534039087462
525.3258499730237,0.11769682267311916
525.4258499730236,0.11070386120583141
525.5258499730237,0.10406138631760999
525.6258499730236,0.09775641232255086
525.7258499730237,0.09177612362680011
525.8258499730237,0.08610789544121267
525.9258499730238,0.08073931265599738
526.0258499730237,0.0756581869216931
526.1258499730238,0.07085257198486394
526.2258499730237,0.06631077733206237
526.3258499730239,0.062021380198675535
526.4258499730238,0.05797323600329996
526.5258499730239,0.05415548727042003
526.6258499730238,0.0505575711071329
526.725849973024,0.04716922530091442
526.8258499730239,0.04398049310740558
526.925849973024,0.04098172679764718
527.0258499730239,0.03816359003528654
527.1258499730241,0.035517059154006984
527.225849973024,0.033033423405738824
527.3258499730241,0.030704284249309603
527.425849973024,0.028521553748812562
527.5258499730242,0.02647745214953972
527.6258499730241,0.024564504698367497
527.7258499730242,0.022775537773612187
527.8258499730241,0.02110367438793858
527.9258499730242,0.019542329125691336
528.0258499730242,0.01808520257420824
