495.22584997301675,2.8072374652010975e-07
495.3258499730168,3.554480699541787e-07
495.4258499730168,4.4909431261519334e-07
495.5258499730168,5.661914874122502e-07
495.62584997301684,7.122845128157743e-07
495.72584997301686,8.941452078581328e-07
495.8258499730169,1.1200231277759082e-06
495.9258499730169,1.3999428722424185e-06
496.02584997301693,1.7460554128835555e-06
496.12584997301695,2.1730519891219484e-06
496.225849973017,2.698650211831903e-06
496.325849973017,3.3441631912896866e-06
496.425849973017,4.135163765488658e-06
496.52584997301705,5.102257240109946e-06
496.62584997301707,6.281977451839594e-06
496.7258499730171,7.717822417760464e-06
496.8258499730171,9.46144731599551e-06
496.92584997301714,1.1574034032122402e-05
497.02584997301716,1.4127857971716854e-05
497.1258499730172,1.7208074244855684e-05
497.2258499730172,2.0914746629694733e-05
497.3258499730172,2.536514386810302e-05
497.42584997301725,3.069632877783452e-05
497.5258499730173,3.70680663160129e-05
497.6258499730173,4.4666077023076484e-05
497.7258499730173,5.370566213244493e-05
497.82584997301734,6.443572595956296e-05
497.92584997301736,7.714321988891012e-05
498.0258499730174,9.215803025818575e-05
498.1258499730174,0.0001098583295907788
498.22584997301743,0.00013067640684485558
498.32584997301745,0.00015510498752485753
498.4258499730175,0.00018370404853756123
498.5258499730175,0.00021710812547591073
498.6258499730175,0.00025603410149628656
498.72584997301755,0.00030128945705059057
498.82584997301757,0.0003537809483950887
498.9258499730176,0.00041452366999963485
499.0258499730176,0.0004846504417296772
499.12584997301764,0.0005654214460103527
499.22584997301766,0.0006582340231880776
499.3258499730177,0.0007646325151065799
499.4258499730177,0.0008863180276871087
499.5258499730177,0.0010251579632760224
499.62584997301775,0.0011831951529832439
499.7258499730178,0.0013626563985270693
499.8258499730178,0.001565960212628899
499.9258499730178,0.001795723527229039
500.02584997301784,0.0020547671202409646
500.12584997301786,0.002346119494797974
500.2258499730179,0.002673018930589213
500.3258499730179,0.0030389134155847947
500.42584997301793,0.0034474581588899624
500.52584997301796,0.0039025103823364005
500.625849973018,0.004408121090400278
500.725849973018,0.004968523525796027
500.825849973018,0.005588118032254545
500.92584997301805,0.006271453067114292
501.02584997301807,0.007023202134908132
501.1258499730181,0.007848136449483796
501.2258499730181,0.008751093176586504
501.32584997301814,0.009736939161339213
501.42584997301816,0.010810530105586096
501.5258499730182,0.011976665228330064
501.6258499730182,0.013240037518000024
501.7258499730182,0.014605179767309477
501.82584997301825,0.01607640666906973
501.9258499730183,0.01765775334332198
502.0258499730183,0.019352910761150185
502.1258499730183,0.02116515862691423
502.22584997301834,0.023097296376583854
502.32584997301836,0.025151573043372344
502.4258499730184,0.02732961683083398
502.5258499730184,0.029632365315773363
502.62584997301843,0.03205999727642918
502.72584997301846,0.03461186720315031
502.8258499730185,0.03728644359693731
502.9258499730185,0.040081252193647464
503.0258499730185,0.04299282526640128
503.12584997301855,0.04601665815405816
503.22584997301857,0.04914717413812518
503.3258499730186,0.052377698743052266
503.4258499730186,0.055700444464885014
503.52584997301864,0.059106506840483686
503.62584997301866,0.06258587265425118
503.7258499730187,0.06612744094234514
503.8258499730187,0.06971905729700942
503.9258499730187,0.07334756179781605
504.02584997301875,0.07699885070465061
504.1258499730188,0.08065795184208696
504.2258499730188,0.08430911338972472
504.3258499730188,0.08793590557184282
504.42584997301884,0.0915213345164274
504.52584997301886,0.09504796733257698
504.6258499730189,0.09849806724094953
504.7258499730189,0.10185373738881905
504.82584997301893,0.10509707179393281
504.92584997301896,0.10821031169401664
505.025849973019,0.11117600543550825
505.125849973019,0.11397716991956776
505.225849973019,0.11659745153880476
505.32584997301905,0.11902128448707719
505.42584997301907,0.12123404430911916
505.5258499730191,0.12322219457787457
505.6258499730191,0.12497342464572593
505.72584997301914,0.12647677651098357
505.82584997301916,0.12772275897190846
505.9258499730192,0.12870344740525408
506.0258499730192,0.1294125677021395
506.1258499730192,0.12984556311760526
506.22584997301925,0.12999964303741463
506.3258499730193,0.1298738129319578
506.4258499730193,0.12946888504745432
506.5258499730193,0.12878746967366653
506.62584997301934,0.1278339471194602
506.72584997301936,0.12661442081713464
506.8258499730194,0.1251366522579075
506.9258499730194,0.1234099787288862
507.02584997301943,0.12144521507121439
507.12584997301946,0.11925454090520322
507.2258499730195,0.11685137496704943
507.3258499730195,0.11425023836972961
507.4258499730195,0.1114666087350827
507.52584997301955,0.1085167672429419
507.62584997301957,0.10541764070523905
507.7258499730196,0.1021866407978732
507.8258499730196,0.09884150257119993
507.92584997301964,0.09540012431242052
508.02584997301966,0.09188041075181702
508.1258499730197,0.08830012149223589
508.2258499730197,0.08467672640059655
508.32584997301973,0.0810272695351113
508.42584997301975,0.0773682429963567
508.5258499730198,0.0737154718886262
508.6258499730198,0.07008401136458464
508.7258499730198,0.0664880565056633
508.82584997301984,0.06294086556736671
508.92584997301987,0.059454696897042136
509.0258499730199,0.056040759615794605
509.1258499730199,0.05270917794988541
509.22584997301993,0.04946896890351977
509.32584997301996,0.04632803278734028
509.42584997302,0.04329315595764166
509.52584997302,0.04037002498222711
509.62584997302,0.037563251331325154
509.72584997302005,0.03487640559692921
509.82584997302007,0.032312060171641614
509.9258499730201,0.029871839268436732
510.0258499730201,0.027556475135084232
510.12584997302014,0.025365869310259002
510.22584997302016,0.023299157781217536
510.3258499730202,0.021354778933645336
510.4258499730202,0.019530543230940986
510.52584997302023,0.017823703620684802
510.62584997302025,0.016231025738111027
510.7258499730203,0.014748857057775048
510.8258499730203,0.013373194232990058
510.9258499730203,0.01209974795576481
511.02584997302034,0.010924004765763391
511.12584997302037,0.009841285333226845
511.2258499730204,0.008846798836010502
511.3258499730204,0.007935693143261677
511.42584997302043,0.007103100606365509
511.52584997302046,0.006344179340422606
511.6258499730205,0.005654149955721506
511.7258499730205,0.005028327767691904
511.8258499730205,0.004462150575151601
511.92584997302055,0.003951202149985076
512.0258499730205,0.003491231626600842
512.1258499730206,0.003078169016670809
512.2258499730206,0.0027081371039913266
512.3258499730207,0.002377459996134152
512.4258499730206,0.0020826686244310327
512.5258499730207,0.001820503492166843
512.6258499730206,0.0015879149734405388
512.7258499730208,0.0013820614624610323
512.8258499730207,0.0012003056659420088
512.9258499730208,0.0010402093202724334
513.0258499730207,0.0008995266010935274
513.1258499730209,0.0007761964763354
513.2258499730208,0.0006683342353919673
513.3258499730209,0.0005742224074167612
513.4258499730208,0.0004923012613184386
513.525849973021,0.00042115905931423923
513.6258499730209,0.0003595222153411795
513.725849973021,0.0003062454895194763
513.8258499730209,0.00026030233055473795
513.9258499730211,0.00022077545964444969
514.025849973021,0.00018684777234073861
514.1258499730211,0.00015779361901217302
514.225849973021,0.00013297051015741343
514.3258499730211,0.00011181127987223897
514.4258499730211,9.38167292900111e-05
514.5258499730212,7.85487617642657e-05
514.6258499730211,6.562401291076266e-05
514.7258499730212,5.4707971294878e-05
514.8258499730211,4.550957946845346e-05
514.9258499730213,3.7776300124853164e-05
515.0258499730212,3.128962825971897e-05
515.1258499730213,2.5861027285750345e-05
515.2258499730212,2.1328264952816082e-05
515.3258499730214,1.755212356008718e-05
515.4258499730213,1.4413458217652423e-05
515.5258499730214,1.1810576721329646e-05
515.6258499730213,9.656914858986336e-06
515.7258499730215,7.878981584041716e-06
515.8258499730214,6.414549398520177e-06
515.9258499730215,5.2110664146978665e-06
516.0258499730214,4.224267852719932e-06
516.1258499730216,3.416966128385574e-06
516.2258499730215,2.758000147024998e-06
516.3258499730216,2.2213259076810715e-06
516.4258499730215,1.7852320062940305e-06
516.5258499730216,1.4316650816424311e-06
516.6258499730216,1.1456516541304014e-06
516.7258499730217,9.148041497788826e-07
516.8258499730216,7.289001694300469e-07
516.9258499730217,5.795252486929489e-07
517.0258499730216,4.597704534824193e-07
517.1258499730218,3.6397716722650307e-07
517.2258499730217,2.87522349363741e-07
517.3258499730218,2.2663838243838866e-07
517.4258499730217,1.7826238018540277e-07
517.5258499730219,1.3991050551446808e-07
517.6258499730218,1.0957345005886845e-07
517.7258499730219,8.562976107558079e-08
517.8258499730218,6.677417238656301e-08
517.925849973022,5.195850915562213e-08
518.0258499730219,4.034309699837126e-08
518.125849973022,3.125691941865376e-08
518.2258499730219,2.4165038838696936e-08
518.3258499730221,1.8642030213125145e-08
518.425849973022,1.43503767542685e-08
518.5258499730221,1.1022948655708e-08
518.625849973022,8.448831552011791e-09
518.7258499730222,6.461895108299655e-09
518.8258499730221,4.9315965764325965e-09
518.9258499730222,3.75560204067774e-09
519.0258499730221,2.8538817613613346e-09
519.1258499730222,2.1639975823907765e-09
519.2258499730222,1.6373516137055579e-09
519.3258499730223,1.2362079117056653e-09
519.4258499730222,9.313340279620004e-10
519.5258499730223,7.001382567029602e-10
519.6258499730222,5.252021949060773e-10
519.7258499730224,3.9312769644963923e-10
519.8258499730223,2.936331854009121e-10
519.9258499730224,2.1884721133749437e-10
520.0258499730223,1.6275760223691426e-10
520.1258499730225,1.2078303409586137e-10
520.2258499730224,8.944065529744403e-11
520.3258499730225,6.608888054843843e-11
520.4258499730224,4.87288547391768e-11
520.5258499730226,3.58515881571525e-11
520.6258499730225,2.6320551139834476e-11
520.7258499730226,1.928172767055697e-11
520.8258499730225,1.4094877188904271e-11
520.9258499730227,1.028113432239567e-11
521.0258499730226,7.48316215088789e-12
521.1258499730227,5.434926363844923e-12
521.2258499730226,3.938823844823918e-12
521.3258499730227,2.8484187643734786e-12
521.4258499730227,2.055443310888762e-12
521.5258499730228,1.4800335301888078e-12
521.6258499730227,1.0634130635590214e-12
521.7258499730228,7.624244470456746e-13
521.8258499730227,5.454513505761893e-13
521.9258499730229,3.8938535646981665e-13
522.0258499730228,2.773751782734421e-13
522.1258499730229,1.971605220006629e-13
522.2258499730228,1.3984170484872955e-13
522.325849973023,9.897325334886443e-14
522.4258499730229,6.989777768658864e-14
522.525849973023,4.925760317459773e-14
522.6258499730229,3.463758215866153e-14
522.7258499730231,2.430447519424418e-14
522.825849973023,1.70172473839244e-14
522.9258499730231,1.1889313055793078e-14
523.025849973023,8.288741554398038e-15
523.1258499730232,5.7661351832447264e-15
523.2258499730231,4.002629824634781e-15
523.3258499730232,2.7724927548597142e-15
523.4258499730231,1.9162836687199483e-15
523.5258499730232,1.3216411815205175e-15
523.6258499730232,9.095607525611318e-16
523.7258499730233,6.246176438549133e-16
523.8258499730232,4.2801714802920075e-16
523.9258499730233,2.92666137300623e-16
524.0258499730232,1.9968625313824323e-16
524.1258499730234,1.3595282806902628e-16
524.2258499730233,9.236186843001617e-17
524.3258499730234,6.261257418495554e-17
524.4258499730233,4.2354035306085064e-17
524.5258499730235,2.858856884862977e-17
524.6258499730234,1.9255483200638563e-17
524.7258499730235,1.2941386666413415e-17
524.8258499730234,8.679038023390519e-18
524.9258499730236,5.808001961543513e-18
525.0258499730235,3.878343785646919e-18
525.1258499730236,2.5842244907588424e-18
525.2258499730235,1.7182191627682246e-18
525.3258499730237,1.139964335119193e-18
525.4258499730236,7.546895836599667e-19
525.5258499730237,4.985512771054823e-19
525.6258499730236,3.2863642382731845e-19
525.7258499730237,2.1616528239486875e-19
525.8258499730237,1.4187980366562566e-19
525.9258499730238,9.292222465315061e-20
526.0258499730237,6.072716462964133e-20
526.1258499730238,3.960142333897126e-20
526.2258499730237,2.5769320816007155e-20
526.3258499730239,1.673244995764539e-20
526.4258499730238,1.084127804802264e-20
526.5258499730239,7.009157465411627e-21
526.6258499730238,4.521843592208875e-21
526.725849973024,2.9109157868385502e-21
526.8258499730239,1.86985587069783e-21
526.925849973024,1.1985357939961094e-21
527.0258499730239,7.665813881054668e-22
527.1258499730241,4.892489683216308e-22
527.225849973024,3.115774021440904e-22
527.3258499730241,1.9800053832555886e-22
527.425849973024,1.2555417993112348e-22
527.5258499730242,7.944386525780991e-23
527.6258499730241,5.015958586903128e-23
527.7258499730242,3.160180608885398e-23
527.8258499730241,1.9867089636601877e-23
527.9258499730242,1.2462953775601637e-23
528.0258499730242,7.801392040982237e-24
