495.22584997301675,1.56381014502755
495.3258499730168,1.574048179772495
495.4258499730168,1.5843368071424595
495.5258499730168,1.5946749708888905
495.62584997301684,1.6050615914047413
495.72584997301686,1.615495566004037
495.8258499730169,1.6259757692525434
495.9258499730169,1.6365010533563624
496.02584997301693,1.6470702486162179
496.12584997301695,1.6576821639561934
496.225849973017,1.6683355875368076
496.325849973017,1.6790292874634907
496.425849973017,1.6897620126028223
496.52584997301705,1.7005324935202322
496.62584997301707,1.7113394435543139
496.7258499730171,1.7221815600443664
496.8258499730171,1.7330575257293077
496.92584997301714,1.7439660103376302
497.02584997301716,1.7549056723895835
497.1258499730172,1.765875161234229
497.2258499730172,1.776873119345359
497.3258499730172,1.7878981849015112
497.42584997301725,1.7989489946762873
497.5258499730173,1.8100241872659364
497.6258499730173,1.8211224066815461
497.7258499730173,1.8322423063331468
497.82584997301734,1.8433825534324697
497.92584997301736,1.85454183383994
498.0258499730174,1.8657188573796106
498.1258499730174,1.8769123636430352
498.22584997301743,1.8881211282994808
498.32584997301745,1.8993439699252446
498.4258499730175,1.910579757359065
498.5258499730175,1.921827417583668
498.6258499730175,1.9330859441251942
498.72584997301755,1.9443544059526285
498.82584997301757,1.9556319568482934
498.9258499730176,1.9669178452079907
499.0258499730176,1.9782114242154543
499.12584997301764,1.9895121623204863
499.22584997301766,2.000819653933535
499.3258499730177,2.012133630231706
499.4258499730177,2.02345396995241
499.5258499730177,2.0347807100313084
499.62584997301775,2.0461140559211795
499.7258499730178,2.0574543914081644
499.8258499730178,2.0688022877219505
499.9258499730178,2.0801585117172703
500.02584997301784,2.091524032886174
500.12584997301786,2.1029000289444273
500.2258499730179,2.1142878897217217
500.3258499730179,2.125689219074774
500.42584997301793,2.137105834535606
500.52584997301796,2.1485397644048785
500.625849973018,2.159993242002929
500.725849973018,2.1714686967997
500.825849973018,2.1829687421596935
500.92584997301805,2.1944961594599985
501.02584997301807,2.2060538783687913
501.1258499730181,2.2176449531088105
501.2258499730181,2.229272534575492
501.32584997301814,2.24093983823264
501.42584997301816,2.25265010776975
501.5258499730182,2.2644065745739685
501.6258499730182,2.27621241314577
501.7258499730182,2.288070692669907
501.82584997301825,2.2999843250412018
501.9258499730183,2.3119560097370147
502.0258499730183,2.3239881760233745
502.1258499730183,2.336082923078123
502.22584997301834,2.3482419587102115
502.32584997301836,2.360466537447451
502.4258499730184,2.3727573988534165
502.5258499730184,2.385114707015592
502.62584997301843,2.397537992218938
502.72584997301846,2.4100260958794535
502.8258499730185,2.422577119858885
502.9258499730185,2.4351883813121766
503.0258499730185,2.4478563742317205
503.12584997301855,2.4605767388451283
503.22584997301857,2.473344239994689
503.3258499730186,2.4861527555757794
503.4258499730186,2.498995276037625
503.52584997301864,2.5118639158526794
503.62584997301866,2.5247499377407836
503.7258499730187,2.5376437902920093
503.8258499730187,2.5505351594689203
503.9258499730187,2.563413034286852
504.02584997301875,2.5762657867720242
504.1258499730188,2.589081266084803
504.2258499730188,2.6018469064725447
504.3258499730188,2.6145498484869174
504.42584997301884,2.627177072668539
504.52584997301886,2.639715544671487
504.6258499730189,2.652152370576267
504.7258499730189,2.664474960926697
504.82584997301893,2.67667120182845
504.92584997301896,2.688729631269011
505.025849973019,2.700639618664675
505.125849973019,2.7123915455136713
505.225849973019,2.723976984938821
505.32584997301905,2.7353888778409394
505.42584997301907,2.7466217033576625
505.5258499730191,2.7576716413327196
505.6258499730191,2.7685367245485475
505.72584997301914,2.7792169785603194
505.82584997301916,2.789714547090948
505.9258499730192,2.8000338011025794
506.0258499730192,2.81018142984806
506.1258499730192,2.8201665124224635
506.22584997301925,2.8300005685762297
506.3258499730193,2.839697587813258
506.4258499730193,2.8492740360746085
506.5258499730193,2.8587488395960166
506.62584997301934,2.868143345819871
506.72584997301936,2.877481261534066
506.8258499730194,2.886788568695872
506.9258499730194,2.896093418673313
507.02584997301943,2.9054260058946637
507.12584997301946,2.914818422133952
507.2258499730195,2.9243044928728748
507.3258499730195,2.933919597363864
507.4258499730195,2.943700474172516
507.52584997301955,2.953685014098267
507.62584997301957,2.963912042458885
507.7258499730196,2.9744210927766277
507.8258499730196,2.985252173922222
507.92584997301964,2.9964455327582042
508.02584997301966,3.0080414142775034
508.1258499730197,3.0200798211588418
508.2258499730197,3.0326002745606058
508.32584997301973,3.045641577852739
508.42584997301975,3.059241584845751
508.5258499730198,3.0734369739211633
508.6258499730198,3.0882630293028583
508.7258499730198,3.1037534305380685
508.82584997301984,3.1199400510843023
508.92584997301987,3.1368527667283397
509.0258499730199,3.1545192743992203
509.1258499730199,3.172964921782326
509.22584997301993,3.192212547999072
509.32584997301996,3.212282335488916
509.42584997302,3.233191673119329
509.52584997302,3.254955030456398
509.62584997302,3.2775838430548343
509.72584997302005,3.3010864085715994
509.82584997302007,3.325467793471995
509.9258499730201,3.3507297500801867
510.0258499730201,3.3768720285796983
510.12584997302014,3.403918211885894
510.22584997302016,3.4318710934356584
510.3258499730202,3.4607185075569955
510.4258499730202,3.4904446896626538
510.52584997302023,3.5210302512135834
510.62584997302025,3.552452164059809
510.7258499730203,3.584683754239695
510.8258499730203,3.6176947053833017
510.9258499730203,3.6514510719272657
511.02584997302034,3.68591530240516
511.12584997302037,3.72104627312655
511.2258499730204,3.756799332598166
511.3258499730204,3.793126357070244
511.42584997302043,3.8299758176089127
511.52584997302046,3.8672928591005586
511.6258499730205,3.9050193915857974
511.7258499730205,3.943094194298689
511.8258499730205,3.9814530327510838
511.92584997302055,4.020028789152837
512.0258499730205,4.058751606396475
512.1258499730206,4.097549045760835
512.2258499730206,4.136346258401976
512.3258499730207,4.175066170606245
512.4258499730206,4.2136296826727975
512.5258499730207,4.251955881186413
512.6258499730206,4.289962264319249
512.7258499730208,4.327564979684962
512.8258499730207,4.364679074140077
512.9258499730208,4.401218754809388
513.0258499730207,4.437097660484312
513.1258499730209,4.472229142428835
513.2258499730208,4.506526553507134
513.3258499730209,4.539903544442821
513.4258499730208,4.572274365912642
513.525849973021,4.603554175089116
513.6258499730209,4.633659345158248
513.725849973021,4.66250777627064
513.8258499730209,4.690019206319049
513.9258499730211,4.716115519891855
514.025849973021,4.7407210537128845
514.1258499730211,4.763762896861181
514.225849973021,4.785171184053535
514.3258499730211,4.804879380283766
514.4258499730211,4.8228245551310085
514.5258499730212,4.838947645088527
514.6258499730211,4.853193702311512
514.7258499730212,4.8655121282486045
514.8258499730211,4.875856890695982
514.9258499730213,4.884186722904069
515.0258499730212,4.890465303465629
515.1258499730213,4.894661415827099
515.2258499730212,4.896749086384957
515.3258499730214,4.896707700260049
515.4258499730213,4.894522093979771
515.5258499730214,4.890182624442722
515.6258499730213,4.883795776661834
515.7258499730215,4.875828602862216
515.8258499730214,4.866337151396561
515.9258499730215,4.855328081481019
516.0258499730214,4.842810736883509
516.1258499730216,4.828797118598989
516.2258499730215,4.81330184951659
516.3258499730216,4.7963421312077585
516.4258499730215,4.777937693002587
516.5258499730216,4.758110733554285
516.6258499730216,4.736885855127887
516.7258499730217,4.7142899908789495
516.8258499730216,4.690352325421504
516.9258499730217,4.665104209010355
517.0258499730216,4.6385790656930075
517.1258499730218,4.610812295807964
517.2258499730217,4.581841173232419
517.3258499730218,4.551704737799018
517.4258499730217,4.520443683323314
517.5258499730219,4.488100241694992
517.6258499730218,4.454718063503353
517.7258499730219,4.42034209567353
517.8258499730218,4.385018456602568
517.925849973022,4.348794309285066
518.0258499730219,4.31171773292583
518.125849973022,4.273837593532195
518.2258499730219,4.235203413981646
518.3258499730221,4.195865244050352
518.425849973022,4.155873530886622
518.5258499730221,4.115278990398342
518.625849973022,4.074132480017543
518.7258499730222,4.0324848732858225
518.8258499730221,3.9903869366944638
518.9258499730222,3.9478892091896642
519.0258499730221,3.905041884739998
519.1258499730222,3.861894698336282
519.2258499730222,3.8184968157778765
519.3258499730223,3.7748967275696264
519.4258499730222,3.7311421472352078
519.5258499730223,3.687279914320649
519.6258499730222,3.643355902341652
519.7258499730224,3.5994149318948563
519.8258499730223,3.555500689131992
519.9258499730224,3.5116556497615874
520.0258499730223,3.4679210087212566
520.1258499730225,3.424336615629208
520.2258499730224,3.3809409161021526
520.3258499730225,3.337770898992917
520.4258499730224,3.2948620495803738
520.5258499730226,3.2522483087115446
520.6258499730225,3.209962037876313
520.7258499730226,3.168033990164101
520.8258499730225,3.1264932870341764
520.9258499730227,3.085367400802306
521.0258499730226,3.0446821427309385
521.1258499730227,3.0044616565836386
521.2258499730226,2.964728417491444
521.3258499730227,2.925503235955175
521.4258499730227,2.8868052667973636
521.5258499730228,2.848652022856879
521.6258499730227,2.811059393211816
521.7258499730228,2.7740416656988027
521.8258499730227,2.7376115534922856
521.9258499730229,2.701780225493198
522.0258499730228,2.666557340274717
522.1258499730229,2.6319510833218707
522.2258499730228,2.5979682073029124
522.325849973023,2.5646140751025395
522.4258499730229,2.531892705350866
522.525849973023,2.4998068201772043
522.6258499730229,2.4683578949240097
522.7258499730231,2.4375462095542324
522.825849973023,2.4073709014938713
522.9258499730231,2.3778300196518765
523.025849973023,2.348920579370072
523.1258499730232,2.3206386180582905
523.2258499730231,2.292979251282101
523.3258499730232,2.2659367290748667
523.4258499730231,2.239504492259417
523.5258499730232,2.2136752285704673
523.6258499730232,2.188440928383475
523.7258499730233,2.163792939862667
523.8258499730232,2.139722023356173
523.9258499730233,2.116218404874117
524.0258499730232,2.093271828501058
524.1258499730234,2.0708716076026357
524.2258499730233,2.049006674701853
524.3258499730234,2.0276656299091482
524.4258499730233,2.0068367878057445
524.5258499730235,1.9865082226884652
524.6258499730234,1.9666678120990766
524.7258499730235,1.947303278569633
524.8258499730234,1.9284022295295
524.9258499730236,1.9099521953276821
525.0258499730235,1.8919406653374016
525.1258499730236,1.8743551221171963
525.2258499730235,1.8571830736151291
525.3258499730237,1.8404120834092192
525.4258499730236,1.824029798988465
525.5258499730237,1.8080239780844347
525.6258499730236,1.7923825130735032
525.7258499730237,1.777093453474484
525.8258499730237,1.7621450265752778
525.9258499730238,1.7475256562258723
526.0258499730237,1.733223979842684
526.1258499730238,1.7192288636719537
526.2258499730237,1.7055294163663817
526.3258499730239,1.692115000930948
526.4258499730238,1.6789752450991875
526.5258499730239,1.666100050202024
526.6258499730238,1.6534795985955328
526.725849973024,1.641104359713942
526.8258499730239,1.6289650948174847
526.925849973024,1.6170528605038375
527.0258499730239,1.6053590110542975
527.1258499730241,1.5938751996842604
527.225849973024,1.5825933787691713
527.3258499730241,1.5715057991149277
527.425849973024,1.5606050083426157
527.5258499730242,1.5498838484547486
527.6258499730241,1.5393354526504897
527.7258499730242,1.528953241454206
527.8258499730241,1.518730918221517
527.9258499730242,1.508662464083542
528.0258499730242,1.498742132389482
