600.6269655909831,0.06505936717421723
600.7269655909831,0.06560423239085482
600.8269655909831,0.066152605909468
600.9269655909832,0.06670449949348571
601.0269655909832,0.06725992483547547
601.1269655909832,0.06781889355580345
601.2269655909832,0.06838141720128885
601.3269655909833,0.06894750724385318
601.4269655909833,0.06951717507916433
601.5269655909833,0.07009043202527537
601.6269655909833,0.07066728932125849
601.7269655909834,0.07124775812583375
601.8269655909834,0.07183184951599313
601.9269655909834,0.07241957448561989
602.0269655909834,0.07301094394410312
602.1269655909834,0.07360596871494764
602.2269655909835,0.07420465953437944
602.3269655909835,0.07480702704994707
602.4269655909835,0.0754130818191182
602.5269655909835,0.07602283430787249
602.6269655909836,0.07663629488928982
602.7269655909836,0.07725347384213516
602.8269655909836,0.07787438134943914
602.9269655909836,0.07849902749707481
603.0269655909837,0.07912742227233113
603.1269655909837,0.07975957556248237
603.2269655909837,0.08039549715335453
603.3269655909837,0.08103519672788802
603.4269655909837,0.08167868386469745
603.5269655909838,0.08232596803662805
603.6269655909838,0.08297705860930914
603.7269655909838,0.08363196483970478
603.8269655909838,0.08429069587466165
603.9269655909839,0.0849532607494541
604.0269655909839,0.08561966838632687
604.1269655909839,0.0862899275930353
604.2269655909839,0.08696404706138319
604.326965590984,0.08764203536575858
604.426965590984,0.08832390096166737
604.526965590984,0.08900965218426525
604.626965590984,0.08969929724688734
604.726965590984,0.09039284423957675
604.8269655909841,0.09109030112761125
604.9269655909841,0.09179167575002846
605.0269655909841,0.09249697581815002
605.1269655909841,0.09320620891410433
605.2269655909842,0.09391938248934856
605.3269655909842,0.09463650386318949
605.4269655909842,0.09535758022130376
605.5269655909842,0.09608261861425751
605.6269655909842,0.09681162595602542
605.7269655909843,0.0975446090225095
605.8269655909843,0.09828157445005765
605.9269655909843,0.09902252873398239
606.0269655909843,0.09976747822707914
606.1269655909844,0.10051642913814526
606.2269655909844,0.10126938753049909
606.3269655909844,0.10202635932049987
606.4269655909844,0.10278735027606795
606.5269655909844,0.10355236601520608
606.6269655909845,0.10432141200452122
606.7269655909845,0.1050944935577483
606.8269655909845,0.10587161583427439
606.9269655909845,0.10665278383766455
607.0269655909846,0.10743800241418947
607.1269655909846,0.10822727625135445
607.2269655909846,0.10902060987643071
607.3269655909846,0.1098180076549881
607.4269655909847,0.11061947378943056
607.5269655909847,0.1114250123175335
607.6269655909847,0.1122346271109841
607.7269655909847,0.11304832187392366
607.8269655909847,0.11386610014149347
607.9269655909848,0.11468796527838289
608.0269655909848,0.11551392047738128
608.1269655909848,0.11634396875793267
608.2269655909848,0.11717811296469417
608.3269655909849,0.11801635576609788
608.4269655909849,0.11885869965291669
608.5269655909849,0.1197051469368338
608.6269655909849,0.1205556997490167
608.726965590985,0.12141036003869507
608.826965590985,0.12226912957174331
608.926965590985,0.1231320099292677
609.026965590985,0.12399900250619819
609.126965590985,0.12487010850988532
609.2269655909851,0.1257453289587022
609.3269655909851,0.12662466468065156
609.4269655909851,0.12750811631197861
609.5269655909851,0.12839568429578946
609.6269655909852,0.1292873688806749
609.7269655909852,0.13018317011934083
609.8269655909852,0.13108308786724435
609.9269655909852,0.13198712178123648
610.0269655909852,0.13289527131821088
610.1269655909853,0.13380753573376006
610.2269655909853,0.13472391408083756
610.3269655909853,0.13564440520842783
610.4269655909853,0.1365690077602227
610.5269655909854,0.13749772017330603
610.6269655909854,0.13843054067684493
610.7269655909854,0.13936746729078947
610.8269655909854,0.14030849782458
610.9269655909854,0.1412536298758625
611.0269655909855,0.14220286082921246
611.1269655909855,0.1431561878548667
611.2269655909855,0.14411360790746436
611.3269655909855,0.1450751177247964
611.4269655909856,0.14604071382656394
611.5269655909856,0.1470103925131462
611.6269655909856,0.1479841498643772
611.7269655909856,0.14896198173833247
611.8269655909857,0.1499438837701253
611.9269655909857,0.15092985137071258
612.0269655909857,0.151919879725711
612.1269655909857,0.15291396379422365
612.2269655909857,0.1539120983076764
612.3269655909858,0.15491427776866556
612.4269655909858,0.15592049644981582
612.5269655909858,0.15693074839264945
612.6269655909858,0.15794502740646646
612.7269655909859,0.158963327067236
612.8269655909859,0.1599856407164997
612.9269655909859,0.16101196146028598
613.0269655909859,0.1620422821680368
613.126965590986,0.16307659547154604
613.226965590986,0.1641148937639106
613.326965590986,0.16515716919849316
613.426965590986,0.16620341368789807
613.526965590986,0.16725361890295987
613.6269655909861,0.1683077762717446
613.7269655909861,0.16936587697856417
613.8269655909861,0.17042791196300447
613.9269655909861,0.1714938719189661
614.0269655909862,0.1725637472937195
614.1269655909862,0.1736375282869737
614.2269655909862,0.17471520484995856
614.3269655909862,0.175796766684522
614.4269655909862,0.17688220324224072
614.5269655909863,0.17797150372354603
614.6269655909863,0.17906465707686428
614.7269655909863,0.18016165199777162
614.8269655909863,0.18126247692816458
614.9269655909864,0.18236712005544528
615.0269655909864,0.18347556931172201
615.1269655909864,0.18458781237302596
615.2269655909864,0.18570383665854262
615.3269655909864,0.18682362932986024
615.4269655909865,0.1879471772902333
615.5269655909865,0.1890744671838629
615.6269655909865,0.1902054853951932
615.7269655909865,0.19134021804822446
615.8269655909866,0.1924786510058428
615.9269655909866,0.19362076986916696
616.0269655909866,0.19476655997691192
616.1269655909866,0.1959160064047697
616.2269655909867,0.19706909396480776
616.3269655909867,0.19822580720488484
616.4269655909867,0.19938613040808414
616.5269655909867,0.20055004759216494
616.6269655909867,0.2017175425090318
616.7269655909868,0.20288859864422182
616.8269655909868,0.2040631992164109
616.9269655909868,0.20524132717693744
617.0269655909868,0.20642296520934558
617.1269655909869,0.20760809572894665
617.2269655909869,0.20879670088239985
617.3269655909869,0.2099887625473117
617.4269655909869,0.211184262331855
617.526965590987,0.21238318157440703
617.626965590987,0.21358550134320722
617.726965590987,0.21479120243603453
617.826965590987,0.21600026537990466
617.926965590987,0.217212670430787
618.0269655909871,0.21842839757334198
618.1269655909871,0.21964742652067837
618.2269655909871,0.22086973671413102
618.3269655909871,0.22209530732305904
618.4269655909872,0.22332411724466483
618.5269655909872,0.22455614510383343
618.6269655909872,0.2257913692529932
618.7269655909872,0.2270297677719972
618.8269655909872,0.22827131846802587
618.9269655909873,0.229515998875511
619.0269655909873,0.23076378625608074
619.1269655909873,0.23201465759852685
619.2269655909873,0.23326858961879265
619.3269655909874,0.2345255587599836
619.4269655909874,0.2357855411923991
619.5269655909874,0.2370485128135866
619.6269655909874,0.2383144492484176
619.7269655909874,0.23958332584918637
619.8269655909875,0.24085511769573012
619.9269655909875,0.24212979959557224
620.0269655909875,0.24340734608408815
620.1269655909875,0.24468773142469322
620.2269655909876,0.24597092960905378
620.3269655909876,0.24725691435732106
620.4269655909876,0.24854565911838783
620.5269655909876,0.2498371370701684
620.6269655909877,0.25113132111990094
620.7269655909877,0.25242818390447425
620.8269655909877,0.25372769779077664
620.9269655909877,0.2550298348760692
621.0269655909877,0.2563345669883816
621.1269655909878,0.2576418656869321
621.2269655909878,0.25895170226257136
621.3269655909878,0.2602640477382489
621.4269655909878,0.26157887286950465
621.5269655909879,0.26289614814498374
621.6269655909879,0.26421584378697494
621.7269655909879,0.26553792975197377
621.8269655909879,0.26686237573126925
621.926965590988,0.2681891511515549
622.026965590988,0.26951822517556384
622.126965590988,0.27084956670272853
622.226965590988,0.2721831443698642
622.326965590988,0.27351892655187715
622.4269655909881,0.2748568813624976
622.5269655909881,0.2761969766550362
622.6269655909881,0.2775391800231661
622.7269655909881,0.27888345880172866
622.8269655909882,0.2802297800675647
622.9269655909882,0.2815781106403696
623.0269655909882,0.2829284170835733
623.1269655909882,0.28428066570524524
623.2269655909882,0.28563482255902417
623.3269655909883,0.2869908534450721
623.4269655909883,0.2883487239110536
623.5269655909883,0.2897083992531401
623.6269655909883,0.29106984451703827
623.7269655909884,0.2924330244990441
623.8269655909884,0.2937979037471214
623.9269655909884,0.2951644465620053
624.0269655909884,0.2965326169983308
624.1269655909884,0.2979023788657862
624.2269655909885,0.299273695730291
624.3269655909885,0.30064653091519994
624.4269655909885,0.3020208475025302
624.5269655909885,0.30339660833421533
624.6269655909886,0.3047737760133826
624.7269655909886,0.30615231290565664
624.8269655909886,0.30753218114048664
624.9269655909886,0.30891334261249936
625.0269655909887,0.31029575898287687
625.1269655909887,0.3116793916807589
625.2269655909887,0.3130642019046699
625.3269655909887,0.3144501506239714
625.4269655909887,0.315837198580339
625.5269655909888,0.3172253062892635
625.6269655909888,0.31861443404157763
625.7269655909888,0.3200045419050068
625.8269655909888,0.3213955897257452
625.9269655909889,0.32278753713005526
626.0269655909889,0.3241803435258928
626.1269655909889,0.3255739681045565
626.2269655909889,0.3269683698423612
626.326965590989,0.32836350750233606
626.426965590989,0.32975933963594706
626.526965590989,0.3311558245848437
626.626965590989,0.33255292048262974
626.726965590989,0.33395058525665816
626.8269655909891,0.33534877662985046
626.9269655909891,0.33674745212253954
627.0269655909891,0.33814656905433665
627.1269655909891,0.3395460845460224
627.2269655909892,0.3409459555214611
627.3269655909892,0.3423461387095394
627.4269655909892,0.34374659064612756
627.5269655909892,0.34514726767606513
627.6269655909892,0.3465481259551697
627.7269655909893,0.347949121452269
627.8269655909893,0.34935020995125554
627.9269655909893,0.35075134705316574
628.0269655909893,0.35215248817828076
628.1269655909894,0.35355358856825086
628.2269655909894,0.35495460328824247
628.3269655909894,0.3563554872291073
628.4269655909894,0.35775619510957557
628.5269655909894,0.3591566814784694
628.6269655909895,0.36055690071694074
628.7269655909895,0.3619568070407295
628.8269655909895,0.3633563545024456
628.9269655909895,0.3647554969938713
629.0269655909896,0.3661541882482861
629.1269655909896,0.3675523818428135
629.2269655909896,0.3689500312007884
629.3269655909896,0.37034708959414664
629.4269655909897,0.37174351014583557
629.5269655909897,0.3731392458322452
629.6269655909897,0.37453424948566094
629.7269655909897,0.37592847379673644
629.8269655909897,0.37732187131698747
629.9269655909898,0.3787143944613058
630.0269655909898,0.38010599551049407
630.1269655909898,0.3814966266138199
630.2269655909898,0.3828862397915901
630.3269655909899,0.3842747869377451
630.4269655909899,0.3856622198224726
630.5269655909899,0.38704849009484055
630.6269655909899,0.3884335492854492
630.72696559099,0.3898173488091029
630.82696559099,0.39119983996749974
630.92696559099,0.39258097395194036
631.02696559099,0.39396070184605547
631.12696559099,0.395338974628551
631.2269655909901,0.3967157431759716
631.3269655909901,0.39809095826548196
631.4269655909901,0.39946457057766616
631.5269655909901,0.4008365306993436
631.6269655909902,0.402206789126403
631.7269655909902,0.403575296266653
631.8269655909902,0.40494200244268935
631.9269655909902,0.4063068578947795
632.0269655909902,0.40766981278376274
632.1269655909903,0.4090308171939666
632.2269655909903,0.41038982113613953
632.3269655909903,0.41174677455039926
632.4269655909903,0.41310162730919614
632.5269655909904,0.41445432922029196
632.6269655909904,0.4158048300297542
632.7269655909904,0.4171530794249642
632.8269655909904,0.41849902703764064
632.9269655909904,0.4198426224468766
633.0269655909905,0.4211838151821912
633.1269655909905,0.4225225547265949
633.2269655909905,0.4238587905196678
633.3269655909905,0.4251924719606523
633.4269655909906,0.4265235484115574
633.5269655909906,0.4278519692002772
633.6269655909906,0.4291776836237207
633.7269655909906,0.43050064095095464
633.8269655909907,0.4318207904263579
633.9269655909907,0.43313808127278786
634.0269655909907,0.4344524626947581
634.1269655909907,0.43576388388162735
634.2269655909907,0.43707229401079917
634.3269655909908,0.43837764225093245
634.4269655909908,0.4396798777651624
634.5269655909908,0.44097894971433127
634.6269655909908,0.4422748072602291
634.7269655909909,0.443567399568844
634.8269655909909,0.4448566758136217
634.9269655909909,0.44614258517873373
635.0269655909909,0.4474250768623549
635.126965590991,0.4487041000799482
635.226965590991,0.4499796040675593
635.326965590991,0.451251538085117
635.426965590991,0.4525198514197425
635.526965590991,0.4537844933890657
635.6269655909911,0.45504541334454773
635.7269655909911,0.4563025606748111
635.8269655909911,0.4575558848089751
635.9269655909911,0.45880533521999795
636.0269655909912,0.46005086142802476
636.1269655909912,0.46129241300373985
636.2269655909912,0.4625299395717256
636.3269655909912,0.4637633908138249
636.4269655909912,0.46499271647250884
636.5269655909913,0.466217866354248
636.6269655909913,0.46743879033288815
636.7269655909913,0.46865543835302903
636.8269655909913,0.46986776043340656
636.9269655909914,0.47107570667027787
637.0269655909914,0.4722792272408093
637.1269655909914,0.47347827240646595
637.2269655909914,0.47467279251640393
637.3269655909914,0.4758627380108636
637.4269655909915,0.477048059424565
637.5269655909915,0.47822870739010315
637.6269655909915,0.4794046326413448
637.7269655909915,0.48057578601682555
637.8269655909916,0.48174211846314646
637.9269655909916,0.4829035810383708
638.0269655909916,0.48406012491542016
638.1269655909916,0.48521170138546926
638.2269655909917,0.48635826186134
638.3269655909917,0.4874997578808933
638.4269655909917,0.4886361411104194
638.5269655909917,0.4897673633480261
638.6269655909917,0.49089337652702386
638.7269655909918,0.49201413271930783
638.8269655909918,0.4931295841387379
638.9269655909918,0.4942396831445136
639.0269655909918,0.49534438224454597
639.1269655909919,0.4964436340988248
639.2269655909919,0.4975373915227817
639.3269655909919,0.4986256074906478
639.4269655909919,0.4997082351388065
639.526965590992,0.5007852277691405
639.626965590992,0.5018565388523729
639.726965590992,0.5029221220314022
639.826965590992,0.5039819311246303
639.926965590992,0.5050359201292844
640.0269655909921,0.506084043224731
640.1269655909921,0.5071262547757819
640.2269655909921,0.5081625093359938
640.3269655909921,0.5091927616509583
640.4269655909922,0.5102169666615832
640.5269655909922,0.5112350795073664
640.6269655909922,0.512247055529659
640.7269655909922,0.5132528502749194
640.8269655909922,0.5142524194979579
640.9269655909923,0.5152457191651701
641.0269655909923,0.5162327054577612
641.1269655909923,0.5172133347749578
641.2269655909923,0.518187563737209
641.3269655909924,0.5191553491893772
641.4269655909924,0.5201166482039151
641.5269655909924,0.5210714180840318
641.6269655909924,0.5220196163668456
641.7269655909924,0.5229612008265246
641.8269655909925,0.5238961294774143
641.9269655909925,0.5248243605771499
642.0269655909925,0.5257458526297573
642.1269655909925,0.5266605643887383
642.2269655909926,0.527568454860142
642.3269655909926,0.528469483305621
642.4269655909926,0.5293636092454727
642.5269655909926,0.5302507924616651
642.6269655909927,0.5311309930008473
642.7269655909927,0.5320041711773437
642.8269655909927,0.5328702875761306
642.9269655909927,0.5337293030557991
643.0269655909927,0.5345811787514974
643.1269655909928,0.5354258760778584
643.2269655909928,0.5362633567319092
643.3269655909928,0.5370935826959613
643.4269655909928,0.5379165162404849
643.5269655909929,0.5387321199269622
643.6269655909929,0.539540356610724
643.7269655909929,0.5403411894437656
643.8269655909929,0.5411345818775447
643.926965590993,0.5419204976657577
644.026965590993,0.5426989008670982
644.126965590993,0.5434697558479935
644.226965590993,0.5442330272853213
644.326965590993,0.5449886801691051
644.4269655909931,0.545736679805189
644.5269655909931,0.5464769918178902
644.6269655909931,0.5472095821526306
644.7269655909931,0.5479344170785456
644.8269655909932,0.5486514631910717
644.9269655909932,0.5493606874145097
645.0269655909932,0.5500620570045671
645.1269655909932,0.5507555395508761
645.2269655909932,0.5514411029794883
645.3269655909933,0.552118715555346
645.4269655909933,0.5527883458847295
645.5269655909933,0.5534499629176803
645.6269655909933,0.5541035359503997
645.7269655909934,0.5547490346276226
645.8269655909934,0.555386428944966
645.9269655909934,0.5560156892512537
646.0269655909934,0.556636786250813
646.1269655909934,0.5572496910057487
646.2269655909935,0.5578543749381883
646.3269655909935,0.5584508098325032
646.4269655909935,0.5590389678375014
646.5269655909935,0.5596188214685958
646.6269655909936,0.5601903436099428
646.7269655909936,0.5607535075165567
646.8269655909936,0.5613082868163943
646.9269655909936,0.561854655512413
647.0269655909937,0.5623925879846007
647.1269655909937,0.5629220589919782
647.2269655909937,0.563443043674572
647.3269655909937,0.5639555175553604
647.4269655909937,0.5644594565421891
647.5269655909938,0.5649548369296586
647.6269655909938,0.5654416354009835
647.7269655909938,0.56591982902982
647.8269655909938,0.5663893952820666
647.9269655909939,0.5668503120176326
648.0269655909939,0.5673025574921787
648.1269655909939,0.5677461103588262
648.2269655909939,0.5681809496698359
648.326965590994,0.5686070548782575
648.426965590994,0.5690244058395469
648.526965590994,0.5694329828131539
648.626965590994,0.5698327664640783
648.726965590994,0.5702237378643941
648.8269655909941,0.5706058784947441
648.9269655909941,0.5709791702458009
649.0269655909941,0.5713435954196977
649.1269655909941,0.5716991367314267
649.2269655909942,0.5720457773102048
649.3269655909942,0.5723835007008087
649.4269655909942,0.5727122908648762
649.5269655909942,0.5730321321821757
649.6269655909942,0.5733430094518431
649.7269655909943,0.5736449078935855
649.8269655909943,0.5739378131488528
649.9269655909943,0.5742217112819757
650.0269655909943,0.5744965887812705
650.1269655909944,0.5747624325601113
650.2269655909944,0.5750192299579677
650.3269655909944,0.5752669687414107
650.4269655909944,0.5755056371050828
650.5269655909945,0.5757352236726369
650.6269655909945,0.5759557174976384
650.7269655909945,0.576167108064437
650.8269655909945,0.576369385289001
650.9269655909945,0.5765625395197194
651.0269655909946,0.57674656153817
651.1269655909946,0.5769214425598521
651.2269655909946,0.5770871742348856
651.3269655909946,0.5772437486486754
651.4269655909947,0.5773911583225412
651.5269655909947,0.5775293962143132
651.6269655909947,0.5776584557188922
651.7269655909947,0.5777783306687765
651.8269655909947,0.5778890153345523
651.9269655909948,0.5779905044253505
652.0269655909948,0.5780827930892679
652.1269655909948,0.5781658769137544
652.2269655909948,0.578239751925964
652.3269655909949,0.5783044145930715
652.4269655909949,0.5783598618225543
652.5269655909949,0.578406090962439
652.6269655909949,0.5784430998015124
652.726965590995,0.5784708865694982
652.826965590995,0.5784894499371978
652.926965590995,0.5784987890165961
653.026965590995,0.5784989033609332
653.126965590995,0.578489792964739
653.2269655909951,0.5784714582638342
653.3269655909951,0.5784439001352951
653.4269655909951,0.5784071198973846
653.5269655909951,0.5783611193094459
653.6269655909952,0.5783059005717629
653.7269655909952,0.5782414663253851
653.8269655909952,0.5781678196519161
653.9269655909952,0.5780849640732691
654.0269655909952,0.5779929035513853
654.1269655909953,0.5778916424879186
654.2269655909953,0.5777811857238848
654.3269655909953,0.5776615385392756
654.4269655909953,0.5775327066526385
654.5269655909954,0.5773946962206207
654.6269655909954,0.577247513837479
654.7269655909954,0.5770911665345546
654.8269655909954,0.5769256617797136
654.9269655909955,0.576751007476752
655.0269655909955,0.5765672119647668
655.1269655909955,0.5763742840174925
655.2269655909955,0.5761722328426029
655.3269655909955,0.5759610680809791
655.4269655909956,0.5757407998059422
655.5269655909956,0.5755114385224527
655.6269655909956,0.5752729951662756
655.7269655909956,0.5750254811031117
655.8269655909957,0.5747689081276938
655.9269655909957,0.5745032884628505
656.0269655909957,0.5742286347585361
656.1269655909957,0.5739449600908257
656.2269655909957,0.5736522779608785
656.3269655909958,0.573350602293866
656.4269655909958,0.5730399474378687
656.5269655909958,0.5727203281627379
656.6269655909958,0.5723917596589262
656.7269655909959,0.5720542575362834
656.8269655909959,0.5717078378228214
656.9269655909959,0.5713525169634449
657.0269655909959,0.5709883118186508
657.126965590996,0.5706152396631946
657.226965590996,0.5702333181847247
657.326965590996,0.5698425654823852
657.426965590996,0.5694430000653864
657.526965590996,0.5690346408515431
657.6269655909961,0.5686175071657823
657.7269655909961,0.5681916187386193
657.8269655909961,0.5677569957046016
657.9269655909961,0.5673136586007235
658.0269655909962,0.5668616283648076
658.1269655909962,0.5664009263338584
658.2269655909962,0.5659315742423824
658.3269655909962,0.5654535942206799
658.4269655909962,0.5649670087931064
658.5269655909963,0.5644718408763029
658.6269655909963,0.563968113777398
658.7269655909963,0.5634558511921791
658.8269655909963,0.5629350772032355
658.9269655909964,0.5624058162780711
659.0269655909964,0.5618680932671888
659.1269655909964,0.5613219334021465
659.2269655909964,0.5607673622935837
659.3269655909965,0.5602044059292206
659.4269655909965,0.5596330906718288
659.5269655909965,0.5590534432571738
659.6269655909965,0.5584654907919302
659.7269655909965,0.5578692607515702
659.8269655909966,0.557264780978223
659.9269655909966,0.5566520796785093
660.0269655909966,0.556031185421348
660.1269655909966,0.5554021271357363
660.2269655909967,0.5547649341085044
660.3269655909967,0.5541196359820434
660.4269655909967,0.5534662627520078
660.5269655909967,0.5528048447649925
660.6269655909967,0.5521354127161845
660.7269655909968,0.5514579976469897
660.8269655909968,0.5507726309426348
660.9269655909968,0.5500793443297453
661.0269655909968,0.5493781698738974
661.1269655909969,0.5486691399771496
661.2269655909969,0.5479522873755465
661.3269655909969,0.5472276451366017
661.4269655909969,0.5464952466567573
661.526965590997,0.5457551256588197
661.626965590997,0.5450073161893734
661.726965590997,0.5442518526161724
661.826965590997,0.5434887696255096
661.926965590997,0.5427181022195643
662.0269655909971,0.5419398857137284
662.1269655909971,0.5411541557339109
662.2269655909971,0.5403609482138225
662.3269655909971,0.5395602993922385
662.4269655909972,0.5387522458102425
662.5269655909972,0.5379368243084489
662.6269655909972,0.5371140720242065
662.7269655909972,0.5362840263887823
662.8269655909972,0.5354467251245265
662.9269655909973,0.5346022062420184
663.0269655909973,0.5337505080371936
663.1269655909973,0.5328916690884534
663.2269655909973,0.5320257282537563
663.3269655909974,0.5311527246676909
663.4269655909974,0.5302726977385332
663.5269655909974,0.5293856871452856
663.6269655909974,0.528491732834699
663.7269655909975,0.5275908750182801
663.8269655909975,0.5266831541692809
663.9269655909975,0.5257686110196736
664.0269655909975,0.5248472865571098
664.1269655909975,0.5239192220218637
664.2269655909976,0.522984458903762
664.3269655909976,0.5220430389390984
664.4269655909976,0.5210950041075342
664.5269655909976,0.5201403966289848
664.6269655909977,0.5191792589604929
664.7269655909977,0.518211633793089
664.8269655909977,0.5172375640486379
664.9269655909977,0.5162570928766735
665.0269655909977,0.5152702636512217
665.1269655909978,0.5142771199676106
665.2269655909978,0.5132777056392688
665.3269655909978,0.5122720646945143
665.4269655909978,0.5112602413733306
665.5269655909979,0.5102422801241332
665.6269655909979,0.5092182256005255
665.7269655909979,0.5081881226580454
665.8269655909979,0.5071520163509008
665.926965590998,0.5061099519286981
666.026965590998,0.5050619748331598
666.126965590998,0.5040081306948345
666.226965590998,0.5029484653297986
666.326965590998,0.5018830247363496
666.4269655909981,0.5008118550916922
666.5269655909981,0.49973500274861765
666.6269655909981,0.4986525142321746
666.7269655909981,0.49756443623633506
666.8269655909982,0.4964708156206533
666.9269655909982,0.4953716994069189
667.0269655909982,0.494267134775804
667.1269655909982,0.49315716906350593
667.2269655909982,0.4920418497583841
667.3269655909983,0.4909212244975933
667.4269655909983,0.48979534106371136
667.5269655909983,0.4886642473813643
667.6269655909983,0.48752799151384724
667.7269655909984,0.48638662165974145
667.8269655909984,0.48524018614952974
667.9269655909984,0.48408873344220826
668.0269655909984,0.4829323121218964
668.1269655909985,0.4817709708944448
668.2269655909985,0.48060475858404134
668.3269655909985,0.4794337241298162
668.4269655909985,0.47825791658244643
668.5269655909985,0.4770773851007583
668.6269655909986,0.47589217894833136
668.7269655909986,0.474702347490101
668.8269655909986,0.473507940188962
668.9269655909986,0.47230900660237274
669.0269655909987,0.47110559637896016
669.1269655909987,0.4698977592551261
669.2269655909987,0.4686855450516556
669.3269655909987,0.46746900367032657
669.4269655909987,0.46624818509052224
669.5269655909988,0.46502313936584594
669.6269655909988,0.46379391662073866
669.7269655909988,0.4625605670471004
669.8269655909988,0.4613231409009143
669.9269655909989,0.4600816884988751
670.0269655909989,0.45883626021502166
670.1269655909989,0.45758690647737393
670.2269655909989,0.4563336777645746
670.326965590999,0.45507662460253623
670.426965590999,0.45381579756109286
670.526965590999,0.45255124725065876
670.626965590999,0.45128302431889156
670.726965590999,0.45001117944736296
670.8269655909991,0.44873576334823556
670.9269655909991,0.44745682676094634
671.0269655909991,0.4461744204488977
671.1269655909991,0.44488859519615603
671.2269655909992,0.4435994018041579
671.3269655909992,0.4423068910884241
671.4269655909992,0.4410111138752825
671.5269655909992,0.43971212099859974
671.6269655909992,0.438409963296521
671.7269655909993,0.4371046916082197
671.8269655909993,0.43579635677065653
671.9269655909993,0.43448500961534864
672.0269655909993,0.43317070096514787
672.1269655909994,0.4318534816310308
672.2269655909994,0.4305334024088981
672.3269655909994,0.4292105140763856
672.4269655909994,0.42788486738968623
672.5269655909995,0.4265565130803834
672.6269655909995,0.4252255018522966
672.7269655909995,0.4238918843783375
672.8269655909995,0.4225557112973808
672.9269655909995,0.4212170332111445
673.0269655909996,0.4198759006810861
673.1269655909996,0.418532364225309
673.2269655909996,0.4171864743154842
673.3269655909996,0.4158382813737845
673.4269655909997,0.41448783576983256
673.5269655909997,0.4131351878176637
673.6269655909997,0.41178038777270165
673.7269655909997,0.4104234858287503
673.8269655909997,0.40906453211499905
673.9269655909998,0.4077035766930436
674.0269655909998,0.4063406695539222
674.1269655909998,0.40497586061516677
674.2269655909998,0.40360919971787024
674.3269655909999,0.4022407366237693
674.4269655909999,0.40087052101234416
674.5269655909999,0.3994986024779334
674.6269655909999,0.39812503052686626
674.726965591,0.396749854574612
674.826965591,0.39537312394294516
674.926965591,0.3939948878571293
675.026965591,0.39261519544311685
675.126965591,0.3912340957247682
675.2269655910001,0.38985163762108715
675.3269655910001,0.38846786994347526
675.4269655910001,0.387082841393004
675.5269655910001,0.3856966005577056
675.6269655910002,0.3843091959098828
675.7269655910002,0.3829206758034368
675.8269655910002,0.3815310884712143
675.9269655910002,0.38014048202237455
676.0269655910002,0.3787489044397748
676.1269655910003,0.3773564035773757
676.2269655910003,0.37596302715766655
676.3269655910003,0.3745688227691102
676.4269655910003,0.3731738378636084
676.5269655910004,0.37177811975398706
676.6269655910004,0.37038171561150196
676.7269655910004,0.3689846724633652
676.8269655910004,0.3675870371902922
676.9269655910005,0.36618885652406985
677.0269655910005,0.3647901770451454
677.1269655910005,0.3633910451802366
677.2269655910005,0.3619915071999637
677.3269655910005,0.3605916092165019
677.4269655910006,0.3591913971812565
677.5269655910006,0.3577909168825589
677.6269655910006,0.3563902139433856
677.7269655910006,0.354989333819098
677.8269655910007,0.35358832179520505
677.9269655910007,0.35218722298514843
678.0269655910007,0.3507860823281096
678.1269655910007,0.3493849445868393
678.2269655910007,0.3479838543455107
678.3269655910008,0.3465828560075939
678.4269655910008,0.3451819937937545
678.5269655910008,0.34378131173977455
678.6269655910008,0.34238085369449667
678.7269655910009,0.3409806633177917
678.8269655910009,0.33958078407854914
678.9269655910009,0.33818125925269127
679.0269655910009,0.33678213192121076
679.126965591001,0.3353834449682321
679.226965591001,0.33398524107909594
679.326965591001,0.33258756273846823
679.426965591001,0.3311904522284721
679.526965591001,0.32979395162684455
679.6269655910011,0.3283981028051167
679.7269655910011,0.32700294742681835
679.8269655910011,0.32560852694570597
679.9269655910011,0.3242148826040162
680.0269655910012,0.3228220554307422
680.1269655910012,0.3214300862399354
680.2269655910012,0.320039015629031
680.3269655910012,0.3186488839771981
680.4269655910012,0.31725973144371444
680.5269655910013,0.31587159796636555
680.6269655910013,0.31448452325986853
680.7269655910013,0.3130985468143205
680.8269655910013,0.31171370789367137
680.9269655910014,0.3103300455342221
681.0269655910014,0.3089475985431469
681.1269655910014,0.30756640549704056
681.2269655910014,0.3061865047404906
681.3269655910015,0.30480793438467413
681.4269655910015,0.3034307323059797
681.5269655910015,0.30205493614465406
681.6269655910015,0.30068058330347336
681.7269655910015,0.29930771094644
681.8269655910016,0.2979363559975035
681.9269655910016,0.2965665551393074
682.0269655910016,0.29519834481196
682.1269655910016,0.2938317612118304
682.2269655910017,0.2924668402903703
682.3269655910017,0.291103617752959
682.4269655910017,0.2897421290577752
682.5269655910017,0.28838240941469234
682.6269655910017,0.28702449378419964
682.7269655910018,0.2856684168763474
682.8269655910018,0.284314213149718
682.9269655910018,0.28296191681042077
683.0269655910018,0.2816115618111127
683.1269655910019,0.28026318185004295
683.2269655910019,0.2789168103701232
683.3269655910019,0.2775724805580218
683.4269655910019,0.2762302253432834
683.526965591002,0.27489007739747234
683.626965591002,0.2735520691333423
683.726965591002,0.2722162327040285
683.826965591002,0.27088260000226605
683.926965591002,0.2695512026596323
684.0269655910021,0.2682220720458135
684.1269655910021,0.26689523926789616
684.2269655910021,0.2655707351696824
684.3269655910021,0.2642485903310303
684.4269655910022,0.2629288350672179
684.5269655910022,0.26161149942833145
684.6269655910022,0.2602966131986782
684.7269655910022,0.25898420589622284
684.8269655910022,0.2576743067720482
684.9269655910023,0.25636694480984
685.0269655910023,0.25506214872539495
685.1269655910023,0.25375994696615306
685.2269655910023,0.2524603677107538
685.3269655910024,0.25116343886861553
685.4269655910024,0.24986918807953867
685.5269655910024,0.2485776427133323
685.6269655910024,0.2472888298694642
685.7269655910025,0.2460027763767343
685.8269655910025,0.24471950879297086
685.9269655910025,0.24343905340475067
686.0269655910025,0.24216143622714117
686.1269655910025,0.2408866830034665
686.2269655910026,0.2396148192050958
686.3269655910026,0.23834587003125435
686.4269655910026,0.2370798604088576
686.5269655910026,0.23581681499236726
686.6269655910027,0.23455675816367044
686.7269655910027,0.23329971403198047
686.8269655910027,0.23204570643376038
686.9269655910027,0.2307947589326683
687.0269655910027,0.2295468948195248
687.1269655910028,0.22830213711230232
687.2269655910028,0.22706050855613608
687.3269655910028,0.22582203162335668
687.4269655910028,0.22458672851354447
687.5269655910029,0.22335462115360502
687.6269655910029,0.22212573119786597
687.7269655910029,0.22090008002819495
687.8269655910029,0.21967768875413873
687.926965591003,0.21845857821308295
688.026965591003,0.21724276897043285
688.126965591003,0.21603028131981453
688.226965591003,0.21482113528329666
688.326965591003,0.21361535061163256
688.4269655910031,0.21241294678452274
688.5269655910031,0.21121394301089697
688.6269655910031,0.21001835822921697
688.7269655910031,0.20882621110779812
688.8269655910032,0.20763752004515185
688.9269655910032,0.2064523031703465
689.0269655910032,0.20527057834338805
689.1269655910032,0.20409236315562027
689.2269655910032,0.20291767493014348
689.3269655910033,0.20174653072225257
689.4269655910033,0.20057894731989345
689.5269655910033,0.19941494124413872
689.6269655910033,0.1982545287496812
689.7269655910034,0.19709772582534588
689.8269655910034,0.1959445481946206
689.9269655910034,0.19479501131620378
690.0269655910034,0.19364913038457085
690.1269655910035,0.19250692033055797
690.2269655910035,0.19136839582196327
690.3269655910035,0.19023357126416565
690.4269655910035,0.1891024608007604
690.5269655910035,0.18797507831421242
690.6269655910036,0.1868514374265259
690.7269655910036,0.18573155149993092
690.8269655910036,0.18461543363758628
690.9269655910036,0.1835030966842993
691.0269655910037,0.18239455322726136
691.1269655910037,0.1812898155967995
691.2269655910037,0.1801888958671442
691.3269655910037,0.1790918058572127
691.4269655910037,0.1779985571314079
691.5269655910038,0.1769091610004323
691.6269655910038,0.1758236285221179
691.7269655910038,0.17474197050227036
691.8269655910038,0.17366419749552844
691.9269655910039,0.17259031980623804
692.0269655910039,0.1715203474893406
692.1269655910039,0.1704542903512762
692.2269655910039,0.16939215795090032
692.326965591004,0.168333959600415
692.426965591004,0.16727970436631368
692.526965591004,0.1662294010703395
692.626965591004,0.1651830582904575
692.726965591004,0.1641406843618395
692.8269655910041,0.16310228737786256
692.9269655910041,0.16206787519112004
693.0269655910041,0.161037455414446
693.1269655910041,0.16001103542195122
693.2269655910042,0.15898862235007247
693.3269655910042,0.15797022309863334
693.4269655910042,0.15695584433191792
693.5269655910042,0.15594549247975528
693.6269655910043,0.15493917373861651
693.7269655910043,0.15393689407272276
693.8269655910043,0.15293865921516495
693.9269655910043,0.15194447466903405
694.0269655910043,0.15095434570856317
694.1269655910044,0.14996827738027946
694.2269655910044,0.14898627450416754
694.3269655910044,0.14800834167484248
694.4269655910044,0.14703448326273366
694.5269655910045,0.14606470341527839
694.6269655910045,0.14509900605812545
694.7269655910045,0.14413739489634844
694.8269655910045,0.14317987341566848
694.9269655910045,0.1422264448836862
695.0269655910046,0.1412771123511232
695.1269655910046,0.1403318786530722
695.2269655910046,0.13939074641025612
695.3269655910046,0.13845371803029566
695.4269655910047,0.13752079570898554
695.5269655910047,0.1365919814315787
695.6269655910047,0.1356672769740789
695.7269655910047,0.13474668390454106
695.8269655910048,0.1338302035843793
695.9269655910048,0.13291783716968253
696.0269655910048,0.13200958561253767
696.1269655910048,0.1311054496623597
696.2269655910048,0.130205429867229
696.3269655910049,0.1293095265752354
696.4269655910049,0.12841773993582892
696.5269655910049,0.12753006990117718
696.6269655910049,0.12664651622752887
696.726965591005,0.12576707847658353
696.826965591005,0.12489175601686724
696.926965591005,0.12402054802511432
697.026965591005,0.12315345348765426
697.126965591005,0.12229047120180452
697.2269655910051,0.1214315997772684
697.3269655910051,0.12057683763753803
697.4269655910051,0.11972618302130246
697.5269655910051,0.11887963398386037
697.6269655910052,0.11803718839853755
697.7269655910052,0.11719884395810855
697.8269655910052,0.11636459817622298
697.9269655910052,0.11553444838883575
698.0269655910053,0.11470839175564103
698.1269655910053,0.11388642526151051
698.2269655910053,0.11306854571793472
698.3269655910053,0.11225474976446823
698.4269655910053,0.11144503387017791
698.5269655910054,0.11063939433509444
698.6269655910054,0.10983782729166669
698.7269655910054,0.10904032870621895
698.8269655910054,0.10824689438041087
698.9269655910055,0.10745751995269982
699.0269655910055,0.10667220089980571
699.1269655910055,0.10589093253817768
699.2269655910055,0.10511371002546317
699.3269655910055,0.10434052836197873
699.4269655910056,0.10357138239218237
699.5269655910056,0.10280626680614788
699.6269655910056,0.10204517614104001
699.7269655910056,0.10128810478259144
699.8269655910057,0.10053504696658053
699.9269655910057,0.09978599678031004
700.0269655910057,0.09904094816408697
700.1269655910057,0.0982998949127025
700.2269655910058,0.09756283067691306
700.3269655910058,0.09682974896492147
700.4269655910058,0.0961006431438582
700.5269655910058,0.09537550644126294
700.6269655910058,0.094654331946566
700.7269655910059,0.09393711261256954
700.8269655910059,0.09322384125692854
700.9269655910059,0.09251451056363107
701.0269655910059,0.09180911308447813
701.126965591006,0.09110764124056289
701.226965591006,0.0904100873237487
701.326965591006,0.0897164434981461
701.426965591006,0.08902670180158917
701.526965591006,0.08834085414711002
701.6269655910061,0.08765889232441211
701.7269655910061,0.08698080800134206
701.8269655910061,0.08630659272535973
701.9269655910061,0.08563623792500652
702.0269655910062,0.08496973491137169
702.1269655910062,0.0843070748795568
702.2269655910062,0.08364824891013771
702.3269655910062,0.08299324797062446
702.4269655910063,0.08234206291691874
702.5269655910063,0.08169468449476884
702.6269655910063,0.0810511033412217
702.7269655910063,0.08041130998607261
702.8269655910063,0.07977529485331158
702.9269655910064,0.07914304826256707
703.0269655910064,0.07851456043054629
703.1269655910064,0.07788982147247255
703.2269655910064,0.07726882140351907
703.3269655910065,0.07665155014023946
703.4269655910065,0.07603799750199446
703.5269655910065,0.07542815321237531
703.6269655910065,0.07482200690062302
703.7269655910065,0.074219548103044
703.8269655910066,0.0736207662644215
703.9269655910066,0.07302565073942326
704.0269655910066,0.07243419079400461
704.1269655910066,0.07184637560680758
704.2269655910067,0.07126219427055545
704.3269655910067,0.0706816357934428
704.4269655910067,0.0701046891005213
704.5269655910067,0.06953134303508023
704.6269655910068,0.06896158636002288
704.7269655910068,0.06839540775923757
704.8269655910068,0.06783279583896415
704.9269655910068,0.06727373912915496
705.0269655910068,0.06671822608483124
705.1269655910069,0.06616624508743384
705.2269655910069,0.0656177844461689
705.3269655910069,0.06507283239934804
705.4269655910069,0.06453137711572304
705.526965591007,0.06399340669581514
705.626965591007,0.06345890917323857
705.726965591007,0.06292787251601832
705.826965591007,0.06240028462790229
705.926965591007,0.0618761333496674
706.0269655910071,0.061355406460419926
706.1269655910071,0.060838091678889664
706.2269655910071,0.06032417666471812
706.3269655910071,0.05981364901974051
706.4269655910072,0.05930649628926147
706.5269655910072,0.058802705963324486
706.6269655910072,0.05830226547797511
706.7269655910072,0.05780516221651756
706.8269655910073,0.05731138351076484
706.9269655910073,0.0568209166422824
707.0269655910073,0.056333748843625055
707.1269655910073,0.05584986729956735
707.2269655910073,0.055369259148327035
707.3269655910074,0.054891911482781906
707.4269655910074,0.05441781135167957
707.5269655910074,0.05394694576084048
707.6269655910074,0.05347930167435393
707.7269655910075,0.05301486601576692
707.8269655910075,0.052553625669266295
707.9269655910075,0.05209556748085311
708.0269655910075,0.05164067825951062
708.1269655910075,0.05118894477836432
708.2269655910076,0.050740353775835176
708.3269655910076,0.050294891956785326
708.4269655910076,0.04985254599365644
708.5269655910076,0.049413302527600726
708.6269655910077,0.04897714816960444
708.7269655910077,0.04854406950160387
708.8269655910077,0.04811405307759393
708.9269655910077,0.0476870854247289
709.0269655910078,0.04726315304441582
709.1269655910078,0.04684224241340014
709.2269655910078,0.04642433998484368
709.3269655910078,0.046009432189394864
709.4269655910078,0.045597505436251164
709.5269655910079,0.04518854611421384
709.6269655910079,0.044782540592734885
709.7269655910079,0.04437947522295599
709.8269655910079,0.04397933633873971
709.926965591008,0.04358211025769279
710.026965591008,0.0431877832821815
710.126965591008,0.04279634170033894
710.226965591008,0.04240777178706453
710.326965591008,0.04202205980501544
710.4269655910081,0.04163919200558988
710.5269655910081,0.04125915462990257
710.6269655910081,0.04088193390975186
710.7269655910081,0.040507516068579136
710.8269655910082,0.04013588732241972
710.9269655910082,0.03976703388084602
711.0269655910082,0.03940094194790231
711.1269655910082,0.039037597723031406
711.2269655910083,0.0386769874019933
711.3269655910083,0.03831909717777553
711.4269655910083,0.037963913241495284
711.5269655910083,0.03761142178329353
711.6269655910083,0.037261608993220764
711.7269655910084,0.03691446106211458
711.8269655910084,0.03656996418246913
711.9269655910084,0.03622810454929614
712.0269655910084,0.03588886836097799
712.1269655910085,0.03555224182011228
712.2269655910085,0.035218211134348365
712.3269655910085,0.03488676251721546
712.4269655910085,0.03455788218894278
712.5269655910085,0.03423155637727109
712.6269655910086,0.03390777131825631
712.7269655910086,0.0335865132570647
712.8269655910086,0.03326776844875993
712.9269655910086,0.032951523159081716
713.0269655910087,0.032637763665216556
713.1269655910087,0.03232647625655991
713.2269655910087,0.03201764723547027
713.3269655910087,0.03171126291801517
713.4269655910088,0.0314073096347087
713.5269655910088,0.03110577373124108
713.6269655910088,0.030806641569199936
713.7269655910088,0.03050989952678334
713.8269655910088,0.030215533999504766
713.9269655910089,0.029923531400889908
714.0269655910089,0.029633878163165192
714.1269655910089,0.02934656073793839
714.2269655910089,0.029061565596870936
714.326965591009,0.028778879232342177
714.426965591009,0.028498488158105576
714.526965591009,0.02822037890993681
714.626965591009,0.027944538046273847
714.726965591009,0.02767095214884886
714.8269655910091,0.027399607823312324
714.9269655910091,0.027130491699848974
715.0269655910091,0.026863590433785754
715.1269655910091,0.026598890706191924
715.2269655910092,0.026336379224471122
715.3269655910092,0.026076042722945583
715.4269655910092,0.025817867963432384
715.5269655910092,0.025561841735811892
715.6269655910093,0.025307950858588325
715.7269655910093,0.02505618217944243
715.8269655910093,0.024806522575776535
715.9269655910093,0.02455895895525162
716.0269655910093,0.02431347825631675
716.1269655910094,0.0240700674487308
716.2269655910094,0.02382871353407644
716.3269655910094,0.023589403546266416
716.4269655910094,0.023352124552042337
716.5269655910095,0.023116863651465692
716.6269655910095,0.022883607978401388
716.7269655910095,0.02265234470099371
716.8269655910095,0.02242306102213473
716.9269655910095,0.022195744179925286
717.0269655910096,0.021970381448128493
717.1269655910096,0.021746960136615798
717.2269655910096,0.021525467591805642
717.3269655910096,0.021305891197094882
717.4269655910097,0.021088218373282695
717.5269655910097,0.020872436578987286
717.6269655910097,0.020658533311055525
717.7269655910097,0.020446496104964938
717.8269655910098,0.02023631253521902
717.9269655910098,0.020027970215734894
718.0269655910098,0.01982145680022438
718.1269655910098,0.01961675998256753
718.2269655910098,0.019413867497179372
718.3269655910099,0.019212767119369666
718.4269655910099,0.01901344666569554
718.5269655910099,0.018815893994307373
718.6269655910099,0.01862009700528771
718.72696559101,0.018426043640983308
718.82696559101,0.018233721886330462
718.92696559101,0.018043119769173464
719.02696559101,0.017854225360576424
719.12696559101,0.017667026775128356
719.2269655910101,0.017481512171241692
719.3269655910101,0.01729766975144402
719.4269655910101,0.017115487762663497
719.5269655910101,0.016934954496507566
719.6269655910102,0.01675605828953524
719.7269655910102,0.016578787523523045
719.8269655910102,0.016403130625724342
719.9269655910102,0.01622907606912263
720.0269655910103,0.016056612372678216
720.1269655910103,0.015885728101568835
720.2269655910103,0.015716411867423938
720.3269655910103,0.015548652328552926
720.4269655910103,0.015382438190167083
720.5269655910104,0.015217758204595536
720.6269655910104,0.015054601171495185
720.7269655910104,0.014892955938054583
720.8269655910104,0.014732811399191838
720.9269655910105,0.014574156497746685
721.0269655910105,0.014416980224666637
721.1269655910105,0.014261271619187344
721.2269655910105,0.014107019769007152
721.3269655910105,0.01395421381045599
721.4269655910106,0.013802842928658481
721.5269655910106,0.013652896357691516
721.6269655910106,0.013504363380736212
721.7269655910106,0.013357233330224268
721.8269655910107,0.013211495587978874
721.9269655910107,0.01306713958535021
722.0269655910107,0.01292415480334544
722.1269655910107,0.012782530772753462
722.2269655910108,0.012642257074264203
722.3269655910108,0.012503323338582822
722.4269655910108,0.012365719246538572
722.5269655910108,0.012229434529188524
722.6269655910108,0.012094458967916187
722.7269655910109,0.011960782394525023
722.8269655910109,0.011828394691326967
722.9269655910109,0.011697285791225922
723.0269655910109,0.011567445677796363
723.126965591011,0.011438864385357034
723.226965591011,0.011311531999039764
723.326965591011,0.011185438654853573
723.426965591011,0.011060574539743982
723.526965591011,0.010936929891647584
723.6269655910111,0.010814494999542056
723.7269655910111,0.010693260203491515
723.8269655910111,0.010573215894687269
723.9269655910111,0.010454352515484178
724.0269655910112,0.010336660559432422
724.1269655910112,0.01022013057130494
724.2269655910112,0.010104753147120456
724.3269655910112,0.009990518934162234
724.4269655910113,0.00987741863099245
724.5269655910113,0.009765442987462505
724.6269655910113,0.009654582804718972
724.7269655910113,0.009544828935205515
724.8269655910113,0.009436172282660745
724.9269655910114,0.009328603802111939
725.0269655910114,0.009222114499864825
725.1269655910114,0.009116695433489419
725.2269655910114,0.00901233771180193
725.3269655910115,0.008909032494842864
725.4269655910115,0.008806770993851215
725.5269655910115,0.008705544471235033
725.6269655910115,0.008605344240538148
725.7269655910115,0.008506161666403285
725.8269655910116,0.008407988164531574
725.9269655910116,0.008310815201638384
726.0269655910116,0.008214634295405745
726.1269655910116,0.008119437014431186
726.2269655910117,0.008025214978173177
726.3269655910117,0.007931959856893133
726.4269655910117,0.007839663371594138
726.5269655910117,0.007748317293956237
726.6269655910118,0.007657913446268597
726.7269655910118,0.007568443701358343
726.8269655910118,0.007479899982516295
726.9269655910118,0.00739227426341949
727.0269655910118,0.00730555856805069
727.1269655910119,0.007219744970614823
727.2269655910119,0.007134825595452399
727.3269655910119,0.007050792616949994
727.4269655910119,0.006967638259447803
727.526965591012,0.006885354797144355
727.626965591012,0.006803934553998335
727.726965591012,0.006723369903627702
727.826965591012,0.006643653269205992
727.926965591012,0.006564777123355958
728.0269655910121,0.006486733988040562
728.1269655910121,0.006409516434451294
728.2269655910121,0.006333117082893988
728.3269655910121,0.006257528602672051
728.4269655910122,0.006182743711967221
728.5269655910122,0.006108755177717869
728.6269655910122,0.006035555815494898
728.7269655910122,0.005963138489375268
728.8269655910123,0.0058914961118131624
728.9269655910123,0.005820621643508928
729.0269655910123,0.005750508093275703
729.1269655910123,0.0056811485179038765
729.2269655910123,0.005612536022023365
729.3269655910124,0.005544663757963722
729.4269655910124,0.0054775249256122345
729.5269655910124,0.0054111127722698904
729.6269655910124,0.005345420592505367
729.7269655910125,0.005280441728007052
729.8269655910125,0.005216169567433077
729.9269655910125,0.005152597546259536
730.0269655910125,0.005089719146626725
730.1269655910125,0.005027527897183684
730.2269655910126,0.004966017372930835
730.3269655910126,0.00490518119506094
730.4269655910126,0.004845013030798346
730.5269655910126,0.004785506593236473
730.6269655910127,0.004726655641173755
730.7269655910127,0.00466845397894793
730.8269655910127,0.004610895456268733
730.9269655910127,0.004553973968049112
731.0269655910128,0.0044976834542348665
731.1269655910128,0.0044420178996329215
731.2269655910128,0.004386971333738054
731.3269655910128,0.0043325378305583
731.4269655910128,0.0042787115084389725
731.5269655910129,0.004225486529885349
731.6269655910129,0.004172857101384061
731.7269655910129,0.004120817473223215
731.8269655910129,0.004069361939311301
731.926965591013,0.00401848483699487
732.026965591013,0.003968180546875069
732.126965591013,0.003918443492623045
732.226965591013,0.0038692681407942256
732.326965591013,0.003820649000641538
732.4269655910131,0.003772580623927598
732.5269655910131,0.003725057604735875
732.6269655910131,0.00367807457928087
732.7269655910131,0.003631626225717382
732.8269655910132,0.0035857072639488142
732.9269655910132,0.0035403124554346257
733.0269655910132,0.00349543660299689
733.1269655910132,0.003451074550626052
733.2269655910133,0.0034072211832858784
733.3269655910133,0.003363871426717633
733.4269655910133,0.0033210202472434927
733.5269655910133,0.003278662651569275
733.6269655910133,0.0032367936865864673
733.7269655910134,0.0031954084391735893
733.8269655910134,0.00315450203599693
733.9269655910134,0.003114069643310668
734.0269655910134,0.003074106466756435
734.1269655910135,0.003034607751162314
734.2269655910135,0.0029955687803412887
734.3269655910135,0.0029569848768892493
734.4269655910135,0.002918851401982448
734.5269655910135,0.002881163755174583
734.6269655910136,0.002843917374193395
734.7269655910136,0.0028071077347368942
734.8269655910136,0.0027707303502692297
734.9269655910136,0.002734780771816149
735.0269655910137,0.0026992545877601963
735.1269655910137,0.002664147423635575
735.2269655910137,0.0026294549419227237
735.3269655910137,0.0025951728418426505
735.4269655910138,0.0025612968591510474
735.5269655910138,0.002527822765932152
735.6269655910138,0.002494746370392456
735.7269655910138,0.0024620635166542368
735.8269655910138,0.002429770084548938
735.9269655910139,0.0023978619894104492
736.0269655910139,0.0023663351818682364
736.1269655910139,0.0023351856476404565
736.2269655910139,0.002304409407326942
736.326965591014,0.0022740025162022127
736.426965591014,0.002243961064008417
736.526965591014,0.002214281174748291
736.626965591014,0.002184959006478159
736.726965591014,0.002155990751100921
736.8269655910141,0.0021273726341591638
736.9269655910141,0.0020991009146283
737.0269655910141,0.0020711718847098172
737.1269655910141,0.0020435818696246544
737.2269655910142,0.0020163272274066973
737.3269655910142,0.0019894043486964226
737.4269655910142,0.0019628096565347266
737.5269655910142,0.0019365396061569202
737.6269655910143,0.0019105906847869296
737.7269655910143,0.0018849594114317399
737.8269655910143,0.0018596423366760298
737.9269655910143,0.0018346360424771108
738.0269655910143,0.0018099371419600877
738.1269655910144,0.0017855422792133384
738.2269655910144,0.0017614481290842733
738.3269655910144,0.0017376513969754152
738.4269655910144,0.0017141488186408183
738.5269655910145,0.001690937159982814
738.6269655910145,0.001668013216849134
738.7269655910145,0.0016453738148304027
738.8269655910145,0.0016230158090580116
738.9269655910146,0.0016009360840024036
739.0269655910146,0.0015791315532717744
739.1269655910146,0.0015575991594111913
739.2269655910146,0.0015363358737021738
739.3269655910146,0.0015153386959627132
739.4269655910147,0.0014946046543477705
739.5269655910147,0.0014741308051502504
739.6269655910147,0.0014539142326024776
739.7269655910147,0.001433952048678161
739.8269655910148,0.0014142413928948984
739.9269655910148,0.0013947794321171924
740.0269655910148,0.0013755633603600138
740.1269655910148,0.0013565903985929193
740.2269655910148,0.001337857794544729
740.3269655910149,0.0013193628225087728
740.4269655910149,0.0013011027831487335
740.5269655910149,0.0012830750033050733
740.6269655910149,0.0012652768358020693
740.726965591015,0.001247705659255468
740.826965591015,0.0012303588778807555
740.926965591015,0.0012132339213020667
741.026965591015,0.0011963282443617415
741.126965591015,0.001179639326930527
741.2269655910151,0.0011631646737184469
741.3269655910151,0.0011469018140863373
741.4269655910151,0.0011308483018580597
741.5269655910151,0.0011150017151334104
741.6269655910152,0.0010993596561017155
741.7269655910152,0.0010839197508561325
741.8269655910152,0.0010686796492086665
741.9269655910152,0.0010536370245059017
742.0269655910153,0.001038789573445455
742.1269655910153,0.0010241350158931746
742.2269655910153,0.0010096710947010673
742.3269655910153,0.0009953955755259822
742.4269655910153,0.0009813062466490384
742.5269655910154,0.0009674009187958251
742.6269655910154,0.0009536774249573585
742.7269655910154,0.0009401336202118171
742.8269655910154,0.0009267673815470536
742.9269655910155,0.0009135766076838953
743.0269655910155,0.0009005592189002269
743.1269655910155,0.00088771315685588
743.2269655910155,0.0008750363844183149
743.3269655910156,0.0008625268854891129
743.4269655910156,0.0008501826648312782
743.5269655910156,0.0008380017478973605
743.6269655910156,0.0008259821806583872
743.7269655910156,0.0008141220294336388
743.8269655910157,0.0008024193807212351
743.9269655910157,0.0007908723410295644
744.0269655910157,0.0007794790367095567
744.1269655910157,0.000768237613787784
744.2269655910158,0.0007571462378004187
744.3269655910158,0.0007462030936280341
744.4269655910158,0.0007354063853312624
744.5269655910158,0.0007247543359873012
744.6269655910158,0.0007142451875272913
744.7269655910159,0.0007038772005745379
744.8269655910159,0.0006936486542836181
744.9269655910159,0.0006835578461803418
745.0269655910159,0.0006736030920025851
745.126965591016,0.0006637827255419981
745.226965591016,0.000654095098486594
745.326965591016,0.0006445385802641975
745.426965591016,0.0006351115578867956
745.526965591016,0.000625812435795751
745.6269655910161,0.0006166396357079106
745.7269655910161,0.0006075915964625908
745.8269655910161,0.000598666773869453
745.9269655910161,0.0005898636405572683
746.0269655910162,0.0005811806858235675
746.1269655910162,0.0005726164154851862
746.2269655910162,0.0005641693517296952
746.3269655910162,0.000555838032967729
746.4269655910163,0.0005476210136862061
746.5269655910163,0.0005395168643024436
746.6269655910163,0.0005315241710191608
746.7269655910163,0.0005236415356803919
746.8269655910163,0.0005158675756282775
746.9269655910164,0.0005082009235607648
747.0269655910164,0.0005006402273901992
