600.6269655909831,-2.9473960519405416
600.7269655909831,-2.946851101713558
600.8269655909831,-2.946302640709859
600.9269655909832,-2.94575065709722
601.0269655909832,-2.9451951391124656
601.1269655909832,-2.9446360750627627
601.2269655909832,-2.9440734533269204
601.3269655909833,-2.9435072623566945
601.4269655909833,-2.9429374906780943
601.5269655909833,-2.942364126892695
601.6269655909833,-2.941787159678954
601.7269655909834,-2.9412065777935306
601.8269655909834,-2.940622370072609
601.9269655909834,-2.9400345254332234
602.0269655909834,-2.9394430328745935
602.1269655909834,-2.9388478814794525
602.2269655909835,-2.938249060415388
602.3269655909835,-2.9376465589361804
602.4269655909835,-2.9370403663831466
602.5269655909835,-2.9364304721864847
602.6269655909836,-2.935816865866625
602.7269655909836,-2.935199537035579
602.8269655909836,-2.9345784753982938
602.9269655909836,-2.933953670754009
603.0269655909837,-2.933325112997614
603.1269655909837,-2.9326927921210073
603.2269655909837,-2.9320566982144616
603.3269655909837,-2.931416821467984
603.4269655909837,-2.9307731521726854
603.5269655909838,-2.9301256807221447
603.6269655909838,-2.9294743976137783
603.7269655909838,-2.9288192934502097
603.8269655909838,-2.928160358940641
603.9269655909839,-2.9274975849022216
604.0269655909839,-2.926830962261425
604.1269655909839,-2.9261604820554172
604.2269655909839,-2.9254861354334327
604.326965590984,-2.924807913658148
604.426965590984,-2.9241258081070542
604.526965590984,-2.923439810273831
604.626965590984,-2.9227499117697207
604.726965590984,-2.922056104324901
604.8269655909841,-2.921358379789858
604.9269655909841,-2.920656730136756
605.0269655909841,-2.9199511474608117
605.1269655909841,-2.9192416239816623
605.2269655909842,-2.9185281520447326
605.3269655909842,-2.917810724122606
605.4269655909842,-2.9170893328163867
605.5269655909842,-2.9163639708570663
605.6269655909842,-2.9156346311068835
605.7269655909843,-2.9149013065606857
605.8269655909843,-2.9141639903472853
605.9269655909843,-2.9134226757308164
606.0269655909843,-2.9126773561120856
606.1269655909844,-2.9119280250299213
606.2269655909844,-2.911174676162523
606.3269655909844,-2.9104173033287997
606.4269655909844,-2.9096559004897147
606.5269655909844,-2.9088904617496185
606.6269655909845,-2.9081209813575817
606.7269655909845,-2.9073474537087236
606.8269655909845,-2.906569873345536
606.9269655909845,-2.9057882349592035
607.0269655909846,-2.905002533390916
607.1269655909846,-2.9042127636331814
607.2269655909846,-2.9034189208311285
607.3269655909846,-2.9026210002838084
607.4269655909847,-2.9018189974454875
607.5269655909847,-2.9010129079269356
607.6269655909847,-2.900202727496709
607.7269655909847,-2.8993884520824276
607.8269655909847,-2.8985700777720433
607.9269655909848,-2.8977476008151046
608.0269655909848,-2.8969210176240128
608.1269655909848,-2.896090324775272
608.2269655909848,-2.8952555190107314
608.3269655909849,-2.8944165972388185
608.4269655909849,-2.89357355653577
608.5269655909849,-2.8927263941468464
608.6269655909849,-2.8918751074875475
608.726965590985,-2.891019694144812
608.826965590985,-2.8901601518782125
608.926965590985,-2.889296478621142
609.026965590985,-2.8884286724819885
609.126965590985,-2.887556731745301
609.2269655909851,-2.886680654872949
609.3269655909851,-2.885800440505268
609.4269655909851,-2.884916087462198
609.5269655909851,-2.88402759474441
609.6269655909852,-2.8831349615344215
609.7269655909852,-2.882238187197704
609.8269655909852,-2.881337271283776
609.9269655909852,-2.8804322135272873
610.0269655909852,-2.8795230138490897
610.1269655909853,-2.878609672357298
610.2269655909853,-2.8776921893483367
610.3269655909853,-2.876770565307977
610.4269655909853,-2.8758448009123576
610.5269655909854,-2.8749148970289986
610.6269655909854,-2.8739808547177934
610.7269655909854,-2.8730426752319973
610.8269655909854,-2.872100360019194
610.9269655909854,-2.8711539107222546
611.0269655909855,-2.870203329180277
611.1269655909855,-2.8692486174295158
611.2269655909855,-2.8682897777042946
611.3269655909855,-2.8673268124379034
611.4269655909856,-2.8663597242634835
611.5269655909856,-2.8653885160148915
611.6269655909856,-2.8644131907275545
611.7269655909856,-2.8634337516393042
611.8269655909857,-2.862450202191196
611.9269655909857,-2.8614625460283127
612.0269655909857,-2.8604707870005495
612.1269655909857,-2.8594749291633836
612.2269655909857,-2.8584749767786266
612.3269655909858,-2.857470934315156
612.4269655909858,-2.856462806449634
612.5269655909858,-2.8554505980672023
612.6269655909858,-2.8544343142621638
612.7269655909859,-2.8534139603386426
612.8269655909859,-2.8523895418112244
612.9269655909859,-2.8513610644055785
613.0269655909859,-2.850328534059062
613.126965590986,-2.8492919569213013
613.226965590986,-2.848251339354755
613.326965590986,-2.847206687935254
613.426965590986,-2.846158009452526
613.526965590986,-2.8451053109106934
613.6269655909861,-2.8440485995287528
613.7269655909861,-2.8429878827410326
613.8269655909861,-2.841923168197628
613.9269655909861,-2.8408544637648143
614.0269655909862,-2.8397817775254386
614.1269655909862,-2.838705117779287
614.2269655909862,-2.83762449304343
614.3269655909862,-2.836539912052544
614.4269655909862,-2.8354513837592106
614.5269655909863,-2.8343589173341894
614.6269655909863,-2.83326252216667
614.7269655909863,-2.8321622078644952
614.8269655909863,-2.831057984254365
614.9269655909864,-2.8299498613820107
615.0269655909864,-2.828837849512345
615.1269655909864,-2.8277219591295895
615.2269655909864,-2.8266022009373724
615.3269655909864,-2.8254785858588014
615.4269655909865,-2.82435112503651
615.5269655909865,-2.8232198298326803
615.6269655909865,-2.8220847118290315
615.7269655909865,-2.820945782826789
615.8269655909866,-2.8198030548466213
615.9269655909866,-2.8186565401285497
616.0269655909866,-2.8175062511318316
616.1269655909866,-2.816352200534813
616.2269655909867,-2.815194401234754
616.3269655909867,-2.814032866347624
616.4269655909867,-2.812867609207871
616.5269655909867,-2.811698643368156
616.6269655909867,-2.8105259825990605
616.7269655909868,-2.809349640888767
616.8269655909868,-2.8081696324427026
616.9269655909868,-2.8069859716831567
617.0269655909868,-2.8057986732488667
617.1269655909869,-2.8046077519945722
617.2269655909869,-2.803413222990538
617.3269655909869,-2.802215101522045
617.4269655909869,-2.8010134030888496
617.526965590987,-2.7998081434046114
617.626965590987,-2.7985993383962864
617.726965590987,-2.797387004203491
617.826965590987,-2.7961711571778274
617.926965590987,-2.7949518138821827
618.0269655909871,-2.7937289910899894
618.1269655909871,-2.7925027057844534
618.2269655909871,-2.791272975157748
618.3269655909871,-2.7900398166101756
618.4269655909872,-2.788803247749291
618.5269655909872,-2.7875632863889943
618.6269655909872,-2.786319950548584
618.7269655909872,-2.78507325845178
618.8269655909872,-2.7838232285257076
618.9269655909873,-2.782569879399846
619.0269655909873,-2.781313229904943
619.1269655909873,-2.780053299071891
619.2269655909873,-2.7787901061305686
619.3269655909874,-2.7775236705086446
619.4269655909874,-2.776254011830345
619.5269655909874,-2.7749811499151837
619.6269655909874,-2.7737051047766546
619.7269655909874,-2.772425896620889
619.8269655909875,-2.77114354584527
619.9269655909875,-2.769858073037016
620.0269655909875,-2.768569498971722
620.1269655909875,-2.7672778446118595
620.2269655909876,-2.765983131105246
620.3269655909876,-2.7646853797834696
620.4269655909876,-2.763384612160275
620.5269655909876,-2.762080849929915
620.6269655909877,-2.7607741149654568
620.7269655909877,-2.7594644293170534
620.8269655909877,-2.7581518152101734
620.9269655909877,-2.756836295043792
621.0269655909877,-2.7555178913885405
621.1269655909878,-2.754196626984818
621.2269655909878,-2.7528725247408614
621.3269655909878,-2.751545607730775
621.4269655909878,-2.75021589919252
621.5269655909879,-2.748883422525864
621.6269655909879,-2.7475482012902877
621.7269655909879,-2.7462102592028548
621.8269655909879,-2.744869620136035
621.926965590988,-2.743526308115491
622.026965590988,-2.742180347317822
622.126965590988,-2.7408317620682645
622.226965590988,-2.7394805768383566
622.326965590988,-2.738126816243554
622.4269655909881,-2.736770505040809
622.5269655909881,-2.7354116681261083
622.6269655909881,-2.734050330531963
622.7269655909881,-2.7326865174248667
622.8269655909882,-2.7313202541026995
622.9269655909882,-2.729951565992102
623.0269655909882,-2.7285804786457977
623.1269655909882,-2.7272070177398797
623.2269655909882,-2.7258312090710515
623.3269655909883,-2.7244530785538266
623.4269655909883,-2.7230726522176876
623.5269655909883,-2.7216899562042003
623.6269655909883,-2.7203050167640876
623.7269655909884,-2.7189178602542596
623.8269655909884,-2.7175285131348037
623.9269655909884,-2.71613700196593
624.0269655909884,-2.714743353404876
624.1269655909884,-2.7133475942027685
624.2269655909885,-2.7119497512014434
624.3269655909885,-2.710549851330223
624.4269655909885,-2.709147921602654
624.5269655909885,-2.707743989113197
624.6269655909886,-2.706338081033883
624.7269655909886,-2.7049302246109184
624.8269655909886,-2.703520447161258
624.9269655909886,-2.7021087760691267
625.0269655909887,-2.7006952387825076
625.1269655909887,-2.699279862809582
625.2269655909887,-2.6978626757151347
625.3269655909887,-2.696443705116912
625.4269655909887,-2.6950229786819406
625.5269655909888,-2.6936005241228087
625.6269655909888,-2.692176369193901
625.7269655909888,-2.6907505416875956
625.8269655909888,-2.6893230694304218
625.9269655909889,-2.687893980279175
626.0269655909889,-2.6864633021169917
626.1269655909889,-2.6850310628493874
626.2269655909889,-2.683597290400251
626.326965590989,-2.682162012707802
626.426965590989,-2.680725257720506
626.526965590989,-2.679287053392957
626.626965590989,-2.677847427681713
626.726965590989,-2.676406408541098
626.8269655909891,-2.6749640239189643
626.9269655909891,-2.6735203017524185
627.0269655909891,-2.6720752699635075
627.1269655909891,-2.670628956454866
627.2269655909892,-2.669181389105334
627.3269655909892,-2.6677325957655267
627.4269655909892,-2.666282604253377
627.5269655909892,-2.6648314423496386
627.6269655909892,-2.6633791377933527
627.7269655909893,-2.6619257182772804
627.8269655909893,-2.6604712114433005
627.9269655909893,-2.6590156448777704
628.0269655909893,-2.6575590461068574
628.1269655909894,-2.656101442591831
628.2269655909894,-2.6546428617243247
628.3269655909894,-2.653183330821567
628.4269655909894,-2.6517228771215744
628.5269655909894,-2.6502615277783184
628.6269655909895,-2.648799309856856
628.7269655909895,-2.6473362503284337
628.8269655909895,-2.6458723760655576
628.9269655909895,-2.6444077138370354
629.0269655909896,-2.642942290302989
629.1269655909896,-2.6414761320098363
629.2269655909896,-2.640009265385249
629.3269655909896,-2.638541716733075
629.4269655909897,-2.6370735122282447
629.5269655909897,-2.6356046779116395
629.6269655909897,-2.634135239684941
629.7269655909897,-2.632665223305455
629.8269655909897,-2.6311946543809057
629.9269655909898,-2.6297235583642133
630.0269655909898,-2.6282519605482406
630.1269655909898,-2.6267798860605223
630.2269655909898,-2.62530735985797
630.3269655909899,-2.6238344067215578
630.4269655909899,-2.6223610512509827
630.5269655909899,-2.6208873178593124
630.6269655909899,-2.619413230767607
630.72696559099,-2.6179388139995265
630.82696559099,-2.6164640913759194
630.92696559099,-2.614989086509395
631.02696559099,-2.613513822798879
631.12696559099,-2.612038323424154
631.2269655909901,-2.6105626113403875
631.3269655909901,-2.609086709272643
631.4269655909901,-2.6076106397103813
631.5269655909901,-2.60613442490195
631.6269655909902,-2.60465808684906
631.7269655909902,-2.6031816473012532
631.8269655909902,-2.601705127750363
631.9269655909902,-2.600228549424963
632.0269655909902,-2.5987519332848104
632.1269655909903,-2.5972753000152853
632.2269655909903,-2.59579867002182
632.3269655909903,-2.59432206342433
632.4269655909903,-2.5928455000516335
632.5269655909904,-2.591368999435879
632.6269655909904,-2.5898925808069624
632.7269655909904,-2.5884162630869505
632.8269655909904,-2.5869400648845
632.9269655909904,-2.5854640044892823
633.0269655909905,-2.5839880998664113
633.1269655909905,-2.5825123686508733
633.2269655909905,-2.5810368281419622
633.3269655909905,-2.5795614952977224
633.4269655909906,-2.5780863867294
633.5269655909906,-2.5766115186959
633.6269655909906,-2.5751369070982557
633.7269655909906,-2.5736625674741065
633.8269655909907,-2.5721885149921926
633.9269655909907,-2.5707147644468575
634.0269655909907,-2.569241330252569
634.1269655909907,-2.567768226438455
634.2269655909907,-2.5662954666428566
634.3269655909908,-2.564823064107898
634.4269655909908,-2.56335103167408
634.5269655909908,-2.5618793817748897
634.6269655909908,-2.5604081264314367
634.7269655909909,-2.5589372772471086
634.8269655909909,-2.5574668454022573
634.9269655909909,-2.5559968416489043
635.0269655909909,-2.554527276305481
635.126965590991,-2.5530581592515924
635.226965590991,-2.551589499922813
635.326965590991,-2.5501213073055164
635.426965590991,-2.5486535899317357
635.526965590991,-2.5471863558740586
635.6269655909911,-2.5457196127405597
635.7269655909911,-2.544253367669769
635.8269655909911,-2.5427876273256826
635.9269655909911,-2.5413223978928063
636.0269655909912,-2.539857685071251
636.1269655909912,-2.5383934940718627
636.2269655909912,-2.5369298296114033
636.3269655909912,-2.5354666959077745
636.4269655909912,-2.534004096675289
636.5269655909913,-2.5325420351199943
636.6269655909913,-2.5310805139350454
636.7269655909913,-2.5296195352961286
636.8269655909913,-2.5281591008569415
636.9269655909914,-2.526699211744729
637.0269655909914,-2.5252398685558735
637.1269655909914,-2.523781071351544
637.2269655909914,-2.5223228196534113
637.3269655909914,-2.520865112439417
637.4269655909915,-2.5194079481396106
637.5269655909915,-2.5179513246320497
637.6269655909915,-2.5164952392387705
637.7269655909915,-2.515039688721821
637.8269655909916,-2.5135846692793686
637.9269655909916,-2.5121301765418775
638.0269655909916,-2.510676205568359
638.1269655909916,-2.5092227508426967
638.2269655909917,-2.5077698062700513
638.3269655909917,-2.506317365173337
638.4269655909917,-2.504865420289785
638.5269655909917,-2.5034139637675823
638.6269655909917,-2.501962987162598
638.7269655909918,-2.5005124814351936
638.8269655909918,-2.499062436947116
638.9269655909918,-2.497612843458485
639.0269655909918,-2.4961636901248645
639.1269655909919,-2.4947149654944307
639.2269655909919,-2.4932666575052282
639.3269655909919,-2.4918187534825247
639.4269655909919,-2.490371240136261
639.526965590992,-2.4889241035586016
639.626965590992,-2.4874773292215777
639.726965590992,-2.4860309019748423
639.826965590992,-2.484584806043521
639.926965590992,-2.483139025026172
640.0269655909921,-2.481693541892847
640.1269655909921,-2.4802483389832695
640.2269655909921,-2.4788033980051143
640.3269655909921,-2.4773587000324047
640.4269655909922,-2.475914225504019
640.5269655909922,-2.4744699542223154
640.6269655909922,-2.4730258653518695
640.7269655909922,-2.4715819374183363
640.8269655909922,-2.470138148307424
640.9269655909923,-2.4686944752639985
641.0269655909923,-2.467250894891302
641.1269655909923,-2.465807383150304
641.2269655909923,-2.4643639153591748
641.3269655909924,-2.4629204661928874
641.4269655909924,-2.4614770096829517
641.5269655909924,-2.4600335192172755
641.6269655909924,-2.4585899675401626
641.7269655909924,-2.457146326752444
641.8269655909925,-2.455702568311743
641.9269655909925,-2.4542586630328826
642.0269655909925,-2.4528145810884254
642.1269655909925,-2.451370292009362
642.2269655909926,-2.449925764685933
642.3269655909926,-2.448480967368604
642.4269655909926,-2.447035867669176
642.5269655909926,-2.4455904325620517
642.6269655909927,-2.4441446283856414
642.7269655909927,-2.442698420843925
642.8269655909927,-2.441251775008162
642.9269655909927,-2.4398046553187527
643.0269655909927,-2.438357025587257
643.1269655909928,-2.436908848998565
643.2269655909928,-2.4354600881132233
643.3269655909928,-2.4340107048699235
643.4269655909928,-2.432560660588145
643.5269655909929,-2.4311099159709624
643.6269655909929,-2.4296584311080096
643.7269655909929,-2.4282061654786116
643.8269655909929,-2.4267530779550794
643.926965590993,-2.4252991268061668
644.026965590993,-2.4238442697006977
644.126965590993,-2.4223884637113593
644.226965590993,-2.4209316653186654
644.326965590993,-2.4194738304150873
644.4269655909931,-2.4180149143093574
644.5269655909931,-2.416554871730944
644.6269655909931,-2.415093656834702
644.7269655909931,-2.413631223205692
644.8269655909932,-2.4121675238641784
644.9269655909932,-2.410702511270806
645.0269655909932,-2.4092361373319457
645.1269655909932,-2.407768353405226
645.2269655909932,-2.4062991103052362
645.3269655909933,-2.404828358309416
645.4269655909933,-2.4033560471641193
645.5269655909933,-2.4018821260908614
645.6269655909933,-2.400406543792748
645.7269655909934,-2.3989292484610876
645.8269655909934,-2.397450187782183
645.9269655909934,-2.395969308944311
646.0269655909934,-2.3944865586448834
646.1269655909934,-2.3930018830977926
646.2269655909935,-2.3915152280409444
646.3269655909935,-2.3900265387439754
646.4269655909935,-2.388535760016155
646.5269655909935,-2.3870428362144764
646.6269655909936,-2.3855477112519337
646.7269655909936,-2.384050328605983
646.8269655909936,-2.3825506313271974
646.9269655909936,-2.3810485620481012
647.0269655909937,-2.379544062992201
647.1269655909937,-2.3780370759831952
647.2269655909937,-2.3765275424543812
647.3269655909937,-2.3750154034582422
647.4269655909937,-2.373500599676226
647.5269655909938,-2.371983071428714
647.6269655909938,-2.3704627586851723
647.7269655909938,-2.3689396010744965
647.8269655909938,-2.3674135378955388
647.9269655909939,-2.365884508127828
648.0269655909939,-2.364352450442471
648.1269655909939,-2.362817303213247
648.2269655909939,-2.361279004527881
648.326965590994,-2.359737492199511
648.426965590994,-2.358192703778335
648.526965590994,-2.356644576563445
648.626965590994,-2.355093047614847
648.726965590994,-2.353538053765661
648.8269655909941,-2.35197953163451
648.9269655909941,-2.350417417638082
649.0269655909941,-2.348851648003888
649.1269655909941,-2.3472821587831847
649.2269655909942,-2.345708885864089
649.3269655909942,-2.3441317649848665
649.4269655909942,-2.342550731747399
649.5269655909942,-2.340965721630828
649.6269655909942,-2.3393766700053793
649.7269655909943,-2.3377835121463515
649.8269655909943,-2.33618618324829
649.9269655909943,-2.3345846184393264
650.0269655909943,-2.33297875279569
650.1269655909944,-2.3313685213563904
650.2269655909944,-2.3297538591380658
650.3269655909944,-2.3281347011500015
650.4269655909944,-2.32651098240931
650.5269655909945,-2.3248826379562777
650.6269655909945,-2.3232496028698706
650.7269655909945,-2.3216118122834013
650.8269655909945,-2.3199692014003572
650.9269655909945,-2.318321705510381
651.0269655909946,-2.3166692600054057
651.1269655909946,-2.3150118003959506
651.2269655909946,-2.313349262327555
651.3269655909946,-2.311681581597371
651.4269655909947,-2.3100086941708993
651.5269655909947,-2.3083305361988686
651.6269655909947,-2.306647044034259
651.7269655909947,-2.304958154249462
651.8269655909947,-2.303263803653583
651.9269655909948,-2.301563929309875
652.0269655909948,-2.2998584685533054
652.1269655909948,-2.2981473590082553
652.2269655909948,-2.296430538606342
652.3269655909949,-2.2947079456043733
652.4269655909949,-2.2929795186024142
652.5269655909949,-2.2912451965619836
652.6269655909949,-2.289504918824359
652.726965590995,-2.2877586251289985
652.826965590995,-2.286006255632076
652.926965590995,-2.284247750925119
653.026965590995,-2.282483052053755
653.126965590995,-2.280712100536557
653.2269655909951,-2.2789348383839902
653.3269655909951,-2.2771512081174508
653.4269655909951,-2.275361152788398
653.5269655909951,-2.273564615997577
653.6269655909952,-2.2717615419143233
653.7269655909952,-2.26995187529595
653.8269655909952,-2.2681355615072167
653.9269655909952,-2.266312546539865
654.0269655909952,-2.264482777032236
654.1269655909953,-2.262646200288946
654.2269655909953,-2.26080276430063
654.3269655909953,-2.2589524177637452
654.4269655909953,-2.257095110100429
654.5269655909954,-2.255230791478411
654.6269655909954,-2.253359412830971
654.7269655909954,-2.2514809258769453
654.8269655909954,-2.249595283140767
654.9269655909955,-2.2477024379725488
655.0269655909955,-2.245802344568194
655.1269655909955,-2.243894957989537
655.2269655909955,-2.2419802341845076
655.3269655909955,-2.2400581300073115
655.4269655909956,-2.238128603238632
655.5269655909956,-2.2361916126058357
655.6269655909956,-2.2342471178031893
655.7269655909956,-2.2322950795120766
655.8269655909957,-2.2303354594212115
655.9269655909957,-2.2283682202468453
656.0269655909957,-2.2263933257529627
656.1269655909957,-2.2244107407714595
656.2269655909957,-2.222420431222301
656.3269655909958,-2.2204223641336527
656.4269655909958,-2.218416507661984
656.5269655909958,-2.2164028311121298
656.6269655909958,-2.214381304957321
656.7269655909959,-2.212351900859163
656.8269655909959,-2.210314591687564
656.9269655909959,-2.2082693515406175
657.0269655909959,-2.2062161557644124
657.126965590996,-2.2041549809727865
657.226965590996,-2.2020858050670107
657.326965590996,-2.2000086072553913
657.426965590996,-2.1979233680728014
657.526965590996,-2.1958300694001203
657.6269655909961,-2.193728694483587
657.7269655909961,-2.1916192279540554
657.8269655909961,-2.1895016558461515
657.9269655909961,-2.1873759656173233
658.0269655909962,-2.1852421461667824
658.1269655909962,-2.183100187854325
658.2269655909962,-2.180950082519036
658.3269655909962,-2.178791823497865
658.4269655909962,-2.1766254056440686
658.5269655909963,-2.1744508253455175
658.6269655909963,-2.172268080542862
658.7269655909963,-2.170077170747547
658.8269655909963,-2.1678780970596736
658.9269655909964,-2.1656708621857077
659.0269655909964,-2.1634554704560167
659.1269655909964,-2.161231927842243
659.2269655909964,-2.1590002419745002
659.3269655909965,-2.1567604221583903
659.4269655909965,-2.1545124793918338
659.5269655909965,-2.1522564263817126
659.6269655909965,-2.1499922775603126
659.7269655909965,-2.1477200491015687
659.8269655909966,-2.145439758937099
659.9269655909966,-2.1431514267720324
660.0269655909966,-2.1408550741006103
660.1269655909966,-2.138550724221575
660.2269655909967,-2.1362384022533236
660.3269655909967,-2.1339181351488277
660.4269655909967,-2.1315899517103216
660.5269655909967,-2.129253882603736
660.6269655909967,-2.1269099603728927
660.7269655909968,-2.1245582194534345
660.8269655909968,-2.1221986961865045
660.9269655909968,-2.1198314288321543
661.0269655909968,-2.117456457582484
661.1269655909969,-2.115073824574506
661.2269655909969,-2.1126835739027303
661.3269655909969,-2.1102857516314604
661.4269655909969,-2.107880405806801
661.526965590997,-2.10546758646837
661.626965590997,-2.1030473456607086
661.726965590997,-2.100619737444386
661.826965590997,-2.098184817906793
661.926965590997,-2.095742645172619
662.0269655909971,-2.093293279414011
662.1269655909971,-2.090836782860407
662.2269655909971,-2.088373219808033
662.3269655909971,-2.085902656629076
662.4269655909972,-2.083425161780506
662.5269655909972,-2.080940805812563
662.6269655909972,-2.078449661376889
662.7269655909972,-2.0759518032343105
662.8269655909972,-2.07344730826226
662.9269655909973,-2.070936255461837
663.0269655909973,-2.068418725964502
663.1269655909973,-2.065894803038401
663.2269655909973,-2.063364572094309
663.3269655909974,-2.0608281206912027
663.4269655909974,-2.0582855385414422
663.5269655909974,-2.05573691751557
663.6269655909974,-2.0531823516467136
663.7269655909975,-2.050621937134597
663.8269655909975,-2.0480557723491497
663.9269655909975,-2.045483957833714
664.0269655909975,-2.0429065963078457
664.1269655909975,-2.0403237926697004
664.2269655909976,-2.0377356539980127
664.3269655909976,-2.035142289553648
664.4269655909976,-2.0325438107807443
664.5269655909976,-2.0299403313074196
664.6269655909977,-2.0273319669460577
664.7269655909977,-2.024718835693161
664.8269655909977,-2.0221010577287695
664.9269655909977,-2.0194787554154434
665.0269655909977,-2.0168520532968044
665.1269655909978,-2.0142210780956367
665.2269655909978,-2.0115859587115406
665.3269655909978,-2.0089468262181374
665.4269655909978,-2.0063038138598293
665.5269655909979,-2.0036570570480965
665.6269655909979,-2.001006693357349
665.7269655909979,-1.9983528625203149
665.8269655909979,-1.995695706422969
665.926965590998,-1.993035369099003
666.026965590998,-1.9903719967238298
666.126965590998,-1.9877057376081217
666.226965590998,-1.9850367421908817
666.326965590998,-1.9823651630320471
666.4269655909981,-1.9796911548046214
666.5269655909981,-1.977014874286335
666.6269655909981,-1.9743364803508303
666.7269655909981,-1.971656133958378
666.8269655909982,-1.9689739981461103
666.9269655909982,-1.9662902380177847
667.0269655909982,-1.9636050207330658
667.1269655909982,-1.960918515496331
667.2269655909982,-1.9582308935449975
667.3269655909983,-1.9555423281373694
667.4269655909983,-1.9528529945400053
667.5269655909983,-1.9501630700146066
667.6269655909983,-1.9474727338044246
667.7269655909984,-1.9447821671201895
667.8269655909984,-1.9420915531255563
667.9269655909984,-1.939401076922074
668.0269655909984,-1.9367109255336732
668.1269655909985,-1.9340212878906755
668.2269655909985,-1.9313323548133239
668.3269655909985,-1.9286443189948366
668.4269655909985,-1.9259573749839807
668.5269655909985,-1.9232717191671742
668.6269655909986,-1.9205875497501104
668.7269655909986,-1.9179050667389066
668.8269655909986,-1.9152244719207854
668.9269655909986,-1.9125459688442794
669.0269655909987,-1.9098697627989711
669.1269655909987,-1.907196060794761
669.2269655909987,-1.9045250715406725
669.3269655909987,-1.9018570054231914
669.4269655909987,-1.899192074484144
669.5269655909988,-1.8965304923981146
669.6269655909988,-1.8938724744494069
669.7269655909988,-1.891218237508549
669.8269655909988,-1.8885680000083462
669.9269655909989,-1.8859219819194855
670.0269655909989,-1.8832804047256917
670.1269655909989,-1.8806434913984402
670.2269655909989,-1.878011466371229
670.326965590999,-1.8753845555134128
670.426965590999,-1.872762986103604
670.526965590999,-1.8701469868026406
670.626965590999,-1.8675367876261308
670.726965590999,-1.8649326199165706
670.8269655909991,-1.8623347163150425
670.9269655909991,-1.8597433107325014
671.0269655909991,-1.857158638320645
671.1269655909991,-1.8545809354423815
671.2269655909992,-1.852010439641889
671.3269655909992,-1.8494473896142825
671.4269655909992,-1.846892025174882
671.5269655909992,-1.8443445872280952
671.6269655909992,-1.8418053177359144
671.7269655909993,-1.8392744596860338
671.8269655909993,-1.836752257059594
671.9269655909993,-1.834238954798557
672.0269655909993,-1.8317347987727166
672.1269655909994,-1.829240035746353
672.2269655909994,-1.8267549133445327
672.3269655909994,-1.824279680019062
672.4269655909994,-1.8218145850141003
672.5269655909995,-1.8193598783314378
672.6269655909995,-1.8169158106954422
672.7269655909995,-1.814482633517687
672.8269655909995,-1.8120605988612555
672.9269655909995,-1.8096499594047446
673.0269655909996,-1.8072509684059528
673.1269655909996,-1.8048638796652812
673.2269655909996,-1.8024889474888366
673.3269655909996,-1.8001264266512549
673.4269655909997,-1.7977765723582446
673.5269655909997,-1.7954396402088615
673.6269655909997,-1.79311588615752
673.7269655909997,-1.7908055664757487
673.8269655909997,-1.7885089377136962
673.9269655909998,-1.7862262566613973
674.0269655909998,-1.783957780309804
674.1269655909998,-1.7817037658115902
674.2269655909998,-1.7794644704417386
674.3269655909999,-1.7772401515579155
674.4269655909999,-1.7750310665606428
674.5269655909999,-1.7728374728532756
674.6269655909999,-1.7706596278017905
674.726965591,-1.7684977886943956
674.826965591,-1.7663522127009699
674.926965591,-1.7642231568323385
675.026965591,-1.7621108778993948
675.126965591,-1.760015632472073
675.2269655910001,-1.757937676838186
675.3269655910001,-1.7558772669621323
675.4269655910001,-1.753834658443482
675.5269655910001,-1.7518101064754503
675.6269655910002,-1.7498038658032673
675.7269655910002,-1.7478161906824532
675.8269655910002,-1.745847334837007
675.9269655910002,-1.7438975514175172
676.0269655910002,-1.741967092959206
676.1269655910003,-1.7400562113399112
676.2269655910003,-1.7381651577380195
676.3269655910003,-1.7362941825903575
676.4269655910003,-1.7344435355500503
676.5269655910004,-1.7326134654443572
676.6269655910004,-1.7308042202324923
676.7269655910004,-1.7290160469634404
676.8269655910004,-1.727249191733778
676.9269655910005,-1.7255038996455059
677.0269655910005,-1.7237804147639064
677.1269655910005,-1.7220789800754313
677.2269655910005,-1.7203998374456304
677.3269655910005,-1.7187432275771344
677.4269655910006,-1.7171093899676917
677.5269655910006,-1.7154985628682815
677.6269655910006,-1.7139109832413
677.7269655910006,-1.7123468867188374
677.8269655910007,-1.7108065075610528
677.9269655910007,-1.7092900786146539
678.0269655910007,-1.7077978312714959
678.1269655910007,-1.7063299954273043
678.2269655910007,-1.7048867994405328
678.3269655910008,-1.7034684700913671
678.4269655910008,-1.7020752325408814
678.5269655910008,-1.7007073102903592
678.6269655910008,-1.6993649251407859
678.7269655910009,-1.698048297152523
678.8269655910009,-1.6967576446051773
678.9269655910009,-1.695493183957665
679.0269655910009,-1.6942551298084911
679.126965591001,-1.6930436948562437
679.226965591001,-1.6918590898603207
679.326965591001,-1.69070152360189
679.426965591001,-1.689571202845101
679.526965591001,-1.688468332298547
679.6269655910011,-1.6873931145769976
679.7269655910011,-1.6863457501634
679.8269655910011,-1.6853264373711685
679.9269655910011,-1.684335372306761
680.0269655910012,-1.683372748832559
680.1269655910012,-1.6824387585300573
680.2269655910012,-1.6815335906633713
680.3269655910012,-1.6806574321430703
680.4269655910012,-1.6798104674903493
680.5269655910013,-1.6789928788015418
680.6269655910013,-1.6782048457129883
680.7269655910013,-1.6774465453662644
680.8269655910013,-1.6767181523737784
680.9269655910014,-1.6760198387847483
681.0269655910014,-1.675351774051563
681.1269655910014,-1.6747141249965394
681.2269655910014,-1.674107055779081
681.3269655910015,-1.6735307278632467
681.4269655910015,-1.6729852999857389
681.5269655910015,-1.672470928124316
681.6269655910015,-1.671987765466639
681.7269655910015,-1.671535962379562
681.8269655910016,-1.6711156663788664
681.9269655910016,-1.670727022099456
682.0269655910016,-1.6703701712660133
682.1269655910016,-1.6700452526641283
682.2269655910017,-1.6697524021119021
682.3269655910017,-1.6694917524320392
682.4269655910017,-1.6692634334244278
682.5269655910017,-1.669067571839223
682.6269655910017,-1.6689042913504295
682.7269655910018,-1.6687737125300024
682.8269655910018,-1.6686759528224604
682.9269655910018,-1.6686111265200279
683.0269655910018,-1.6685793447383044
683.1269655910019,-1.6685807153924743
683.2269655910019,-1.6686153431740545
683.3269655910019,-1.668683329528195
683.4269655910019,-1.6687847726315315
683.526965591002,-1.668919767370598
683.626965591002,-1.669088405320804
683.726965591002,-1.6692907747259826
683.826965591002,-1.6695269604785161
683.926965591002,-1.669797044100037
684.0269655910021,-1.6701011037227202
684.1269655910021,-1.6704392140711617
684.2269655910021,-1.6708114464448531
684.3269655910021,-1.671217868701255
684.4269655910022,-1.6716585452394754
684.5269655910022,-1.6721335369845525
684.6269655910022,-1.6726429013723527
684.7269655910022,-1.673186692335081
684.8269655910022,-1.6737649602874138
684.9269655910023,-1.6743777521132501
685.0269655910023,-1.6750251111530938
685.1269655910023,-1.6757070771920612
685.2269655910023,-1.6764236864485231
685.3269655910024,-1.6771749715633826
685.4269655910024,-1.6779609615899889
685.5269655910024,-1.6787816819846944
685.6269655910024,-1.679637154598054
685.7269655910025,-1.6805273976666688
685.8269655910025,-1.6814524258056804
685.9269655910025,-1.6824122500019112
686.0269655910025,-1.6834068776076603
686.1269655910025,-1.6844363123351487
686.2269655910026,-1.685500554251622
686.3269655910026,-1.686599599775108
686.4269655910026,-1.6877334416708312
686.5269655910026,-1.6889020690482865
686.6269655910027,-1.6901054673589713
686.7269655910027,-1.6913436183947774
686.8269655910027,-1.6926165002870435
686.9269655910027,-1.693924087506268
687.0269655910027,-1.6952663508624832
687.1269655910028,-1.696643257506289
687.2269655910028,-1.6980547709305507
687.3269655910028,-1.6995008509727523
687.4269655910028,-1.7009814538180128
687.5269655910029,-1.702496532002764
687.6269655910029,-1.7040460344190815
687.7269655910029,-1.7056299063196771
687.8269655910029,-1.7072480893235482
687.926965591003,-1.7089005214222788
688.026965591003,-1.7105871369869983
688.126965591003,-1.7123078667759897
688.226965591003,-1.7140626379429509
688.326965591003,-1.7158513740459012
688.4269655910031,-1.7176739950567363
688.5269655910031,-1.719530417371429
688.6269655910031,-1.7214205538208671
688.7269655910031,-1.723344313682336
688.8269655910032,-1.7253016026916328
688.9269655910032,-1.7272923230558184
689.0269655910032,-1.7293163734665968
689.1269655910032,-1.7313736491143246
689.2269655910032,-1.7334640417026412
689.3269655910033,-1.7355874394637247
689.4269655910033,-1.7377437271741591
689.5269655910033,-1.7399327861714182
689.6269655910033,-1.742154494370959
689.7269655910034,-1.7444087262839183
689.8269655910034,-1.7466953530354106
689.9269655910034,-1.7490142423834234
690.0269655910034,-1.7513652587383064
690.1269655910035,-1.7537482631828423
690.2269655910035,-1.7561631134929068
690.3269655910035,-1.7586096641587015
690.4269655910035,-1.7610877664065623
690.5269655910035,-1.7635972682213328
690.6269655910036,-1.7661380143693026
690.7269655910036,-1.7687098464216982
690.8269655910036,-1.7713126027787287
690.9269655910036,-1.773946118694174
691.0269655910037,-1.7766102263005135
691.1269655910037,-1.7793047546345875
691.2269655910037,-1.7820295296637867
691.3269655910037,-1.7847843743127618
691.4269655910037,-1.787569108490647
691.5269655910038,-1.790383549118793
691.6269655910038,-1.7932275101590014
691.7269655910038,-1.7961008026422525
691.8269655910038,-1.7990032346979221
691.9269655910039,-1.8019346115834798
692.0269655910039,-1.8048947357146592
692.1269655910039,-1.807883406696098
692.2269655910039,-1.810900421352435
692.326965591004,-1.81394557375986
692.426965591004,-1.81701865527811
692.526965591004,-1.8201194545829003
692.626965591004,-1.8232477576987873
692.726965591004,-1.8264033480324509
692.8269655910041,-1.8295860064063942
692.9269655910041,-1.8327955110930454
693.0269655910041,-1.8360316378492605
693.1269655910041,-1.8392941599512167
693.2269655910042,-1.8425828482296842
693.3269655910042,-1.845897471105675
693.4269655910042,-1.8492377946264564
693.5269655910042,-1.8526035825019198
693.6269655910043,-1.8559945961412998
693.7269655910043,-1.8594105946902335
693.8269655910043,-1.8628513350681493
693.9269655910043,-1.8663165720059798
694.0269655910043,-1.8698060580841889
694.1269655910044,-1.8733195437711048
694.2269655910044,-1.876856777461547
694.3269655910044,-1.880417505515743
694.4269655910044,-1.8840014722985245
694.5269655910045,-1.8876084202187906
694.6269655910045,-1.8912380897692331
694.7269655910045,-1.8948902195663155
694.8269655910045,-1.8985645463904903
694.9269655910045,-1.9022608052266532
695.0269655910046,-1.9059787293048207
695.1269655910046,-1.9097180501410225
695.2269655910046,-1.9134784975783992
695.3269655910046,-1.9172597998284977
695.4269655910047,-1.921061683512754
695.5269655910047,-1.9248838737041538
695.6269655910047,-1.9287260939690598
695.7269655910047,-1.932588066409203
695.8269655910048,-1.9364695117038193
695.9269655910048,-1.9403701491519307
696.0269655910048,-1.944289696714755
696.1269655910048,-1.9482278710582395
696.2269655910048,-1.9521843875957066
696.3269655910049,-1.9561589605306027
696.4269655910049,-1.9601513028993416
696.5269655910049,-1.9641611266142318
696.6269655910049,-1.9681881425064798
696.726965591005,-1.9722320603692594
696.826965591005,-1.976292589000837
696.926965591005,-1.9803694362477446
697.026965591005,-1.9844623090479918
697.126965591005,-1.988570913474305
697.2269655910051,-1.9926949547773871
697.3269655910051,-1.9968341374291887
697.4269655910051,-2.000988165166178
697.5269655910051,-2.005156741032605
697.6269655910052,-2.009339567423748
697.7269655910052,-2.013536346129134
697.8269655910052,-2.0177467783757232
697.9269655910052,-2.0219705648710513
698.0269655910053,-2.026207405846316
698.1269655910053,-2.030457001099405
698.2269655910053,-2.0347190500378494
698.3269655910053,-2.0389932517217013
698.4269655910053,-2.043279304906319
698.5269655910054,-2.047576908085058
698.6269655910054,-2.051885759531858
698.7269655910054,-2.0562055573437075
698.8269655910054,-2.060535999482997
698.9269655910055,-2.064876783819732
699.0269655910055,-2.06922760817361
699.1269655910055,-2.073588170355948
699.2269655910055,-2.077958168211458
699.3269655910055,-2.082337299659851
699.4269655910056,-2.0867252627372754
699.5269655910056,-2.0911217556375687
699.6269655910056,-2.095526476753328
699.7269655910056,-2.0999391247167756
699.8269655910057,-2.1043593984404265
699.9269655910057,-2.108786997157545
700.0269655910057,-2.1132216204623737
700.1269655910057,-2.117662968350146
700.2269655910058,-2.122110741256857
700.3269655910058,-2.126564640098794
700.4269655910058,-2.1310243663118196
700.5269655910058,-2.1354896218903967
700.6269655910058,-2.139960109426353
700.7269655910059,-2.144435532147371
700.8269655910059,-2.148915593955204
700.9269655910059,-2.153399999463607
701.0269655910059,-2.157888454035977
701.126965591006,-2.1623806638226974
701.226965591006,-2.166876335798176
701.326965591006,-2.171375177797575
701.426965591006,-2.175876898553226
701.526965591006,-2.180381207730717
701.6269655910061,-2.1848878159646583
701.7269655910061,-2.189396434894108
701.8269655910061,-2.193906777197662
701.9269655910061,-2.1984185566281917
702.0269655910062,-2.202931488047238
702.1269655910062,-2.207445287459043
702.2269655910062,-2.2119596720442187
702.3269655910062,-2.2164743601930517
702.4269655910063,-2.220989071538434
702.5269655910063,-2.2255035269884145
702.6269655910063,-2.2300174487583657
702.7269655910063,-2.234530560402771
702.8269655910063,-2.2390425868466117
702.9269655910064,-2.243553254416359
703.0269655910064,-2.2480622908705694
703.1269655910064,-2.2525694254300683
703.2269655910064,-2.2570743888077294
703.3269655910065,-2.2615769132378367
703.4269655910065,-2.2660767325050313
703.5269655910065,-2.2705735819728354
703.6269655910065,-2.2750671986117528
703.7269655910065,-2.279557321026938
703.8269655910066,-2.284043689485438
703.9269655910066,-2.2885260459429935
704.0269655910066,-2.2930041340704044
704.1269655910066,-2.2974776992794537
704.2269655910067,-2.3019464887483876
704.3269655910067,-2.306410251446946
704.4269655910067,-2.3108687381609445
704.5269655910067,-2.3153217015164027
704.6269655910068,-2.3197688960032217
704.7269655910068,-2.3242100779983974
704.8269655910068,-2.328645005788781
704.9269655910068,-2.333073439593373
705.0269655910068,-2.337495141585158
705.1269655910069,-2.34190987591247
705.2269655910069,-2.346317408719896
705.3269655910069,-2.3507175081687057
705.4269655910069,-2.3551099444568138
705.526965591007,-2.3594944898382746
705.626965591007,-2.363870918642296
705.726965591007,-2.368239007291789
705.826965591007,-2.372598534321436
705.926965591007,-2.376949280395289
706.0269655910071,-2.3812910283238886
706.1269655910071,-2.385623563080906
706.2269655910071,-2.389946671819314
706.3269655910071,-2.394260143887072
706.4269655910072,-2.3985637708423404
706.5269655910072,-2.402857346468215
706.6269655910072,-2.407140666786984
706.7269655910072,-2.411413530073907
706.8269655910073,-2.4156757368705186
706.9269655910073,-2.4199270899974525
707.0269655910073,-2.424167394566793
707.1269655910073,-2.4283964579939474
707.2269655910073,-2.4326140900090447
707.3269655910074,-2.436820102667861
707.4269655910074,-2.441014310362269
707.5269655910074,-2.44519652983022
707.6269655910074,-2.449366580165249
707.7269655910075,-2.453524282825515
707.8269655910075,-2.457669461642369
707.9269655910075,-2.4618019428284565
708.0269655910075,-2.465921554985357
708.1269655910075,-2.4700281291107546
708.2269655910076,-2.4741214986051507
708.3269655910076,-2.4782014992781147
708.4269655910076,-2.482267969354077
708.5269655910076,-2.486320749477665
708.6269655910077,-2.490359682718587
708.7269655910077,-2.4943846145760635
708.8269655910077,-2.498395392982806
708.9269655910077,-2.5023918683085546
709.0269655910078,-2.5063738933631665
709.1269655910078,-2.510341323399265
709.2269655910078,-2.5142940161144485
709.3269655910078,-2.5182318316530625
709.4269655910078,-2.52215463260754
709.5269655910079,-2.5260622840193117
709.6269655910079,-2.529954653379283
709.7269655910079,-2.533831610627896
709.8269655910079,-2.5376930281547625
709.926965591008,-2.5415387807978833
710.026965591008,-2.5453687458424508
710.126965591008,-2.549182803019243
710.226965591008,-2.5529808345026064
710.326965591008,-2.5567627249080394
710.4269655910081,-2.5605283612893706
710.5269655910081,-2.5642776331355437
710.6269655910081,-2.5680104323670094
710.7269655910081,-2.5717266533317265
710.8269655910082,-2.575426192800779
710.9269655910082,-2.579108949963612
711.0269655910082,-2.5827748264228902
711.1269655910082,-2.5864237261889853
711.2269655910083,-2.5900555556740903
711.3269655910083,-2.593670223685973
711.4269655910083,-2.597267641421369
711.5269655910083,-2.6008477224590143
711.6269655910083,-2.604410382752333
711.7269655910084,-2.6079555406217714
711.8269655910084,-2.6114831167467925
711.9269655910084,-2.614993034157531
712.0269655910084,-2.618485218226117
712.1269655910085,-2.6219595966576645
712.2269655910085,-2.625416099480944
712.3269655910085,-2.6288546590387254
712.4269655910085,-2.6322752099778146
712.5269655910085,-2.635677689238774
712.6269655910086,-2.6390620360453374
712.7269655910086,-2.6424281918935297
712.8269655910086,-2.645776100540482
712.9269655910086,-2.6491057079929625
713.0269655910087,-2.652416962495618
713.1269655910087,-2.655709814518934
713.2269655910087,-2.65898421674692
713.3269655910087,-2.6622401240645215
713.4269655910088,-2.665477493544767
713.5269655910088,-2.6686962844356517
713.6269655910088,-2.671896458146769
713.7269655910088,-2.6750779782356844
713.8269655910088,-2.6782408103940685
713.9269655910089,-2.6813849224335864
714.0269655910089,-2.684510284271551
714.1269655910089,-2.687616867916347
714.2269655910089,-2.690704647452625
714.326965591009,-2.6937735990262808
714.426965591009,-2.696823700829213
714.526965591009,-2.6998549330838753
714.626965591009,-2.7028672780276186
714.726965591009,-2.7058607198968367
714.8269655910091,-2.7088352449109157
714.9269655910091,-2.7117908412559917
715.0269655910091,-2.714727499068526
715.1269655910091,-2.7176452104187
715.2269655910092,-2.7205439692936335
715.3269655910092,-2.723423771580438
715.4269655910092,-2.7262846150490994
715.5269655910092,-2.7291264993352073
715.6269655910093,-2.7319494259225268
715.7269655910093,-2.734753398125422
715.8269655910093,-2.737538421071134
715.9269655910093,-2.7403045016819245
716.0269655910093,-2.7430516486570795
716.1269655910094,-2.7457798724547877
716.2269655910094,-2.7484891852738937
716.3269655910094,-2.751179601035534
716.4269655910094,-2.7538511353646538
716.5269655910095,-2.7565038055714233
716.6269655910095,-2.759137630632542
716.7269655910095,-2.761752631172446
716.8269655910095,-2.764348829444423
716.9269655910095,-2.7669262493116364
717.0269655910096,-2.7694849162280635
717.1269655910096,-2.772024857219354
717.2269655910096,-2.7745461008636156
717.3269655910096,-2.7770486772721257
717.4269655910097,-2.77953261806998
717.5269655910097,-2.7819979563766783
717.6269655910097,-2.7844447267866537
717.7269655910097,-2.786872965349751
717.8269655910098,-2.7892827095516575
717.9269655910098,-2.7916739982942884
718.0269655910098,-2.794046871876138
718.1269655910098,-2.7964013719725944
718.2269655910098,-2.7987375416162235
718.3269655910099,-2.8010554251770303
718.4269655910099,-2.8033550683426984
718.5269655910099,-2.8056365180988125
718.6269655910099,-2.807899822709069
718.72696559101,-2.8101450316954777
718.82696559101,-2.8123721958185612
718.92696559101,-2.814581367057552
719.02696559101,-2.816772598590596
719.12696559101,-2.818945944774963
719.2269655910101,-2.82110146112727
719.3269655910101,-2.8232392043037198
719.4269655910101,-2.825359232080361
719.5269655910101,-2.8274616033333695
719.6269655910102,-2.829546378019361
719.7269655910102,-2.8316136171557313
719.8269655910102,-2.833663382801036
719.9269655910102,-2.835695738035401
720.0269655910103,-2.8377107469409872
720.1269655910103,-2.8397084745824905
720.2269655910103,-2.8416889869876947
720.3269655910103,-2.8436523511280805
720.4269655910103,-2.845598634899484
720.5269655910104,-2.847527907102822
720.6269655910104,-2.849440237424875
720.7269655910104,-2.851335696419136
720.8269655910104,-2.8532143554867333
720.9269655910105,-2.855076286857421
721.0269655910105,-2.856921563570646
721.1269655910105,-2.858750259456696
721.2269655910105,-2.8605624491179236
721.3269655910105,-2.862358207910061
721.4269655910106,-2.8641376119236166
721.5269655910106,-2.8659007379653647
721.6269655910106,-2.8676476635399264
721.7269655910106,-2.8693784668314475
721.8269655910107,-2.8710932266853715
721.9269655910107,-2.8727920225903163
722.0269655910107,-2.874474934660053
722.1269655910107,-2.8761420436155896
722.2269655910108,-2.877793430767363
722.3269655910108,-2.879429177997544
722.4269655910108,-2.8810493677424476
722.5269655910108,-2.88265408297507
722.6269655910108,-2.8842434071877316
722.7269655910109,-2.885817424374846
722.8269655910109,-2.887376219015807
722.9269655910109,-2.8889198760580013
723.0269655910109,-2.8904484808999467
723.126965591011,-2.891962119374555
723.226965591011,-2.893460877732527
723.326965591011,-2.894944842625877
723.426965591011,-2.8964141010915903
723.526965591011,-2.897868740535417
723.6269655910111,-2.899308848715799
723.7269655910111,-2.900734513727938
723.8269655910111,-2.9021458239879983
723.9269655910111,-2.903542868217457
724.0269655910112,-2.904925735427591
724.1269655910112,-2.9062945149041086
724.2269655910112,-2.90764929619193
724.3269655910112,-2.9089901690801083
724.4269655910113,-2.9103172235869046
724.5269655910113,-2.9116305499450035
724.6269655910113,-2.912930238586888
724.7269655910113,-2.914216380130358
724.8269655910113,-2.915489065364205
724.9269655910114,-2.9167483852340377
725.0269655910114,-2.917994430828262
725.1269655910114,-2.9192272933642163
725.2269655910114,-2.9204470641744624
725.3269655910115,-2.921653834693234
725.4269655910115,-2.9228476964430383
725.5269655910115,-2.9240287410214205
725.6269655910115,-2.925197060087885
725.7269655910115,-2.926352745350974
725.8269655910116,-2.9274958885555082
725.9269655910116,-2.9286265814699872
726.0269655910116,-2.929744915874149
726.1269655910116,-2.9308509835466943
726.2269655910117,-2.9319448762531666
726.3269655910117,-2.933026685734001
726.4269655910117,-2.934096503692729
726.5269655910117,-2.935154421784349
726.6269655910118,-2.9362005316038595
726.7269655910118,-2.9372349246749527
726.8269655910118,-2.938257692438874
726.9269655910118,-2.9392689262434413
727.0269655910118,-2.94026871733223
727.1269655910119,-2.9412571568339207
727.2269655910119,-2.9422343357518064
727.3269655910119,-2.943200344953468
727.4269655910119,-2.944155275160608
727.526965591012,-2.9450992169390497
727.626965591012,-2.9460322606888973
727.726965591012,-2.946954496634859
727.826965591012,-2.94786601481673
727.926965591012,-2.9487669050800425
728.0269655910121,-2.949657257066869
728.1269655910121,-2.950537160206795
728.2269655910121,-2.951406703708045
728.3269655910121,-2.9522659765487744
728.4269655910122,-2.953115067468516
728.5269655910122,-2.9539540649597904
728.6269655910122,-2.954783057259872
728.7269655910122,-2.955602132342714
728.8269655910123,-2.95641137791103
728.9269655910123,-2.9572108813885354
729.0269655910123,-2.9580007299123405
729.1269655910123,-2.958781010325504
729.2269655910123,-2.959551809169738
729.3269655910124,-2.9603132126782676
729.4269655910124,-2.9610653067688464
729.5269655910124,-2.9618081770369202
729.6269655910124,-2.9625419087489484
729.7269655910125,-2.9632665868358696
729.8269655910125,-2.9639822958867237
729.9269655910125,-2.964689120142418
730.0269655910125,-2.965387143489647
730.1269655910125,-2.9660764494549534
730.2269655910126,-2.9667571211989414
730.3269655910126,-2.9674292415106316
730.4269655910126,-2.9680928928019634
730.5269655910126,-2.9687481571024374
730.6269655910127,-2.969395116053905
730.7269655910127,-2.970033850905494
730.8269655910127,-2.9706644425086797
730.9269655910127,-2.9712869713124928
731.0269655910128,-2.971901517358864
731.1269655910128,-2.9725081602781107
731.2269655910128,-2.9731069792845544
731.3269655910128,-2.9736980531722756
731.4269655910128,-2.974281460311002
731.5269655910129,-2.9748572786421303
731.6269655910129,-2.9754255856748766
731.7269655910129,-2.975986458482559
731.8269655910129,-2.9765399736990092
731.926965591013,-2.977086207515112
732.026965591013,-2.977625235675469
732.126965591013,-2.97815713347519
732.226965591013,-2.9786819757568064
732.326965591013,-2.97919983690731
732.4269655910131,-2.979710790855311
732.5269655910131,-2.980214911068314
732.6269655910131,-2.98071227055012
732.7269655910131,-2.9812029418383386
732.8269655910132,-2.9816869970020186
732.9269655910132,-2.982164507639395
733.0269655910132,-2.982635544875749
733.1269655910132,-2.983100179361379
733.2269655910133,-2.983558481269683
733.3269655910133,-2.9840105202953526
733.4269655910133,-2.9844563656526693
733.5269655910133,-2.984896086073917
733.6269655910133,-2.98532974980789
733.7269655910134,-2.985757424618512
733.8269655910134,-2.986179177783555
733.9269655910134,-2.9865950760934608
734.0269655910134,-2.9870051858502595
734.1269655910135,-2.987409572866593
734.2269655910135,-2.9878083024648268
734.3269655910135,-2.9882014394762657
734.4269655910135,-2.9885890482404607
734.5269655910135,-2.988971192604607
734.6269655910136,-2.989347935923039
734.7269655910136,-2.98971934105681
734.8269655910136,-2.9900854703733635
734.9269655910136,-2.9904463857462935
735.0269655910137,-2.990802148555189
735.1269655910137,-2.9911528196855643
735.2269655910137,-2.99149845952887
735.3269655910137,-2.991839127982593
735.4269655910138,-2.9921748844504292
735.5269655910138,-2.99250578784254
735.6269655910138,-2.9928318965758876
735.7269655910138,-2.9931532685746443
735.8269655910138,-2.9934699612706783
735.9269655910139,-2.9937820316041144
736.0269655910139,-2.9940895360239663
736.1269655910139,-2.9943925304888404
736.2269655910139,-2.994691070467709
736.326965591014,-2.9949852109407544
736.426965591014,-2.995275006400278
736.526965591014,-2.9955605108516763
736.626965591014,-2.995841777814482
736.726965591014,-2.9961188603234685
736.8269655910141,-2.9963918109298153
736.9269655910141,-2.9966606817023367
737.0269655910141,-2.9969255242287667
737.1269655910141,-2.9971863896171067
737.2269655910142,-2.997443328497026
737.3269655910142,-2.997696391021321
737.4269655910142,-2.997945626867426
737.5269655910142,-2.9981910852389824
737.6269655910143,-2.9984328148674533
737.7269655910143,-2.9986708640137953
737.8269655910143,-2.9989052804701744
737.9269655910143,-2.9991361115617368
738.0269655910143,-2.9993634041484194
738.1269655910144,-2.9995872046268133
738.2269655910144,-2.999807558932067
738.3269655910144,-3.0000245125398375
738.4269655910144,-3.0002381104682803
738.5269655910145,-3.0004483972800835
738.6269655910145,-3.0006554170845425
738.7269655910145,-3.00085921353967
738.8269655910145,-3.001059829854349
738.9269655910146,-3.00125730879052
739.0269655910146,-3.0014516926654045
739.1269655910146,-3.0016430233537634
739.2269655910146,-3.00183134229019
739.3269655910146,-3.002016690471435
739.4269655910147,-3.0021991084587603
739.5269655910147,-3.0023786363803304
739.6269655910147,-3.0025553139336267
739.7269655910147,-3.002729180387892
739.8269655910148,-3.0029002745866062
739.9269655910148,-3.0030686349499827
740.0269655910148,-3.0032342994774943
740.1269655910148,-3.0033973057504237
740.2269655910148,-3.003557690934437
740.3269655910149,-3.0037154917821773
740.4269655910149,-3.003870744635884
740.5269655910149,-3.004023485430032
740.6269655910149,-3.004173749693989
740.726965591015,-3.004321572554693
740.826965591015,-3.0044669887393494
740.926965591015,-3.004610032578143
741.026965591015,-3.0047507380069667
741.126965591015,-3.0048891385701677
741.2269655910151,-3.0050252674233073
741.3269655910151,-3.005159157335934
741.4269655910151,-3.00529084069437
741.5269655910151,-3.00542034950451
741.6269655910152,-3.005547715394634
741.7269655910152,-3.0056729696182254
741.8269655910152,-3.0057961430568034
741.9269655910152,-3.0059172662227645
742.0269655910153,-3.00603636926223
742.1269655910153,-3.0061534819579037
742.2269655910153,-3.006268633731934
742.3269655910153,-3.006381853648785
742.4269655910153,-3.006493170418112
742.5269655910154,-3.0066026123976406
742.6269655910154,-3.006710207596053
742.7269655910154,-3.006815983675876
742.8269655910154,-3.00691996795637
742.9269655910155,-3.007022187416427
743.0269655910155,-3.0071226686974604
743.1269655910155,-3.0072214381063054
743.2269655910155,-3.0073185216181133
743.3269655910156,-3.007413944879249
743.4269655910156,-3.007507733210188
743.5269655910156,-3.0075999116084082
743.6269655910156,-3.0076905047512845
743.7269655910156,-3.007779536998979
743.8269655910157,-3.0078670323973284
743.9269655910157,-3.007953014680728
744.0269655910157,-3.008037507275011
744.1269655910157,-3.008120533300325
744.2269655910158,-3.008202115574003
744.3269655910158,-3.0082822766134263
744.4269655910158,-3.008361038638887
744.5269655910158,-3.0084384235764388
744.6269655910158,-3.0085144530607435
744.7269655910159,-3.00858914843791
744.8269655910159,-3.008662530768327
744.9269655910159,-3.0087346208294825
745.0269655910159,-3.0088054391187824
745.126965591016,-3.0088750058563547
745.226965591016,-3.008943340987845
745.326965591016,-3.0090104641872037
745.426965591016,-3.0090763948594645
745.526965591016,-3.009141152143508
745.6269655910161,-3.0092047549148195
745.7269655910161,-3.009267221788233
745.8269655910161,-3.009328571120663
745.9269655910161,-3.009388821013828
746.0269655910162,-3.009447989316959
746.1269655910162,-3.0095060936294944
746.2269655910162,-3.009563151303769
746.3269655910162,-3.009619179447682
746.4269655910163,-3.009674194927354
746.5269655910163,-3.0097282143697774
746.6269655910163,-3.0097812541654414
746.7269655910163,-3.009833330470952
746.8269655910163,-3.009884459211635
746.9269655910164,-3.0099346560841234
747.0269655910164,-3.0099839365589327
