600.6269655909831,2.803183205339558e-06
600.7269655909831,2.8881935510438947e-06
600.8269655909831,2.9756786371453496e-06
600.9269655909832,3.065707258324098e-06
601.0269655909832,3.1583500229323367e-06
601.1269655909832,3.2536793979128038e-06
601.2269655909832,3.3517697547480775e-06
601.3269655909833,3.4526974164619344e-06
601.4269655909833,3.556540705694713e-06
601.5269655909833,3.6633799938747543e-06
601.6269655909833,3.773297751508705e-06
601.7269655909834,3.886378599613527e-06
601.8269655909834,4.002709362313747e-06
601.9269655909834,4.122379120627741e-06
602.0269655909834,4.245479267467362e-06
602.1269655909834,4.372103563875515e-06
602.2269655909835,4.502348196526888e-06
602.3269655909835,4.636311836517394e-06
602.4269655909835,4.774095699468221e-06
602.5269655909835,4.915803606971145e-06
602.6269655909836,5.061542049401825e-06
602.7269655909836,5.211420250128582e-06
602.8269655909836,5.365550231144448e-06
602.9269655909836,5.524046880150875e-06
603.0269655909837,5.687028019121801e-06
603.1269655909837,5.854614474377466e-06
603.2269655909837,6.0269301481976995e-06
603.3269655909837,6.204102092005027e-06
603.4269655909837,6.386260581148271e-06
603.5269655909838,6.573539191318127e-06
603.6269655909838,6.766074876626245e-06
603.7269655909838,6.964008049380602e-06
603.8269655909838,7.167482661589567e-06
603.9269655909839,7.376646288228378e-06
604.0269655909839,7.59165021230189e-06
604.1269655909839,7.812649511738092e-06
604.2269655909839,8.039803148147537e-06
604.326965590984,8.273274057484072e-06
604.426965590984,8.513229242643519e-06
604.526965590984,8.75983986803646e-06
604.626965590984,9.013281356173047e-06
604.726965590984,9.273733486297478e-06
604.8269655909841,9.541380495110663e-06
604.9269655909841,9.816411179620346e-06
605.0269655909841,1.0099019002158345e-05
605.1269655909841,1.0389402197605234e-05
605.2269655909842,1.0687763882863583e-05
605.3269655909842,1.0994312168621197e-05
605.4269655909842,1.1309260273446558e-05
605.5269655909842,1.1632826640259561e-05
605.6269655909842,1.1965235055220943e-05
605.7269655909843,1.2306714769084419e-05
605.8269655909843,1.2657500621056567e-05
605.9269655909843,1.3017833165209963e-05
606.0269655909843,1.338795879949537e-05
606.1269655909844,1.3768129897400414e-05
606.2269655909844,1.4158604942301609e-05
606.3269655909844,1.4559648664558544e-05
606.4269655909844,1.4971532181398475e-05
606.5269655909844,1.539453313964171e-05
606.6269655909845,1.58289358613172e-05
606.7269655909845,1.6275031492220235e-05
606.8269655909845,1.6733118153463214e-05
606.9269655909845,1.7203501096072515e-05
607.0269655909846,1.7686492858684223e-05
607.1269655909846,1.818241342839296e-05
607.2269655909846,1.8691590404808198e-05
607.3269655909846,1.921435916737382e-05
607.4269655909847,1.9751063046006615e-05
607.5269655909847,2.030205349511082e-05
607.6269655909847,2.0867690271026873e-05
607.7269655909847,2.1448341612971633e-05
607.8269655909847,2.2044384427530635e-05
607.9269655909848,2.2656204476761323e-05
608.0269655909848,2.3284196569968544e-05
608.1269655909848,2.3928764759213708e-05
608.2269655909848,2.4590322538619887e-05
608.3269655909849,2.5269293047536265e-05
608.4269655909849,2.5966109277625338e-05
608.5269655909849,2.668121428393811e-05
608.6269655909849,2.741506140004249e-05
608.726965590985,2.816811445727159e-05
608.826965590985,2.8940848008158564e-05
608.926965590985,2.9733747554126157e-05
609.026965590985,3.054730977750054e-05
609.126965590985,3.138204277791728e-05
609.2269655909851,3.223846631319199e-05
609.3269655909851,3.311711204472517e-05
609.4269655909851,3.4018523787514384e-05
609.5269655909851,3.494325776484658e-05
609.6269655909852,3.5891882867743525e-05
609.7269655909852,3.686498091923643e-05
609.8269655909852,3.78631469435437e-05
609.9269655909852,3.8886989440229056e-05
610.0269655909852,3.993713066341689e-05
610.1269655909853,4.101420690614292e-05
610.2269655909853,4.211886878991885e-05
610.3269655909853,4.325178155959044e-05
610.4269655909853,4.441362538357027e-05
610.5269655909854,4.560509565952577e-05
610.6269655909854,4.68269033256058e-05
610.7269655909854,4.8079775177286894e-05
610.8269655909854,4.936445418992492e-05
610.9269655909854,5.068169984709702e-05
611.0269655909855,5.203228847481747e-05
611.1269655909855,5.341701358171531e-05
611.2269655909855,5.4836686205262e-05
611.3269655909855,5.629213526413416e-05
611.4269655909856,5.7784207916804014e-05
611.5269655909856,5.931376992644388e-05
611.6269655909856,6.0881706032238365e-05
611.7269655909856,6.248892032719353e-05
611.8269655909857,6.413633664253612e-05
611.9269655909857,6.582489893879548e-05
612.0269655909857,6.755557170366351e-05
612.1269655909857,6.932934035672505e-05
612.2269655909857,7.114721166115602e-05
612.3269655909858,7.30102141424851e-05
612.4269655909858,7.491939851451534e-05
612.5269655909858,7.687583811250474e-05
612.6269655909858,7.888062933370336e-05
612.7269655909859,8.093489208534777e-05
612.8269655909859,8.303977024021036e-05
612.9269655909859,8.519643209980914e-05
613.0269655909859,8.740607086537281e-05
613.126965590986,8.966990511667184e-05
613.226965590986,9.198917929881058e-05
613.326965590986,9.436516421709081e-05
613.426965590986,9.679915754004674e-05
613.526965590986,9.929248431075922e-05
613.6269655909861,0.00010184649746655478
613.7269655909861,0.00010446257836719492
613.8269655909861,0.00010714213733166332
613.9269655909861,0.00010988661418366181
614.0269655909862,0.00011269747880591734
614.1269655909862,0.00011557623170341646
614.2269655909862,0.00011852440457567023
614.3269655909862,0.00012154356089812722
614.4269655909862,0.00012463529651283612
614.5269655909863,0.0001278012402284806
614.6269655909863,0.00013104305442988856
614.7269655909863,0.0001343624356971327
614.8269655909863,0.00013776111543433833
614.9269655909864,0.00014124086050830515
615.0269655909864,0.00014480347389706023
615.1269655909864,0.00014845079534846233
615.2269655909864,0.00015218470204895972
615.3269655909864,0.00015600710930262882
615.4269655909865,0.00015991997122060252
615.5269655909865,0.00016392528142100733
615.6269655909865,0.00016802507373952277
615.7269655909865,0.0001722214229506819
615.8269655909866,0.0001765164455000304
615.9269655909866,0.00018091230024725683
616.0269655909866,0.00018541118922041878
616.1269655909866,0.00019001535838137517
616.2269655909867,0.00019472709840254662
616.3269655909867,0.00019954874545512216
616.4269655909867,0.0002044826820088252
616.5269655909867,0.0002095313376433653
616.6269655909867,0.0002146971898716845
616.7269655909868,0.00021998276497512453
616.8269655909868,0.00022539063885062646
616.9269655909868,0.0002309234378700858
617.0269655909868,0.0002365838397519766
617.1269655909869,0.00024237457444536832
617.2269655909869,0.00024829842502644745
617.3269655909869,0.0002543582286076637
617.4269655909869,0.00026055687725961695
617.526965590987,0.0002668973189458065
617.626965590987,0.00027338255847035397
617.726965590987,0.00028001565843881676
617.826965590987,0.00028679974023221246
617.926965590987,0.00029373798499436263
618.0269655909871,0.00030083363463268296
618.1269655909871,0.00030808999283251704
618.2269655909871,0.0003155104260851455
618.3269655909871,0.0003230983647295716
618.4269655909872,0.0003308573040082012
618.5269655909872,0.000338790805136531
618.6269655909872,0.00034690249638694783
618.7269655909872,0.0003551960741867634
618.8269655909872,0.0003636753042305793
618.9269655909873,0.00037234402260710145
619.0269655909873,0.0003812061369405102
619.1269655909873,0.0003902656275464839
619.2269655909873,0.0003995265486029998
619.3269655909874,0.00040899302933599584
619.4269655909874,0.00041866927522001256
619.5269655909874,0.00042855956919391326
619.6269655909874,0.0004386682728917764
619.7269655909874,0.00044899982788907094
619.8269655909875,0.0004595587569642078
619.9269655909875,0.0004703496653755562
620.0269655909875,0.00048137724215404026
620.1269655909875,0.0004926462614113868
620.2269655909876,0.0005041615836641319
620.3269655909876,0.0005159281571734693
620.4269655909876,0.0005279510193010368
620.5269655909876,0.0005402352978807122
620.6269655909877,0.0005527862126065206
620.7269655909877,0.0005656090764367296
620.8269655909877,0.0005787092970142061
620.9269655909877,0.0005920923781031231
621.0269655909877,0.0006057639210420924
621.1269655909878,0.0006197296262137845
621.2269655909878,0.0006339952945311288
621.3269655909878,0.0006485668289401436
621.4269655909878,0.0006634502359394763
621.5269655909879,0.0006786516271167071
621.6269655909879,0.0006941772207014945
621.7269655909879,0.0007100333431355962
621.8269655909879,0.0007262264306598528
621.926965590988,0.0007427630309181559
622.026965590988,0.0007596498045784772
622.126965590988,0.0007768935269709945
622.226965590988,0.0007945010897433479
622.326965590988,0.0008124795025330974
622.4269655909881,0.0008308358946573833
622.5269655909881,0.0008495775168198489
622.6269655909881,0.000868711742834854
622.7269655909881,0.0008882460713689945
622.8269655909882,0.0009081881276999551
622.9269655909882,0.0009285456654927317
623.0269655909882,0.0009493265685932136
623.1269655909882,0.0009705388528391562
623.2269655909882,0.0009921906678885496
623.3269655909883,0.0010142902990653783
623.4269655909883,0.001036846169222782
623.5269655909883,0.0010598668406236113
623.6269655909883,0.0010833610168383633
623.7269655909884,0.0011073375446604907
623.8269655909884,0.0011318054160390678
623.9269655909884,0.001156773770028777
624.0269655909884,0.0011822518947572132
624.1269655909884,0.001208249229409451
624.2269655909885,0.0012347753662298529
624.3269655909885,0.001261840052541061
624.4269655909885,0.001289453192780145
624.5269655909885,0.0013176248505518443
624.6269655909886,0.0013463652506988364
624.7269655909886,0.0013756847813889844
624.8269655909886,0.0014055939962194968
624.9269655909886,0.0014361036163378924
625.0269655909887,0.0014672245325797481
625.1269655909887,0.0014989678076230827
625.2269655909887,0.0015313446781593293
625.3269655909887,0.0015643665570807717
625.4269655909887,0.0015980450356843552
625.5269655909888,0.0016323918858917573
625.6269655909888,0.0016674190624856014
625.7269655909888,0.0017031387053616795
625.8269655909888,0.0017395631417970801
625.9269655909889,0.0017767048887340595
626.0269655909889,0.0018145766550795217
626.1269655909889,0.001853191344019956
626.2269655909889,0.0018925620553516937
626.326965590989,0.0019327020878262685
626.426965590989,0.001973624941510779
626.526965590989,0.00201534432016301
626.626965590989,0.002057874133621174
626.726965590989,0.002101228500208045
626.8269655909891,0.002145421749149308
626.9269655909891,0.002190468423005889
627.0269655909891,0.0022363832801200905
627.1269655909891,0.00228318129707525
627.2269655909892,0.002330877671168733
627.3269655909892,0.0023794878228980197
627.4269655909892,0.0024290273984595837
627.5269655909892,0.0024795122722603828
627.6269655909892,0.002530958549441624
627.7269655909893,0.002583382568414585
627.8269655909893,0.0026368009034081464
627.9269655909893,0.002691230367027826
628.0269655909893,0.0027466880128259184
628.1269655909894,0.0028031911378825136
628.2269655909894,0.0028607572853970027
628.3269655909894,0.002919404247289823
628.4269655909894,0.0029791500668140203
628.5269655909894,0.003040013041176331
628.6269655909895,0.003102011724167438
628.7269655909895,0.0031651649288009826
628.8269655909895,0.0032294917299610045
628.9269655909895,0.0032950114670574123
629.0269655909896,0.003361743746689064
629.1269655909896,0.0034297084453140947
629.2269655909896,0.003498925711927031
629.3269655909896,0.003569415970742327
629.4269655909897,0.00364119992388378
629.5269655909897,0.003714298554079538
629.6269655909897,0.0037887331273620773
629.7269655909897,0.0038645251957727983
629.8269655909897,0.0039416966000707316
629.9269655909898,0.004020269472444816
630.0269655909898,0.004100266239229347
630.1269655909898,0.00418170962362199
630.2269655909898,0.0042646226484039105
630.3269655909899,0.0043490286386614445
630.4269655909899,0.004434951224508793
630.5269655909899,0.004522414343811176
630.6269655909899,0.004611442244907884
630.72696559099,0.004702059489334659
630.82696559099,0.004794290954544822
630.92696559099,0.004888161836628517
631.02696559099,0.004983697653029507
631.12696559099,0.005080924245258888
631.2269655909901,0.005179867781605066
631.3269655909901,0.005280554759839389
631.4269655909901,0.0053830120099167544
631.5269655909901,0.005487266696670551
631.6269655909902,0.005593346322501203
631.7269655909902,0.0057012787300577345
631.8269655909902,0.005811092104911527
631.9269655909902,0.0059228149782216315
632.0269655909902,0.00603647622939093
632.1269655909903,0.006152105088712326
632.2269655909903,0.006269731140004325
632.3269655909903,0.0063893843232351415
632.4269655909903,0.006511094937134635
632.5269655909904,0.006634893641793274
632.6269655909904,0.006760811461247327
632.7269655909904,0.006888879786049428
632.8269655909904,0.007019130375823844
632.9269655909904,0.007151595361805416
633.0269655909905,0.0072863072493614955
633.1269655909905,0.007423298920495928
633.2269655909905,0.007562603636334309
633.3269655909905,0.007704255039589503
633.4269655909906,0.007848287157006643
633.5269655909906,0.007994734401786722
633.6269655909906,0.008143631575987777
633.7269655909906,0.008295013872902813
633.8269655909907,0.008448916879413503
633.9269655909907,0.008605376578318715
634.0269655909907,0.008764429350636947
634.1269655909907,0.008926111977881651
634.2269655909907,0.00909046164430851
634.3269655909908,0.009257515939133636
634.4269655909908,0.009427312858721676
634.5269655909908,0.009599890808742979
634.6269655909908,0.00977528860629841
634.7269655909909,0.009953545482011356
634.8269655909909,0.010134701082085244
634.9269655909909,0.010318795470325994
635.0269655909909,0.010505869130128184
635.126965590991,0.010695962966423667
635.226965590991,0.010889118307591898
635.326965590991,0.011085376907330604
635.426965590991,0.011284780946485749
635.526965590991,0.011487373034839736
635.6269655909911,0.011693196212856706
635.7269655909911,0.011902293953383696
635.8269655909911,0.012114710163306633
635.9269655909911,0.012330489185159938
636.0269655909912,0.012549675798688611
636.1269655909912,0.012772315222361523
636.2269655909912,0.012998453114834913
636.3269655909912,0.01322813557636463
636.4269655909912,0.013461409150166295
636.5269655909913,0.013698320823721674
636.6269655909913,0.013938918030030605
636.7269655909913,0.014183248648806657
636.8269655909913,0.014431361007615912
636.9269655909914,0.01468330388295699
637.0269655909914,0.014939126501281621
637.1269655909914,0.015198878539954119
637.2269655909914,0.015462610128148712
637.3269655909914,0.015730371847683354
637.4269655909915,0.016002214733788746
637.5269655909915,0.01627819027581132
637.6269655909915,0.01655835041784885
637.7269655909915,0.016842747559317542
637.8269655909916,0.017131434555448924
637.9269655909916,0.017424464717715745
638.0269655909916,0.01772189181418511
638.1269655909916,0.018023770069797867
638.2269655909917,0.01833015416657266
638.3269655909917,0.01864109924373353
638.4269655909917,0.01895666089775966
638.5269655909917,0.019276895182355744
638.6269655909917,0.019601858608342165
638.7269655909918,0.019931608143462825
638.8269655909918,0.020266201212110244
638.9269655909918,0.020605695694965665
639.0269655909918,0.020950149928553548
639.1269655909919,0.02129962270470864
639.2269655909919,0.021654173269954436
639.3269655909919,0.022013861324791852
639.4269655909919,0.02237874702289625
639.526965590992,0.022748890970222122
639.626965590992,0.02312435422401365
639.726965590992,0.023505198291719737
639.826965590992,0.023891485129812564
639.926965590992,0.024283277142507994
640.0269655909921,0.024680637180386406
640.1269655909921,0.02508362853891304
640.2269655909921,0.025492314956856076
640.3269655909921,0.025906760614601267
640.4269655909922,0.026327030132361918
640.5269655909922,0.026753188568282626
640.6269655909922,0.027185301416435673
640.7269655909922,0.02762343460470866
640.8269655909922,0.0280676544925821
640.9269655909923,0.028518027868795513
641.0269655909923,0.028974621948900915
641.1269655909923,0.029437504372702487
641.2269655909923,0.029906743201580547
641.3269655909924,0.030382406915699493
641.4269655909924,0.03086456441109741
641.5269655909924,0.03135328499665704
641.6269655909924,0.031848638390955974
641.7269655909924,0.03235069471899552
641.8269655909925,0.03285952450880663
641.9269655909925,0.033375198687931755
642.0269655909925,0.03389778857978136
642.1269655909925,0.034427365899864074
642.2269655909926,0.034964002751888976
642.3269655909926,0.03550777162373918
642.4269655909926,0.036058745383315174
642.5269655909926,0.036616997274247276
642.6269655909927,0.03718260091147538
642.7269655909927,0.03775563027669551
642.8269655909927,0.03833615971367177
642.9269655909927,0.038924263923412444
643.0269655909927,0.039520017959209605
643.1269655909928,0.04012349722154074
643.2269655909928,0.04073477745283163
643.3269655909928,0.041353934732079274
643.4269655909928,0.04198104546933399
643.5269655909929,0.042616186400039564
643.6269655909929,0.04325943457923074
643.7269655909929,0.04391086737558673
643.8269655909929,0.04457056246534004
643.926965590993,0.0452385978260398
644.026965590993,0.04591505173016846
644.126965590993,0.046600002738611264
644.226965590993,0.04729352969397725
644.326965590993,0.047995711713771594
644.4269655909931,0.048706628183417824
644.5269655909931,0.0494263587491297
644.6269655909931,0.05015498331063157
644.7269655909931,0.050892582013726956
644.8269655909932,0.05163923524271412
644.9269655909932,0.052395023612648514
645.0269655909932,0.0531600279614511
645.1269655909932,0.05393432934186208
645.2269655909932,0.054718009013239484
645.3269655909933,0.05551114843320197
645.4269655909933,0.05631382924911533
645.5269655909933,0.05712613328942253
645.6269655909933,0.05794814255481618
645.7269655909934,0.05877993920925382
645.8269655909934,0.05962160557081477
645.9269655909934,0.06047322410239915
646.0269655909934,0.06133487740226766
646.1269655909934,0.06220664819442293
646.2269655909935,0.06308861931883139
646.3269655909935,0.06398087372148577
646.4269655909935,0.0648834944443079
646.5269655909935,0.06579656461489193
646.6269655909936,0.0667201674360878
646.7269655909936,0.06765438617542427
646.8269655909936,0.06859930415437256
646.9269655909936,0.06955500473744984
647.0269655909937,0.07052157132116263
647.1269655909937,0.0714990873227906
647.2269655909937,0.07248763616901073
647.3269655909937,0.07348730128436162
647.4269655909937,0.07449816607954897
647.5269655909938,0.07552031393959141
647.6269655909938,0.07655382821180812
647.7269655909938,0.07759879219364761
647.8269655909938,0.0786552891203587
647.9269655909939,0.07972340215250365
648.0269655909939,0.08080321436331417
648.1269655909939,0.08189480872589101
648.2269655909939,0.08299826810024719
648.326965590994,0.08411367522019561
648.426965590994,0.08524111268008236
648.526965590994,0.08638066292136518
648.626965590994,0.08753240821903903
648.726965590994,0.08869643066790885
648.8269655909941,0.0898728121687105
648.9269655909941,0.09106163441408095
649.0269655909941,0.09226297887437818
649.1269655909941,0.09347692678335269
649.2269655909942,0.09470355912367034
649.3269655909942,0.09594295661228912
649.4269655909942,0.09719519968568935
649.5269655909942,0.09846036848496005
649.6269655909942,0.0997385428407418
649.7269655909943,0.10102980225802716
649.8269655909943,0.10233422590082118
649.9269655909943,0.10365189257666187
650.0269655909943,0.10498288072100344
650.1269655909944,0.10632726838146259
650.2269655909944,0.1076851332019307
650.3269655909944,0.10905655240655199
650.4269655909944,0.11044160278357101
650.5269655909945,0.11184036066904933
650.6269655909945,0.11325290193045504
650.7269655909945,0.11467930195012557
650.8269655909945,0.11611963560860572
650.9269655909945,0.11757397726786412
651.0269655909946,0.11904240075438823
651.1269655909946,0.12052497934216141
651.2269655909946,0.12202178573552377
651.3269655909946,0.12353289205191796
651.4269655909947,0.12505836980452376
651.5269655909947,0.12659828988478225
651.6269655909947,0.12815272254481305
651.7269655909947,0.12972173737972564
651.8269655909947,0.13130540330982868
651.9269655909948,0.13290378856273866
652.0269655909948,0.1345169606553907
652.1269655909948,0.13614498637595462
652.2269655909948,0.1377879317656579
652.3269655909949,0.13944586210051943
652.4269655909949,0.14111884187299537
652.5269655909949,0.14280693477354145
652.6269655909949,0.14451020367209308
652.726965590995,0.14622871059946768
652.826965590995,0.14796251672869062
652.926965590995,0.14971168235624902
653.026965590995,0.15147626688327592
653.126965590995,0.15325632879666787
653.2269655909951,0.15505192565013964
653.3269655909951,0.15686311404521835
653.4269655909951,0.15868994961218164
653.5269655909951,0.1605324869909412
653.6269655909952,0.16239077981187783
653.7269655909952,0.16426488067662853
653.8269655909952,0.1661548411388313
653.9269655909952,0.16806071168482983
654.0269655909952,0.1699825417143426
654.1269655909953,0.1719203795210995
654.2269655909953,0.1738742722734494
654.3269655909953,0.17584426599494354
654.4269655909953,0.1778304055448969
654.5269655909954,0.17983273459893284
654.6269655909954,0.18185129562951413
654.7269655909954,0.18388612988646424
654.8269655909954,0.18593727737748356
654.9269655909955,0.18800477684866343
655.0269655909955,0.19008866576500336
655.1269655909955,0.19218898029093445
655.2269655909955,0.19430575527085367
655.3269655909955,0.19643902420967352
655.4269655909956,0.19858881925339014
655.5269655909956,0.2007551711696759
655.6269655909956,0.20293810932849898
655.7269655909956,0.20513766168277556
655.8269655909957,0.2073538547490588
655.9269655909957,0.20958671358826822
656.0269655909957,0.2118362617864654
656.1269655909957,0.21410252143567896
656.2269655909957,0.21638551311478485
656.3269655909958,0.21868525587044527
656.4269655909958,0.22100176719811174
656.5269655909958,0.2233350630230964
656.6269655909958,0.22568515768171674
656.7269655909959,0.2280520639025181
656.8269655909959,0.23043579278757845
656.9269655909959,0.23283635379390152
657.0269655909959,0.23525375471490098
657.126965590996,0.23768800166198284
657.226965590996,0.240139099046229
657.326965590996,0.24260704956018767
657.426965590996,0.2450918541597763
657.526965590996,0.2475935120463005
657.6269655909961,0.2501120206485946
657.7269655909961,0.25264737560528944
657.8269655909961,0.2551995707472112
657.9269655909961,0.2577685980799174
658.0269655909962,0.2603544477663742
658.1269655909962,0.2629571081097808
658.2269655909962,0.2655765655365455
658.3269655909962,0.26821280457941904
658.4269655909962,0.2708658078607891
658.5269655909963,0.27353555607614355
658.6269655909963,0.27622202797770395
658.7269655909963,0.2789252003582383
658.8269655909963,0.2816450480350551
658.9269655909964,0.28438154383418546
659.0269655909964,0.2871346585747586
659.1269655909964,0.28990436105357464
659.2269655909964,0.29269061802988006
659.3269655909965,0.2954933942103533
659.4269655909965,0.29831265223430165
659.5269655909965,0.301148352659078
659.6269655909965,0.3040004539457214
659.7269655909965,0.30686891244482556
659.8269655909966,0.309753682382642
659.9269655909966,0.3126547158474226
660.0269655909966,0.31557196277600597
660.1269655909966,0.31850537094065273
660.2269655909967,0.3214548859361364
660.3269655909967,0.32442045116709295
660.4269655909967,0.3274020078356347
660.5269655909967,0.3303994949292352
660.6269655909967,0.333412849208887
660.7269655909968,0.3364420051975399
660.8269655909968,0.3394868951688247
660.9269655909968,0.34254744913606455
661.0269655909968,0.34562359484158267
661.1269655909969,0.34871525774630807
661.2269655909969,0.35182236101968706
661.3269655909969,0.3549448255299021
661.4269655909969,0.358082569834406
661.526965590997,0.3612355101707746
661.626965590997,0.3644035604478822
661.726965590997,0.3675866322374057
661.826965590997,0.37078463476566176
661.926965590997,0.373997474905781
662.0269655909971,0.37722505717022436
662.1269655909971,0.3804672837036462
662.2269655909971,0.3837240542761084
662.3269655909971,0.3869952662766497
662.4269655909972,0.39028081470721576
662.5269655909972,0.3935805921769524
662.6269655909972,0.39689448889686874
662.7269655909972,0.40022239267487125
662.8269655909972,0.40356418891117757
662.9269655909973,0.4069197605941087
663.0269655909973,0.4102889882962681
663.1269655909973,0.4136717501711099
663.2269655909973,0.4170679219498991
663.3269655909974,0.4204773769390708
663.4269655909974,0.4238999860179884
663.5269655909974,0.4273356176371085
663.6269655909974,0.43078413781655156
663.7269655909975,0.4342454101450873
663.8269655909975,0.4377192957795338
663.9269655909975,0.44120565344457635
664.0269655909975,0.44470433943300874
664.1269655909975,0.44821520760639977
664.2269655909976,0.45173810939618964
664.3269655909976,0.4552728938052176
664.4269655909976,0.45881940740968563
664.5269655909976,0.46237749436155984
664.6269655909977,0.4659469963914136
664.7269655909977,0.4695277528117143
664.8269655909977,0.47311960052055685
664.9269655909977,0.4767223740058473
665.0269655909977,0.4803359053499379
665.1269655909978,0.48396002423471685
665.2269655909978,0.48759455794715506
665.3269655909978,0.49123933138531234
665.4269655909978,0.49489416706480444
665.5269655909979,0.4985588851257344
665.6269655909979,0.5022333033400893
665.7269655909979,0.5059172371196039
665.8269655909979,0.5096104995240944
665.926965590998,0.513312901270263
666.026965590998,0.5170242507409744
666.126965590998,0.520744353995008
666.226965590998,0.5244730147772839
666.326965590998,0.5282100345295675
666.4269655909981,0.5319552124016503
666.5269655909981,0.5357083452630116
666.6269655909981,0.5394692277149591
666.7269655909981,0.543237652103251
666.8269655909982,0.5470134085312004
666.9269655909982,0.5507962848732605
667.0269655909982,0.5545860667890944
667.1269655909982,0.5583825377381272
667.2269655909982,0.5621854789945825
667.3269655909983,0.5659946696630014
667.4269655909983,0.5698098866942475
667.5269655909983,0.5736309049019932
667.6269655909983,0.5774574969796923
667.7269655909984,0.5812894335180332
667.8269655909984,0.5851264830228781
667.9269655909984,0.5889684119336819
668.0269655909984,0.5928149846423945
668.1269655909985,0.5966659635128438
668.2269655909985,0.6005211089005988
668.3269655909985,0.6043801791733114
668.4269655909985,0.6082429307315371
668.5269655909985,0.6121091180300315
668.6269655909986,0.6159784935995224
668.7269655909986,0.6198508080689564
668.8269655909986,0.6237258101882167
668.9269655909986,0.627603246851312
669.0269655909987,0.6314828631200329
669.1269655909987,0.6353644022480771
669.2269655909987,0.6392476057056361
669.3269655909987,0.6431322132044462
669.4269655909987,0.647017962723298
669.5269655909988,0.6509045905340035
669.6269655909988,0.6547918312278185
669.7269655909988,0.6586794177423148
669.8269655909988,0.6625670813887036
669.9269655909989,0.6664545518796035
670.0269655909989,0.6703415573572507
670.1269655909989,0.6742278244221499
670.2269655909989,0.6781130781621604
670.326965590999,0.6819970421820151
670.426965590999,0.6858794386332674
670.526965590999,0.6897599882446648
670.626965590999,0.6936384103529417
670.726965590999,0.6975144229340307
670.8269655909991,0.7013877426346861
670.9269655909991,0.7052580848045165
671.0269655909991,0.7091251635284214
671.1269655909991,0.7129886916594266
671.2269655909992,0.7168483808519172
671.3269655909992,0.7207039415952576
671.4269655909992,0.7245550832477996
671.5269655909992,0.7284015140712691
671.6269655909992,0.7322429412655288
671.7269655909993,0.7360790710037107
671.8269655909993,0.7399096084677136
671.9269655909993,0.7437342578840586
672.0269655909993,0.7475527225600996
672.1269655909994,0.7513647049205803
672.2269655909994,0.7551699065445333
672.3269655909994,0.7589680282025165
672.4269655909994,0.7627587698941776
672.5269655909995,0.7665418308861429
672.6269655909995,0.7703169097502253
672.7269655909995,0.7740837044019397
672.8269655909995,0.7778419121393277
672.9269655909995,0.7815912296820751
673.0269655909996,0.7853313532109252
673.1269655909996,0.789061978407374
673.2269655909996,0.7927828004936432
673.3269655909996,0.7964935142729247
673.4269655909997,0.800193814169887
673.5269655909997,0.803883394271439
673.6269655909997,0.8075619483677424
673.7269655909997,0.8112291699934652
673.8269655909997,0.8148847524692688
673.9269655909998,0.8185283889435232
674.0269655909998,0.822159772434238
674.1269655909998,0.8257785958712072
674.2269655909998,0.8293845521383553
674.3269655909999,0.8329773341162794
674.4269655909999,0.8365566347249771
674.5269655909999,0.840122146966755
674.6269655909999,0.8436735639693074
674.726965591,0.8472105790289567
674.826965591,0.8507328856540491
674.926965591,0.8542401776084962
675.026965591,0.8577321489554524
675.126965591,0.8612084941011229
675.2269655910001,0.8646689078386909
675.3269655910001,0.8681130853923564
675.4269655910001,0.8715407224614781
675.5269655910001,0.8749515152648082
675.6269655910002,0.878345160584814
675.7269655910002,0.8817213558120741
675.8269655910002,0.885079798989743
675.9269655910002,0.8884201888580723
676.0269655910002,0.8917422248989832
676.1269655910003,0.8950456073806772
676.2269655910003,0.8983300374022781
676.3269655910003,0.9015952169384964
676.4269655910003,0.9048408488843054
676.5269655910004,0.9080666370996199
676.6269655910004,0.91127228645397
676.7269655910004,0.9144575028711586
676.8269655910004,0.9176219933738939
676.9269655910005,0.9207654661283883
677.0269655910005,0.9238876304889122
677.1269655910005,0.9269881970422963
677.2269655910005,0.93006687765237
677.3269655910005,0.9331233855043279
677.4269655910006,0.936157435149016
677.5269655910006,0.9391687425471237
677.6269655910006,0.9421570251132785
677.7269655910006,0.9451220017600287
677.8269655910007,0.9480633929417063
677.9269655910007,0.9509809206981619
678.0269655910007,0.9538743086983588
678.1269655910007,0.9567432822838206
678.2269655910007,0.9595875685119206
678.3269655910008,0.9624068961990031
678.4269655910008,0.9652009959633281
678.5269655910008,0.9679696002678303
678.6269655910008,0.9707124434626817
678.7269655910009,0.9734292618276493
678.8269655910009,0.9761197936142377
678.9269655910009,0.9787837790876078
679.0269655910009,0.9814209605682622
679.126965591001,0.9840310824734882
679.226965591001,0.9866138913585475
679.326965591001,0.9891691359576058
679.426965591001,0.991696567224391
679.526965591001,0.9941959383725726
679.6269655910011,0.9966670049158498
679.7269655910011,0.9991095247077456
679.8269655910011,1.0015232579810895
679.9269655910011,1.0039079673871871
680.0269655910012,1.006263418034663
680.1269655910012,1.0085893775279715
680.2269655910012,1.010885616005562
680.3269655910012,1.0131519061776957
680.4269655910012,1.0153880233639003
680.5269655910013,1.0175937455300568
680.6269655910013,1.0197688533251072
680.7269655910013,1.0219131301173792
680.8269655910013,1.0240263620305143
680.9269655910014,1.0261083379789937
681.0269655910014,1.028158849703254
681.1269655910014,1.0301776918043841
681.2269655910014,1.0321646617783926
681.3269655910015,1.0341195600500432
681.4269655910015,1.0360421900062455
681.5269655910015,1.037932358028994
681.6269655910015,1.0397898735278517
681.7269655910015,1.0416145489719622
681.8269655910016,1.0434061999215942
681.9269655910016,1.045164645059201
682.0269655910016,1.046889706219991
682.1269655910016,1.0485812084220054
682.2269655910017,1.0502389798956917
682.3269655910017,1.051862852112966
682.4269655910017,1.053452659815761
682.5269655910017,1.0550082410440489
682.6269655910017,1.056529437163335
682.7269655910018,1.0580160928916142
682.8269655910018,1.0594680563257857
682.9269655910018,1.0608851789675156
683.0269655910018,1.062267315748547
683.1269655910019,1.0636143250554468
683.2269655910019,1.0649260687537865
683.3269655910019,1.0662024122117473
683.4269655910019,1.0674432243231493
683.526965591002,1.0686483775298938
683.626965591002,1.069817747843818
683.726965591002,1.070951214867953
683.826965591002,1.072048661817182
683.926965591002,1.073109975538295
684.0269655910021,1.0741350465294304
684.1269655910021,1.0751237689589064
684.2269655910021,1.0760760406834287
684.3269655910021,1.0769917632656787
684.4269655910022,1.0778708419912708
684.5269655910022,1.0787131858850803
684.6269655910022,1.0795187077269333
684.7269655910022,1.0802873240666602
684.8269655910022,1.081018955238502
684.9269655910023,1.081713525374874
685.0269655910023,1.0823709624194753
685.1269655910023,1.0829911981397498
685.2269655910023,1.0835741681386872
685.3269655910024,1.084119811865966
685.4269655910024,1.0846280726284365
685.5269655910024,1.0850988975999374
685.6269655910024,1.085532237830446
685.7269655910025,1.085928048254561
685.8269655910025,1.086286287699313
685.9269655910025,1.0866069188913023
686.0269655910025,1.0868899084631627
686.1269655910025,1.0871352269593488
686.2269655910026,1.0873428488412464
686.3269655910026,1.0875127524916017
686.4269655910026,1.0876449202182754
686.5269655910026,1.0877393382573104
686.6269655910027,1.0877959967753223
686.7269655910027,1.0878148898712063
686.8269655910027,1.0877960155771602
686.9269655910027,1.087739375859028
687.0269655910027,1.0876449766159562
687.1269655910028,1.0875128276793726
687.2269655910028,1.0873429428112773
687.3269655910028,1.0871353397018553
687.4269655910028,1.0868900399664068
687.5269655910029,1.086607069141595
687.6269655910029,1.0862864566810166
687.7269655910029,1.085928235950092
687.8269655910029,1.0855324442202772
687.926965591003,1.0850991226626023
688.026965591003,1.084628316340533
688.126965591003,1.08412007420216
688.226965591003,1.0835744490717165
688.326965591003,1.0829914976404305
688.4269655910031,1.082371280456705
688.5269655910031,1.0817138619156381
688.6269655910031,1.08101931024788
688.7269655910031,1.08028769750783
688.8269655910032,1.0795190995611794
688.9269655910032,1.0787135960717993
689.0269655910032,1.0778712704879791
689.1269655910032,1.0769922100280194
689.2269655910032,1.0760765056651793
689.3269655910033,1.0751242521119868
689.4269655910033,1.0741355478039116
689.5269655910033,1.073110494882407
689.6269655910033,1.0720491991773238
689.7269655910034,1.0709517701887
689.8269655910034,1.069818321067933
689.9269655910034,1.068648968598337
690.0269655910034,1.0674438331750868
690.1269655910035,1.0662030387845638
690.2269655910035,1.0649267129830942
690.3269655910035,1.063614986875097
690.4269655910035,1.0622679950906415
690.5269655910035,1.0608858757624189
690.6269655910036,1.0594687705021355
690.7269655910036,1.058016824376335
690.8269655910036,1.0565301858816492
690.9269655910036,1.0550090069194908
691.0269655910037,1.0534534427701894
691.1269655910037,1.0518636520665772
691.2269655910037,1.0502397967670332
691.3269655910037,1.0485820421279897
691.4269655910037,1.0468905566759092
691.5269655910038,1.0451655121787389
691.6269655910038,1.0434070836168448
691.7269655910038,1.0416154491534413
691.8269655910038,1.0397907901045136
691.9269655910039,1.0379332909082464
692.0269655910039,1.0360431390939644
692.1269655910039,1.0341205252505898
692.2269655910039,1.0321656429946289
692.326965591004,1.0301786889376892
692.426965591004,1.0281598626535404
692.526965591004,1.0261093666447243
692.626965591004,1.0240274063087194
692.726965591004,1.0219141899036737
692.8269655910041,1.0197699285137074
692.9269655910041,1.0175948360137987
693.0269655910041,1.0153891290342576
693.1269655910041,1.0131530269247961
693.2269655910042,1.0108867517182074
693.3269655910042,1.0085905280936558
693.4269655910042,1.0062645833395898
693.5269655910042,1.003909147316289
693.6269655910043,1.0015244524180478
693.7269655910043,0.9991107335350078
693.8269655910043,0.9966682280146499
693.9269655910043,0.9941971756229504
694.0269655910043,0.991697818505212
694.1269655910044,0.9891704011465798
694.2269655910044,0.9866151703322497
694.3269655910044,0.9840323751073785
694.4269655910044,0.9814222667367059
694.5269655910045,0.9787850986638952
694.6269655910045,0.9761211264706054
694.7269655910045,0.9734306078353001
694.8269655910045,0.9707138024918054
694.9269655910045,0.9679709721876247
695.0269655910046,0.9652023806420202
695.1269655910046,0.9624082935038695
695.2269655910046,0.9595889783093089
695.3269655910046,0.9567447044391708
695.4269655910047,0.9538757430762245
695.5269655910047,0.9509823671622317
695.6269655910047,0.9480648513548254
695.7269655910047,0.9451234719842201
695.8269655910048,0.9421585070097654
695.9269655910048,0.9391702359763509
696.0269655910048,0.9361589399706716
696.1269655910048,0.9331249015773649
696.2269655910048,0.9300684048350285
696.3269655910049,0.926989735192126
696.4269655910049,0.9238891794627937
696.5269655910049,0.9207670257825552
696.6269655910049,0.9176235635639555
696.726965591005,0.9144590834521212
696.826965591005,0.9112738772802599
696.926965591005,0.9080682380251052
697.026965591005,0.904842459762318
697.126965591005,0.9015968376218546
697.2269655910051,0.8983316677433085
697.3269655910051,0.8950472472312373
697.4269655910051,0.8917438741104836
697.5269655910051,0.8884218472814988
697.6269655910052,0.8850814664756784
697.7269655910052,0.8817230322107215
697.8269655910052,0.8783468457460177
697.9269655910052,0.8749532090380772
698.0269655910053,0.871542424696007
698.1269655910053,0.8681147959370487
698.2269655910053,0.8646706265421799
698.3269655910053,0.8612102208117947
698.4269655910053,0.8577338835214675
698.5269655910054,0.8542419198778114
698.6269655910054,0.8507346354744397
698.7269655910054,0.8472123362480377
698.8269655910054,0.8436753284345562
698.9269655910055,0.8401239185255323
699.0269655910055,0.8365584132245488
699.1269655910055,0.8329791194038385
699.2269655910055,0.8293863440610431
699.3269655910055,0.8257803942761343
699.4269655910056,0.8221615771685065
699.5269655910056,0.8185301998542472
699.6269655910056,0.814886569403596
699.7269655910056,0.8112309927985973
699.8269655910057,0.8075637768909569
699.9269655910057,0.8038852283601092
700.0269655910057,0.8001956536715035
700.1269655910057,0.7964953590351154
700.2269655910058,0.7927846503641939
700.3269655910058,0.7890638332342487
700.4269655910058,0.7853332128422864
700.5269655910058,0.7815930939663044
700.6269655910058,0.7778437809250448
700.7269655910059,0.7740855775380234
700.8269655910059,0.7703187870858316
700.9269655910059,0.7665437122707263
701.0269655910059,0.762760655177509
701.126965591006,0.7589699172347039
701.226965591006,0.7551717991760394
701.326965591006,0.7513666010022426
701.426965591006,0.7475546219431488
701.526965591006,0.743736160420137
701.6269655910061,0.7399115140088938
701.7269655910061,0.7360809794025138
701.8269655910061,0.7322448523749426
701.9269655910061,0.728403427744766
702.0269655910062,0.7245569993393541
702.1269655910062,0.7207058599593643
702.2269655910062,0.7168503013436078
702.3269655910062,0.7129906141342879
702.4269655910063,0.709127087842611
702.5269655910063,0.7052600108147811
702.6269655910063,0.7013896701983768
702.7269655910063,0.6975163519091203
702.8269655910063,0.6936403405980409
702.9269655910064,0.6897619196190381
703.0269655910064,0.6858813709968485
703.1269655910064,0.6819989753954233
703.2269655910064,0.6781150120867157
703.3269655910065,0.674229758919888
703.4269655910065,0.6703434922909384
703.5269655910065,0.6664564871127534
703.6269655910065,0.6625690167855884
703.7269655910065,0.6586813531679819
703.8269655910066,0.6547937665481043
703.9269655910066,0.6509065256155474
704.0269655910066,0.6470198974335554
704.1269655910066,0.6431341474117028
704.2269655910067,0.639249539279021
704.3269655910067,0.6353663350575752
704.4269655910067,0.6314847950364985
704.5269655910067,0.6276051777464811
704.6269655910068,0.6237277399347195
704.7269655910068,0.619852736540329
704.8269655910068,0.615980420670219
704.9269655910068,0.6121110435754361
705.0269655910068,0.6082448546279751
705.1269655910069,0.6043821012980602
705.2269655910069,0.6005230291318993
705.3269655910069,0.5966678817299106
705.4269655910069,0.5928169007254271
705.526965591007,0.5889703257638744
705.626965591007,0.5851283944824296
705.726965591007,0.581291342490157
705.826965591007,0.5774594033486258
705.926965591007,0.5736328085530076
706.0269655910071,0.5698117875136556
706.1269655910071,0.5659965675381681
706.2269655910071,0.5621873738139317
706.3269655910071,0.5583844293911515
706.4269655910072,0.5545879551663622
706.5269655910072,0.5507981698664246
706.6269655910072,0.547015290033005
706.7269655910072,0.5432395300075396
706.8269655910073,0.5394711019166809
706.9269655910073,0.5357102156582293
707.0269655910073,0.531957078887546
707.1269655910073,0.5282118970044493
707.2269655910073,0.5244748731405923
707.3269655910074,0.5207462081473215
707.4269655910074,0.5170261005840157
707.5269655910074,0.5133147467069038
707.6269655910074,0.5096123404583611
707.7269655910075,0.5059190734566823
707.8269655910075,0.5022351349863292
707.9269655910075,0.49856071198865465
708.0269655910075,0.49489598905309656
708.1269655910075,0.4912411484088452
708.2269655910076,0.48759636991697825
708.3269655910076,0.4839618310630642
708.4269655910076,0.4803377069502309
708.5269655910076,0.47672417029269853
708.6269655910077,0.47312139140977233
708.7269655910077,0.4695295382202966
708.8269655910077,0.465948776237564
708.9269655910077,0.4623792685646804
709.0269655910078,0.45882117589038157
709.1269655910078,0.45527465648529875
709.2269655910078,0.451739866198672
709.3269655910078,0.4482169584555069
709.4269655910078,0.44470608425417274
709.5269655910079,0.44120739216443877
709.6269655910079,0.4377210283259462
709.7269655910079,0.43424713644711216
709.8269655910079,0.4307858578044618
709.926965591008,0.427337331242388
710.026965591008,0.4239016931733317
710.126965591008,0.42047907757838227
710.226965591008,0.41706961600829306
710.326965591008,0.4136734375849094
710.4269655910081,0.4102906690030039
710.5269655910081,0.40692143453251794
710.6269655910081,0.40356585602120276
710.7269655910081,0.40022405289765844
710.8269655910082,0.3968961421747654
710.9269655910082,0.39358223845350615
711.0269655910082,0.3902824539271714
711.1269655910082,0.38699689838594725
711.2269655910083,0.38372567922188056
711.3269655910083,0.3804689014342154
711.4269655910083,0.37722666763509993
711.5269655910083,0.37399907805565613
711.6269655910083,0.3707862305524102
711.7269655910084,0.3675882206140782
711.8269655910084,0.3644051413687027
711.9269655910084,0.36123708359113693
712.0269655910084,0.35808413571086944
712.1269655910085,0.3549463838201872
712.2269655910085,0.35182391168267196
712.3269655910085,0.34871680074202327
712.4269655910085,0.34562513013120666
712.5269655910085,0.3425489766819193
712.6269655910086,0.3394884149343703
712.7269655910086,0.33644351714736975
712.8269655910086,0.3334143533087222
712.9269655910086,0.3304009911459198
713.0269655910087,0.3274034961371295
713.1269655910087,0.3244219315224702
713.2269655910087,0.3214563583155738
713.3269655910087,0.31850683531542745
713.4269655910088,0.31557341911848863
713.5269655910088,0.3126561641310713
713.6269655910088,0.3097551225819952
713.7269655910088,0.30687034453549644
713.8269655910088,0.30400187790439087
713.9269655910089,0.30114976846348773
714.0269655910089,0.2983140598632476
714.1269655910089,0.29549479364367864
714.2269655910089,0.292692009248468
714.326965591009,0.28990574403934105
714.426965591009,0.2871360333106453
714.526965591009,0.2843829103041519
714.626965591009,0.28164640622407155
714.726965591009,0.27892655025227836
714.8269655910091,0.27622336956373605
714.9269655910091,0.2735368893421234
715.0269655910091,0.2708671327956524
715.1269655910091,0.2682141211730724
715.2269655910092,0.2655778737798594
715.3269655910092,0.26295840799458065
715.4269655910092,0.2603557392854324
715.5269655910092,0.2577698812269448
715.6269655910093,0.25520084551684885
715.7269655910093,0.2526486419930999
715.8269655910093,0.25011327865105354
715.9269655910093,0.24759476166078787
716.0269655910093,0.2450930953845677
716.1269655910094,0.24260828239444554
716.2269655910094,0.24014032348999378
716.3269655910094,0.23768921771616405
716.4269655910094,0.23525496238126803
716.5269655910095,0.23283755307507495
716.6269655910095,0.23043698368702076
716.7269655910095,0.22805324642452454
716.8269655910095,0.2256863318314063
716.9269655910095,0.22333622880640225
717.0269655910096,0.22100292462177218
717.1269655910096,0.21868640494199432
717.2269655910096,0.21638665384254294
717.3269655910096,0.21410365382874344
717.4269655910097,0.2118373858547012
717.5269655910097,0.20958782934229836
717.6269655910097,0.20735496220025476
717.7269655910097,0.20513876084324795
717.8269655910098,0.20293920021108766
717.9269655910098,0.2007562537879409
718.0269655910098,0.1985898936216015
718.1269655910098,0.1964400903428021
718.2269655910098,0.19430681318456128
718.3269655910099,0.19219003000156426
718.4269655910099,0.19008970728957023
718.5269655910099,0.18800581020484422
718.6269655910099,0.1859383025836074
718.72696559101,0.183887146961503
718.82696559101,0.18185230459307247
718.92696559101,0.17983373547123882
719.02696559101,0.17783139834679187
719.12696559101,0.17584525074787297
719.2269655910101,0.17387524899945264
719.3269655910101,0.1719213482428004
719.4269655910101,0.1699835024549399
719.5269655910101,0.16806166446808724
719.6269655910102,0.16615578598906797
719.7269655910102,0.16426581761870954
719.8269655910102,0.1623917088712042
719.9269655910102,0.16053340819344053
720.0269655910103,0.15869086298429855
720.1269655910103,0.15686401961390486
720.2269655910103,0.15505282344284535
720.3269655910103,0.1532572188413309
720.4269655910103,0.15147714920831307
720.5269655910104,0.14971255699054636
720.6269655910104,0.1479633837015941
720.7269655910104,0.14622956994077374
720.8269655910104,0.14451105541203915
720.9269655910105,0.14280777894279675
721.0269655910105,0.14111967850265142
721.1269655910105,0.13944669122208087
721.2269655910105,0.13778875341103328
721.3269655910105,0.13614580057744707
721.4269655910106,0.13451776744568908
721.5269655910106,0.13290458797490792
721.6269655910106,0.13130619537730134
721.7269655910106,0.1297225221362924
721.8269655910107,0.12815350002461393
721.9269655910107,0.12659906012229774
722.0269655910107,0.12505913283456574
722.1269655910107,0.12353364790962118
722.2269655910108,0.12202253445633665
722.3269655910108,0.1205257209618377
722.4269655910108,0.11904313530897798
722.5269655910108,0.11757470479370556
722.6269655910108,0.11612035614231618
722.7269655910109,0.1146800155285931
722.8269655910109,0.11325360859083035
722.9269655910109,0.11184106044873682
723.0269655910109,0.11044229572022089
723.126965591011,0.1090572385380519
723.226965591011,0.10768581256639735
723.326965591011,0.10632794101723386
723.426965591011,0.10498354666663007
723.526965591011,0.10365255187089968
723.6269655910111,0.10233487858262291
723.7269655910111,0.10103044836653477
723.8269655910111,0.0997391824152786
723.9269655910111,0.0984610015650229
724.0269655910112,0.097195826310941
724.1269655910112,0.09594357682255075
724.2269655910112,0.09470417295891391
724.3269655910112,0.09347753428369335
724.4269655910113,0.09226358008006724
724.5269655910113,0.09106222936549821
724.6269655910113,0.08987340090635722
724.7269655910113,0.08869701323240044
724.8269655910113,0.08753298465109807
724.9269655910114,0.08638123326181428
725.0269655910114,0.08524167696983735
725.1269655910114,0.08411423350025855
725.2269655910114,0.08299882041169962
725.3269655910115,0.08189535510988728
725.4269655910115,0.08080375486107469
725.5269655910115,0.07972393680530843
725.6269655910115,0.07865581796954081
725.7269655910115,0.07759931528058676
725.8269655910116,0.07655434557792427
725.9269655910116,0.07552082562633869
726.0269655910116,0.07449867212840933
726.1269655910116,0.07348780173683886
726.2269655910117,0.07248813106662433
726.3269655910117,0.07149957670706994
726.4269655910117,0.07052205523364102
726.5269655910117,0.06955548321965874
726.6269655910118,0.06859977724783596
726.7269655910118,0.06765485392165295
726.8269655910118,0.06672062987657396
726.9269655910118,0.06579702179110351
727.0269655910118,0.06488394639768333
727.1269655910119,0.06398132049342871
727.2269655910119,0.06308906095070539
727.3269655910119,0.062207084727546234
727.4269655910119,0.06133530887790829
727.526965591012,0.06047365056176991
727.626965591012,0.059622027055068236
727.726965591012,0.05878035575947752
727.826965591012,0.05794855421202799
727.926965591012,0.057126540094565824
728.0269655910121,0.05631423124305451
728.1269655910121,0.055511545656717884
728.2269655910121,0.05471840150702504
728.3269655910121,0.05393471714651784
728.4269655910122,0.05316041111748105
728.5269655910122,0.052395402160455844
728.6269655910122,0.05163960922259712
728.7269655910122,0.050892951465874914
728.8269655910123,0.05015534827512091
728.9269655910123,0.049426719265919974
729.0269655910123,0.04870698429234796
729.1269655910123,0.04799606345455618
729.2269655910123,0.04729387710620282
729.3269655910124,0.04660034586173272
729.4269655910124,0.045915390603505614
729.5269655910124,0.04523893248877387
729.6269655910124,0.04457089295651036
729.7269655910125,0.04391119373408739
729.8269655910125,0.043259756843807395
729.9269655910125,0.042616504609286274
730.0269655910125,0.04198135966169023
730.1269655910125,0.04135424494582687
730.2269655910126,0.04073508372609182
730.3269655910126,0.04012379959227137
730.4269655910126,0.039520316465202314
730.5269655910126,0.038924558602289994
730.6269655910127,0.03833645060288533
730.7269655910127,0.0377559174135222
730.8269655910127,0.03718288433301558
730.9269655910127,0.03661727701742242
731.0269655910128,0.03605902148486521
731.1269655910128,0.0355080441202203
731.2269655910128,0.0349642716796715
731.3269655910128,0.03442763129513011
731.4269655910128,0.033898050478522825
731.5269655910129,0.03337545712594824
731.6269655910129,0.03285977952170357
731.7269655910129,0.03235094634218214
731.8269655910129,0.03184888665964353
731.926965591013,0.03135352994585701
732.026965591013,0.030864806075619762
732.126965591013,0.030382645330151038
732.226965591013,0.029906978400363382
732.326965591013,0.02943773639001235
732.4269655910131,0.02897485081872584
732.5269655910131,0.028518253624914256
732.6269655910131,0.02806787716856296
732.7269655910131,0.027623654233908012
732.8269655910132,0.027185518031996845
732.9269655910132,0.0267534022031346
733.0269655910132,0.026327240819218323
733.1269655910132,0.025906968385959156
733.2269655910133,0.02549251984499499
733.3269655910133,0.02508383057589406
733.4269655910133,0.024680836398051152
733.5269655910133,0.02428347357247782
733.6269655910133,0.023891678803487748
733.7269655910134,0.023505389240278667
733.8269655910134,0.02312454247841217
733.9269655910134,0.022749076561192853
734.0269655910134,0.022378929980947936
734.1269655910135,0.022014041680208846
734.2269655910135,0.02165435105279621
734.3269655910135,0.0212997979448092
734.4269655910135,0.020950322655521134
734.5269655910135,0.020605865938182328
734.6269655910136,0.020266369000731484
734.7269655910136,0.019931773506417345
734.8269655910136,0.019602021574331628
734.9269655910136,0.019277055779854547
735.0269655910137,0.018956819155014768
735.1269655910137,0.01864125518876442
735.2269655910137,0.018330307827171172
735.3269655910137,0.01802392147352822
735.4269655910138,0.017722040988383897
735.5269655910138,0.017424611689491963
735.6269655910138,0.01713157935168406
735.7269655910138,0.016842890206665708
735.8269655910138,0.016558490942736932
735.9269655910139,0.01627832870443912
736.0269655910139,0.016002351092129344
736.1269655910139,0.01573050616148322
736.2269655910139,0.015462742422928125
736.326965591014,0.01519900884100742
736.426965591014,0.014939254833677636
736.526965591014,0.014683430271539392
736.626965591014,0.014431485477003668
736.726965591014,0.014183371223394482
736.8269655910141,0.013939038733989448
736.9269655910141,0.013698439680999295
737.0269655910141,0.013461526184487718
737.1269655910141,0.013228250811232823
737.2269655910142,0.01299856657353133
737.3269655910142,0.012772426927946792
737.4269655910142,0.012549785774003158
737.5269655910142,0.012330597452824691
737.6269655910143,0.012114816745723716
737.7269655910143,0.011902398872737254
737.8269655910143,0.011693299491113557
737.9269655910143,0.011487474693750227
738.0269655910143,0.011284881007584544
738.1269655910144,0.011085475391937563
738.2269655910144,0.010889215236812858
738.3269655910144,0.010696058361151388
738.4269655910144,0.010505963011043238
738.5269655910145,0.010318887857897668
738.6269655910145,0.010134791996572474
738.7269655910145,0.009953634943463727
738.8269655910145,0.009775376634557102
738.9269655910146,0.009599977423441762
739.0269655910146,0.009427398079287967
739.1269655910146,0.009257599784789463
739.2269655910146,0.00909054413407163
739.3269655910146,0.008926193130566583
739.4269655910147,0.008764509184856058
739.5269655910147,0.008605455112483309
739.6269655910147,0.008448994131734956
739.7269655910147,0.008295089861393672
739.8269655910148,0.008143706318462902
739.9269655910148,0.007994807915864472
740.0269655910148,0.007848359460109996
740.1269655910148,0.007704326148947271
740.2269655910148,0.0075626735689823124
740.3269655910149,0.007423367693278178
740.4269655910149,0.0072863748789314346
740.5269655910149,0.007151661864627144
740.6269655910149,0.007019195768173319
740.726965591015,0.00688894408401572
740.826965591015,0.006760874680733897
740.926965591015,0.006634955798519207
741.026965591015,0.00651115604663589
741.126965591015,0.006389444400865879
741.2269655910151,0.006269790200938151
741.3269655910151,0.006152163147943597
741.4269655910151,0.006036533301736031
741.5269655910151,0.0059228710783203135
741.6269655910152,0.005811147247228189
741.7269655910152,0.005701332928882743
741.8269655910152,0.0055933995919522275
741.9269655910152,0.005487319050693865
742.0269655910153,0.0053830634622885915
742.1269655910153,0.005280605324167245
742.2269655910153,0.00517991747132906
742.3269655910153,0.005080973073653096
742.4269655910153,0.004983745633203297
742.5269655910154,0.0048882089815279
742.6269655910154,0.00479433727695381
742.7269655910154,0.004702105001876598
742.8269655910154,0.00461148696004682
742.9269655910155,0.004522458273853197
743.0269655910155,0.004434994381603398
743.1269655910155,0.004349071034802874
743.2269655910155,0.004264664295432525
743.3269655910156,0.004181750533225625
743.4269655910156,0.004100306422944647
743.5269655910156,0.004020308941658614
743.6269655910156,0.00394173536602139
743.7269655910156,0.0038645632695515682
743.8269655910157,0.003788770519914445
743.9269655910157,0.003714335276206586
744.0269655910157,0.003641235986243529
744.1269655910157,0.0035694513838510807
744.2269655910158,0.0034989604861607355
744.3269655910158,0.0034297425909096593
744.4269655910158,0.0033617772737457243
744.5269655910158,0.0032950443855380538
744.6269655910158,0.0032295240496934973
744.7269655910159,0.0031651966594795217
744.8269655910159,0.0031020428753538655
744.9269655910159,0.0030400436223014513
745.0269655910159,0.0029791800871789326
745.126965591016,0.002919433716067239
745.226965591016,0.0028607862116325445
745.326965591016,0.00280321953049603
745.426965591016,0.0027467158806127904
745.526965591016,0.0026912577186602566
745.6269655910161,0.002636827747436456
745.7269655910161,0.0025834089132685035
745.8269655910161,0.0025309844034315707
745.9269655910161,0.0024795376435787332
746.0269655910162,0.002429052295181958
746.1269655910162,0.002379512252984534
746.2269655910162,0.002330901642465271
746.3269655910162,0.0022832048173146986
746.4269655910163,0.0022364063569236116
746.5269655910163,0.002190491063884136
746.6269655910163,0.0021454439615036748
746.7269655910163,0.0021012502913318946
746.8269655910163,0.00205789551070105
746.9269655910164,0.0020153652902798564
747.0269655910164,0.0019736455116411466
