445.9650595056366,2.7931690300608047
446.0650595056366,2.7939003149744708
446.16505950563663,2.794632921846895
446.26505950563666,2.7953668477299787
446.3650595056367,2.7961020897483317
446.4650595056367,2.7968386451022313
446.5650595056367,2.7975765110706425
446.66505950563675,2.798315685014286
446.76505950563677,2.799056164378763
446.8650595056368,2.799797946697738
446.9650595056368,2.800541029596172
447.06505950563684,2.8012854107936156
447.16505950563686,2.8020310881075563
447.2650595056369,2.802778059456824
447.3650595056369,2.803526322865054
447.46505950563693,2.804275876464205
447.56505950563695,2.8050267184981377
447.665059505637,2.805778847326252
447.765059505637,2.8065322614271797
447.865059505637,2.8072869594025396
447.96505950563704,2.8080429399807496
448.06505950563707,2.808800202020898
448.1650595056371,2.8095587445166785
448.2650595056371,2.8103185666003787
448.36505950563713,2.811079667546934
448.46505950563716,2.8118420467780387
448.5650595056372,2.8126057038663204
448.6650595056372,2.8133706385395714
448.7650595056372,2.8141368506850437
448.86505950563725,2.814904340353802
448.96505950563727,2.8156731077651407
449.0650595056373,2.816443153311058
449.1650595056373,2.8172144775607944
449.26505950563734,2.817987081265426
449.36505950563736,2.818760965362526
449.4650595056374,2.8195361309808806
449.5650595056374,2.820312579445265
449.66505950563743,2.8210903122812843
449.76505950563745,2.821869331220269
449.8650595056375,2.822649638204231
449.9650595056375,2.823431235390881
450.0650595056375,2.8242141251587
450.16505950563754,2.824998310112075
450.26505950563757,2.825783793086486
450.3650595056376,2.8265705771537544
450.4650595056376,2.827358665627347
450.56505950563763,2.828148062067734
450.66505950563766,2.8289387702878064
450.7650595056377,2.829730794358343
450.8650595056377,2.8305241386135367
450.9650595056377,2.831318807656567
451.06505950563775,2.8321148063652317
451.16505950563777,2.832912139897625
451.2650595056378,2.8337108136978664
451.3650595056378,2.8345108335018825
451.46505950563784,2.8353122053432296
451.56505950563786,2.8361149355589714
451.6650595056379,2.8369190307955954
451.7650595056379,2.837724498014978
451.86505950563793,2.8385313445003892
451.96505950563795,2.8393395778625434
452.065059505638,2.8401492060456857
452.165059505638,2.840960237333717
452.265059505638,2.8417726803563603
452.36505950563804,2.8425865440953575
452.46505950563807,2.843401837890701
452.5650595056381,2.8442185714468966
452.6650595056381,2.8450367548392586
452.76505950563813,2.845856398520228
452.86505950563816,2.84667751332572
452.9650595056382,2.847500110481493
453.0650595056382,2.8483242016095396
453.1650595056382,2.8491497987344965
453.26505950563825,2.8499769142900693
453.36505950563827,2.8508055611254752
453.4650595056383,2.851635752511893
453.5650595056383,2.8524675021489254
453.66505950563834,2.8533008241710647
453.76505950563836,2.8541357331541652
453.8650595056384,2.854972244121913
453.9650595056384,2.8558103725522956
454.06505950563843,2.856650134384067
454.16505950563845,2.857491546023201
454.2650595056385,2.858334624349336
454.3650595056385,2.8591793867222037
454.4650595056385,2.8600258509880407
454.56505950563854,2.860874035485976
454.66505950563857,2.8617239590543946
454.7650595056386,2.8625756410372762
454.8650595056386,2.863429101290492
454.96505950563864,2.8642843601880754
455.06505950563866,2.8651414386284455
455.1650595056387,2.86600035804059
455.2650595056387,2.8668611403901982
455.3650595056387,2.867723808185743
455.46505950563875,2.868588384484504
455.56505950563877,2.869454892898535
455.6650595056388,2.8703233576005562
455.7650595056388,2.871193803329791
455.86505950563884,2.872066255397714
455.96505950563886,2.8729407396937297
456.0650595056389,2.8738172826907658
456.1650595056389,2.8746959114507726
456.26505950563893,2.8755766536301386
456.36505950563895,2.8764595374849975
456.465059505639,2.877344591876441
456.565059505639,2.8782318462756162
456.665059505639,2.879121330768714
456.76505950563904,2.8800130760618354
456.86505950563907,2.8809071134857365
456.9650595056391,2.8818034750004418
457.0650595056391,2.882702193199722
457.16505950563914,2.8836033013154334
457.26505950563916,2.8845068332217085
457.3650595056392,2.8854128234389966
457.4650595056392,2.886321307137945
457.5650595056392,2.887232320143119
457.66505950563925,2.88814589893655
457.7650595056393,2.889062080661108
457.8650595056393,2.889980903123698
457.9650595056393,2.8909024047982608
458.06505950563934,2.891826624828589
458.16505950563936,2.892753603030937
458.2650595056394,2.8936833798964297
458.3650595056394,2.894615996593256
458.46505950563943,2.8955514949686476
458.56505950563945,2.8964899175506305
458.6650595056395,2.89743130754955
458.7650595056395,2.8983757088593523
458.8650595056395,2.8993231660586316
458.96505950563954,2.900273724411419
459.06505950563957,2.901227429867722
459.1650595056396,2.902184329063798
459.2650595056396,2.9031444693221617
459.36505950563964,2.904107898651315
459.46505950563966,2.9050746657451976
459.5650595056397,2.906044819982348
459.6650595056397,2.9070184114247732
459.7650595056397,2.907995490816514
459.86505950563975,2.908976109581908
459.9650595056398,2.909960319823534
460.0650595056398,2.910948174319844
460.1650595056398,2.911939726522463
460.26505950563984,2.9129350305531605
460.36505950563986,2.9139341412004844
460.4650595056399,2.91493711391605
460.5650595056399,2.915944004810477
460.66505950563993,2.9169548706489747
460.76505950563995,2.917969768846561
460.86505950564,2.918988757462918
460.96505950564,2.9200118951968683
461.06505950564,2.9210392413804795
461.16505950564004,2.9220708559727764
461.26505950564007,2.9231067995530684
461.3650595056401,2.924147133313878
461.4650595056401,2.925191919053472
461.56505950564014,2.9262412191679803
461.66505950564016,2.927295096643112
461.7650595056402,2.9283536150454488
461.8650595056402,2.929416838513318
461.9650595056402,2.930484831747246
462.06505950564025,2.9315576599999753
462.1650595056403,2.93263538906605
462.2650595056403,2.9337180852709626
462.3650595056403,2.934805815459858
462.46505950564034,2.9358986469857937
462.56505950564036,2.936996647697545
462.6650595056404,2.9380998859269614
462.7650595056404,2.939208430475865
462.86505950564043,2.9403223506024876
462.96505950564045,2.941441716007448
463.0650595056405,2.942566596819262
463.1650595056405,2.9436970635793833
463.2650595056405,2.94483318722678
463.36505950564055,2.945975039082033
463.46505950564057,2.9471226908309647
463.5650595056406,2.9482762145077905
463.6650595056406,2.949435682477796
463.76505950564064,2.950601167419535
463.86505950564066,2.9517727423065514
463.9650595056407,2.9529504803886195
464.0650595056407,2.954134455172511
464.1650595056407,2.955324740402278
464.26505950564075,2.9565214100390613
464.3650595056408,2.957724538240421
464.4650595056408,2.9589341993391907
464.5650595056408,2.9601504678218546
464.66505950564084,2.9613734183064575
464.76505950564086,2.962603125520035
464.8650595056409,2.963839664275582
464.9650595056409,2.965083109448552
465.06505950564093,2.966333535952891
465.16505950564095,2.9675910187166172
465.265059505641,2.968855632656938
465.365059505641,2.970127452654918
465.465059505641,2.971406553529701
465.56505950564105,2.972693010012283
465.66505950564107,2.973986896718854
465.7650595056411,2.975288288123701
465.8650595056411,2.97659725853169
465.96505950564114,2.9779138820503244
466.06505950564116,2.979238232561388
466.1650595056412,2.9805703836921866
466.2650595056412,2.9819104087863844
466.3650595056412,2.983258380874454
466.46505950564125,2.984614372643738
466.5650595056413,2.9859784564081413
466.6650595056413,2.987350704077453
466.7650595056413,2.9887311871263145
466.86505950564134,2.99011997656284
466.96505950564136,2.991517142896903
467.0650595056414,2.9929227561080936
467.1650595056414,2.994336885613363
467.26505950564143,2.9957596002343676
467.36505950564145,2.997190968164514
467.4650595056415,2.9986310569357366
467.5650595056415,3.000079933384997
467.6650595056415,3.001537663620538
467.76505950564155,3.003004312987895
467.86505950564157,3.004479946035682
467.9650595056416,3.005964626481168
468.0650595056416,3.007458417175651
468.16505950564164,3.0089613800696573
468.26505950564166,3.010473576177971
468.3650595056417,3.0119950655445127
468.4650595056417,3.0135259072070872
468.5650595056417,3.0150661591620116
468.66505950564175,3.016615878328645
468.7650595056418,3.0181751205138343
468.8650595056418,3.0197439403762956
468.9650595056418,3.0213223913909495
469.06505950564184,3.022910525813232
469.16505950564186,3.0245083946433873
469.2650595056419,3.026116047590783
469.3650595056419,3.027733533038245
469.46505950564193,3.0293608980064506
469.56505950564195,3.030998188118387
469.665059505642,3.032645447563903
469.765059505642,3.034302719064374
469.865059505642,3.035970043837499
469.96505950564205,3.037647461562252
470.06505950564207,3.039335010344017
470.1650595056421,3.0410327266799126
470.2650595056421,3.0427406454243457
470.36505950564214,3.0444587997548096
470.46505950564216,3.0461872211379464
470.5650595056422,3.0479259392959026
470.6650595056422,3.049674982173001
470.7650595056422,3.0514343759027485
470.86505950564225,3.0532041447752056
470.9650595056423,3.0549843112047457
471.0650595056423,3.056774895698224
471.1650595056423,3.058575916823579
471.26505950564234,3.0603873911788986
471.36505950564236,3.062209333361968
471.4650595056424,3.0640417559403295
471.5650595056424,3.0658846694218744
471.66505950564243,3.0677380822260014
471.76505950564245,3.0696020006553515
471.8650595056425,3.0714764288681624
471.9650595056425,3.0733613688512555
472.0650595056425,3.0752568203936828
472.16505950564255,3.0771627810610673
472.26505950564257,3.07907924617065
472.3650595056426,3.081006208767081
472.4650595056426,3.0829436595989685
472.56505950564264,3.0848915870962266
472.66505950564266,3.086849977348227
472.7650595056427,3.0888188140828023
472.8650595056427,3.090798078646107
472.9650595056427,3.0927877499833722
473.06505950564275,3.0947878046205806
473.1650595056428,3.096798216647075
473.2650595056428,3.0988189576991396
473.3650595056428,3.100849996944567
473.46505950564284,3.1028913010682446
473.56505950564286,3.104942834258778
473.6650595056429,3.1070045581961763
473.7650595056429,3.109076432040629
473.86505950564293,3.1111584124223888
473.96505950564296,3.1132504534327934
474.065059505643,3.1153525066164387
474.165059505643,3.1174645209645364
474.265059505643,3.11958644290947
474.36505950564305,3.1217182163205788
474.46505950564307,3.123859782501182
474.5650595056431,3.1260110801868737
474.6650595056431,3.128172045545104
474.76505950564314,3.130342612176066
474.86505950564316,3.1325227111149165
474.9650595056432,3.1347122708353354
475.0650595056432,3.1369112172544584
475.1650595056432,3.13911947373919
475.26505950564325,3.1413369611139244
475.3650595056433,3.1435635976696785
475.4650595056433,3.145799299174671
475.5650595056433,3.148043978886349
475.66505950564334,3.1502975475648833
475.76505950564336,3.152559913488155
475.8650595056434,3.1548309824682335
475.9650595056434,3.157110657869371
476.06505950564343,3.1593988406275213
476.16505950564346,3.1616954292714023
476.2650595056435,3.164000319945103
476.3650595056435,3.1663134064322564
476.4650595056435,3.1686345801817857
476.56505950564355,3.170963730335229
476.66505950564357,3.173300743755662
476.7650595056436,3.175645505058217
476.8650595056436,3.177997896642207
476.96505950564364,3.1803577987248746
477.06505950564366,3.18272508937675
477.1650595056437,3.1850996445586435
477.2650595056437,3.187481338160265
477.3650595056437,3.189870042040482
477.46505950564375,3.19226562606921
477.5650595056438,3.1946679581709465
477.6650595056438,3.197076904369946
477.7650595056438,3.1994923288370343
477.86505950564384,3.2019140939380684
477.96505950564386,3.2043420602840285
478.0650595056439,3.2067760867827584
478.1650595056439,3.2092160306923323
478.26505950564393,3.211661747676057
478.36505950564396,3.2141130918590997
478.465059505644,3.2165699158867374
478.565059505644,3.2190320709842197
478.665059505644,3.221499407018241
478.76505950564405,3.2239717725600108
478.86505950564407,3.226449014949914
478.9650595056441,3.2289309803637507
479.0650595056441,3.231417513880551
479.16505950564414,3.2339084595519405
479.26505950564416,3.236403660473055
479.3650595056442,3.2389029588549882
479.4650595056442,3.241406196098757
479.56505950564423,3.243913212870766
479.66505950564425,3.2464238491797657
479.7650595056443,3.248937944455275
479.8650595056443,3.2514553376274598
479.9650595056443,3.2539758672084433
480.06505950564434,3.2564993713750354
480.16505950564436,3.259025688052851
480.2650595056444,3.2615546550018095
480.3650595056444,3.2640861099029794
480.46505950564443,3.2666198904467607
480.56505950564446,3.2691558344223672
480.6650595056445,3.2716937798085963
480.7650595056445,3.274233564865857
480.8650595056445,3.2767750282294266
480.96505950564455,3.279318009003921
481.06505950564457,3.28186234685894
481.1650595056446,3.284407882125866
481.2650595056446,3.286954455895792
481.36505950564464,3.2895019101185374
481.46505950564466,3.2920500877027408
481.5650595056447,3.2945988326169764
481.6650595056447,3.2971479899918914
481.76505950564473,3.2996974062233067
481.86505950564475,3.302246929076266
481.9650595056448,3.3047964077899987
482.0650595056448,3.3073456931837555
482.1650595056448,3.3098946377634952
482.26505950564484,3.3124430958293836
482.36505950564487,3.314990923584065
482.4650595056449,3.3175379792416884
482.5650595056449,3.320084123137632
482.66505950564493,3.3226292178389114
482.76505950564496,3.3251731282552206
482.865059505645,3.3277157217505833
482.965059505645,3.3302568682555655
483.065059505645,3.3327964403800263
483.16505950564505,3.3353343135263613
483.26505950564507,3.3378703660032056
483.3650595056451,3.340404479139562
483.4650595056451,3.342936537399314
483.56505950564514,3.345466428496089
483.66505950564516,3.3479940435084363
483.7650595056452,3.350519276995281
483.8650595056452,3.353042027111617
483.96505950564523,3.3555621957244037
484.06505950564525,3.358079688528634
484.1650595056453,3.3605944151635256
484.2650595056453,3.363106289328815
484.3650595056453,3.365615228901102
484.46505950564534,3.3681211560502273
484.56505950564537,3.3706239973556267
484.6650595056454,3.373123683922648
484.7650595056454,3.375620151498778
484.86505950564543,3.378113340589757
484.96505950564546,3.3806031965755423
485.0650595056455,3.3830896698260853
485.1650595056455,3.3855727158168936
485.2650595056455,3.3880522952443455
485.36505950564555,3.3905283741407146
485.46505950564557,3.393000923988893
485.5650595056456,3.395469921836761
485.6650595056456,3.397935350411186
485.76505950564564,3.4003971982316212
485.86505950564566,3.402855459723268
485.9650595056457,3.40531013532978
486.0650595056457,3.4077612316254813
486.16505950564573,3.410208761427069
486.26505950564575,3.412652743904781
486.3650595056458,3.4150932046929947
486.4650595056458,3.4175301760002466
486.5650595056458,3.419963696718634
486.66505950564584,3.4223938125325954
486.76505950564587,3.4248205760270314
486.8650595056459,3.427244046794759
486.9650595056459,3.4296642915432782
487.06505950564593,3.4320813842008255
487.16505950564596,3.434495406021714
487.265059505646,3.436906445690931
487.365059505646,3.439314599427985
487.465059505646,3.4417199710899906
487.56505950564605,3.4441226722739824
487.66505950564607,3.4465228224184368
487.7650595056461,3.4489205489040122
487.8650595056461,3.4513159871534813
487.96505950564614,3.453709280730865
488.06505950564616,3.4561005814397534
488.1650595056462,3.4584900494208166
488.2650595056462,3.460877853248504
488.36505950564623,3.46326417002693
488.46505950564625,3.4656491854849514
488.5650595056463,3.4680330940704343
488.6650595056463,3.4704160990437236
488.7650595056463,3.472798412570313
488.86505950564634,3.4751802558127314
488.96505950564637,3.4775618590216526
489.0650595056464,3.4799434616262364
489.1650595056464,3.4823253123237197
489.26505950564643,3.4847076691682743
489.36505950564646,3.4870907996591383
489.4650595056465,3.4894749808280485
489.5650595056465,3.4918604993259956
489.6650595056465,3.494247651509315
489.76505950564655,3.4966367435251433
489.86505950564657,3.4990280913962684
489.9650595056466,3.5014220211053964
490.0650595056466,3.5038188686788634
490.16505950564664,3.50621898026983
490.26505950564666,3.508622712240986
490.3650595056467,3.5110304312468026
490.4650595056467,3.5134425143153676
490.56505950564673,3.515859348929846
490.66505950564675,3.5182813331095995
490.7650595056468,3.5207088754910156
490.8650595056468,3.5231423954080894
490.9650595056468,3.525582322972795
491.06505950564684,3.5280290991553125
491.16505950564687,3.5304831758641404
491.2650595056469,3.532945016026165
491.3650595056469,3.5354150936667272
491.46505950564693,3.537893893989748
491.56505950564696,3.5403819134579737
491.665059505647,3.5428796598733943
491.765059505647,3.5453876524579013
491.865059505647,3.5479064219342478
491.96505950564705,3.550436510607379
492.06505950564707,3.5529784724461924
492.1650595056471,3.5555328731658102
492.2650595056471,3.558100290310425
492.36505950564714,3.560681313336793
492.46505950564716,3.56327654369846
492.5650595056472,3.5658865949307796
492.6650595056472,3.568512092736821
492.76505950564723,3.5711536750742363
492.86505950564725,3.573811992243169
492.9650595056473,3.5764877069752936
493.0650595056473,3.579181494524074
493.1650595056473,3.5818940427563146
493.26505950564734,3.584626052245115
493.36505950564737,3.587378236364299
493.4650595056474,3.5901513213844236
493.5650595056474,3.5929460465704612
493.66505950564743,3.5957631642812418
493.76505950564746,3.5986034400707676
493.8650595056475,3.6014676527914835
493.9650595056475,3.604356594699621
494.0650595056475,3.6072710715626988
494.16505950564755,3.610211902769301
494.26505950564757,3.6131799214412283
494.3650595056476,3.6161759745481277
494.4650595056476,3.619200923024713
494.56505950564764,3.6222556418906837
494.66505950564766,3.6253410203734506
494.7650595056477,3.6284579620337745
494.8650595056477,3.6316073848944423
494.96505950564773,3.6347902215720787
495.06505950564775,3.6380074194122205
495.1650595056478,3.641259940627754
495.2650595056478,3.6445487624408432
495.3650595056478,3.6478748772284604
495.46505950564784,3.6512392926716264
495.56505950564787,3.6546430319084937
495.6650595056479,3.6580871336913754
495.7650595056479,3.661572652547842
495.86505950564793,3.6651006589460025
495.96505950564796,3.668672239464091
496.065059505648,3.6722884969644682
496.165059505648,3.6759505507721553
496.265059505648,3.6796595368580247
496.36505950564805,3.683416608026751
496.46505950564807,3.6872229341096436
496.5650595056481,3.6910797021624733
496.6650595056481,3.6949881166684015
496.76505950564814,3.6989493997461267
496.86505950564816,3.7029647913633545
496.9650595056482,3.7070355495556973
497.0650595056482,3.7111629506511106
497.16505950564823,3.71534828949997
497.26505950564825,3.7195928797108784
497.3650595056483,3.723898053892315
497.4650595056483,3.7282651639002062
497.5650595056483,3.7326955810915137
497.66505950564834,3.737190696583926
497.76505950564837,3.7417519215217316
497.8650595056484,3.746380687347952
497.9650595056484,3.751078446082805
498.06505950564843,3.7558466706085616
498.16505950564846,3.76068685496086
498.2650595056485,3.765600514626525
498.3650595056485,3.770589186847941
498.4650595056485,3.7756544309340114
498.56505950564855,3.780797828577742
498.66505950564857,3.7860209841804595
498.7650595056486,3.7913255251826783
498.8650595056486,3.7967131024016187
498.96505950564864,3.8021853903753637
499.06505950564866,3.8077440877136244
499.1650595056487,3.813390917455091
499.2650595056487,3.819127627431304
499.36505950564873,3.824955990636998
499.46505950564875,3.830877805606815
499.5650595056488,3.8368948967983187
499.6650595056488,3.843009114981166
499.7650595056488,3.8492223376323196
499.86505950564884,3.855536469337143
499.96505950564887,3.8619534421961927
500.0650595056489,3.868475216237519
500.1650595056489,3.875103779834245
500.26505950564894,3.881841150127168
500.36505950564896,3.8886893734521157
500.465059505649,3.8956505257717344
500.565059505649,3.9027267131113805
500.665059505649,3.9099200719987275
500.76505950564905,3.9172327699066924
500.86505950564907,3.9246670056992206
500.9650595056491,3.9322250100794447
501.0650595056491,3.9399090460396873
501.16505950564914,3.9477214093127246
501.26505950564916,3.95566442882369
501.3650595056492,3.9637404671419354
501.4650595056492,3.9719519209321237
501.56505950564923,3.9803012214037543
501.66505950564925,3.9887908347582863
501.7650595056493,3.9974232626329247
501.8650595056493,4.006201042540105
501.9650595056493,4.015126748301606
502.06505950564934,4.024202990476169
502.16505950564937,4.033432416779403
502.2650595056494,4.04281771249468
502.3650595056494,4.052361600873628
502.46505950564944,4.0620668435247484
502.56505950564946,4.071936240788548
502.6650595056495,4.081972632097524
502.7650595056495,4.092178896319165
502.8650595056495,4.102557952080074
502.96505950564955,4.1131127580691444
503.0650595056496,4.123846313317611
503.1650595056496,4.13476165745367
503.2650595056496,4.145861870929185
503.36505950564964,4.157150075215869
503.46505950564966,4.168629432968155
503.5650595056497,4.180303148149811
503.6650595056497,4.192174466121157
503.76505950564973,4.204246673683562
503.86505950564975,4.216523099077724
503.9650595056498,4.229007111931975
504.0650595056498,4.241702123156693
504.1650595056498,4.254611584780637
504.26505950564984,4.267738989724796
504.36505950564987,4.281087871509081
504.4650595056499,4.2946618038869575
504.5650595056499,4.308464400402788
504.66505950564994,4.322499313866427
504.76505950564996,4.336770235739265
504.86505950565,4.351280895425637
504.96505950565,4.3660350594631545
505.06505950565,4.3810365306052255
505.16505950565005,4.396289146788626
505.2650595056501,4.411796779978649
505.3650595056501,4.427563334883973
505.4650595056501,4.443592747533
505.56505950565014,4.4598889837029745
505.66505950565016,4.476456037192837
505.7650595056502,4.4932979279302465
505.8650595056502,4.510418699902835
505.96505950565023,4.5278224189032334
506.06505950565025,4.5455131700769815
506.1650595056503,4.563495055261896
506.2650595056503,4.5817721901070225
506.3650595056503,4.600348700958748
506.46505950565034,4.619228721501162
506.56505950565037,4.638416389137186
506.6650595056504,4.657915841096523
506.7650595056504,4.677731210255855
506.86505950565044,4.697866620656261
506.96505950565046,4.7183261827022225
507.0650595056505,4.739113988026077
507.1650595056505,4.760234104001235
507.2650595056505,4.781690567886956
507.36505950565055,4.8034873805869625
507.4650595056506,4.825628500003672
507.5650595056506,4.848117833969367
507.6650595056506,4.870959232735163
507.76505950565064,4.894156480998207
507.86505950565066,4.917713289447216
507.9650595056507,4.941633285806061
508.0650595056507,4.965920005354887
508.16505950565073,4.9905768809080335
508.26505950565075,5.015607232227843
508.3650595056508,5.041014254853453
508.4650595056508,5.06680100832362
508.5650595056508,5.092970403772851
508.66505950565085,5.119525190880296
508.76505950565087,5.146467944151276
508.8650595056509,5.173801048511859
508.9650595056509,5.201526684197583
509.06505950565094,5.229646810918271
509.16505950565096,5.258163151281974
509.265059505651,5.287077173462364
509.365059505651,5.31639007309535
509.465059505651,5.34610275439254
509.56505950565105,5.376215810461121
509.6650595056511,5.406729502822113
509.7650595056511,5.437643740121594
509.8650595056511,5.468958056032451
509.96505950565114,5.5006715863476074
510.06505950565116,5.532783045269383
510.1650595056512,5.565290700903814
510.2650595056512,5.598192349973339
510.36505950565123,5.631485291766277
510.46505950565125,5.665166301347076
510.5650595056513,5.699231602057306
510.6650595056513,5.733676837343878
510.7650595056513,5.768497041958078
510.86505950565135,5.803686612576568
510.96505950565137,5.839239277903683
511.0650595056514,5.875148068323059
511.1650595056514,5.911405285175901
511.26505950565144,5.948002469753048
511.36505950565146,5.98493037209831
511.4650595056515,6.022178919731502
511.5650595056515,6.059737186410923
511.6650595056515,6.097593361066922
511.76505950565155,6.1357347170503935
511.8650595056516,6.174147581852683
511.9650595056516,6.212817307466254
512.0650595056516,6.251728241568505
512.1650595056517,6.290863699724556
512.2650595056516,6.330205938817115
512.3650595056517,6.3697361319266985
512.4650595056517,6.40943434489456
512.5650595056518,6.449279514817906
512.6650595056517,6.489249430733184
512.7650595056518,6.5293207167597895
512.8650595056517,6.569468817980752
512.9650595056519,6.609667989351372
513.0650595056518,6.649891287928167
513.1650595056519,6.690110568721861
513.2650595056518,6.730296484475817
513.365059505652,6.770418489678477
513.4650595056519,6.8104448491113825
513.565059505652,6.850342651236222
513.6650595056519,6.890077826711629
513.7650595056521,6.929615172326013
513.865059505652,6.96891838061323
513.9650595056521,7.007950075406226
514.065059505652,7.04667185355666
514.1650595056522,7.08504433302884
514.2650595056521,7.123027207540989
514.3650595056522,7.160579307898594
514.4650595056521,7.197658670120829
514.5650595056522,7.234222610424226
514.6650595056522,7.270227807075621
514.7650595056523,7.305630389081424
514.8650595056522,7.34038603162063
514.9650595056523,7.374450058076729
515.0650595056522,7.407777548457942
515.1650595056524,7.440323453937356
515.2650595056523,7.472042717174755
515.3650595056524,7.502890398020812
515.4650595056523,7.5328218041331425
515.5650595056525,7.56179262597227
515.6650595056524,7.589759075576353
515.7650595056525,7.616678028455167
515.8650595056524,7.642507167880199
515.9650595056526,7.667205130796466
516.0650595056525,7.690731654527394
516.1650595056526,7.713047723403781
516.2650595056525,7.734115714407023
516.3650595056527,7.753899540890938
516.4650595056526,7.772364793422604
516.5650595056527,7.789478876774515
516.6650595056526,7.805211142096102
516.7650595056527,7.8195330133045235
516.8650595056527,7.832418106751938
516.9650595056528,7.843842343259459
517.0650595056527,7.8537840516472635
517.1650595056528,7.862224062944366
517.2650595056527,7.8691457945219945
517.3650595056529,7.874535323467782
517.4650595056528,7.878381448597354
517.5650595056529,7.880675740589393
517.6650595056528,7.881412579824714
517.765059505653,7.879689899252886
517.8650595056529,7.870943535702947
517.965059505653,7.854603278542102
518.0650595056529,7.830806734076042
518.1650595056531,7.799755095004091
518.265059505653,7.7617088037884905
518.3650595056531,7.716982066796639
518.465059505653,7.665936430193678
518.5650595056532,7.608973654827322
518.6650595056531,7.546528140052912
518.7650595056532,7.479059145818548
518.8650595056531,7.40704304961381
518.9650595056532,7.330965852029266
519.0650595056532,7.251316114191546
519.1650595056533,7.168578474896043
519.2650595056532,7.083227857565369
519.3650595056533,6.995724439596655
519.4650595056532,6.90650942129383
519.5650595056534,6.816001599902627
519.6650595056533,6.724594727351544
519.7650595056534,6.632655608638846
519.8650595056533,6.5405228815579
519.9650595056535,6.448506407337421
520.0650595056534,6.35688719536091
520.1650595056535,6.265917782725417
520.2650595056534,6.175822990334241
520.3650595056536,6.086800980700753
520.4650595056535,5.999024548022513
520.5650595056536,5.9126425776808
520.6650595056535,5.827781619640012
520.7650595056537,5.744547527766772
520.8650595056536,5.663027124563278
520.9650595056537,5.583289857905378
521.0650595056536,5.505389422965335
521.1650595056537,5.429365328423945
521.2650595056537,5.355244391329383
521.3650595056538,5.283042149481976
521.4650595056537,5.212764184079786
521.5650595056538,5.144407348545865
521.6650595056537,5.077960902072748
521.7650595056539,5.013407548483403
521.8650595056538,4.950724382627143
521.9650595056539,4.889883747728472
522.0650595056538,4.830854007987169
522.165059505654,4.773600241307996
522.2650595056539,4.718084857406407
522.365059505654,4.66426814670203
522.4650595056539,4.612108765448578
522.5650595056541,4.561564162457068
522.665059505654,4.51259095260978
522.7650595056541,4.465145242126976
522.865059505654,4.419182910286938
522.9650595056542,4.374659851998039
523.0650595056541,4.331532185320382
523.1650595056542,4.289756427715692
523.2650595056541,4.249289644501748
523.3650595056542,4.2100895726811745
523.4650595056542,4.172114723032777
523.5650595056543,4.1353244630750865
523.6650595056542,4.099679083261716
523.7650595056543,4.0651398485243595
523.8650595056542,4.03166903706444
523.9650595056544,3.999229968086676
524.0650595056543,3.967787019987775
524.1650595056544,3.937305640339934
524.2650595056543,3.9077523488607095
524.3650595056545,3.879094734418093
524.4650595056544,3.851301446999673
524.5650595056545,3.824342185458744
524.6650595056544,3.798187681754362
524.7650595056546,3.7728096823089063
524.8650595056545,3.7481809270310356
524.9650595056546,3.7242751264772123
525.0650595056545,3.7010669375658787
525.1650595056547,3.6785319381990456
525.2650595056546,3.65664660110036
525.3650595056547,3.6353882671318734
525.4650595056546,3.6147351183167977
525.5650595056547,3.5946661507586866
525.6650595056547,3.575161147621106
525.7650595056548,3.5562006523029615
525.8650595056547,3.5377659419250316
525.9650595056548,3.5198390012206557
526.0650595056547,3.5024024969091796
526.1650595056549,3.485439752613138
526.2650595056548,3.4689347243698894
526.3650595056549,3.4528719767746967
526.4650595056548,3.437236659785144
526.565059505655,3.4220144862060846
526.6650595056549,3.407191709869643
526.765059505655,3.3927551045164663
526.8650595056549,3.3786919433815603
526.9650595056551,3.3649899794815825
527.065059505655,3.3516374265989666
527.1650595056551,3.3386229409531993
527.265059505655,3.3259356035491257
527.3650595056552,3.313564903188176
527.4650595056551,3.3015007201287183
527.5650595056552,3.2897333103785997
527.6650595056551,3.278253290603798
527.7650595056552,3.267051623634596
527.8650595056552,3.2561196045519267
527.9650595056553,3.2454488473345466
528.0650595056552,3.2350312720491443
528.1650595056553,3.2248590925639027
528.2650595056552,3.2149248047676595
528.3650595056554,3.205221175275457
528.4650595056553,3.195741230603042
528.5650595056554,3.186478246791717
528.6650595056553,3.17742573946675
528.7650595056555,3.1685774543115657
528.8650595056554,3.1599273579417435
528.9650595056555,3.1514696291619875
529.0650595056554,3.1431986505910148
529.1650595056556,3.1351090006385394
529.2650595056555,3.1271954458202633
529.3650595056556,3.1194529333960936
529.4650595056555,3.111876584318483
529.5650595056557,3.1044616864771393
529.6650595056556,3.0972036882279834
529.7650595056557,3.0900981921936044
529.8650595056556,3.0831409493240374
529.9650595056557,3.076327853206084
530.0650595056557,3.0696549346109006
530.1650595056558,3.063118356269001
530.2650595056557,3.056714407863258
530.3650595056558,3.050439501229904
530.4650595056557,3.04429016575893
530.5650595056559,3.0382630439847023
530.6650595056558,3.032354887358927
530.7650595056559,3.0265625521975505
530.8650595056558,3.0208829957944188
530.965059505656,3.0153132726939798
531.0650595056559,3.009850531116501
531.165059505656,3.004492009528726
531.2650595056559,2.9992350333540303
531.3650595056561,2.994077011815609
531.465059505656,2.9890154349072824
531.5650595056561,2.984047870486006
531.665059505656,2.9791719614811676
531.7650595056562,2.974385423215257
531.8650595056561,2.9696860408314407
531.9650595056562,2.9650716668230923
532.0650595056561,2.9605402186612197
532.1650595056562,2.956089676515256
532.2650595056562,2.9517180810635373
532.3650595056563,2.9474235313893162
532.4650595056562,2.943204182958971
532.5650595056563,2.939058245678608
532.6650595056562,2.934983982026041
532.7650595056564,2.93097970525465
532.8650595056563,2.9270437776663867
532.9650595056564,2.923174608950728
533.0650595056563,2.919370654587091
533.1650595056565,2.9156304143077874
533.2650595056564,2.911952430619249
533.3650595056565,2.908335287378854
533.4650595056564,2.904777608425299
533.5650595056566,2.901278056260048
533.6650595056565,2.897835330778021
533.7650595056566,2.8944481680452343
533.8650595056565,2.891115339121734
533.9650595056567,2.8878356489277235
534.0650595056566,2.8846079351513727
534.1650595056567,2.8814310671963854
534.2650595056566,2.8783039451679526
534.3650595056567,2.875225498895321
534.4650595056567,2.8721946869897286
534.5650595056568,2.8692104959360814
534.6650595056567,2.8662719392172398
534.7650595056568,2.863378056469413
534.8650595056567,2.860527912667638
534.9650595056569,2.857720597339951
535.0650595056568,2.8549552238093363
535.1650595056569,2.8522309284621605
535.2650595056568,2.8495468700422557
535.365059505657,2.846902228969469
535.4650595056569,2.844296206681919
535.565059505657,2.8417280250008563
535.6650595056569,2.839196925517452
535.7650595056571,2.8367021690004823
535.865059505657,2.8342430348243086
535.9650595056571,2.8318188204161863
536.065059505657,2.8294288407223633
536.1650595056572,2.827072427692075
536.2650595056571,2.8247489297789423
536.3650595056572,2.82245771145895
536.4650595056571,2.820198152764552
536.5650595056572,2.8179696488341444
536.6650595056572,2.8157716094764993
536.7650595056573,2.813603458749442
536.8650595056572,2.8114646345524172
536.9650595056573,2.809354588232271
537.0650595056572,2.8072727842019236
537.1650595056574,2.805218699571315
537.2650595056573,2.8031918237903293
537.3650595056574,2.80119165830311
537.4650595056573,2.799217716213519
537.5650595056575,2.7972695219611787
537.6650595056574,2.795346611007878
537.7650595056575,2.79344852953382
537.8650595056574,2.7915748341435127
537.9650595056576,2.7897250915808196
538.0650595056575,2.787898878452987
538.1650595056576,2.786095780963196
538.2650595056575,2.7843153946514807
538.3650595056577,2.782557324143585
538.4650595056576,2.780821182907615
538.5650595056577,2.779106593018092
538.6650595056576,2.7774131849272767
538.7650595056577,2.775740597243388
538.8650595056577,2.7740884765156113
538.9650595056578,2.7724564770255373
539.0650595056577,2.7708442605849384
539.1650595056578,2.7692514963395443
539.2650595056577,2.7676778605787433
539.3650595056579,2.7661230365508804
539.4650595056578,2.7645867142840927
539.5650595056579,2.7630685904123786
539.6650595056578,2.7615683680068384
539.765059505658,2.76008575641181
539.8650595056579,2.7586204710858437
539.965059505658,2.757172233447248
540.0650595056579,2.7557407707241723
540.1650595056581,2.754325815808964
540.265059505658,2.7529271071167676
540.3650595056581,2.751544388448133
540.465059505658,2.750177408855596
540.5650595056582,2.7488259225140057
540.6650595056581,2.7474896885945856
540.7650595056582,2.7461684711425023
540.8650595056581,2.744862038957927
540.9650595056582,2.743570165480394
541.0650595056582,2.7422926286764358
541.1650595056583,2.7410292109303027
541.2650595056582,2.739779698937766
541.3650595056583,2.7385438836028064
541.4650595056582,2.737321559937207
541.5650595056584,2.7361125269628483
541.6650595056583,2.734916587616732
541.7650595056584,2.733733548658544
541.8650595056583,2.732563220580782
541.9650595056585,2.7314054175212665
542.0650595056584,2.7302599571780646
542.1650595056585,2.7291266607266524
542.2650595056584,2.728005352739349
542.3650595056586,2.726895861106853
542.4650595056585,2.7257980169619174
542.5650595056586,2.7247116546050036
542.6650595056585,2.723636611431945
542.7650595056587,2.7225727278634766
542.8650595056586,2.7215198472766557
542.9650595056587,2.720477815938037
543.0650595056586,2.7194464829386336
543.1650595056587,2.7184257001305276
543.2650595056587,2.7174153220651642
543.3650595056588,2.7164152059332003
543.4650595056587,2.7154252115059396
543.5650595056588,2.7144452010782345
543.6650595056587,2.7134750394128844
543.7650595056589,2.7125145936864135
543.8650595056588,2.7115637334362654
543.9650595056589,2.710622330509297
544.0650595056588,2.7096902590116088
544.165059505659,2.7087673952596014
544.2650595056589,2.7078536177322956
544.365059505659,2.7069488070248093
544.4650595056589,2.7060528458030277
544.5650595056591,2.7051656187593647
544.665059505659,2.7042870125696554
544.7650595056591,2.7034169158510757
544.865059505659,2.702555219121133
544.9650595056592,2.701701814757628
545.0650595056591,2.7008565969596288
545.1650595056592,2.700019461709362
545.2650595056591,2.6991903067350638
545.3650595056592,2.6983690314746953
545.4650595056592,2.697555537040569
545.5650595056593,2.6967497261847915
545.6650595056592,2.69595150326557
545.7650595056593,2.6951607742142896
545.8650595056592,2.694377446503407
545.9650595056594,2.6936014291150805
546.0650595056593,2.6928326325105663
546.1650595056594,2.692070968600315
546.2650595056593,2.691316350714795
546.3650595056595,2.6905686935759787
546.4650595056594,2.689827913269516
