445.9650595056366,0.06529446618470293
446.0650595056366,0.06547455054821325
446.16505950563663,0.06565537775128578
446.26505950563666,0.06583695186725089
446.3650595056367,0.06601927699727256
446.4650595056367,0.0662023572705757
446.5650595056367,0.06638619684467609
446.66505950563675,0.066570799905612
446.76505950563677,0.06675617066817835
446.8650595056368,0.06694231337616295
446.9650595056368,0.067129232302585
447.06505950563684,0.06731693174993603
447.16505950563686,0.06750541605042291
447.2650595056369,0.0676946895662134
447.3650595056369,0.06788475668968394
447.46505950563693,0.06807562184366973
447.56505950563695,0.06826728948171762
447.665059505637,0.06845976408834085
447.765059505637,0.0686530501792768
447.865059505637,0.06884715230174684
447.96505950563704,0.06904207503471885
448.06505950563707,0.06923782298917239
448.1650595056371,0.06943440080836623
448.2650595056371,0.06963181316810864
448.36505950563713,0.06983006477703019
448.46505950563716,0.0700291603768593
448.5650595056372,0.07022910474270057
448.6650595056372,0.07042990268331545
448.7650595056372,0.07063155904140622
448.86505950563725,0.07083407869390214
448.96505950563727,0.07103746655224898
449.0650595056373,0.071241727562701
449.1650595056373,0.07144686670661593
449.26505950563734,0.07165288900075291
449.36505950563736,0.07185979949757322
449.4650595056374,0.07206760328554422
449.5650595056374,0.07227630548944605
449.66505950563743,0.07248591127068145
449.76505950563745,0.0726964258275888
449.8650595056375,0.0729078543957579
449.9650595056375,0.07312020224834946
450.0650595056375,0.07333347469641717
450.16505950563754,0.07354767708923336
450.26505950563757,0.07376281481461779
450.3650595056376,0.07397889329926971
450.4650595056376,0.0741959180091034
450.56505950563763,0.07441389444958678
450.66505950563766,0.07463282816608371
450.7650595056377,0.07485272474419949
450.8650595056377,0.07507358981013011
450.9650595056377,0.0752954290310148
451.06505950563775,0.07551824811529213
451.16505950563777,0.07574205281305994
451.2650595056378,0.07596684891643858
451.3650595056378,0.07619264225993819
451.46505950563784,0.07641943872082943
451.56505950563786,0.07664724421951809
451.6650595056379,0.0768760647199235
451.7650595056379,0.07710590622986081
451.86505950563793,0.07733677480142717
451.96505950563795,0.0775686765313918
452.065059505638,0.07780161756159025
452.165059505638,0.07803560407932222
452.265059505638,0.07827064231775419
452.36505950563804,0.07850673855632555
452.46505950563807,0.07874389912115921
452.5650595056381,0.07898213038547644
452.6650595056381,0.07922143877001575
452.76505950563813,0.07946183074345653
452.86505950563816,0.07970331282284668
452.9650595056382,0.07994589157403491
453.0650595056382,0.08018957361210732
453.1650595056382,0.08043436560182876
453.26505950563825,0.08068027425808857
453.36505950563827,0.08092730634635115
453.4650595056383,0.08117546868311104
453.5650595056383,0.08142476813635294
453.66505950563834,0.08167521162601647
453.76505950563836,0.0819268061244657
453.8650595056384,0.08217955865696383
453.9650595056384,0.0824334763021526
454.06505950563843,0.08268856619253706
454.16505950563845,0.08294483551497508
454.2650595056385,0.08320229151117241
454.3650595056385,0.08346094147818263
454.4650595056385,0.08372079276891263
454.56505950563854,0.08398185279263341
454.66505950563857,0.08424412901549615
454.7650595056386,0.084507628961054
454.8650595056386,0.08477236021078927
454.96505950563864,0.08503833040464621
455.06505950563866,0.08530554724156975
455.1650595056387,0.08557401848004952
455.2650595056387,0.08584375193867028
455.3650595056387,0.08611475549666774
455.46505950563875,0.08638703709449068
455.56505950563877,0.08666060473436903
455.6650595056388,0.08693546648088789
455.7650595056388,0.0872116304615681
455.86505950563884,0.08748910486745277
455.96505950563886,0.0877678979537003
456.0650595056389,0.0880480180401838
456.1650595056389,0.08832947351209697
456.26505950563893,0.08861227282056673
456.36505950563895,0.08889642448327223
456.465059505639,0.08918193708507097
456.565059505639,0.08946881927863133
456.665059505639,0.08975707978507251
456.76505950563904,0.09004672739461102
456.86505950563907,0.09033777096721446
456.9650595056391,0.09063021943326265
457.0650595056391,0.0909240817942156
457.16505950563914,0.09121936712328935
457.26505950563916,0.09151608456613879
457.3650595056392,0.09181424334154835
457.4650595056392,0.09211385274213031
457.5650595056392,0.09241492213503048
457.66505950563925,0.09271746096264234
457.7650595056393,0.09302147874332845
457.8650595056393,0.09332698507215043
457.9650595056393,0.09363398962160681
458.06505950563934,0.09394250214237904
458.16505950563936,0.09425253246408609
458.2650595056394,0.09456409049604733
458.3650595056394,0.09487718622805405
458.46505950563943,0.09519182973114945
458.56505950563945,0.09550803115841776
458.6650595056395,0.09582580074578191
458.7650595056395,0.09614514881281036
458.8650595056395,0.09646608576353306
458.96505950563954,0.09678862208726655
459.06505950563957,0.0971127683594485
459.1650595056396,0.09743853524248165
459.2650595056396,0.09776593348658744
459.36505950563964,0.09809497393066928
459.46505950563966,0.09842566750318564
459.5650595056397,0.09875802522303324
459.6650595056397,0.09909205820044012
459.7650595056397,0.09942777763786928
459.86505950563975,0.09976519483093234
459.9650595056398,0.10010432116931381
460.0650595056398,0.10044516813770618
460.1650595056398,0.10078774731675555
460.26505950563984,0.10113207038401827
460.36505950563986,0.1014781491149286
460.4650595056399,0.10182599538377772
460.5650595056399,0.10217562116470394
460.66505950563993,0.10252703853269433
460.76505950563995,0.10288025966459842
460.86505950564,0.10323529684015303
460.96505950564,0.10359216244301987
461.06505950564,0.1039508689618345
461.16505950564004,0.10431142899126816
461.26505950564007,0.10467385523310171
461.3650595056401,0.10503816049731222
461.4650595056401,0.10540435770317258
461.56505950564014,0.10577245988036367
461.66505950564016,0.10614248017010003
461.7650595056402,0.10651443182626864
461.8650595056402,0.10688832821658112
461.9650595056402,0.10726418282373976
462.06505950564025,0.10764200924661728
462.1650595056403,0.10802182120145071
462.2650595056403,0.1084036325230493
462.3650595056403,0.10878745716601708
462.46505950564034,0.10917330920598996
462.56505950564036,0.10956120284088736
462.6650595056404,0.10995115239217942
462.7650595056404,0.11034317230616876
462.86505950564043,0.1107372771552882
462.96505950564045,0.11113348163941374
463.0650595056405,0.11153180058719361
463.1650595056405,0.11193224895739329
463.2650595056405,0.1123348418402567
463.36505950564055,0.11273959445888418
463.46505950564057,0.11314652217062682
463.5650595056406,0.1135556404684981
463.6650595056406,0.11396696498260256
463.76505950564064,0.11438051148158175
463.86505950564066,0.1147962958740782
463.9650595056407,0.11521433421021703
464.0650595056407,0.11563464268310583
464.1650595056407,0.11605723763035285
464.26505950564075,0.11648213553560412
464.3650595056408,0.11690935303009922
464.4650595056408,0.11733890689424632
464.5650595056408,0.11777081405921687
464.66505950564084,0.11820509160855973
464.76505950564086,0.11864175677983568
464.8650595056409,0.11908082696627173
464.9650595056409,0.11952231971843663
465.06505950564093,0.11996625274593677
465.16505950564095,0.12041264391913327
465.265059505641,0.12086151127088106
465.365059505641,0.12131287299828886
465.465059505641,0.12176674746450224
465.56505950564105,0.1222231532005082
465.66505950564107,0.1226821089069629
465.7650595056411,0.12314363345604265
465.8650595056411,0.12360774589331744
465.96505950564114,0.12407446543964928
466.06505950564116,0.12454381149311357
466.1650595056412,0.12501580363094558
466.2650595056412,0.12549046161151128
466.3650595056412,0.12596780537630325
466.46505950564125,0.1264478550519625
466.5650595056413,0.1269306309523253
466.6650595056413,0.12741615358049713
466.7650595056413,0.12790444363095246
466.86505950564134,0.12839552199166196
466.96505950564136,0.12888940974624682
467.0650595056414,0.12938612817616083
467.1650595056414,0.12988569876290085
467.26505950564143,0.13038814319024544
467.36505950564145,0.130893483346523
467.4650595056415,0.13140174132690888
467.5650595056415,0.13191293943575236
467.6650595056415,0.13242710018893436
467.76505950564155,0.13294424631625523
467.86505950564157,0.13346440076385438
467.9650595056416,0.13398758669666083
468.0650595056416,0.13451382750087668
468.16505950564164,0.1350431467864925
468.26505950564166,0.13557556838983598
468.3650595056417,0.13611111637615447
468.4650595056417,0.13664981504223103
468.5650595056417,0.1371916889190356
468.66505950564175,0.1377367627744108
468.7650595056418,0.13828506161579354
468.8650595056418,0.13883661069297304
468.9650595056418,0.1393914355008848
469.06505950564184,0.13994956178244292
469.16505950564186,0.14051101553140888
469.2650595056419,0.14107582299530005
469.3650595056419,0.14164401067833618
469.46505950564193,0.14221560534442573
469.56505950564195,0.14279063402019265
469.665059505642,0.14336912399804333
469.765059505642,0.14395110283927562
469.865059505642,0.1445365983772291
469.96505950564205,0.14512563872047865
470.06505950564207,0.14571825225607107
470.1650595056421,0.14631446765280542
470.2650595056421,0.14691431386455855
470.36505950564214,0.14751782013365533
470.46505950564216,0.14812501599428554
470.5650595056422,0.14873593127596685
470.6650595056422,0.14935059610705584
470.7650595056422,0.14996904091830696
470.86505950564225,0.1505912964464801
470.9650595056423,0.15121739373799867
471.0650595056423,0.15184736415265726
471.1650595056423,0.15248123936738128
471.26505950564234,0.15311905138003817
471.36505950564236,0.1537608325133017
471.4650595056424,0.15440661541857004
471.5650595056424,0.15505643307993816
471.66505950564243,0.15571031881822603
471.76505950564245,0.1563683062950622
471.8650595056425,0.1570304295170261
471.9650595056425,0.15769672283984665
472.0650595056425,0.158367220972661
472.16505950564255,0.15904195898233323
472.26505950564257,0.1597209722978328
472.3650595056426,0.16040429671467635
472.4650595056426,0.1610919683994312
472.56505950564264,0.16178402389428312
472.66505950564266,0.16248050012166912
472.7650595056427,0.16318143438897553
472.8650595056427,0.16388686439330385
472.9650595056427,0.16459682822630378
473.06505950564275,0.1653113643790761
473.1650595056428,0.1660305117471453
473.2650595056428,0.1667543096355037
473.3650595056428,0.1674827977637282
473.46505950564284,0.1682160162711706
473.56505950564286,0.16895400572222308
473.6650595056429,0.1696968071116591
473.7650595056429,0.17044446187005266
473.86505950564293,0.17119701186927544
473.96505950564296,0.17195449942807384
474.065059505643,0.17271696731772787
474.165059505643,0.17348445876779164
474.265059505643,0.17425701747191877
474.36505950564305,0.17503468759377222
474.46505950564307,0.17581751377302116
474.5650595056431,0.17660554113142624
474.6650595056431,0.1773988152790137
474.76505950564314,0.17819738232034138
474.86505950564316,0.17900128886085664
474.9650595056432,0.17981058201334882
475.0650595056432,0.1806253094044972
475.1650595056432,0.18144551918151594
475.26505950564325,0.18227126001889873
475.3650595056433,0.18310258112526312
475.4650595056433,0.18393953225029763
475.5650595056433,0.18478216369181258
475.66505950564334,0.18563052630289684
475.76505950564336,0.1864846714991819
475.8650595056434,0.18734465126621516
475.9650595056434,0.18821051816694484
476.06505950564343,0.1890823253493173
476.16505950564346,0.18996012655398983
476.2650595056435,0.19084397612216028
476.3650595056435,0.19173392900351516
476.4650595056435,0.19263004076429943
476.56505950564355,0.1935323675955085
476.66505950564357,0.19444096632120622
476.7650595056436,0.19535589440696902
476.8650595056436,0.1962772099684608
476.96505950564364,0.19720497178013846
477.06505950564366,0.19813923928409166
477.1650595056437,0.19908007259901936
477.2650595056437,0.20002753252934397
477.3650595056437,0.20098168057446772
477.46505950564375,0.2019425789381714
477.5650595056438,0.2029102905381599
477.6650595056438,0.20388487901575578
477.7650595056438,0.20486640874574386
477.86505950564384,0.20585494484637037
477.96505950564386,0.20685055318949722
478.0650595056439,0.2078533004109167
478.1650595056439,0.20886325392082766
478.26505950564393,0.2098804819144758
478.36505950564396,0.21090505338296342
478.465059505644,0.2119370381242279
478.565059505644,0.21297650675419555
478.665059505644,0.214023530718111
478.76505950564405,0.21507818230204742
478.86505950564407,0.2161405346445996
478.9650595056441,0.21721066174876275
479.0650595056441,0.21828863849400257
479.16505950564414,0.21937454064851653
479.26505950564416,0.22046844488169356
479.3650595056442,0.22157042877677227
479.4650595056442,0.22268057084370407
479.56505950564423,0.223798950532223
479.66505950564425,0.22492564824512654
479.7650595056443,0.22606074535177204
479.8650595056443,0.22720432420179112
479.9650595056443,0.2283564681390276
480.06505950564434,0.22951726151570162
480.16505950564436,0.2306867897068047
480.2650595056444,0.23186513912473086
480.3650595056444,0.2330523972341455
480.46505950564443,0.2342486525671
480.56505950564446,0.23545399473839268
480.6650595056445,0.23666851446118434
480.7650595056445,0.23789230356286997
480.8650595056445,0.23912545500121282
480.96505950564455,0.24036806288074639
481.06505950564457,0.241620222469447
481.1650595056446,0.2428820302156848
481.2650595056446,0.24415358376545535
481.36505950564464,0.24543498197989977
481.46505950564466,0.2467263249531171
481.5650595056447,0.2480277140302741
481.6650595056447,0.24933925182602024
481.76505950564473,0.2506610422432103
481.86505950564475,0.25199319049194346
481.9650595056448,0.2533358031089227
482.0650595056448,0.2546889879771409
482.1650595056448,0.25605285434590136
482.26505950564484,0.25742751285117615
482.36505950564487,0.25881307553631194
482.4650595056449,0.26020965587308653
482.5650595056449,0.2616173687831258
482.66505950564493,0.263036330659686
482.76505950564496,0.264466659389808
482.865059505645,0.265908474376853
482.965059505645,0.2673618965634235
483.065059505645,0.2688270484546804
483.16505950564505,0.2703040541420605
483.26505950564507,0.27179303932740506
483.3650595056451,0.27329413134750485
483.4650595056451,0.2748074591990705
483.56505950564514,0.27633315356413807
483.66505950564516,0.27787134683591425
483.7650595056452,0.2794221731450744
483.8650595056452,0.2809857683865183
483.96505950564523,0.2825622702465935
484.06505950564525,0.2841518182307983
484.1650595056453,0.2857545536919674
484.2650595056453,0.2873706198589568
484.3650595056453,0.2890001618658314
484.46505950564534,0.29064332678156973
484.56505950564537,0.292300263640293
484.6650595056454,0.2939711234720291
484.7650595056454,0.2956560593340243
484.86505950564543,0.2973552263426096
484.96505950564546,0.29906878170563606
485.0650595056455,0.3007968847554879
485.1650595056455,0.3025396969826863
485.2650595056455,0.3042973820700945
485.36505950564555,0.3060701059277355
485.46505950564557,0.30785803672823747
485.5650595056456,0.3096613449429146
485.6650595056456,0.31148020337850024
485.76505950564564,0.3133147872145425
485.86505950564566,0.31516527404147676
485.9650595056457,0.31703184389938793
486.0650595056457,0.3189146793174765
486.16505950564573,0.32081396535424217
486.26505950564575,0.3227298896383988
486.3650595056458,0.3246626424105376
486.4650595056458,0.3266124165655493
486.5650595056458,0.3285794076958249
486.66505950564584,0.3305638141352478
486.76505950564587,0.33256583700399356
486.8650595056459,0.3345856802541544
486.9650595056459,0.3366235507162045
487.06505950564593,0.3386796581463221
487.16505950564596,0.34075421527458744
487.265059505646,0.3428474378540721
487.365059505646,0.3449595447108401
487.465059505646,0.347090757794876
487.56505950564605,0.3492413022319619
487.66505950564607,0.3514114063765205
487.7650595056461,0.3536013018654444
487.8650595056461,0.3558112236729313
487.96505950564614,0.35804141016634594
488.06505950564616,0.36029210316312915
488.1650595056462,0.3625635479887753
488.2650595056462,0.3648559935359001
488.36505950564623,0.3671696923244203
488.46505950564625,0.3695049005628688
488.5650595056463,0.371861878210867
488.6650595056463,0.3742408890427795
488.7650595056463,0.37664220071257326
488.86505950564634,0.3790660848199074
488.96505950564637,0.38151281697747835
489.0650595056464,0.3839826768796449
489.1650595056464,0.38647594837236043
489.26505950564643,0.38899291952443876
489.36505950564646,0.3915338827001798
489.4650595056465,0.39409913463338425
489.5650595056465,0.3966889765027845
489.6650595056465,0.39930371400892134
489.76505950564655,0.40194365745249516
489.86505950564657,0.4046091218142232
489.9650595056466,0.4073004268362315
490.0650595056466,0.4100178971050146
490.16505950564664,0.41276186213599425
490.26505950564666,0.41553265645971016
490.3650595056467,0.41833061970967483
490.4650595056467,0.42115609671192833
490.56505950564673,0.42400943757632564
490.66505950564675,0.4268909977895936
490.7650595056468,0.42980113831019207
490.8650595056468,0.432740225665017
490.9650595056468,0.43570863204798244
491.06505950564684,0.4387067354205188
491.16505950564687,0.441734919614029
491.2650595056469,0.44479357443433776
491.3650595056469,0.44788309576817925
491.46505950564693,0.45100388569176053
491.56505950564696,0.4541563525814448
491.665059505647,0.4573409112265964
491.765059505647,0.4605579829446321
491.865059505647,0.46380799569832076
491.96505950564705,0.46709138421537955
492.06505950564707,0.4704085901104106
492.1650595056471,0.4737600620092259
492.2650595056471,0.4771462556756075
492.36505950564714,0.4805676341405524
492.46505950564716,0.48402466783405057
492.5650595056472,0.4875178347194466
492.6650595056472,0.4910476204304374
492.76505950564723,0.4946145184107556
492.86505950564725,0.4982190300565934
492.9650595056473,0.5018616648618195
493.0650595056473,0.505542940566045
493.1650595056473,0.5092633833055916
493.26505950564734,0.5130235277674209
493.36505950564737,0.5168239173460799
493.4650595056474,0.5206651043037229
493.5650595056474,0.5245476499332661
493.66505950564743,0.5284721247247377
493.76505950564746,0.5324391085348814
493.8650595056475,0.5364491907600767
493.9650595056475,0.5405029705126374
494.0650595056475,0.5446010568005519
494.16505950564755,0.5487440687107281
494.26505950564757,0.5529326355958103
494.3650595056476,0.5571673972646288
494.4650595056476,0.5614490041763538
494.56505950564764,0.5657781176384165
494.66505950564766,0.5701554100082667
494.7650595056477,0.5745815648990342
494.8650595056477,0.579057277389164
494.96505950564773,0.5835832542360924
495.06505950564775,0.5881602140940361
495.1650595056478,0.5927888877359636
495.2650595056478,0.5974700182798186
495.3650595056478,0.6022043614190687
495.46505950564784,0.6069926856576475
495.56505950564787,0.6118357725493646
495.6650595056479,0.6167344169418528
495.7650595056479,0.6216894272251254
495.86505950564793,0.6267016255848151
495.96505950564796,0.6317718482601642
496.065059505648,0.6369009458068396
496.165059505648,0.6420897833646421
496.265059505648,0.647339240930179
496.36505950564805,0.6526502136345721
496.46505950564807,0.6580236120262678
496.5650595056481,0.6634603623590182
496.6650595056481,0.6689614068850986
496.76505950564814,0.6745277041538301
496.86505950564816,0.6801602293154644
496.9650595056482,0.6858599744305016
497.0650595056482,0.6916279487844947
497.16505950564823,0.6974651792084021
497.26505950564825,0.7033727104045414
497.3650595056483,0.7093516052782015
497.4650595056483,0.7154029452749582
497.5650595056483,0.7215278307237433
497.66505950564834,0.7277273811857089
497.76505950564837,0.7340027358089275
497.8650595056484,0.7403550536889605
497.9650595056484,0.7467855142353268
498.06505950564843,0.7532953175438966
498.16505950564846,0.7598856847752272
498.2650595056485,0.7665578585388576
498.3650595056485,0.7733131032835652
498.4650595056485,0.7801527056935857
498.56505950564855,0.7870779750907866
498.66505950564857,0.794090243842779
498.7650595056486,0.8011908677769396
498.8650595056486,0.8083812266003085
498.96505950564864,0.8156627243253172
499.06505950564866,0.8230367897012884
499.1650595056487,0.8305048766516374
499.2650595056487,0.8380684647166937
499.36505950564873,0.8457290595020471
499.46505950564875,0.8534881931323015
499.5650595056488,0.8613474247101164
499.6650595056488,0.8693083407803855
499.7650595056488,0.8773725557993912
499.86505950564884,0.8855417126087518
499.96505950564887,0.8938174829139592
500.0650595056489,0.9022015677672762
500.1650595056489,0.9106956980547501
500.26505950564894,0.9193016349870605
500.36505950564896,0.9280211705939018
500.465059505649,0.936856128221569
500.565059505649,0.9458083630333821
500.665059505649,0.9548797625125527
500.76505950564905,0.9640722469670663
500.86505950564907,0.9733877700361091
500.9650595056491,0.9828283191975332
501.0650595056491,0.9923959162758094
501.16505950564914,1.0020926179498766
501.26505950564916,1.0119205162602438
501.3650595056492,1.0218817391146533
501.4650595056492,1.0319784507915604
501.56505950564923,1.0422128524406287
501.66505950564925,1.0525871825793782
501.7650595056493,1.0631037175850584
501.8650595056493,1.0737647721807586
501.9650595056493,1.084572699914686
502.06505950564934,1.0955298936314737
502.16505950564937,1.1066387859342992
502.2650595056494,1.117901849636506
502.3650595056494,1.1293215982013376
502.46505950564944,1.1409005861682893
502.56505950564946,1.1526414095644952
502.6650595056495,1.1645467062994521
502.7650595056495,1.1766191565412718
502.8650595056495,1.1888614830725424
502.96505950564955,1.2012764516237477
503.0650595056496,1.2138668711820642
503.1650595056496,1.226635594273221
503.2650595056496,1.239585517213957
503.36505950564964,1.2527195803324584
503.46505950564966,1.2660407681540051
503.5650595056497,1.2795521095488687
503.6650595056497,1.2932566778393444
503.76505950564973,1.307157590862599
503.86505950564975,1.3212580109858265
503.9650595056498,1.335561145069991
504.0650595056498,1.3500702443782244
504.1650595056498,1.3647886044247164
504.26505950564984,1.379719564759694
504.36505950564987,1.3948665086858387
504.4650595056499,1.4102328629012313
504.5650595056499,1.4258220970636373
504.66505950564994,1.441637723270654
504.76505950564996,1.4576832954499597
504.86505950565,1.4739624086535712
504.96505950565,1.4904786982497076
505.06505950565,1.507235839005513
505.16505950565005,1.5242375440535425
505.2650595056501,1.541487563734541
505.3650595056501,1.5589896843086792
505.4650595056501,1.576747726527005
505.56505950565014,1.5947655440544626
505.66505950565016,1.6130470217354185
505.7650595056502,1.6315960736921846
505.8650595056502,1.6504166412465884
505.96505950565023,1.6695126906541762
506.06505950565025,1.6888882106401581
506.1650595056503,1.708547209725715
506.2650595056503,1.7284937133327927
506.3650595056503,1.7487317606549977
506.46505950565034,1.769265401281688
506.56505950565037,1.7900986915618238
506.6650595056504,1.8112356906936216
506.7650595056504,1.8326804565255006
506.86505950565044,1.854437041053276
506.96505950565046,1.8765094855980224
507.0650595056505,1.8989018156484734
507.1650595056505,1.9216180353513028
507.2650595056505,1.944662121632104
507.36505950565055,1.968038017929374
507.4650595056506,1.9917496275233033
507.5650595056506,2.0158008064407174
507.6650595056506,2.040195355917049
507.76505950565064,2.064937014395813
507.86505950565066,2.0900294490456948
507.9650595056507,2.115476246775005
508.0650595056507,2.141280904723004
508.16505950565073,2.167446820207379
508.26505950565075,2.193977280107005
508.3650595056508,2.22087544965909
508.4650595056508,2.248144360649796
508.5650595056508,2.2757868989776124
508.66505950565085,2.303805791568981
508.76505950565087,2.3322035926260667
508.8650595056509,2.3609826691871048
508.9650595056509,2.390145185980447
509.06505950565094,2.4196930895542814
509.16505950565096,2.449628091665092
509.265059505651,2.4799516519091824
509.365059505651,2.510664959583088
509.465059505651,2.541768914760491
509.56505950565105,2.5732641085752754
509.6650595056511,2.605150802702654
509.7650595056511,2.6374289080330198
509.8650595056511,2.6700979625360945
509.96505950565114,2.7031571083163355
510.06505950565116,2.736605067864288
510.1650595056512,2.770440119512735
510.2650595056512,2.8046600721110577
510.36505950565123,2.839262238936273
510.46505950565125,2.8742434108647394
510.5650595056513,2.9095998288345153
510.6650595056513,2.9453271556348906
510.7650595056513,2.9814204470666934
510.86505950565135,3.0178741225245305
510.96505950565137,3.054681935060335
511.0650595056514,3.091836940996251
511.1650595056514,3.1293314691642085
511.26505950565144,3.1671570898593315
511.36505950565146,3.205304583604706
511.4650595056515,3.2437639098359243
511.5650595056515,3.282524175625197
511.6650595056515,3.321573604576656
511.76505950565155,3.3608995060367493
511.8650595056516,3.4004882447761915
511.9650595056516,3.4403252113128504
512.0650595056516,3.4803947930579797
512.1650595056517,3.5206803464816216
512.2650595056516,3.561164170505299
512.3650595056517,3.601827481345325
512.4650595056517,3.642650389039026
512.5650595056518,3.6836118759035568
512.6650595056517,3.724689777183017
512.7650595056518,3.7658607641563266
512.8650595056517,3.8071003299823256
512.9650595056519,3.8483827785731806
513.0650595056518,3.8896812167883867
513.1650595056519,3.930967550253189
513.2650595056518,3.9722124831027426
513.365059505652,4.013385521960685
513.4650595056519,4.0544549844536055
513.565059505652,4.095388012564972
513.6650595056519,4.136150591119125
513.7650595056521,4.1767075716817725
513.865059505652,4.217022702143656
513.9650595056521,4.257058662242647
514.065059505652,4.296777105252213
514.1650595056522,4.33613870604464
514.2650595056521,4.375103215701992
514.3650595056522,4.413629522819611
514.4650595056521,4.451675721603127
514.5650595056522,4.489199186823166
514.6650595056522,4.526156655639772
514.7650595056523,4.562504316263643
514.8650595056522,4.598197903361542
514.9650595056523,4.633192800061091
515.0650595056522,4.667444146344349
515.1650595056524,4.700906953561788
515.2650595056523,4.733536224728407
515.3650595056524,4.765287080202736
515.4650595056523,4.796114888278119
515.5650595056525,4.8259754001544755
515.6650595056524,4.8548248886892305
515.7650595056525,4.8826202902680516
515.8650595056524,4.909319349072147
515.9650595056526,4.934880762967808
516.0650595056525,4.959264330189469
516.1650595056526,4.98243109594739
516.2650595056525,5.0043434980500425
516.3650595056527,5.024965510605627
516.4650595056526,5.044262784843067
516.5650595056527,5.062202786084835
516.6650595056526,5.078754925899596
516.7650595056527,5.093890688474662
516.8650595056527,5.107583750265358
516.9650595056528,5.119810092011598
517.0650595056527,5.130548102251059
517.1650595056528,5.139778671512548
517.2650595056527,5.147485276433386
517.3650595056529,5.153654053118149
517.4650595056528,5.158273859135215
517.5650595056529,5.1613363236372996
517.6650595056528,5.162835885186452
517.765059505653,5.161870534607052
517.8650595056529,5.153876166283357
517.965059505653,5.138282626805514
518.0650595056529,5.1152275793575965
518.1650595056531,5.084912273160954
518.265059505653,5.047597206832113
518.3650595056531,5.003596642514091
518.465059505653,4.953272181758458
518.5650595056532,4.897025640400114
518.6650595056531,4.835291472372657
518.7650595056532,4.768528991784296
518.8650595056531,4.69721462985773
518.9650595056532,4.621834440481231
519.0650595056532,4.542877037635693
519.1650595056533,4.460827112519716
519.2650595056532,4.3761596405008
519.3650595056533,4.289334850455807
519.4650595056532,4.2007939936967365
519.5650595056534,4.11095591799965
519.6650595056533,4.020214425339864
519.7650595056534,3.9289363702735822
519.8650595056533,3.837460439658192
519.9650595056535,3.746096543287832
520.0650595056534,3.655125738608479
520.1650595056535,3.5648006102727123
520.2650595056534,3.4753460262287237
520.3650595056536,3.38696019552079
520.4650595056535,3.29981595836034
520.5650595056536,3.2140622456227614
520.6650595056535,3.1298256522443544
520.7650595056537,3.0472120765393185
520.8650595056536,2.966308384931248
520.9650595056537,2.8871840686896517
521.0650595056536,2.8098928658514284
521.1650595056537,2.734474327431979
521.2650595056537,2.660955312283291
521.3650595056538,2.589351399478235
521.4650595056537,2.5196682109558934
521.5650595056538,2.451902640348829
521.6650595056537,2.3860439865278154
521.7650595056539,2.3220749924632695
521.8650595056538,2.2599727916218546
521.9650595056539,2.1997097653162565
522.0650595056538,2.141254315306393
522.165059505654,2.084571556530473
522.2650595056539,2.0296239352122387
522.365059505654,1.9763717777561909
522.4650595056539,1.9247737758794208
522.5650595056541,1.8747874133369427
522.665059505654,1.8263693394379357
522.7650595056541,1.779475694314921
522.865059505654,1.7340623906464185
522.9650595056542,1.6900853562317995
523.0650595056541,1.6475007415158658
523.1650595056542,1.606265095841814
523.2650595056541,1.5663355159089
523.3650595056542,1.5276697696045898
523.4650595056542,1.4902263980993846
523.5650595056543,1.4539647988139888
523.6650595056542,1.4188452916184016
523.7650595056543,1.3848291703787754
523.8650595056542,1.3518787417530203
523.9650595056544,1.3199573529284498
524.0650595056543,1.2890294098146398
524.1650595056544,1.259060387031195
524.2650595056543,1.2300168308819739
524.3650595056545,1.2018663563646075
524.4650595056544,1.1745776391441818
524.5650595056545,1.148120403303948
524.6650595056544,1.1224654055900423
524.7650595056546,1.0975844167737965
524.8650595056545,1.0734502006794824
524.9650595056546,1.0500364913507068
525.0650595056545,1.0273179687694936
525.1650595056547,1.0052702334828456
525.2650595056546,0.9838697804458152
525.3650595056547,0.9630939723433359
525.4650595056546,0.9429210126180627
525.5650595056547,0.9233299183946903
525.6650595056547,0.9043004934647744
525.7650595056548,0.8858133014672578
525.8650595056547,0.8678496393802041
525.9650595056548,0.8503915114167288
526.0650595056547,0.833421603403688
526.1650595056549,0.8169232577041345
526.2650595056548,0.800880448734221
526.3650595056549,0.7852777591115757
526.4650595056548,0.770100356464999
526.565059505655,0.7553339709247162
526.6650595056549,0.7409648733076634
526.765059505655,0.7269798540040346
526.8650595056549,0.7133662025683998
526.9650595056551,0.7001116880122779
527.065059505655,0.6872045397935196
527.1650595056551,0.674633429492847
527.265059505655,0.662387453167388
527.3650595056552,0.6504561143671297
527.4650595056551,0.638829307800464
527.5650595056552,0.6274973036319176
527.6650595056551,0.6164507323959469
527.7650595056552,0.6056805705082509
527.8650595056552,0.5951781263572131
527.9650595056553,0.5849350269561487
528.0650595056552,0.5749432051384523
528.1650595056553,0.5651948872761744
528.2650595056552,0.5556825815041463
528.3650595056554,0.5463990664304801
528.4650595056553,0.5373373803159591
528.5650595056554,0.5284908107037609
528.6650595056553,0.5198528844826824
528.7650595056555,0.5114173583661196
528.8650595056554,0.5031782097707979
528.9650595056555,0.4951296280784456
529.0650595056554,0.48726600626532746
529.1650595056556,0.4795819328838394
529.2650595056555,0.47207218438205456
529.3650595056556,0.46473171774645794
529.4650595056555,0.45755566345474485
529.5650595056557,0.4505393187249531
529.6650595056556,0.4436781410487785
529.7650595056557,0.4369677419963529
529.8650595056556,0.4304038812812787
529.9650595056557,0.4239824610741687
530.0650595056557,0.41769952055438886
530.1650595056558,0.4115512306891773
530.2650595056557,0.40553388923068884
530.3650595056558,0.39964391592101
530.4650595056557,0.3938778478964966
530.5650595056559,0.38823233528229123
530.6650595056558,0.3827041369691202
530.7650595056559,0.3772901165639868
530.8650595056558,0.37198723850755294
530.965059505656,0.36679256435052643
531.0650595056559,0.3617032491824886
531.165059505656,0.35671653820612514
531.2650595056559,0.35182976345088673
531.3650595056561,0.347040340619636
531.465059505656,0.34234576606284856
531.5650595056561,0.3377436138744735
531.665059505656,0.3332315331045152
531.7650595056562,0.328807245082943
531.8650595056561,0.32446854085044263
531.9650595056562,0.3202132786910761
532.0650595056561,0.3160393817627762
532.1650595056562,0.31194483582116006
532.2650595056562,0.307927687032966
532.3650595056563,0.3039860398749799
532.4650595056562,0.3001180551150966
532.5650595056563,0.29632194787173327
532.6650595056562,0.2925959857485509
532.7650595056564,0.2889384870410177
532.8650595056563,0.2853478190120561
532.9650595056564,0.281822396233595
533.0650595056563,0.27836067899152495
533.1650595056565,0.274961171751146
533.2650595056564,0.2716224216808349
533.3650595056565,0.2683430172312649
533.4650595056564,0.2651215867681149
533.5650595056566,0.26195679725582005
533.6650595056565,0.25884735299049577
533.7650595056566,0.25579199437978356
533.8650595056565,0.252789496767925
533.9650595056567,0.2498386693039979
534.0650595056566,0.24693835385177443
534.1650595056567,0.2440874239393042
534.2650595056566,0.24128478374682513
534.3650595056567,0.2385293671312542
534.4650595056567,0.2358201366859943
534.5650595056568,0.2331560828344449
534.6650595056567,0.23053622295607093
534.7650595056568,0.22795960054354494
534.8650595056567,0.22542528438992293
534.9650595056569,0.2229323678044829
535.0650595056568,0.22047996785628646
535.1650595056569,0.21806722464419517
535.2650595056568,0.2156933005924899
535.365059505657,0.21335737977092337
535.4650595056569,0.21105866723843178
535.565059505657,0.2087963884094242
535.6650595056569,0.20656978844194865
535.7650595056571,0.20437813164673305
535.865059505657,0.20222070091646713
535.9650595056571,0.20009679717439602
536.065059505657,0.19800573884165115
536.1650595056572,0.19594686132245814
536.2650595056571,0.19391951650670033
536.3650595056572,0.19192307228903974
536.4650595056571,0.18995691210412396
536.5650595056572,0.18802043447713646
536.6650595056572,0.18611305258926528
536.7650595056573,0.18423419385739812
536.8650595056572,0.18238329952765991
536.9650595056573,0.18055982428215014
537.0650595056572,0.17876323585853074
537.1650595056574,0.1769930146818674
537.2650595056573,0.17524865350840915
537.3650595056574,0.17352965708074747
537.4650595056573,0.17183554179407298
537.5650595056575,0.17016583537300647
537.6650595056574,0.16852007655875073
537.7650595056575,0.16689781480607468
537.8650595056574,0.1652986099899011
537.9650595056576,0.16372203212104075
538.0650595056575,0.16216766107086875
538.1650595056576,0.16063508630451387
538.2650595056575,0.15912390662237746
538.3650595056577,0.1576337299095811
538.4650595056576,0.15616417289317738
538.5650595056577,0.15471486090674835
538.6650595056576,0.153285427662244
538.7650595056577,0.15187551502870703
538.8650595056577,0.15048477281775363
538.9650595056578,0.14911285857547693
539.0650595056577,0.14775943738065714
539.1650595056578,0.14642418164896598
539.2650595056577,0.14510677094306107
539.3650595056579,0.14380689178827713
539.4650595056578,0.14252423749382162
539.5650595056579,0.14125850797919773
539.6650595056578,0.14000940960577496
539.765059505658,0.13877665501324418
539.8650595056579,0.1375599629608884
539.965059505658,0.13635905817342064
540.0650595056579,0.13517367119132875
540.1650595056581,0.1340035382254927
540.265059505658,0.13284840101602238
540.3650595056581,0.1317080066950935
540.465059505658,0.13058210765373782
540.5650595056582,0.12947046141237709
540.6650595056581,0.12837283049506287
540.7650595056582,0.12728898230722394
540.8650595056581,0.12621868901688862
540.9650595056582,0.12516172743919407
541.0650595056582,0.12411787892415652
541.1650595056583,0.12308692924752276
541.2650595056582,0.12206866850468259
541.3650595056583,0.12106289100747182
541.4650595056582,0.12006939518384947
541.5650595056584,0.1190879834802878
541.6650595056583,0.11811846226686262
541.7650595056584,0.11716064174489012
541.8650595056583,0.11621433585710243
541.9650595056585,0.11527936220021477
542.0650595056584,0.11435554193987953
542.1650595056585,0.11344269972788787
542.2650595056584,0.11254066362161731
542.3650595056586,0.11164926500559111
542.4650595056585,0.11076833851515239
542.5650595056586,0.10989772196212377
542.6650595056585,0.10903725626245836
542.7650595056587,0.10818678536575889
542.8650595056586,0.10734615618667226
542.9650595056587,0.1065152185380427
543.0650595056586,0.1056938250658325
543.1650595056587,0.1048818311856978
543.2650595056587,0.10407909502123174
543.3650595056588,0.10328547734376607
543.4650595056587,0.10250084151374518
543.5650595056588,0.10172505342356919
543.6650595056587,0.10095798144192032
543.7650595056589,0.10019949635947428
543.8650595056588,0.09944947133601174
543.9650595056589,0.09870778184883558
544.0650595056588,0.09797430564251094
544.165059505659,0.09724892267983652
544.2650595056589,0.09653151509406564
544.365059505659,0.09582196714228944
544.4650595056589,0.09512016516000098
544.5650595056591,0.09442599751675655
544.665059505659,0.09373935457295361
544.7650595056591,0.09306012863764436
544.865059505659,0.09238821392740615
544.9650595056592,0.09172350652618988
545.0650595056591,0.0910659043461682
545.1650595056592,0.09041530708950826
545.2650595056591,0.08977161621109091
545.3650595056592,0.08913473488210323
545.4650595056592,0.08850456795452805
545.5650595056593,0.08788102192645905
545.6650595056592,0.08726400490826527
545.7650595056593,0.08665342658953704
545.8650595056592,0.08604919820683649
545.9650595056594,0.08545123251218763
546.0650595056593,0.08485944374232927
546.1650595056594,0.08427374758866758
546.2650595056593,0.0836940611679526
546.3650595056595,0.08312030299361682
546.4650595056594,0.08255239294780066
