445.9650595056366,8.667462718279285e-05
446.0650595056366,8.987398765518992e-05
446.16505950563663,9.318374245048292e-05
446.26505950563666,9.660739990076684e-05
446.3650595056367,0.00010014856862991482
446.4650595056367,0.00010381096002364734
446.5650595056367,0.00010759839074701093
446.66505950563675,0.00011151478530973121
446.76505950563677,0.00011556417867989887
446.8650595056368,0.00011975071894642989
446.9650595056368,0.0001240786700307319
447.06505950563684,0.00012855241444799498
447.16505950563686,0.00013317645611851155
447.2650595056369,0.00013795542322941255
447.3650595056369,0.00014289407114719417
447.46505950563693,0.00014799728538139362
447.56505950563695,0.00015327008459975025
447.665059505637,0.00015871762369517749
447.765059505637,0.00016434519690484414
447.865059505637,0.00017015824098165177
447.96505950563704,0.00017616233841836573
448.06505950563707,0.00018236322072464362
448.1650595056371,0.00018876677175717722
448.2650595056371,0.00019537903110314035
448.36505950563713,0.00020220619751711523
448.46505950563716,0.00020925463241163836
448.5650595056372,0.00021653086340148487
448.6650595056372,0.0002240415879017804
448.7650595056372,0.00023179367678000223
448.86505950563725,0.00023979417806190147
448.96505950563727,0.00024805032069134586
449.0650595056373,0.0002565695183440563
449.1650595056373,0.00026535937329516876
449.26505950563734,0.0002744276803405286
449.36505950563736,0.00028378243077158166
449.4650595056374,0.00029343181640369826
449.5650595056374,0.0003033842336577195
449.66505950563743,0.0003136482876944852
449.76505950563745,0.0003242327966020605
449.8650595056375,0.00033514679563533564
449.9650595056375,0.00034639954150763534
450.0650595056375,0.0003580005167339253
450.16505950563754,0.0003699594340251688
450.26505950563757,0.00038228624073333037
450.3650595056376,0.0003949911233464857
450.4650595056376,0.00040808451203344274
450.56505950563763,0.000421577085237235
450.66505950563766,0.0004354797743167952
450.7650595056377,0.00044980376823606724
450.8650595056377,0.00046456051829976144
450.9650595056377,0.00047976174293490293
451.06505950563775,0.0004954194325172759
451.16505950563777,0.0005115458542417937
451.2650595056378,0.0005281535570357914
451.3650595056378,0.0005452553765141514
451.46505950563784,0.0005628644399751413
451.56505950563786,0.0005809941714357561
451.6650595056379,0.000599658296705318
451.7650595056379,0.0006188708484960023
451.86505950563793,0.0006386461715689155
451.96505950563795,0.0006589989279142663
452.065059505638,0.0006799441019641165
452.165059505638,0.000701497005836128
452.265059505638,0.0007236732846066474
452.36505950563804,0.000746488921611416
452.46505950563807,0.0007699602437720898
452.5650595056381,0.000794103926946733
452.6650595056381,0.0008189370013023185
452.76505950563813,0.0008444768567072345
452.86505950563816,0.0008707412481417149
452.9650595056382,0.0008977483011240108
453.0650595056382,0.0009255165171500895
453.1650595056382,0.0009540647791445072
453.26505950563825,0.0009834123569200932
453.36505950563827,0.00101357891264395
453.4650595056383,0.0010445845063072083
453.5650595056383,0.0010764496011959161
453.66505950563834,0.0011091950693603277
453.76505950563836,0.0011428421970797959
453.8650595056384,0.0011774126903203888
453.9650595056384,0.0012129286801822448
454.06505950563843,0.0012494127283336363
454.16505950563845,0.0012868878324285887
454.2650595056385,0.001325377431504834
454.3650595056385,0.0013649054113588023
454.4650595056385,0.0014054961098942426
454.56505950563854,0.0014471743224410008
454.66505950563857,0.0014899653070403907
454.7650595056386,0.0015338947896934986
454.8650595056386,0.0015789889695686842
454.96505950563864,0.0016252745241644563
455.06505950563866,0.001672778614423807
455.1650595056387,0.0017215288897959983
455.2650595056387,0.0017715534932417178
455.3650595056387,0.001822881066177448
455.46505950563875,0.0018755407533547538
455.56505950563877,0.0019295622076701835
455.6650595056388,0.001984975594901315
455.7650595056388,0.0020418115983644844
455.86505950563884,0.0021001014234895143
455.96505950563886,0.0021598768023068688
456.0650595056389,0.0022211699978423607
456.1650595056389,0.002284013808414643
456.26505950563893,0.0023484415718305184
456.36505950563895,0.0024144871694730557
456.465059505639,0.0024821850302774577
456.565059505639,0.002551570134589472
456.665059505639,0.0026226780179011227
456.76505950563904,0.002695544774458472
456.86505950563907,0.002770207060735944
456.9650595056391,0.0028467020987718583
457.0650595056391,0.002925067679359522
457.16505950563914,0.003005342165088363
457.26505950563916,0.0030875644932294014
457.3650595056392,0.003171774178459307
457.4650595056392,0.0032580113154172985
457.5650595056392,0.0033463165810889376
457.66505950563925,0.0034367312370110242
457.7650595056393,0.0035292971312914792
457.8650595056393,0.0036240567004383
457.9650595056393,0.003721052970991454
458.06505950563934,0.0038203295609515824
458.16505950563936,0.003921930680999384
458.2650595056394,0.004025901135499407
458.3650595056394,0.004132286323282022
458.46505950563943,0.004241132238197306
458.56505950563945,0.004352485469434469
458.6650595056395,0.004466393201600475
458.7650595056395,0.004582903214551536
458.8650595056395,0.00470206388297096
458.96505950563954,0.004823924175687071
459.06505950563957,0.004948533654724604
459.1650595056396,0.005075942474083285
459.2650595056396,0.005206201378237006
459.36505950563964,0.005339361700347186
459.46505950563966,0.005475475360183903
459.5650595056397,0.005614594861748233
459.6650595056397,0.005756773290589445
459.7650595056397,0.005902064310810585
459.86505950563975,0.006050522161756021
459.9650595056398,0.006202201654374586
460.0650595056398,0.006357158167251929
460.1650595056398,0.00651544764230578
460.26505950563984,0.006677126580137808
460.36505950563986,0.00684225203503586
460.4650595056399,0.0070108816096203196
460.5650595056399,0.007183073449128546
460.66505950563993,0.00735888623533121
460.76505950563995,0.007538379180074568
460.86505950564,0.007721612018442701
460.96505950564,0.007908645001533885
461.06505950564,0.008099538888845244
461.16505950564004,0.00829435494026006
461.26505950564007,0.008493154907632071
461.3650595056401,0.008696001025961311
461.4650595056401,0.008902956004156033
461.56505950564014,0.009114083015375491
461.66505950564016,0.00932944568694838
461.7650595056402,0.009549108089861882
461.8650595056402,0.00977313472781647
461.9650595056402,0.010001590525841627
462.06505950564025,0.010234540818467877
462.1650595056403,0.010472051337450702
462.2650595056403,0.010714188199041923
462.3650595056403,0.010961017890804546
462.46505950564034,0.011212607257966876
462.56505950564036,0.01146902348931233
462.6650595056404,0.011730334102601143
462.7650595056404,0.011996606929520601
462.86505950564043,0.012267910100160625
462.96505950564045,0.012544312027011553
463.0650595056405,0.012825881388481425
463.1650595056405,0.013112687111930064
463.2650595056405,0.013404798356217613
463.36505950564055,0.01370228449376549
463.46505950564057,0.014005215092127573
463.5650595056406,0.014313659895070286
463.6650595056406,0.014627688803159894
463.76505950564064,0.014947371853856034
463.86505950564066,0.015272779201110425
463.9650595056407,0.015603981094470289
464.0650595056407,0.01594104785768601
464.1650595056407,0.016284049866823015
464.26505950564075,0.01663305752787808
464.3650595056408,0.01698814125390061
464.4650595056408,0.017349371441619608
464.5650595056408,0.017716818447577623
464.66505950564084,0.018090552563772896
464.76505950564086,0.018470643992811682
464.8650595056409,0.01885716282257258
464.9650595056409,0.019250179000385524
465.06505950564093,0.019649762306728005
465.16505950564095,0.020055982328441548
465.265059505641,0.02046890843147215
465.365059505641,0.020888609733138115
465.465059505641,0.02131515507392959
465.56505950564105,0.02174861298884429
465.66505950564107,0.022189051678264234
465.7650595056411,0.022636538978378598
465.8650595056411,0.0230911423311585
465.96505950564114,0.023552928753889448
466.06505950564116,0.024021964808267942
466.1650595056412,0.0244983165690689
466.2650595056412,0.02498204959239099
466.3650595056412,0.02547322888348738
466.46505950564125,0.025971918864189904
466.5650595056413,0.026478183339934673
466.6650595056413,0.026992085466398072
466.7650595056413,0.02751368771575208
466.86505950564134,0.0280430518425484
466.96505950564136,0.0285802388492413
467.0650595056414,0.029125308951359365
467.1650595056414,0.029678321542337106
467.26505950564143,0.03023933515801701
467.36505950564145,0.03080840744083405
467.4650595056415,0.0313855951036943
467.5650595056415,0.03197095389355981
467.6650595056415,0.03256453855475282
467.76505950564155,0.03316640279199199
467.86505950564157,0.03377659923317452
467.9650595056416,0.034395179391917836
468.0650595056416,0.03502219362987511
468.16505950564164,0.035657691118839666
468.26505950564166,0.03630171980265279
468.3650595056417,0.03695432635893097
468.4650595056417,0.03761555616062813
468.5650595056417,0.03828545323744917
468.66505950564175,0.03896406023713139
468.7650595056418,0.03965141838661112
468.8650595056418,0.040347567453092266
468.9650595056418,0.041052545705035415
469.06505950564184,0.04176638987308467
469.16505950564186,0.042489135110951454
469.2650595056419,0.04322081495627356
469.3650595056419,0.04396146129146886
469.46505950564193,0.044711104304603094
469.56505950564195,0.045469772450291525
469.665059505642,0.04623749241065459
469.765059505642,0.047014289056348094
469.865059505642,0.04780018540768846
469.96505950564205,0.04859520259589441
470.06505950564207,0.04939935982446616
470.1650595056421,0.05021267433072371
470.2650595056421,0.05103516134752637
470.36505950564214,0.05186683406519542
470.46505950564216,0.05270770359366228
470.5650595056422,0.053557778924865025
470.6650595056422,0.05441706689541584
470.7650595056422,0.05528557214956251
470.86505950564225,0.056163297102467515
470.9650595056423,0.05705024190382758
471.0650595056423,0.0579464044018579
471.1650595056423,0.058851780107664425
471.26505950564234,0.059766362160028355
471.36505950564236,0.06069014129062678
471.4650595056424,0.061623105789713764
471.5650595056424,0.0625652414722861
471.66505950564243,0.06351653164475818
471.76505950564245,0.06447695707217041
471.8650595056425,0.0654464959459558
471.9650595056425,0.06642512385228912
472.0650595056425,0.06741281374104366
472.16505950564255,0.06840953589537953
472.26505950564257,0.06941525790198902
472.3650595056426,0.07042994462202279
472.4650595056426,0.07145355816272221
472.56505950564264,0.07248605784978186
472.66505950564266,0.07352740020046691
472.7650595056427,0.0745775388975098
472.8650595056427,0.07563642476381048
472.9650595056427,0.07670400573796421
473.06505950564275,0.07778022685064133
473.1650595056428,0.07886503020184248
473.2650595056428,0.07995835493905332
473.3650595056428,0.0810601372363221
473.46505950564284,0.08217031027428336
473.56505950564286,0.08328880422115095
473.6650595056429,0.0844155462147034
473.7650595056429,0.08555046034528355
473.86505950564293,0.08669346763983571
473.96505950564296,0.08784448604700144
474.065059505643,0.08900343042329628
474.165059505643,0.09017021252038833
474.265059505643,0.09134474097349986
474.36505950564305,0.09252692129095272
474.46505950564307,0.0937166558448773
474.5650595056431,0.09491384386310532
474.6650595056431,0.09611838142226538
474.76505950564314,0.0973301614421007
474.86505950564316,0.09854907368102692
474.9650595056432,0.0997750047329483
475.0650595056432,0.10100783802534974
475.1650595056432,0.10224745381868132
475.26505950564325,0.10349372920705201
475.3650595056433,0.10474653812024817
475.4650595056433,0.10600575132709238
475.5650595056433,0.10727123644015685
475.66505950564334,0.1085428579218457
475.76505950564336,0.10982047709185971
475.8650595056434,0.11110395213605588
475.9650595056434,0.1123931381167143
476.06505950564343,0.11368788698422348
476.16505950564346,0.11498804759019529
476.2650595056435,0.1162934657020189
476.3650595056435,0.11760398401886393
476.4650595056435,0.11891944218914045
476.56505950564355,0.12023967682942444
476.66505950564357,0.12156452154485535
476.7650595056436,0.12289380695101218
476.8650595056436,0.12422736069727361
476.96505950564364,0.1255650074916668
477.06505950564366,0.12690656912720893
477.1650595056437,0.1282518645097443
477.2650595056437,0.1296007096872794
477.3650595056437,0.13095291788081725
477.46505950564375,0.13230829951669162
477.5650595056438,0.13366666226040066
477.6650595056438,0.13502781105193876
477.7650595056438,0.1363915481426246
477.86505950564384,0.13775767313342255
477.96505950564386,0.13912598301475282
478.0650595056439,0.14049627220778663
478.1650595056439,0.14186833260721993
478.26505950564393,0.14324195362551917
478.36505950564396,0.14461692223863168
478.465059505644,0.1459930230331523
478.565059505644,0.14737003825493664
478.665059505644,0.14874774785915057
478.76505950564405,0.1501259295617451
478.86505950564407,0.15150435889234404
478.9650595056441,0.15288280924853132
479.0650595056441,0.15426105195152423
479.16505950564414,0.15563885630321717
479.26505950564416,0.1570159896445803
479.3650595056442,0.15839221741539591
479.4650595056442,0.15976730321531504
479.56505950564423,0.16114100886621532
479.66505950564425,0.16251309447584053
479.7650595056443,0.1638833185027014
479.8650595056443,0.165251437822216
479.9650595056443,0.16661720779406725
480.06505950564434,0.16798038233075482
480.16505950564436,0.16934071396731662
480.2650595056444,0.17069795393219506
480.3650595056444,0.1720518522192222
480.46505950564443,0.17340215766069736
480.56505950564446,0.17474861800152866
480.6650595056445,0.17609097997441106
480.7650595056445,0.17742898937601076
480.8650595056445,0.17876239114412656
480.96505950564455,0.18009092943579671
481.06505950564457,0.18141434770631992
481.1650595056446,0.18273238878915785
481.2650595056446,0.18404479497668602
481.36505950564464,0.1853513081017592
481.46505950564466,0.18665166962005636
481.5650595056447,0.18794562069317028
481.6650595056447,0.18923290227240502
481.76505950564473,0.19051325518324552
481.86505950564475,0.1917864202104609
481.9650595056448,0.19305213818380437
482.0650595056448,0.19431015006427046
482.1650595056448,0.19556019703087085
482.26505950564484,0.19680202056788884
482.36505950564487,0.19803536255257215
482.4650595056449,0.19925996534322346
482.5650595056449,0.20047557186764708
482.66505950564493,0.2016819257119103
482.76505950564496,0.202878771209377
482.865059505645,0.20406585352997106
482.965059505645,0.20524291876962647
483.065059505645,0.20640971403988068
483.16505950564505,0.2075659875575678
483.26505950564507,0.20871148873456716
483.3650595056451,0.20984596826756333
483.4650595056451,0.21096917822777272
483.56505950564514,0.21208087215059246
483.66505950564516,0.2131808051251256
483.7650595056452,0.21426873388353876
483.8650595056452,0.21534441689020578
483.96505950564523,0.21640761443059262
484.06505950564525,0.21745808869983763
484.1650595056453,0.21849560389098208
484.2650595056453,0.21951992628280484
484.3650595056453,0.22053082432721585
484.46505950564534,0.22152806873616315
484.56505950564537,0.22251143256800746
484.6650595056454,0.22348069131331919
484.7650595056454,0.22443562298005282
484.86505950564543,0.2253760081780533
484.96505950564546,0.22630163020284952
485.0650595056455,0.2272122751186903
485.1650595056455,0.2281077318407788
485.2650595056455,0.2289877922166603
485.36505950564555,0.22985225110672058
485.46505950564557,0.23070090646375063
485.5650595056456,0.2315335594115348
485.6650595056456,0.23235001432241983
485.76505950564564,0.23315007889382225
485.86505950564566,0.23393356422363232
485.9650595056457,0.23470028488447348
486.0650595056457,0.23545005899677582
486.16505950564573,0.23618270830062424
486.26505950564575,0.2368980582263406
486.3650595056458,0.23759593796376152
486.4650595056458,0.23827618053017305
486.5650595056458,0.2389386228368643
486.66505950564584,0.23958310575426325
486.76505950564587,0.24020947417561808
486.8650595056459,0.24081757707918836
486.9650595056459,0.24140726758891135
487.06505950564593,0.24197840303350918
487.16505950564596,0.2425308450040037
487.265059505646,0.24306445940960658
487.365059505646,0.2435791165319527
487.465059505646,0.24407469107764687
487.56505950564605,0.2445510622290934
487.66505950564607,0.24500811369357978
487.7650595056461,0.24544573375058704
487.8650595056461,0.24586381529729917
487.96505950564614,0.2462622558922861
488.06505950564616,0.24664095779733516
488.1650595056462,0.24699982801740714
488.2650595056462,0.24733877833869392
488.36505950564623,0.24765772536475622
488.46505950564625,0.24795659055072036
488.5650595056463,0.24823530023551466
488.6650595056463,0.24849378567212677
488.7650595056463,0.2487319830558648
488.86505950564634,0.24894983355060563
488.96505950564637,0.24914728331301553
489.0650595056464,0.24932428351472916
489.1650595056464,0.24948079036247392
489.26505950564643,0.24961676511612832
489.36505950564646,0.24973217410470372
489.4650595056465,0.24982698874024034
489.5650595056465,0.24990118552960952
489.6650595056465,0.24995474608421517
489.76505950564655,0.24998765712758933
489.86505950564657,0.24999991050087678
489.9650595056466,0.24999150316620605
490.0650595056466,0.24996243720794467
490.16505950564664,0.2499127198318378
490.26505950564666,0.24984236336203125
490.3650595056467,0.24975138523597973
490.4650595056467,0.2496398079972443
490.56505950564673,0.2495076592861825
490.66505950564675,0.24935497182853644
490.7650595056468,0.24918178342192635
490.8650595056468,0.24898813692025606
490.9650595056468,0.24877408021604083
491.06505950564684,0.24853966622066648
491.16505950564687,0.24828495284259203
491.2650595056469,0.2480100029635082
491.3650595056469,0.2477148844124653
491.46505950564693,0.24739966993798573
491.56505950564696,0.2470644371781769
491.665059505647,0.24670926862886186
491.765059505647,0.24633425160974612
491.865059505647,0.24593947822863954
491.96505950564705,0.2455250453437547
492.06505950564707,0.24509105452410226
492.1650595056471,0.24463761200800707
492.2650595056471,0.24416482865976788
492.36505950564714,0.24367281992448603
492.46505950564716,0.24316170578108834
492.5650595056472,0.24263161069357145
492.6650595056472,0.24208266356049501
492.76505950564723,0.24151499766275264
492.86505950564725,0.24092875060964988
492.9650595056473,0.24032406428332045
493.0650595056473,0.2397010847815112
493.1650595056473,0.23905996235876895
493.26505950564734,0.23840085136606187
493.36505950564737,0.23772391018886954
493.4650595056474,0.2370293011837763
493.5650595056474,0.2363171906136035
493.66505950564743,0.235587748581117
493.76505950564746,0.23484114896134675
493.8650595056475,0.23407756933255613
493.9650595056475,0.23329719090589968
494.0650595056475,0.2325001984538076
494.16505950564755,0.23168678023713735
494.26505950564757,0.2308571279311319
494.3650595056476,0.2300114365502258
494.4650595056476,0.22914990437173985
494.56505950564764,0.22827273285850683
494.66505950564766,0.22738012658046947
494.7650595056477,0.2264722931352945
494.8650595056477,0.2255494430680448
494.96505950564773,0.22461178978995378
495.06505950564775,0.22365954949634526
495.1650595056478,0.22269294108374343
495.2650595056478,0.22171218606621695
495.3650595056478,0.22071750849100177
495.46505950564784,0.21970913485344787
495.56505950564787,0.21868729401133463
495.6650595056479,0.21765221709860036
495.7650595056479,0.2166041374385309
495.86505950564793,0.21554329045645337
495.96505950564796,0.21446991359198003
496.065059505648,0.2133842462108481
496.165059505648,0.212286529516401
496.265059505648,0.21117700646075704
496.36505950564805,0.21005592165570994
496.46505950564807,0.2089235212834082
496.5650595056481,0.20778005300685717
496.6650595056481,0.20662576588029008
496.76505950564814,0.20546091025945232
496.86505950564816,0.2042857377118445
496.9650595056482,0.20310050092696805
497.0650595056482,0.20190545362661866
497.16505950564823,0.20070085047527095
497.26505950564825,0.1994869469905983
497.3650595056483,0.19826399945417147
497.4650595056483,0.19703226482237904
497.5650595056483,0.19579200063761207
497.66505950564834,0.19454346493975577
497.76505950564837,0.19328691617802943
497.8650595056484,0.19202261312321647
497.9650595056484,0.19075081478032538
498.06505950564843,0.18947178030172176
498.16505950564846,0.18818576890077152
498.2650595056485,0.1868930397660342
498.3650595056485,0.1855938519760459
498.4650595056485,0.18428846441472876
498.56505950564855,0.18297713568746551
498.66505950564857,0.18166012403787543
498.7650595056486,0.18033768726532806
498.8650595056486,0.17901008264322996
498.96505950564864,0.17767756683811972
499.06505950564866,0.17634039582960492
499.1650595056487,0.17499882483117454
499.2650595056487,0.17365310821191943
499.36505950564873,0.17230349941919285
499.46505950564875,0.1709502509022415
499.5650595056488,0.16959361403683837
499.6650595056488,0.16823383905094552
499.7650595056488,0.1668711749514368
499.86505950564884,0.16550586945190696
499.96505950564887,0.16413816890159533
500.0650595056489,0.16276831821544901
500.1650595056489,0.16139656080535167
500.26505950564894,0.16002313851254182
500.36505950564896,0.15864829154124407
500.465059505649,0.15727225839353592
500.565059505649,0.15589527580547197
500.665059505649,0.1545175786844857
500.76505950564905,0.15313940004808946
500.86505950564907,0.15176097096389077
500.9650595056491,0.15038252049094342
501.0650595056491,0.14900427562245014
501.16505950564914,0.14762646122983325
501.26505950564916,0.14624930000818814
501.3650595056492,0.144873012423134
501.4650595056492,0.1434978166590751
501.56505950564923,0.142123928568885
501.66505950564925,0.14075156162502506
501.7650595056493,0.13938092687210796
501.8650595056493,0.13801223288091535
501.9650595056493,0.13664568570387894
502.06505950564934,0.1352814888320322
502.16505950564937,0.13391984315343952
502.2650595056494,0.1325609469131092
502.3650595056494,0.13120499567439453
502.46505950564944,0.12985218228188763
502.56505950564946,0.12850269682580873
502.6650595056495,0.1271567266078936
502.7650595056495,0.12581445610878011
502.8650595056495,0.12447606695689478
502.96505950564955,0.12314173789883862
503.0650595056496,0.12181164477127125
503.1650595056496,0.1204859604742913
503.2650595056496,0.11916485494630995
503.36505950564964,0.11784849514041393
503.46505950564966,0.1165370450022137
503.5650595056497,0.11523066544917093
503.6650595056497,0.11392951435139977
503.76505950564973,0.1126337465139343
503.86505950564975,0.11134351366045513
503.9650595056498,0.1100589644184661
504.0650595056498,0.10878024430591236
504.1650595056498,0.10750749571922963
504.26505950564984,0.10624085792281418
504.36505950564987,0.10498046703990208
504.4650595056499,0.10372645604484587
504.5650595056499,0.10247895475677592
504.66505950564994,0.10123808983463307
504.76505950564996,0.10000398477355896
504.86505950565,0.09877675990262899
504.96505950565,0.09755653238391329
505.06505950565,0.09634341621284956
505.16505950565005,0.09513752221991185
505.2650595056501,0.09393895807355811
505.3650595056501,0.09274782828443934
505.4650595056501,0.09156423421085272
505.56505950565014,0.09038827406541956
505.66505950565016,0.0892200429229704
505.7650595056502,0.08805963272961694
505.8650595056502,0.08690713231299163
505.96505950565023,0.08576262739363472
506.06505950565025,0.08462620059750811
506.1650595056503,0.0834979314696152
506.2650595056503,0.08237789648870543
506.3650595056503,0.08126616908304182
506.46505950565034,0.08016281964720973
506.56505950565037,0.07906791555994452
506.6650595056504,0.07798152120295541
506.7650595056504,0.07690369798072325
506.86505950565044,0.07583450434124829
506.96505950565046,0.07477399579772574
507.0650595056505,0.07372222495112474
507.1650595056505,0.07267924151364742
507.2650595056505,0.07164509233304439
507.36505950565055,0.0706198214177622
507.4650595056506,0.069603469962899
507.5650595056506,0.06859607637694379
507.6650595056506,0.06759767630927539
507.76505950565064,0.066608302678396
507.86505950565066,0.0656279857008753
507.9650595056507,0.06465675292098043
508.0650595056507,0.06369462924096699
508.16505950565073,0.06274163695200682
508.26505950565075,0.06179779576572743
508.3650595056508,0.06086312284633891
508.4650595056508,0.059937632843323436
508.5650595056508,0.059021337924662944
508.66505950565085,0.058114247810580444
508.76505950565087,0.057216369807770597
508.8650595056509,0.05632770884409509
508.9650595056509,0.055448267503718916
509.06505950565094,0.05457804606266306
509.16505950565096,0.05371704252474992
509.265059505651,0.05286525265791758
509.365059505651,0.052022670030879216
509.465059505651,0.05118928605010416
509.56505950565105,0.05036508999709753
509.6650595056511,0.049550069065954994
509.7650595056511,0.04874420840117003
509.8650595056511,0.047947491135671094
509.96505950565114,0.04715989842906587
510.06505950565116,0.04638140950607099
510.1650595056512,0.04561200169510479
510.2650595056512,0.04485165046702168
510.36505950565123,0.044100329473966866
510.46505950565125,0.04335801058832997
510.5650595056513,0.04262466394177712
510.6650595056513,0.04190025796434076
510.7650595056513,0.041184759423547004
510.86505950565135,0.04047813346356096
510.96505950565137,0.03978034364432988
511.0650595056514,0.03909135198070569
511.1650595056514,0.038411118981527284
511.26505950565144,0.03773960368864467
511.36505950565146,0.03707676371586634
511.4650595056515,0.036422555287812346
511.5650595056515,0.03577693327865553
511.6650595056515,0.03513985125073384
511.76505950565155,0.03451126149301698
511.8650595056516,0.033891115059411205
511.9650595056516,0.03327936180688616
512.0650595056516,0.03267595043340869
512.1650595056517,0.032080828515665696
512.2650595056516,0.03149394254657094
512.3650595056517,0.03091523797252022
512.4650595056517,0.030344659230413563
512.5650595056518,0.029782149784391577
512.6650595056517,0.02922765216231402
512.7650595056518,0.028681107991926694
512.8650595056517,0.028142458036744863
512.9650595056519,0.02761164223160117
513.0650595056518,0.027088599717886117
513.1650595056519,0.026573268878430742
513.2650595056518,0.02606558737205952
513.365059505652,0.02556549216776474
513.4650595056519,0.025072919578530396
513.565059505652,0.024587805294758548
513.6650595056519,0.02411008441732594
513.7650595056521,0.02363969149022579
513.865059505652,0.02317656053282207
513.9650595056521,0.022720625071673366
514.065059505652,0.02227181817195293
514.1650595056522,0.021830072468424336
514.2650595056521,0.02139532019599869
514.3650595056522,0.020967493219834706
514.4650595056521,0.020546523065007587
514.5650595056522,0.02013234094570931
514.6650595056522,0.019724877794006543
514.7650595056523,0.019324064288120186
514.8650595056522,0.018929830880252373
514.9650595056523,0.01854210782392717
515.0650595056522,0.01816082520087005
515.1650595056524,0.017785912947394178
515.2650595056523,0.017417300880318485
515.3650595056524,0.017054918722387014
515.4650595056523,0.016698696127214373
515.5650595056525,0.01634856270372824
515.6650595056524,0.01600444804013364
515.7650595056525,0.01566628172737144
515.8650595056524,0.015333993382095429
515.9650595056526,0.015007512669142053
516.0650595056525,0.014686769323516868
516.1650595056526,0.014371693171873237
516.2650595056525,0.014062214153507011
516.3650595056527,0.013758262340844244
516.4650595056526,0.013459767959445356
516.5650595056527,0.013166661407504117
516.6650595056526,0.01287887327486471
516.7650595056527,0.012596334361536392
516.8650595056527,0.012318975695728908
516.9650595056528,0.012046728551389389
517.0650595056527,0.011779524465263536
517.1650595056528,0.011517295253463131
517.2650595056527,0.011259973027562365
517.3650595056529,0.011007490210206219
517.4650595056528,0.010759779550253005
517.5650595056529,0.01051677413743561
517.6650595056528,0.010278407416563034
517.765059505653,0.010044613201248026
517.8650595056529,0.009815325687182026
517.965059505653,0.009590479464944224
518.0650595056529,0.009370009532365739
518.1650595056531,0.009153851306436556
518.265059505653,0.008941940634776099
518.3650595056531,0.008734213806655847
518.465059505653,0.008530607563594627
518.5650595056532,0.008331059109515964
518.6650595056531,0.008135506120487577
518.7650595056532,0.007943886754033484
518.8650595056531,0.0077561396580383525
518.9650595056532,0.007572203979235335
519.0650595056532,0.00739201937129679
519.1650595056533,0.0072155260025198115
519.2650595056532,0.00704266456312563
519.3650595056533,0.0068733762721655415
519.4650595056532,0.006707602884052079
519.5650595056534,0.006545286694708778
519.6650595056533,0.006386370547356831
519.7650595056534,0.0062307978379326605
519.8650595056533,0.006078512520154376
519.9650595056535,0.005929459110231679
520.0650595056534,0.00578358269123684
520.1650595056535,0.0056408289171319
520.2650595056534,0.0055011440164692655
520.3650595056536,0.005364474795761492
520.4650595056535,0.005230768642536945
520.5650595056536,0.0050999735280776665
520.6650595056535,0.004972038009855751
520.7650595056537,0.004846911233664984
520.8650595056536,0.004724542935463735
520.9650595056537,0.004604883442926179
521.0650595056536,0.00448788367671752
521.1650595056537,0.004373495151490671
521.2650595056537,0.0042616699766196186
521.3650595056538,0.0041523608566673776
521.4650595056537,0.00404552109160327
521.5650595056538,0.0039411045767678435
521.6650595056537,0.003839065802599709
521.7650595056539,0.003739359854122955
521.8650595056538,0.003641942410208987
521.9650595056539,0.0035467697426117477
522.0650595056538,0.003453798714789777
522.165059505654,0.003362986780514265
522.2650595056539,0.0032742919822761987
522.365059505654,0.0031876729494920127
522.4650595056539,0.00310308889652035
522.5650595056541,0.003020499620489628
522.665059505654,0.0029398654989486127
522.7650595056541,0.002861147487339801
522.865059505654,0.002784307116307494
522.9650595056542,0.0027093064888405287
523.0650595056541,0.002636108277261073
523.1650595056542,0.002564675720059655
523.2650595056541,0.002494972618587443
523.3650595056542,0.002426963333606032
523.4650595056542,0.0023606127817053825
523.5650595056543,0.002295886431590269
523.6650595056542,0.0022327503002455167
523.7650595056543,0.002171170948980423
523.8650595056542,0.0021111154793622975
523.9650595056544,0.0020525515290396156
524.0650595056543,0.0019954472674642548
524.1650595056544,0.0019397713915134441
524.2650595056543,0.0018854931210205168
524.3650595056545,0.0018325821942150884
524.4650595056544,0.0017810088630814335
524.5650595056545,0.0017307438886357053
524.6650595056544,0.0016817585361303803
524.7650595056546,0.0016340245701866483
524.8650595056545,0.0015875142498627186
524.9650595056546,0.001542200323658801
525.0650595056545,0.0014980560244663786
525.1650595056547,0.001455055064462546
525.2650595056546,0.00141317162995666
525.3650595056547,0.0013723803761900807
525.4650595056546,0.0013326564220959255
525.5650595056547,0.0012939753450195953
525.6650595056547,0.0012563131754066486
525.7650595056548,0.001219646391458774
525.8650595056547,0.0011839519137641344
525.9650595056548,0.0011492070999027661
526.0650595056547,0.001115389739033016
526.1650595056549,0.0010824780464596844
526.2650595056548,0.0010504506581895067
526.3650595056549,0.0010192866254746325
526.4650595056548,0.0009889654093494455
526.565059505655,0.0009594668751613112
526.6650595056549,0.0009307712871003316
526.765059505655,0.0009028593027286348
526.8650595056549,0.000875711967514007
526.9650595056551,0.0008493107093683342
527.065059505655,0.0008236373331953945
527.1650595056551,0.0007986740154484278
527.265059505655,0.0007744032987017316
527.3650595056552,0.000750808086236692
527.4650595056551,0.0007278716366462117
527.5650595056552,0.0007055775584579046
527.6650595056551,0.0006839098047797747
527.7650595056552,0.0006628526679686858
527.8650595056552,0.0006423907743250943
527.9650595056553,0.0006225090788143196
528.0650595056552,0.0006031928598175682
528.1650595056553,0.0005844277139129364
528.2650595056552,0.0005661995506894063
528.3650595056554,0.0005484945875939679
528.4650595056553,0.0005312993448147006
528.5650595056554,0.0005146006401998738
528.6650595056553,0.000498385584215701
528.7650595056555,0.0004826415749427486
528.8650595056554,0.00046735629311343987
528.9650595056555,0.00045251769719060884
529.0650595056554,0.00043811401848933205
529.1650595056556,0.00042413375634196886
529.2650595056555,0.000410565673308446
529.3650595056556,0.0003973987904316568
529.4650595056555,0.00038462238253985054
529.5650595056557,0.00037222597359583135
529.6650595056556,0.00036019933209467545
529.7650595056557,0.00034853246650973555
529.8650595056556,0.00033721562078848624
529.9650595056557,0.00032623926989793736
530.0650595056557,0.00031559411542101973
530.1650595056558,0.00030527108120361677
530.2650595056557,0.000295261309053513
530.3650595056558,0.00028555615449089584
530.4650595056557,0.0002761471825515372
530.5650595056559,0.0002670261636422538
530.6650595056558,0.00025818506944965026
530.7650595056559,0.0002496160689017049
530.8650595056558,0.00024131152418307997
530.965059505656,0.00023326398680368116
531.0650595056559,0.0002254661937212363
531.165059505656,0.0002179110635173879
531.2650595056559,0.00021059169262795463
531.3650595056561,0.0002035013516268343
531.465059505656,0.0001966334815640988
531.5650595056561,0.00018998169035772634
531.665059505656,0.00018353974923942628
531.7650595056562,0.0001773015892539777
531.8650595056561,0.00017126129781244877
531.9650595056562,0.00016541311529869073
532.0650595056561,0.00015975143172939835
532.1650595056562,0.00015427078346710242
532.2650595056562,0.00014896584998631246
532.3650595056563,0.0001438314506921569
532.4650595056562,0.00013886254179166517
532.5650595056563,0.0001340542132170246
532.6650595056562,0.000129401685600888
532.7650595056564,0.00012490030730305163
532.8650595056563,0.0001205455514885185
532.9650595056564,0.00011633301325625166
533.0650595056563,0.00011225840681857887
533.1650595056565,0.00010831756273054126
533.2650595056564,0.00010450642516909445
533.3650595056565,0.00010082104926144903
533.4650595056564,9.725759846240777e-05
533.5650595056566,9.381234197998178e-05
533.6650595056565,9.048165224910007e-05
533.7650595056566,8.726200245268755e-05
533.8650595056565,8.414996408988792e-05
533.9650595056567,8.1142204590704e-05
534.0650595056566,7.823548497679422e-05
534.1650595056567,7.542665756769782e-05
534.2650595056566,7.271266373219458e-05
534.3650595056567,7.009053168407196e-05
534.4650595056567,6.755737432197717e-05
534.5650595056568,6.511038711262641e-05
534.6650595056567,6.274684601702633e-05
534.7650595056568,6.0464105458981556e-05
534.8650595056567,5.8259596335518725e-05
534.9650595056569,5.613082406850824e-05
535.0650595056568,5.407536669709386e-05
535.1650595056569,5.2090873010214234e-05
535.2650595056568,5.017506071881298e-05
535.365059505657,4.832571466702553e-05
535.4650595056569,4.6540685081926516e-05
535.565059505657,4.4817885861132186e-05
535.6650595056569,4.3155292897830395e-05
535.7650595056571,4.155094244254149e-05
535.865059505657,4.000292950117162e-05
535.9650595056571,3.8509406268672296e-05
536.065059505657,3.706858059786072e-05
536.1650595056572,3.5678714502722714e-05
536.2650595056571,3.4338122695748536e-05
536.3650595056572,3.304517115863486e-05
536.4650595056571,3.1798275745898076e-05
536.5650595056572,3.059590082074459e-05
536.6650595056572,2.9436557922740143e-05
536.7650595056573,2.8318804466637445e-05
536.8650595056572,2.724124247190216e-05
536.9650595056573,2.6202517322310004e-05
537.0650595056572,2.5201316555155052e-05
537.1650595056574,2.423636867945628e-05
537.2650595056573,2.3306442022703125e-05
537.3650595056574,2.241034360554165e-05
537.4650595056573,2.1546918043945124e-05
537.5650595056575,2.0715046478283788e-05
537.6650595056574,1.9913645528843423e-05
537.7650595056575,1.9141666277219793e-05
537.8650595056574,1.839809327314561e-05
537.9650595056576,1.7681943566190356e-05
538.0650595056575,1.6992265761896108e-05
538.1650595056576,1.632813910180463e-05
538.2650595056575,1.568867256694507e-05
538.3650595056577,1.5073004004253417e-05
538.4650595056576,1.4480299275499192e-05
538.5650595056577,1.3909751428206808e-05
538.6650595056576,1.3360579888154338e-05
538.7650595056577,1.283202967295242e-05
538.8650595056577,1.2323370626294936e-05
538.9650595056578,1.1833896672398605e-05
539.0650595056577,1.1362925090232757e-05
539.1650595056578,1.0909795807071445e-05
539.2650595056577,1.0473870710978185e-05
539.3650595056579,1.0054532981770918e-05
539.4650595056578,9.651186440087138e-06
539.5650595056579,9.263254914111403e-06
539.6650595056578,8.890181623595757e-06
539.765059505658,8.531428580749595e-06
539.8650595056579,8.186476007639842e-06
539.965059505658,7.854821769692987e-06
540.0650595056579,7.535980824949643e-06
540.1650595056581,7.2294846886780816e-06
540.265059505658,6.9348809130079325e-06
540.3650595056581,6.65173258120453e-06
540.465059505658,6.379617816255797e-06
540.5650595056582,6.118129303406379e-06
540.6650595056581,5.866873826321292e-06
540.7650595056582,5.6254718165276406e-06
540.8650595056581,5.393556915827604e-06
540.9650595056582,5.170775551344361e-06
541.0650595056582,4.9567865229050265e-06
541.1650595056583,4.751260602435552e-06
541.2650595056582,4.553880145082087e-06
541.3650595056583,4.364338711746789e-06
541.4650595056582,4.182340702762962e-06
541.5650595056584,4.007601002410437e-06
541.6650595056583,3.839844634006084e-06
541.7650595056584,3.6788064252829668e-06
541.8650595056583,3.524230683803198e-06
541.9650595056585,3.375870882129964e-06
542.0650595056584,3.233489352513931e-06
542.1650595056585,3.096856990831231e-06
542.2650595056584,2.9657529695379866e-06
542.3650595056586,2.8399644593901864e-06
542.4650595056585,2.7192863597033462e-06
542.5650595056586,2.6035210369119574e-06
542.6650595056585,2.492478071212601e-06
542.7650595056587,2.385974011061509e-06
542.8650595056586,2.28383213531962e-06
542.9650595056587,2.185882222826413e-06
543.0650595056586,2.091960329204549e-06
543.1650595056587,2.0019085706866958e-06
543.2650595056587,1.915574914775302e-06
543.3650595056588,1.8328129775365801e-06
543.4650595056587,1.7534818273478263e-06
543.5650595056588,1.677445794908884e-06
543.6650595056587,1.6045742893451467e-06
543.7650595056589,1.5347416202219744e-06
543.8650595056588,1.4678268253059584e-06
543.9650595056589,1.4037135039017032e-06
544.0650595056588,1.342289655607326e-06
544.165059505659,1.2834475243258007e-06
544.2650595056589,1.227083447382829e-06
544.365059505659,1.173097709596569e-06
544.4650595056589,1.1213944021571136e-06
544.5650595056591,1.0718812861689e-06
544.665059505659,1.0244696607209122e-06
544.7650595056591,9.79074235345424e-07
544.865059505659,9.356130067368645e-07
544.9650595056592,8.940071395987705e-07
545.0650595056591,8.541808514969053e-07
545.1650595056592,8.160613015934415e-07
545.2650595056591,7.795784831465206e-07
545.3650595056592,7.44665119656713e-07
545.4650595056592,7.112565645507105e-07
545.5650595056593,6.792907042901221e-07
545.6650595056592,6.487078648014275e-07
545.7650595056593,6.194507211210847e-07
545.8650595056592,5.914642101573284e-07
545.9650595056594,5.646954464684724e-07
546.0650595056593,5.390936409645514e-07
546.1650595056594,5.146100224376318e-07
546.2650595056593,4.911977618327085e-07
546.3650595056595,4.6881189916980875e-07
546.4650595056594,4.4740927303404174e-07
