410.34678949310916,1.4567357995948932e-10
410.4467894931092,1.6567320695247558e-10
410.5467894931092,1.8834324426202164e-10
410.6467894931092,2.1402972682074842e-10
410.74678949310925,2.431220950717252e-10
410.84678949310927,2.76058449340274e-10
410.9467894931093,3.133314157174818e-10
411.0467894931093,3.5549469155064584e-10
411.14678949310934,4.0317034584579854e-10
411.24678949310936,4.5705695781715414e-10
411.3467894931094,5.179386855344751e-10
411.4467894931094,5.866953661946944e-10
411.54678949310943,6.643137600571909e-10
411.64678949310945,7.519000616182223e-10
411.7467894931095,8.506938142513243e-10
411.8467894931095,9.620833784067447e-10
411.9467894931095,1.0876231186522687e-09
412.04678949310954,1.2290524914660624e-09
412.14678949310957,1.388317233885944e-09
412.2467894931096,1.5675928730132528e-09
412.3467894931096,1.7693107981105086e-09
412.44678949310963,1.9961871607764935e-09
412.54678949310966,2.251254894600117e-09
412.6467894931097,2.5378991739672318e-09
412.7467894931097,2.8598966625172653e-09
412.8467894931097,3.221458935329753e-09
412.94678949310975,3.6272804954880607e-09
413.04678949310977,4.0825918454606725e-09
413.1467894931098,4.593218117016958e-09
413.2467894931098,5.165643810429019e-09
413.34678949310984,5.807084244799881e-09
413.44678949310986,6.525564376815111e-09
413.5467894931099,7.330005705373718e-09
413.6467894931099,8.23032204477512e-09
413.74678949310993,9.237525019799212e-09
413.84678949310995,1.0363840212523534e-08
413.94678949311,1.162283497350269e-08
414.04678949311,1.3029558999448381e-08
414.14678949311,1.4600698876275899e-08
414.24678949311004,1.635474789083765e-08
414.34678949311007,1.8312192527389084e-08
414.4467894931101,2.049571718639728e-08
414.5467894931101,2.293042879431377e-08
414.64678949311013,2.564410311403032e-08
414.74678949311016,2.8667454717585025e-08
414.8467894931102,3.2034432745999e-08
414.9467894931102,3.578254475663631e-08
415.0467894931102,3.9953211146978e-08
415.14678949311025,4.4592152845987797e-08
415.24678949311027,4.974981518119359e-08
415.3467894931103,5.548183106208627e-08
415.4467894931103,6.184952686939248e-08
415.54678949311034,6.892047470616825e-08
415.64678949311036,7.676909495150407e-08
415.7467894931104,8.547731336195478e-08
415.8467894931104,9.513527729073038e-08
415.94678949311043,1.058421359412777e-07
416.04678949311045,1.1770688994136046e-07
416.1467894931105,1.3084931591725104e-07
416.2467894931105,1.4540097216644885e-07
416.3467894931105,1.615062919726691e-07
416.44678949311054,1.7932377158000368e-07
416.54678949311057,1.9902726034545864e-07
416.6467894931106,2.2080736112186277e-07
416.7467894931106,2.4487294948776424e-07
416.84678949311063,2.714528210387983e-07
416.94678949311066,3.007974765874538e-07
417.0467894931107,3.331810557866674e-07
417.1467894931107,3.689034303985183e-07
417.2467894931107,4.0829246917399716e-07
417.34678949311075,4.5170648709466983e-07
417.44678949311077,4.995368925534089e-07
417.5467894931108,5.522110469206896e-07
417.6467894931108,6.101953518562763e-07
417.74678949311084,6.739985806850164e-07
417.84678949311086,7.441754711608298e-07
417.9467894931109,8.213305979961138e-07
418.0467894931109,9.061225446356607e-07
418.14678949311093,9.992683949057203e-07
418.24678949311095,1.101548566370907e-06
418.346789493111,1.2138120084848735e-06
418.446789493111,1.3369817899257848e-06
418.546789493111,1.4720611008647363e-06
418.64678949311104,1.6201396973248677e-06
418.74678949311107,1.7824008162509598e-06
418.8467894931111,1.960128591423391e-06
418.9467894931111,2.154716001916417e-06
419.04678949311113,2.367673386417749e-06
419.14678949311116,2.6006375583935245e-06
419.2467894931112,2.8553815587988694e-06
419.3467894931112,3.133825084797245e-06
419.4467894931112,3.438045634760337e-06
419.54678949311125,3.7702904116714487e-06
419.64678949311127,4.132989028946501e-06
419.7467894931113,4.528767064615283e-06
419.8467894931113,4.960460511766582e-06
419.94678949311134,5.431131175151427e-06
420.04678949311136,5.94408306585322e-06
420.1467894931114,6.502879847967189e-06
420.2467894931114,7.111363393278561e-06
420.34678949311143,7.773673501982358e-06
420.44678949311145,8.49426884954096e-06
420.5467894931115,9.277949221820663e-06
420.6467894931115,1.012987910267722e-05
420.7467894931115,1.105561268016249e-05
420.84678949311154,1.206112033949229e-05
420.94678949311157,1.315281671283533e-05
421.0467894931116,1.4337590357846406e-05
421.1467894931116,1.562283513865934e-05
421.24678949311163,1.701648338476473e-05
421.34678949311166,1.8527040904808966e-05
421.4467894931117,2.0163623933851447e-05
421.5467894931117,2.1935998093988205e-05
421.6467894931117,2.3854619449477904e-05
421.74678949311175,2.593067773857199e-05
421.84678949311177,2.8176141865135635e-05
421.9467894931118,3.060380773383209e-05
422.0467894931118,3.322734851311005e-05
422.14678949311184,3.6061367410458515e-05
422.24678949311186,3.9121453044358844e-05
422.3467894931119,4.242423749704186e-05
422.4467894931119,4.598745713152978e-05
422.54678949311193,4.9830016255482877e-05
422.64678949311195,5.3972053713052646e-05
422.746789493112,5.843501248424717e-05
422.846789493112,6.324171236920463e-05
422.946789493112,6.841642583223699e-05
423.04678949311204,7.398495707749954e-05
423.14678949311207,7.997472442466192e-05
423.2467894931121,8.641484604894873e-05
423.3467894931121,9.333622914537982e-05
423.44678949311214,0.0001007716625719264
423.54678949311216,0.00010875591302059367
423.6467894931122,0.00011732582475910887
423.7467894931122,0.0001265204229789194
423.8467894931122,0.00013638102077754834
423.94678949311225,0.0001469513297950073
424.04678949311227,0.00015827757451488677
424.1467894931123,0.00017040861023092716
424.2467894931123,0.0001833960446692806
424.34678949311234,0.00019729436324529632
424.44678949311236,0.00021216105792148045
424.5467894931124,0.00022805675962027377
424.6467894931124,0.00024504537413144343
424.74678949311243,0.0002631942214391979
424.84678949311245,0.000282574178378574
424.9467894931125,0.0003032598245142405
425.0467894931125,0.00032532959111756355
425.1467894931125,0.00034886591309963986
425.24678949311254,0.0003739553837389742
425.34678949311257,0.0004006889120226168
425.4467894931126,0.0004291618823988354
425.5467894931126,0.00045947431671787277
425.64678949311264,0.0004917310381149524
425.74678949311266,0.0005260418365665815
425.8467894931127,0.0005625216358272695
425.9467894931127,0.0006012906614291972
426.0467894931127,0.0006424746094020622
426.14678949311275,0.0006862048153443901
426.2467894931128,0.0007326184234511461
426.3467894931128,0.0007818585550753999
426.4467894931128,0.0008340744763743807
426.54678949311284,0.0008894217645623599
426.64678949311286,0.0009480624722646761
426.7467894931129,0.001010165289438786
426.8467894931129,0.001075905702299768
426.94678949311293,0.00114546614865911
427.04678949311295,0.001219036169057162
427.146789493113,0.001296812553041347
427.246789493113,0.0013789994799141899
427.346789493113,0.0014658086532476984
427.44678949311304,0.0015574594284335694
427.54678949311307,0.0016541789325123552
427.6467894931131,0.0017562021754992535
427.7467894931131,0.0018637721523995898
427.84678949311314,0.001977139935083708
427.94678949311316,0.0020965647531688055
428.0467894931132,0.0022223140630346283
428.1467894931132,0.0023546636040808274
428.2467894931132,0.002493897441316474
428.34678949311325,0.002640307993356974
428.4467894931133,0.002794196044890313
428.5467894931133,0.002955870742663712
428.6467894931133,0.0031256495740333017
428.74678949311334,0.00330385832711372
428.84678949311336,0.0034908310315614833
428.9467894931134,0.0036869098790261465
429.0467894931134,0.0038924451223064645
429.14678949311343,0.004107794952255371
429.24678949311345,0.004333325351487676
429.3467894931135,0.00456940992395829
429.4467894931135,0.0048164296994962115
429.5467894931135,0.005074772912401316
429.64678949311354,0.00534483475323656
429.74678949311357,0.005627017092978313
429.8467894931136,0.005921728178721754
429.9467894931136,0.006229382300177135
430.04678949311364,0.006550399426236236
430.14678949311366,0.006885204810936075
430.2467894931137,0.007234228568200128
430.3467894931137,0.007597905214794432
430.4467894931137,0.007976673180998706
430.54678949311375,0.008370974288559452
430.6467894931138,0.0087812531955643
430.7467894931138,0.009207956807953494
430.8467894931138,0.00965153365746596
430.94678949311384,0.010112433245903937
431.04678949311386,0.010591105355690609
431.1467894931139,0.0110879993267909
431.2467894931139,0.011603563300165147
431.34678949311393,0.012138243428029355
431.44678949311395,0.012692483051303669
431.546789493114,0.013266721844742545
431.646789493114,0.013861394930355372
431.746789493114,0.014476931959845046
431.84678949311404,0.01511375616691366
431.94678949311407,0.015772283390409005
432.0467894931141,0.016452921069412273
432.1467894931141,0.017156067211496418
432.24678949311414,0.01788210933551498
432.34678949311416,0.018631423390413078
432.4467894931142,0.019404372651684737
432.5467894931142,0.02020130659723372
432.6467894931142,0.021022559764528
432.74678949311425,0.021868450591069812
432.8467894931143,0.02273928024033483
432.9467894931143,0.023635331415463187
433.0467894931143,0.024556867163112298
433.14678949311434,0.02550412967000613
433.24678949311436,0.026477339054836686
433.3467894931144,0.027476692158290884
433.4467894931144,0.02850236133408879
433.54678949311443,0.029554493244026914
433.64678949311445,0.030633207660122837
433.7467894931145,0.03173859627705275
433.8467894931145,0.032870721538163256
433.9467894931145,0.034029615478419956
434.04678949311455,0.03521527858772959
434.14678949311457,0.03642767869813732
434.2467894931146,0.0376667498984571
434.3467894931146,0.03893239147993977
434.44678949311464,0.04022446691661954
434.54678949311466,0.04154280288400595
434.6467894931147,0.04288718831980281
434.7467894931147,0.04425737353033901
434.8467894931147,0.04565306934638773
434.94678949311475,0.04707394633202987
435.0467894931148,0.04851963405018388
435.1467894931148,0.04998972038837828
435.2467894931148,0.05148375094828424
435.34678949311484,0.05300122850245228
435.44678949311486,0.05454161252161229
435.5467894931149,0.05610431877579591
435.6467894931149,0.05768871901242773
435.74678949311493,0.059294140714405245
435.84678949311495,0.06091986694104755
435.946789493115,0.06256513625463937
436.046789493115,0.06422914273513076
436.146789493115,0.06591103608537321
436.24678949311505,0.06760992182908088
436.34678949311507,0.06932486160350167
436.4467894931151,0.07105487354856604
436.5467894931151,0.07279893279405476
436.64678949311514,0.07455597204608738
436.74678949311516,0.0763248822739856
436.8467894931152,0.0781045134983064
436.9467894931152,0.07989367568057323
437.0467894931152,0.08169113971495828
437.14678949311525,0.08349563852188517
437.2467894931153,0.08530586824323359
437.3467894931153,0.08712048953853159
437.4467894931153,0.08893812898122205
437.54678949311534,0.0907573805537868
437.64678949311536,0.09257680724020632
437.7467894931154,0.09439494271392518
437.8467894931154,0.09621029311918576
437.94678949311543,0.09802133894328599
438.04678949311545,0.09982653697701047
438.1467894931155,0.10162432236018264
438.2467894931155,0.10341311070898665
438.3467894931155,0.10519130032141416
438.44678949311555,0.10695727445690494
438.54678949311557,0.10870940368596942
438.6467894931156,0.11044604830531234
438.7467894931156,0.11216556081371358
438.84678949311564,0.11386628844367425
438.94678949311566,0.1155465757435961
439.0467894931157,0.11720476720503895
439.1467894931157,0.11883920992938862
439.2467894931157,0.12044825632807286
439.34678949311575,0.12203026685028232
439.4467894931158,0.12358361273199102
439.5467894931158,0.12510667875992526
439.6467894931158,0.12659786604400305
439.74678949311584,0.1280555947916588
439.84678949311586,0.12947830707738012
439.9467894931159,0.13086446960071604
440.0467894931159,0.13221257642596962
440.14678949311593,0.13352115169676249
440.24678949311595,0.13478875231865584
440.346789493116,0.13601397060302986
440.446789493116,0.1371954368654646
440.546789493116,0.13833182197192725
440.64678949311605,0.1394218398261559
440.74678949311607,0.14046424979173563
440.8467894931161,0.14145785904249217
440.9467894931161,0.14240152483497714
441.04678949311614,0.14329415669699103
441.14678949311616,0.14413471852628096
441.2467894931162,0.14492223059376316
441.3467894931162,0.1456557714458506
441.4467894931162,0.14633447970071717
441.54678949311625,0.14695755573359862
441.6467894931163,0.14752426324651483
441.7467894931163,0.14803393071810078
441.8467894931163,0.14848595272955048
441.94678949311634,0.14887979116300903
442.04678949311636,0.14921497626909244
442.1467894931164,0.1494911076005707
442.2467894931164,0.1497078548096167
442.34678949311643,0.14986495830639876
442.44678949311646,0.14996222977717888
442.5467894931165,0.14999955256046973
442.6467894931165,0.14999096906035617
442.7467894931165,0.14995868055033362
442.84678949311655,0.14990297482126733
442.94678949311657,0.1498238779754892
443.0467894931166,0.14972142706471908
443.1467894931166,0.1495956700611389
443.24678949311664,0.14944666581995683
443.34678949311666,0.14927448403350183
443.4467894931167,0.1490792051768991
443.5467894931167,0.14886092044538543
443.6467894931167,0.14861973168333295
443.74678949311675,0.14835575130505865
443.8467894931168,0.14806910220750574
443.9467894931168,0.14775991767489183
444.0467894931168,0.1474283412754275
444.14678949311684,0.14707452675021768
444.24678949311686,0.1466986378944652
444.3467894931169,0.1463008484311062
444.4467894931169,0.14588134187701307
444.54678949311693,0.14544031140190938
444.64678949311696,0.14497795968014884
444.746789493117,0.1444944987355171
444.846789493117,0.14399014977922295
444.946789493117,0.14346514304125238
445.04678949311705,0.142919717595265
445.14678949311707,0.14235412117721957
445.2467894931171,0.141768609997921
445.3467894931171,0.14116344854968746
445.44678949311714,0.14053890940734148
445.54678949311716,0.13989527302373497
445.6467894931172,0.1392328275200222
445.7467894931172,0.13855186847090054
445.8467894931172,0.13785269868504268
445.94678949311725,0.13713562798094847
446.0467894931173,0.13640097295844827
446.1467894931173,0.13564905676609362
446.2467894931173,0.1348802088646737
446.34678949311734,0.13409476478709986
446.44678949311736,0.1332930658949024
446.5467894931174,0.1324754591315863
446.6467894931174,0.1316422967730952
446.74678949311743,0.13079393617563354
446.84678949311746,0.12993073952109893
446.9467894931175,0.12905307356037796
447.0467894931175,0.12816130935475845
447.1467894931175,0.12725582201571267
447.24678949311755,0.12633699044330549
447.34678949311757,0.12540519706348102
447.4467894931176,0.12446082756448153
447.5467894931176,0.12350427063265068
447.64678949311764,0.12253591768787259
447.74678949311766,0.12155616261889637
447.8467894931177,0.12056540151879425
447.9467894931177,0.11956403242079912
448.0467894931177,0.11855245503476522
448.14678949311775,0.1175310704844929
448.2467894931178,0.11650028104615524
448.3467894931178,0.1154604898880617
448.4467894931178,0.11441210081198987
448.54678949311784,0.11335551799631317
448.64678949311786,0.11229114574114804
448.7467894931179,0.11121938821574007
448.8467894931179,0.11014064920830427
448.94678949311793,0.10905533187852962
449.04678949311796,0.10796383851295337
449.146789493118,0.1068665702834056
449.246789493118,0.10576392700871896
449.346789493118,0.1046563069198931
449.44678949311805,0.10354410642889787
449.54678949311807,0.1024277199012932
449.6467894931181,0.10130753943283764
449.7467894931181,0.10018395463025177
449.84678949311814,0.09905735239629558
449.94678949311816,0.09792811671931355
450.0467894931182,0.09679662846739356
450.1467894931182,0.09566326518727997
450.24678949311823,0.09452840090817391
450.34678949311825,0.09339240595054712
450.4467894931183,0.09225564674008906
450.5467894931183,0.09111848562689934
450.6467894931183,0.08998128071003121
450.74678949311834,0.08884438566748455
450.84678949311837,0.08770814959173903
450.9467894931184,0.08657291683091213
451.0467894931184,0.08543902683561845
451.14678949311843,0.0843068140116003
451.24678949311846,0.08317660757819191
451.3467894931185,0.08204873143267279
451.4467894931185,0.08092350402055858
451.5467894931185,0.07980123821187025
451.64678949311855,0.0786822411834162
451.74678949311857,0.07756681430711394
451.8467894931186,0.07645525304437213
451.9467894931186,0.0753478468465455
452.04678949311864,0.07424487906147016
452.14678949311866,0.07314662684607835
452.2467894931187,0.07205336108508624
452.3467894931187,0.07096534631574172
452.44678949311873,0.06988284065861218
452.54678949311875,0.06880609575438655
452.6467894931188,0.06773535670665981
452.7467894931188,0.06667086203066153
452.8467894931188,0.06561284360788491
452.94678949311884,0.06456152664656649
453.04678949311887,0.06351712964796138
453.1467894931189,0.062479864378353525
453.2467894931189,0.061449935846734964
453.34678949311893,0.060427542288083246
453.44678949311896,0.05941287515216118
453.546789493119,0.05840611909775817
453.646789493119,0.05740745199228803
453.746789493119,0.05641704491665377
453.84678949311905,0.05543506217528553
453.94678949311907,0.05446166131125383
454.0467894931191,0.05349699312635667
454.1467894931191,0.052541201706075145
454.24678949311914,0.051594424449289
454.34678949311916,0.05065679210264005
454.4467894931192,0.04972842879942874
454.5467894931192,0.04880945210292579
454.64678949311923,0.04789997305397878
454.74678949311925,0.047000096222790264
454.8467894931193,0.04610991976474289
454.9467894931193,0.04522953548014369
455.0467894931193,0.044359028877758826
455.14678949311934,0.04349847924200781
455.24678949311937,0.04264795970368515
455.3467894931194,0.0418075373140756
455.4467894931194,0.040977273122328725
455.54678949311943,0.04015722225595699
455.64678949311946,0.03934743400432117
455.7467894931195,0.038547951904966404
455.8467894931195,0.037758813832671594
455.9467894931195,0.036980052091074876
456.04678949311955,0.03621169350673779
456.14678949311957,0.035453759525511025
456.2467894931196,0.03470626631106482
456.3467894931196,0.033969224845447614
456.44678949311964,0.03324264103153738
456.54678949311966,0.032526515797250556
456.6467894931197,0.03182084520137472
456.7467894931197,0.03112562054089209
456.84678949311973,0.030440828459662277
456.94678949311975,0.029766451058333962
457.0467894931198,0.029102466005356827
457.1467894931198,0.02844884664896662
457.2467894931198,0.027805562130017933
457.34678949311984,0.027172577495541257
457.44678949311987,0.026549853812902847
457.5467894931199,0.025937348284447857
457.6467894931199,0.025335014362509633
457.74678949311993,0.024742801864670143
457.84678949311996,0.02416065708915898
457.94678949312,0.023588522930280808
458.04678949312,0.02302633899376368
458.14678949312,0.022474041711923184
458.24678949312005,0.02193156445854027
458.34678949312007,0.021398837663352915
458.4467894931201,0.0208757889260652
458.5467894931201,0.020362343129779577
458.64678949312014,0.01985842255376149
458.74678949312016,0.01936394698544818
458.8467894931202,0.01887883383161664
458.9467894931202,0.01840299822862854
459.04678949312023,0.017936353151673114
459.14678949312025,0.01747880952293197
459.2467894931203,0.017030276318592906
459.3467894931203,0.016590660674642883
459.4467894931203,0.016159867991373422
459.54678949312034,0.015737802036534666
459.64678949312037,0.015324365047077744
459.7467894931204,0.014919457829427754
459.8467894931204,0.01452297985823312
459.94678949312043,0.014134829373539977
460.04678949312046,0.013754903476343266
460.1467894931205,0.013383098222469409
460.2467894931205,0.013019308714748183
460.3467894931205,0.01266342919343473
460.44678949312055,0.012315353124845201
460.54678949312057,0.011974973288172795
460.6467894931206,0.011642181860453588
460.7467894931206,0.011316870499654475
460.84678949312064,0.010998930425858333
460.94678949312066,0.010688252500524261
461.0467894931207,0.01038472730380337
461.1467894931207,0.010088245209893366
461.24678949312073,0.009798696460417648
461.34678949312075,0.009515971235817225
461.4467894931208,0.009239959724746229
461.5467894931208,0.008970552191464216
461.6467894931208,0.00870763904122075
461.74678949312084,0.008451110883630179
461.84678949312087,0.008200858594036608
461.9467894931209,0.007956773372871316
462.0467894931209,0.007718746803006942
462.14678949312093,0.007486670905114788
462.24678949312096,0.0072604381910335416
462.346789493121,0.0070399417151597
462.446789493121,0.0068250751238715865
462.546789493121,0.00661573270300094
462.64678949312105,0.0064118094233673656
462.74678949312107,0.006213200984392879
462.8467894931211,0.006019803855815083
462.9467894931211,0.005831515317519165
463.04678949312114,0.005648233497510132
463.14678949312116,0.005469857408048232
463.2467894931212,0.005296286979971601
463.3467894931212,0.005127423095231455
463.44678949312123,0.0049631676176662915
463.54678949312125,0.004803423422042549
463.6467894931213,0.004648094421390228
463.7467894931213,0.0044970855926628845
463.8467894931213,0.00435030300075225
463.94678949312134,0.004207653820888528
464.04678949312137,0.004069046359458179
464.1467894931214,0.003934390073271637
464.2467894931214,0.003803595587314014
464.34678949312143,0.0036765747110124023
464.44678949312146,0.003553240453053871
464.5467894931215,0.0034335070347886764
464.6467894931215,0.0033172899022535637
464.7467894931215,0.0032045057368503887
464.84678949312155,0.0030950724647155047
464.94678949312157,0.002988909264815614
465.0467894931216,0.002885936575805906
465.1467894931216,0.0027860761016864277
465.24678949312164,0.0026892508162927125
465.34678949312166,0.0025953849666566753
465.4467894931217,0.0025044040752737486
465.5467894931217,0.002416234941312233
465.64678949312173,0.0023308056408006105
465.74678949312175,0.0022480455258284985
465.8467894931218,0.0021678852227967186
465.9467894931218,0.0020902566297516688
466.0467894931218,0.002015092912838997
466.14678949312184,0.0019423285019112334
466.24678949312187,0.0018718990853237138
466.3467894931219,0.0018037416039527623
466.4467894931219,0.0017377942444697448
466.54678949312193,0.0016739964319041414
466.64678949312196,0.0016122888215283628
466.746789493122,0.001552613290096602
466.846789493122,0.0014949129264694616
466.946789493122,0.0014391320216556424
467.04678949312205,0.0013852160583014222
467.14678949312207,0.0013331116996581135
467.2467894931221,0.0012827667780571216
467.3467894931221,0.0012341302829216518
467.44678949312214,0.0011871523483435167
467.54678949312216,0.0011417842402528914
467.6467894931222,0.0010979783432082395
467.7467894931222,0.0010556881468330205
467.84678949312223,0.0010148682319251379
467.94678949312225,0.0009754742562644611
468.0467894931223,0.0009374629401430812
468.1467894931223,0.0009007920516423327
468.2467894931223,0.0008654203916799319
468.34678949312234,0.0008313077788499385
468.44678949312237,0.0007984150340775653
468.5467894931224,0.0007667039651102122
468.6467894931224,0.0007361373508654252
468.74678949312244,0.000706678925655821
468.84678949312246,0.0006782933633103558
468.9467894931225,0.0006509462612106525
469.0467894931225,0.0006246041242604487
469.1467894931225,0.0005992343488055766
469.24678949312255,0.0005748052065212311
469.34678949312257,0.0005512858282826473
469.4467894931226,0.0005286461880346726
469.5467894931226,0.0005068570866750838
469.64678949312264,0.00048589013596588736
469.74678949312266,0.00046571774248621784
469.8467894931227,0.00044631309163985184
469.9467894931227,0.0004276501317297573
470.04678949312273,0.0004097035581115105
470.14678949312275,0.000392448797436834
470.2467894931228,0.0003758619919979504
470.3467894931228,0.0003599199841828815
470.4467894931228,0.00034460030105128815
470.54678949312284,0.00032988113903989713
470.64678949312287,0.00031574134880605996
470.7467894931229,0.00030216042021745935
470.8467894931229,0.0002891184674954921
470.94678949312294,0.0002765962145193645
471.04678949312296,0.0002645749802974666
471.146789493123,0.00025303666461212705
471.246789493123,0.00024196373384340273
471.346789493123,0.00023133920697711912
471.44678949312305,0.0002211466418019533
471.5467894931231,0.00021137012129994164
471.6467894931231,0.0002019942402343944
471.7467894931231,0.00019300409193881142
471.84678949312314,0.00018438525531002203
471.94678949312316,0.000176123782008413
472.0467894931232,0.000168206183867751
472.1467894931232,0.0001606194205167835
472.24678949312323,0.00015335088721446543
472.34678949312325,0.0001463884029003559
472.4467894931233,0.00013972019846142657
472.5467894931233,0.0001333349052162359
472.6467894931233,0.00012722154361714854
472.74678949312334,0.00012136951217101564
472.84678949312337,0.0001157685765784785
472.9467894931234,0.0001104088590918181
473.0467894931234,0.00010528082809104175
473.14678949312344,0.00010037528787768061
473.24678949312346,9.568336868556295e-05
473.3467894931235,9.119651690763079e-05
473.4467894931235,8.690648553767838e-05
473.5467894931235,8.280532482571787e-05
473.64678949312355,7.888537314550529e-05
473.7467894931236,7.513924807260507e-05
473.8467894931236,7.155983767122363e-05
473.9467894931236,6.814029198790032e-05
474.04678949312364,6.487401475001705e-05
474.14678949312366,6.175465526696434e-05
474.2467894931237,5.8776100531688654e-05
474.3467894931237,5.593246752024211e-05
474.44678949312373,5.321809568685686e-05
474.54678949312375,5.062753965197796e-05
474.6467894931238,4.8155562080607524e-05
474.7467894931238,4.579712674823585e-05
474.8467894931238,4.354739179157061e-05
474.94678949312384,4.14017031412107e-05
475.04678949312387,3.935558813335933e-05
475.1467894931239,3.740474929762206e-05
475.2467894931239,3.554505831789134e-05
475.34678949312394,3.377255016328506e-05
475.44678949312396,3.2083417386072784e-05
475.546789493124,3.04740045835001e-05
475.646789493124,2.8940803020398607e-05
475.746789493124,2.748044540945339e-05
475.84678949312405,2.6089700845990106e-05
475.9467894931241,2.4765469894134177e-05
476.0467894931241,2.350477982119398e-05
476.1467894931241,2.230477997711989e-05
476.24678949312414,2.1162737315896578e-05
476.34678949312416,2.0076032055733575e-05
476.4467894931242,1.9042153474932495e-05
476.5467894931242,1.805869584032296e-05
476.64678949312423,1.7123354465178e-05
476.74678949312425,1.6233921893540787e-05
476.8467894931243,1.5388284207917775e-05
476.9467894931243,1.4584417457319653e-05
477.0467894931243,1.382038420265976e-05
477.14678949312434,1.3094330176550269e-05
477.24678949312437,1.2404481054569079e-05
477.3467894931244,1.1749139335104388e-05
477.4467894931244,1.1126681324920906e-05
477.54678949312444,1.0535554227628336e-05
477.64678949312446,9.974273332272775e-06
477.7467894931245,9.441419299311751e-06
477.8467894931245,8.935635541275362e-06
477.9467894931245,8.455625695458718e-06
478.04678949312455,8.000151186034688e-06
478.1467894931246,7.5680288730201046e-06
478.2467894931246,7.15812878557454e-06
478.3467894931246,6.769371937155806e-06
478.44678949312464,6.4007282201034895e-06
478.54678949312466,6.051214377268313e-06
478.6467894931247,5.719892048352479e-06
478.7467894931247,5.40586588867365e-06
478.84678949312473,5.108281758112903e-06
478.94678949312475,4.826324978054905e-06
479.0467894931248,4.5592186541761765e-06
479.1467894931248,4.306222062985568e-06
479.2467894931248,4.0666291000683635e-06
479.34678949312485,3.839766788033397e-06
479.44678949312487,3.624993842209785e-06
479.5467894931249,3.421699292187079e-06
479.6467894931249,3.229301157339511e-06
479.74678949312494,3.0472451745213797e-06
479.84678949312496,2.875003576166917e-06
479.946789493125,2.712073917073353e-06
480.046789493125,2.557977948191362e-06
480.146789493125,2.4122605357914535e-06
480.24678949312505,2.274488624419207e-06
480.3467894931251,2.1442502420956737e-06
480.4467894931251,2.0211535462622605e-06
480.5467894931251,1.904825909011672e-06
480.64678949312514,1.7949130401882825e-06
480.74678949312516,1.691078146982139e-06
480.8467894931252,1.5930011286813056e-06
480.9467894931252,1.500377805286713e-06
481.04678949312523,1.4129191787327095e-06
481.14678949312525,1.3303507254946222e-06
481.2467894931253,1.2524117194021053e-06
481.3467894931253,1.1788545835137652e-06
481.4467894931253,1.109444269944455e-06
481.54678949312535,1.0439576665719146e-06
481.64678949312537,9.82183029583761e-07
481.7467894931254,9.239194408595918e-07
481.8467894931254,8.689762892158159e-07
481.94678949312544,8.171727745730405e-07
482.04678949312546,7.683374341371018e-07
482.1467894931255,7.223076897156167e-07
482.2467894931255,6.789294153216656e-07
482.3467894931255,6.38056524245377e-07
482.44678949312555,5.995505748025903e-07
482.5467894931256,5.632803939973303e-07
482.6467894931256,5.291217183617775e-07
482.7467894931256,4.969568512635598e-07
482.84678949312564,4.6667433599564137e-07
482.94678949312566,4.381686439888259e-07
483.0467894931257,4.1133987751093573e-07
483.1467894931257,3.8609348624005234e-07
483.24678949312573,3.6233999712191037e-07
483.34678949312575,3.399947569434883e-07
483.4467894931258,3.1897768707621056e-07
483.5467894931258,2.992130498628567e-07
483.6467894931258,2.806292261423179e-07
483.74678949312585,2.631585034257803e-07
483.84678949312587,2.4673687425673753e-07
483.9467894931259,2.3130384430544165e-07
484.0467894931259,2.1680224976603499e-07
484.14678949312594,2.0317808364167336e-07
484.24678949312596,1.903803305194257e-07
484.346789493126,1.783608094526948e-07
484.446789493126,1.6707402458430399e-07
484.546789493126,1.564770231582773e-07
484.64678949312605,1.4652926058271604e-07
484.7467894931261,1.3719247222003994e-07
484.8467894931261,1.2843055159425945e-07
484.9467894931261,1.2020943471784314e-07
485.04678949312614,1.1249699025321221e-07
485.14678949312616,1.052629152358831e-07
485.2467894931262,9.847863609785602e-08
485.3467894931262,9.211721474098425e-08
485.44678949312623,8.615325942079254e-08
485.54678949312625,8.056284021153877e-08
485.6467894931263,7.532340883326149e-08
485.7467894931263,7.041372263111112e-08
485.8467894931263,6.581377250647099e-08
485.94678949312635,6.150471460820989e-08
486.04678949312637,5.746880560091485e-08
486.1467894931264,5.368934133511759e-08
486.2467894931264,5.015059875237497e-08
486.34678949312644,4.68377808655985e-08
486.44678949312646,4.3736964662258915e-08
486.5467894931265,4.0835051785036403e-08
486.6467894931265,3.8119721851142493e-08
486.7467894931265,3.557938827792974e-08
486.84678949312655,3.3203156488529455e-08
486.9467894931266,3.098078437712597e-08
487.0467894931266,2.890264491910474e-08
487.1467894931266,2.6959690816697943e-08
487.24678949312664,2.5143421075915256e-08
487.34678949312666,2.3445849415487616e-08
487.4467894931267,2.185947441328251e-08
487.5467894931267,2.037725130017647e-08
487.64678949312673,1.8992565315699758e-08
487.74678949312676,1.7699206543910092e-08
487.8467894931268,1.6491346151911567e-08
487.9467894931268,1.536351395721973e-08
488.0467894931268,1.4310577253790337e-08
488.14678949312685,1.3327720829984696e-08
488.24678949312687,1.2410428115043265e-08
488.3467894931269,1.1554463393791603e-08
488.4467894931269,1.0755855032308693e-08
488.54678949312694,1.0010879660157933e-08
488.64678949312696,9.316047257520584e-09
488.746789493127,8.668087098180777e-09
488.846789493127,8.063934501803933e-09
488.946789493127,7.500718351322276e-09
489.04678949312705,6.975749333505116e-09
489.1467894931271,6.4865088629463694e-09
489.2467894931271,6.030638651755895e-09
489.3467894931271,5.605930889195832e-09
489.44678949312714,5.210318997365668e-09
489.54678949312716,4.841868930811429e-09
489.6467894931272,4.498770989620342e-09
489.7467894931272,4.179332117167141e-09
489.84678949312723,3.881968655203244e-09
489.94678949312726,3.6051995304312044e-09
490.0467894931273,3.347639848085584e-09
490.1467894931273,3.1079948693525563e-09
490.2467894931273,2.885054350705449e-09
490.34678949312735,2.677687224416576e-09
490.44678949312737,2.484836600629219e-09
490.5467894931274,2.3055150724403196e-09
490.6467894931274,2.138800306456679e-09
490.74678949312744,1.983830902248642e-09
490.84678949312746,1.839802505036622e-09
490.9467894931275,1.7059641568107136e-09
491.0467894931275,1.5816148719033877e-09
491.1467894931275,1.4661004238129301e-09
491.24678949312755,1.3588103308120298e-09
491.3467894931276,1.2591750285741559e-09
491.4467894931276,1.166663218712081e-09
491.5467894931276,1.080779382749329e-09
491.64678949312764,1.0010614516388174e-09
491.74678949312766,9.270786215046127e-10
491.8467894931277,8.584293068145752e-10
491.9467894931277,7.947392226946091e-10
492.04678949312773,7.35659588571475e-10
492.14678949312776,6.808654457811287e-10
492.2467894931278,6.300540822055177e-10
492.3467894931278,5.829435574030967e-10
492.4467894931278,5.392713220789063e-10
492.54678949312785,4.987929260995162e-10
492.64678949312787,4.612808095978048e-10
492.7467894931279,4.265231720333848e-10
492.8467894931279,3.9432291437743373e-10
492.94678949312794,3.644966498767342e-10
493.04678949312796,3.3687377912171176e-10
493.146789493128,3.1129562539804505e-10
493.246789493128,2.8761462654181796e-10
493.34678949312803,2.6569357974490253e-10
493.44678949312805,2.4540493597114996e-10
493.5467894931281,2.2663014084551293e-10
493.6467894931281,2.092590190683416e-10
493.7467894931281,1.931891995861387e-10
493.84678949312814,1.783255789188735e-10
493.94678949312816,1.645798202028789e-10
494.0467894931282,1.5186988565810933e-10
494.1467894931282,1.40119600329492e-10
494.24678949312823,1.292582450848327e-10
494.34678949312826,1.192201769766252e-10
494.4467894931283,1.0994447519266491e-10
494.5467894931283,1.0137461093093342e-10
494.6467894931283,9.345813963821515e-11
494.74678949312835,8.614641414972185e-11
494.84678949312837,7.939431735893063e-11
494.9467894931284,7.316001313327967e-11
495.0467894931284,6.740471427257364e-11
495.14678949312844,6.209246638327222e-11
495.24678949312846,5.718994661350607e-11
495.3467894931285,5.2666276260987826e-11
495.4467894931285,4.849284632919527e-11
495.54678949312853,4.464315516654299e-11
495.64678949312855,4.109265737894387e-11
495.7467894931286,3.781862325842565e-11
495.8467894931286,3.480000801949186e-11
495.9467894931286,3.201733018089597e-11
496.04678949312864,2.9452558473623976e-11
496.14678949312867,2.7089006696305422e-11
496.2467894931287,2.491123597717078e-11
496.3467894931287,2.29049639371848e-11
496.44678949312873,2.105698028226526e-11
496.54678949312876,1.9355068383664053e-11
496.6467894931288,1.778793243478506e-11
496.7467894931288,1.6345129800047624e-11
496.8467894931288,1.5017008197000212e-11
496.94678949312885,1.3794647376838902e-11
497.04678949312887,1.2669804990905549e-11
497.1467894931289,1.1634866351709216e-11
497.2467894931289,1.0682797816635575e-11
497.34678949312894,9.807103540852928e-12
497.44678949312896,9.001785363080093e-12
497.546789493129,8.261305603916907e-12
497.646789493129,7.580552571426788e-12
497.74678949312903,6.954808582666459e-12
497.84678949312905,6.3797203229428616e-12
497.9467894931291,5.8512713767993246e-12
498.0467894931291,5.365756776146882e-12
498.1467894931291,4.919759421613606e-12
498.24678949312914,4.510128243132595e-12
498.34678949312917,4.133957975074084e-12
498.4467894931292,3.788570429890664e-12
498.5467894931292,3.471497162326406e-12
498.64678949312923,3.1804634237802155e-12
498.74678949312926,2.913373313442965e-12
498.8467894931293,2.6682960393833893e-12
498.9467894931293,2.4434532088670073e-12
499.0467894931293,2.2372070728871572e-12
499.14678949312935,2.048049655193145e-12
499.24678949312937,1.87459270104337e-12
499.3467894931294,1.715558385515685e-12
499.4467894931294,1.5697707254945382e-12
499.54678949312944,1.4361476434463572e-12
499.64678949312946,1.3136936348105193e-12
499.7467894931295,1.2014929942913999e-12
499.8467894931295,1.0987035595550605e-12
499.94678949312953,1.0045509338275503e-12
500.04678949312955,9.183231516763628e-13
500.1467894931296,8.39365754845802e-13
500.2467894931296,7.670772474246085e-13
500.3467894931296,7.009049018618833e-13
500.44678949312964,6.403408894274013e-13
500.54678949312967,5.849187106448388e-13
500.6467894931297,5.342099030219831e-13
500.7467894931297,4.878210050695806e-13
500.84678949312973,4.453907571492049e-13
500.94678949312976,4.065875211283609e-13
501.0467894931298,3.7110690215589183e-13
501.1467894931298,3.386695571095387e-13
501.2467894931298,3.0901917541705353e-13
501.34678949312985,2.819206190187466e-13
501.44678949312987,2.5715820922854997e-13
501.5467894931299,2.345341491681077e-13
501.6467894931299,2.1386707129897183e-13
501.74678949312994,1.9499070036651966e-13
501.84678949312996,1.777526228000747e-13
501.94678949313,1.6201315429091068e-13
502.04678949313,1.4764429789731998e-13
502.14678949313003,1.3452878560709185e-13
502.24678949313005,1.2255919682606043e-13
502.3467894931301,1.1163714775975848e-13
502.4467894931301,1.016725461166476e-13
502.5467894931301,9.258290598846012e-14
502.64678949313014,8.429271815841097e-14
502.74678949313017,7.673287145370733e-14
502.8467894931302,6.984012109704647e-14
502.9467894931302,6.355660032464455e-14
503.04678949313023,5.782937182763097e-14
503.14678949313026,5.261001584110019e-14
503.2467894931303,4.785425195233627e-14
503.3467894931303,4.352159192819545e-14
503.4467894931303,3.957502107274651e-14
503.54678949313035,3.59807058212871e-14
503.64678949313037,3.2707725456987526e-14
503.7467894931304,2.972782600275875e-14
503.8467894931304,2.701519449452527e-14
503.94678949313044,2.4546251983854223e-14
504.04678949313046,2.229946374874404e-14
504.1467894931305,2.0255165312116386e-14
504.2467894931305,1.8395402978947022e-14
504.34678949313053,1.6703787705724878e-14
504.44678949313055,1.5165361210687083e-14
504.5467894931306,1.3766473320652907e-14
504.6467894931306,1.2494669630829223e-14
504.7467894931306,1.1338588628202209e-14
504.84678949313064,1.0287867497549926e-14
504.94678949313067,9.333055892146155e-15
505.0467894931307,8.46553700929715e-15
505.1467894931307,7.67745536433501e-15
505.24678949313073,6.961650705942515e-15
505.34678949313076,6.3115975610251625e-15
505.4467894931308,5.721349939085905e-15
505.5467894931308,5.1854907644687854e-15
505.6467894931308,4.699085640184159e-15
505.74678949313085,4.2576405795443226e-15
505.84678949313087,3.8570633717482836e-15
505.9467894931309,3.4936282750594117e-15
506.0467894931309,3.1639437565108304e-15
506.14678949313094,2.8649230203223383e-15
506.24678949313096,2.5937570885817672e-15
506.346789493131,2.347890217380666e-15
506.446789493131,2.1249974496360887e-15
506.54678949313103,1.9229641224041018e-15
506.64678949313105,1.7398671617121182e-15
506.7467894931311,1.5739580119148192e-15
506.8467894931311,1.4236470594113876e-15
506.9467894931311,1.2874894223411051e-15
507.04678949313114,1.1641719886851191e-15
507.14678949313117,1.0525015951221028e-15
507.2467894931312,9.51394248085784e-16
507.3467894931312,8.59865296820012e-16
507.44678949313123,7.770204758820247e-16
507.54678949313126,7.020477415637792e-16
507.6467894931313,6.342098331359022e-16
507.7467894931313,5.728374957165858e-16
507.8467894931313,5.173233069724938e-16
507.94678949313135,4.671160548107649e-16
508.04678949313137,4.217156177575264e-16
508.1467894931314,3.806683038731275e-16
508.2467894931314,3.4356260785884857e-16
508.34678949313144,3.1002534949338483e-16
508.44678949313146,2.7971815972584616e-16
508.5467894931315,2.5233428367041066e-16
508.6467894931315,2.2759567241815413e-16
508.74678949313153,2.0525033802464064e-16
508.84678949313155,1.8506994826662018e-16
508.9467894931316,1.6684763980500522e-16
509.0467894931316,1.503960302600078e-16
509.1467894931316,1.3554541141289812e-16
509.24678949313164,1.221421073104279e-16
509.34678949313167,1.1004698247512658e-16
509.4467894931317,9.913408672869032e-17
509.5467894931317,8.92894243269609e-17
509.64678949313173,8.040983619307596e-17
509.74678949313176,7.240198502902926e-17
509.8467894931318,6.518143399314231e-17
509.9467894931318,5.867181045917517e-17
510.0467894931318,5.2804047128723374e-17
510.14678949313185,4.7515693458390564e-17
510.24678949313187,4.275029099259943e-17
510.3467894931319,3.845680676705765e-17
510.4467894931319,3.458911947153099e-17
510.54678949313194,3.110555353809496e-17
510.64678949313196,2.796845675638318e-17
510.746789493132,2.5143817414211953e-17
510.846789493132,2.2600917323643598e-17
510.94678949313203,2.031201742213642e-17
511.04678949313205,1.8252072938700196e-17
511.1467894931321,1.639847538849187e-17
511.2467894931321,1.4730818908387198e-17
511.3467894931321,1.3230688672889867e-17
511.44678949313214,1.1881469336242694e-17
511.54678949313217,1.066817163457355e-17
511.6467894931322,9.577275452971978e-18
511.7467894931322,8.596587818053045e-18
511.84678949313223,7.715114418167608e-18
511.94678949313226,6.92294338222604e-18
512.0467894931323,6.211140165240172e-18
512.1467894931322,5.57165249519984e-18
512.2467894931324,4.997224432715666e-18
512.3467894931323,4.481318682902264e-18
512.4467894931324,4.01804637890075e-18
512.5467894931323,3.602103629183532e-18
512.6467894931325,3.2287141867258678e-18
512.7467894931324,2.8935776581645083e-18
512.8467894931325,2.5928227254516045e-18
512.9467894931324,2.322964902013598e-18
513.0467894931326,2.080868390254575e-18
513.1467894931325,1.8637116480284975e-18
513.2467894931326,1.6689563086309878e-18
513.3467894931325,1.4943191324403967e-18
513.4467894931327,1.3377466987312065e-18
513.5467894931326,1.1973925738107321e-18
513.6467894931327,1.071596716627885e-18
513.7467894931326,9.5886690571776e-19
513.8467894931327,8.578619918917557e-19
513.9467894931327,7.6737679974506e-19
514.0467894931328,6.8632851792836515e-19
514.1467894931327,6.13744433452023e-19
514.2467894931328,5.487508791411099e-19
514.3467894931327,4.905632759295482e-19
514.4467894931329,4.384771630408482e-19
514.5467894931328,3.918601194080607e-19
514.6467894931329,3.5014448899546785e-19
514.7467894931328,3.128208311268611e-19
514.846789493133,2.794320245500456e-19
514.9467894931329,2.495679608786847e-19
515.046789493133,2.2286076929286266e-19
515.1467894931329,1.9898052003387382e-19
515.2467894931331,1.7763135933229785e-19
515.346789493133,1.5854803303070986e-19
515.4467894931331,1.4149276033328074e-19
515.546789493133,1.2625242289061954e-19
515.6467894931332,1.126360378344948e-19
515.7467894931331,1.0047248645971466e-19
515.8467894931332,8.960847303029268e-20
515.9467894931331,7.990669070182916e-20
516.0467894931332,7.124417381901828e-20
516.1467894931332,6.351081789730154e-20
516.2467894931333,5.660805044515949e-20
516.3467894931332,5.044763745360858e-20
516.4467894931333,4.495061188400311e-20
516.5467894931332,4.004631184478348e-20
516.6467894931334,3.5671517372206537e-20
516.7467894931333,3.176967583604985e-20
516.8467894931334,2.8290206987002894e-20
516.9467894931333,2.5187879561501376e-20
517.0467894931335,2.242225216894145e-20
517.1467894931334,1.995717191654188e-20
517.2467894931335,1.7760324884246112e-20
517.3467894931334,1.5802833154921024e-20
517.4467894931336,1.4058893638371785e-20
517.5467894931335,1.2505454408633893e-20
517.6467894931336,1.1121924706442972e-20
517.7467894931335,9.889915148656678e-21
517.8467894931337,8.793005036842162e-21
517.9467894931336,7.816533973066184e-21
518.0467894931337,6.947415274714255e-21
518.1467894931336,6.1739689358258624e-21
518.2467894931337,5.485772112088329e-21
518.3467894931337,4.8735253134436095e-21
518.4467894931338,4.3289326739810495e-21
518.5467894931337,3.844594835969495e-21
518.6467894931338,3.413913134964062e-21
518.7467894931337,3.031003907972477e-21
518.8467894931339,2.690621867864489e-21
518.9467894931338,2.3880915962259097e-21
519.0467894931339,2.1192463046644236e-21
519.1467894931338,1.8803731025173396e-21
519.246789493134,1.6681640877837562e-21
519.3467894931339,1.4796726489971477e-21
519.446789493134,1.3122744293135548e-21
519.5467894931339,1.1636324612001507e-21
519.6467894931341,1.0316660312931857e-21
519.746789493134,9.145228809671763e-22
519.8467894931341,8.105543893476141e-22
519.946789493134,7.182934224815707e-22
520.0467894931342,6.364345655052959e-22
520.1467894931341,5.638164843771802e-22
520.2467894931342,4.994061903640541e-22
520.3467894931341,4.422850043511677e-22
520.4467894931342,3.916360394233993e-22
520.5467894931342,3.4673303933724114e-22
520.6467894931343,3.06930427658402e-22
520.7467894931342,2.716544377200015e-22
520.8467894931343,2.4039520731385033e-22
520.9467894931342,2.126997343569733e-22
521.0467894931344,1.8816560080078864e-22
521.1467894931343,1.6643538192751068e-22
521.2467894931344,1.471916670079413e-22
521.3467894931343,1.3015262520189756e-22
521.4467894931345,1.1506805764867874e-22
521.5467894931344,1.017158830206645e-22
521.6467894931345,8.989900946410959e-23
521.7467894931344,7.944255090823865e-23
521.8467894931346,7.019135023989574e-23
521.9467894931345,6.200777588099124e-23
522.0467894931346,5.476976191273057e-23
522.1467894931345,4.836906511587526e-23
522.2467894931347,4.2709715174746065e-23
522.3467894931346,3.7706636865753137e-23
522.4467894931347,3.328442534688026e-23
522.5467894931346,2.937625771590956e-23
522.6467894931347,2.5922925834740424e-23
522.7467894931347,2.2871977051448533e-23
522.8467894931348,2.017695090885187e-23
522.9467894931347,1.7796701229475465e-23
523.0467894931348,1.569479412649738e-23
523.1467894931347,1.383897352542161e-23
523.2467894931349,1.220068670356443e-23
523.3467894931348,1.0754663177442264e-23
523.4467894931349,9.478541001208964e-24
523.5467894931348,8.352535193165965e-24
523.646789493135,7.359143589592255e-24
523.7467894931349,6.482885944287631e-24
523.846789493135,5.710072554329359e-24
523.9467894931349,5.0285991044372306e-24
524.0467894931351,4.4277647888610355e-24
524.146789493135,3.898111096281063e-24
524.2467894931351,3.431278933716051e-24
524.346789493135,3.019882024187095e-24
524.4467894931352,2.6573947429819276e-24
524.5467894931351,2.338052762239455e-24
524.6467894931352,2.056765055699671e-24
524.7467894931351,1.809035977568796e-24
524.8467894931352,1.5908962735055851e-24
524.9467894931352,1.3988420099101233e-24
525.0467894931353,1.2297805215633783e-24
525.1467894931352,1.0809825789434641e-24
525.2467894931353,9.500400664875206e-25
525.3467894931352,8.348285430382333e-25
525.4467894931354,7.334741267105382e-25
525.5467894931353,6.443242095163195e-25
525.6467894931354,5.6592156308802095e-25
525.7467894931353,4.969814466002128e-25
525.8467894931355,4.363713721339386e-25
525.9467894931354,3.8309322193793205e-25
526.0467894931355,3.3626744681594593e-25
526.1467894931354,2.9511910574502893e-25
526.2467894931356,2.589655342046088e-25
526.3467894931355,2.2720545299282827e-25
526.4467894931356,1.9930935084139774e-25
526.5467894931355,1.7481099324678522e-25
526.6467894931357,1.5329992686455205e-25
526.7467894931356,1.344148638284676e-25
526.8467894931357,1.1783784365535382e-25
526.9467894931356,1.0328908218786538e-25
527.0467894931357,9.052242746813784e-26
527.1467894931357,7.932135168874943e-26
527.2467894931358,6.949541655838288e-26
527.3467894931357,6.087715667662436e-26
527.4467894931358,5.331933193387546e-26
527.5467894931357,4.6692505639818516e-26
527.6467894931359,4.088291011483434e-26
527.7467894931358,3.5790565933066604e-26
527.8467894931359,3.1327624944677177e-26
527.9467894931358,2.741691069096609e-26
528.046789493136,2.399063290773983e-26
528.1467894931359,2.0989255538867e-26
528.246789493136,1.8360500091417653e-26
528.3467894931359,1.6058468294812412e-26
528.4467894931361,1.4042869908975537e-26
528.546789493136,1.2278343190943187e-26
528.6467894931361,1.0733856999271657e-26
528.746789493136,9.382184814742658e-27
528.8467894931362,8.19944210277093e-27
528.9467894931361,7.164679456249396e-27
529.0467894931362,6.25952485185834e-27
529.1467894931361,5.467869142716975e-27
529.2467894931362,4.775589607098389e-27
529.3467894931362,4.170306988175231e-27
529.4467894931363,3.641172002379521e-27
529.5467894931362,3.1786777728762917e-27
529.6467894931363,2.774495066889447e-27
529.7467894931362,2.421327588159442e-27
529.8467894931364,2.1127849041563417e-27
529.9467894931363,1.843270877270908e-27
530.0467894931364,1.6078857243622156e-27
530.1467894931363,1.4023400540100336e-27
530.2467894931365,1.222879428969082e-27
530.3467894931364,1.0662181759671841e-27
530.4467894931365,9.294813187632337e-28
530.5467894931364,8.101536458678194e-28
530.6467894931366,7.060350435845971e-28
530.7467894931365,6.15201330068454e-28
530.8467894931366,5.359699185195119e-28
530.9467894931365,4.668697190087406e-28
531.0467894931367,4.066147600107801e-28
531.1467894931366,3.540810737224212e-28
531.2467894931367,3.0828644464507047e-28
531.3467894931366,2.6837266965420535e-28
531.4467894931367,2.3359002062701164e-28
531.5467894931367,2.032836383874402e-28
531.6467894931368,1.7688161984576665e-28
531.7467894931367,1.5388458932939954e-28
531.8467894931368,1.338565706817141e-28
531.9467894931367,1.164169991897254e-28
532.0467894931369,1.0123373214602226e-28
532.1467894931368,8.801693419922598e-29
532.2467894931369,7.651372887727866e-29
532.3467894931368,6.650352104540438e-29
532.446789493137,5.779390680039849e-29
532.5467894931369,5.0217097611234157e-29
532.646789493137,4.362679455933834e-29
532.7467894931369,3.789545646982898e-29
532.8467894931371,3.29119126865758e-29
532.946789493137,2.857927735245318e-29
533.0467894931371,2.481312741154421e-29
533.146789493137,2.153991124761192e-29
533.2467894931372,1.8695558990170416e-29
533.3467894931371,1.6224269129558118e-29
533.4467894931372,1.4077449245308718e-29
533.5467894931371,1.2212791424583883e-29
533.6467894931372,1.0593465375680835e-29
533.7467894931372,9.187414369413838e-30
533.8467894931373,7.966741004156324e-30
533.9467894931372,6.907171422241426e-30
534.0467894931373,5.987588033772818e-30
534.1467894931372,5.189622054658332e-30
534.2467894931374,4.4972982600637864e-30
534.3467894931373,3.89672531247076e-30
534.4467894931374,3.3758258614644944e-30
534.5467894931373,2.9241013456320672e-30
534.6467894931375,2.5324270681067422e-30
534.7467894931374,2.192873678162991e-30
534.8467894931375,1.8985516815222516e-30
534.9467894931374,1.6434760307490862e-30
535.0467894931376,1.4224482217394785e-30
535.1467894931375,1.2309536497902931e-30
535.2467894931376,1.0650722648085823e-30
535.3467894931375,9.214008152110927e-31
535.4467894931377,7.969851883674223e-31
535.5467894931376,6.892615461468036e-31
535.6467894931377,5.960051206064309e-31
535.7467894931376,5.152856802428157e-31
535.8467894931377,4.45428804098958e-31
535.9467894931377,3.849822117779346e-31
536.0467894931378,3.3268649403605118e-31
536.1467894931377,2.8744967295134212e-31
536.2467894931378,2.483250941997905e-31
536.3467894931377,2.144922181253942e-31
536.4467894931379,1.852399322195069e-31
