1.0,4.237353498059928e-46
1.1,5.21948022205838e-46
1.2000000000000002,6.427930683066242e-46
1.3000000000000003,7.914554642325277e-46
1.4000000000000004,9.743009977766156e-46
1.5000000000000004,1.199143565112809e-45
1.6000000000000005,1.475572605131818e-45
1.7000000000000006,1.8153541175437352e-45
1.8000000000000007,2.232921698376111e-45
1.9000000000000008,2.7459776734977954e-45
2.000000000000001,3.3762288619676345e-45
2.100000000000001,4.150286932505706e-45
2.200000000000001,5.100769942712479e-45
2.300000000000001,6.267649732936504e-45
2.4000000000000012,7.699899702734768e-45
2.5000000000000013,9.457509514367415e-45
2.6000000000000014,1.1613947915235174e-44
2.7000000000000015,1.4259172721776789e-44
2.8000000000000016,1.7503308756999912e-44
2.9000000000000017,2.148114102849786e-44
3.0000000000000018,2.6357602701842295e-44
3.100000000000002,3.2334476715370747e-44
3.200000000000002,3.9658577714883184e-44
3.300000000000002,4.86317392051772e-44
3.400000000000002,5.962300165949188e-44
3.500000000000002,7.308348351775516e-44
3.6000000000000023,8.956452184172047e-44
3.7000000000000024,1.0973979688662876e-43
3.8000000000000025,1.3443230985794732e-43
3.9000000000000026,1.6464727154624987e-43
4.000000000000003,2.0161218852890273e-43
4.100000000000003,2.4682571186999365e-43
4.200000000000003,3.021171512582939e-43
4.3000000000000025,3.697189680482668e-43
4.400000000000003,4.523550591609611e-43
4.5000000000000036,5.5334824898233275e-43
4.600000000000003,6.767511409424399e-43
4.700000000000003,8.275053718322916e-43
4.800000000000003,1.0116353933723246e-42
4.900000000000004,1.2364842173372233e-42
5.0000000000000036,1.5110001513889944e-42
5.100000000000003,1.8460854816253014e-42
5.200000000000004,2.255020396025391e-42
5.300000000000004,2.7539782767406977e-42
5.400000000000004,3.362651922823799e-42
5.5000000000000036,4.105014424641471e-42
5.600000000000004,5.010243449283279e-42
5.700000000000005,6.113843796971524e-42
5.800000000000004,7.45901047434633e-42
5.900000000000004,9.098283470362469e-42
6.000000000000004,1.1095556239063232e-41
6.100000000000005,1.3528512982664857e-41
6.200000000000005,1.649158566140025e-41
6.300000000000004,2.009954080453122e-41
6.400000000000005,2.4491829348928517e-41
6.500000000000005,2.983786071896341e-41
6.600000000000005,3.634339618680075e-41
6.700000000000005,4.4258297424543937e-41
6.800000000000005,5.388591553674478e-41
6.900000000000006,6.559446550027397e-41
7.000000000000005,7.983080295584963e-41
7.100000000000005,9.713710724215136e-41
7.2000000000000055,1.1817107951206153e-40
7.300000000000006,1.437303914213978e-40
7.400000000000006,1.7478227268818965e-40
7.500000000000005,2.1249931014871614e-40
7.600000000000006,2.5830275323816266e-40
7.700000000000006,3.1391488886618997e-40
7.800000000000006,3.8142237178168476e-40
7.900000000000006,4.633527859635308e-40
8.000000000000007,5.627671818459378e-40
8.100000000000007,6.833718995296824e-40
8.200000000000006,8.296536690683804e-40
8.300000000000006,1.0070427989102809e-39
8.400000000000006,1.2221102508063067e-39
8.500000000000007,1.482805587818778e-39
8.600000000000007,1.798744212137998e-39
8.700000000000006,2.1815540300461766e-39
8.800000000000008,2.6452937511572508e-39
8.900000000000007,3.2069575183166505e-39
9.000000000000007,3.887083557650041e-39
9.100000000000007,4.7104881363994435e-39
9.200000000000006,5.7071504407789735e-39
9.300000000000008,6.913279182658724e-39
9.400000000000007,8.372597986928371e-39
9.500000000000007,1.0137894110042478e-38
9.600000000000009,1.2272884045080545e-38
9.700000000000008,1.4854460379911675e-38
9.800000000000008,1.7975397252309597e-38
9.900000000000007,2.1747607319743584e-38
10.000000000000007,2.6306061847626995e-38
10.100000000000009,3.1813507935140915e-38
10.200000000000008,3.846614378087834e-38
10.300000000000008,4.6500445125090115e-38
10.40000000000001,5.620137464815017e-38
10.500000000000009,6.791225242025082e-38
10.600000000000009,8.204662099637959e-38
10.700000000000008,9.910250524062266e-38
10.800000000000008,1.1967954660361164e-37
10.90000000000001,1.4449958694727347e-37
11.000000000000009,1.7443139119434572e-37
11.100000000000009,2.1052033475777335e-37
11.20000000000001,2.5402404527429614e-37
11.30000000000001,3.0645518387498337e-37
11.40000000000001,3.69632785339249e-37
11.500000000000009,4.457438564730025e-37
11.600000000000009,5.374172668465286e-37
11.70000000000001,6.478123662629928e-37
11.80000000000001,7.807252416917953e-37
11.90000000000001,9.407160980218238e-37
12.00000000000001,1.1332619299006645e-36
12.10000000000001,1.3649394676194332e-36
12.20000000000001,1.6436443540884766e-36
12.30000000000001,1.97885367293052e-36
12.40000000000001,2.3819403359319888e-36
12.50000000000001,2.866549494797566e-36
12.60000000000001,3.44904911885913e-36
12.70000000000001,4.149069238392541e-36
12.800000000000011,4.9901471654414096e-36
12.900000000000011,6.000499357329936e-36
13.00000000000001,7.213944585570564e-36
13.10000000000001,8.671007837415971e-36
13.20000000000001,1.0420240054790204e-35
13.300000000000011,1.251979557924848e-35
13.400000000000011,1.5039317228123607e-35
13.50000000000001,1.8062188521051078e-35
13.600000000000012,2.1688223998624145e-35
13.700000000000012,2.6036882171540307e-35
13.800000000000011,3.1251101819595304e-35
13.900000000000011,3.750188161235312e-35
14.00000000000001,4.4993745925275605e-35
14.100000000000012,5.397126696260132e-35
14.200000000000012,6.472684568498435e-35
14.300000000000011,7.760999254096854e-35
14.400000000000013,9.303839476144724e-35
14.500000000000012,1.1151111135195776e-34
14.600000000000012,1.3362430151738902e-34
14.700000000000012,1.6008996898325554e-34
14.800000000000011,1.917582957949159e-34
14.900000000000013,2.2964424735569466e-34
15.000000000000012,2.749592588739375e-34
15.100000000000012,3.291489657778939e-34
15.200000000000014,3.939381214646988e-34
15.300000000000013,4.713840602291358e-34
15.400000000000013,5.639403175856522e-34
15.500000000000012,6.745323218053432e-34
15.600000000000012,8.06647428035785e-34
15.700000000000014,9.644419901380186e-34
15.800000000000013,1.1528686675170814e-33
15.900000000000013,1.3778277591093923e-33
16.000000000000014,1.6463470612962385e-33
16.100000000000016,1.966795580896929e-33
16.200000000000014,2.3491374222465572e-33
16.30000000000001,2.8052333366527752e-33
16.400000000000013,3.3491988062850636e-33
16.500000000000014,3.997829171756661e-33
16.600000000000016,4.7711042493200106e-33
16.700000000000014,5.692787173983371e-33
16.800000000000015,6.7911349129968e-33
16.900000000000013,8.099741095542131e-33
17.000000000000014,9.658535588130888e-33
17.100000000000016,1.1514969716081044e-32
17.200000000000014,1.3725421313201065e-32
17.300000000000015,1.6356860020163116e-32
17.400000000000013,1.9488820618653405e-32
17.500000000000014,2.3215740885435513e-32
17.600000000000016,2.7649730715975593e-32
17.700000000000014,3.292385138154434e-32
17.800000000000015,3.9195998076529477e-32
17.900000000000016,4.6653495772220324e-32
18.000000000000014,5.551853827620076e-32
18.100000000000016,6.605462383971728e-32
18.200000000000017,7.857416829060456e-32
18.300000000000015,9.344750923906238e-32
18.400000000000016,1.1111355328046184e-31
18.500000000000014,1.3209236332916454e-31
18.600000000000016,1.5700003646508887e-31
18.700000000000017,1.865662853756351e-31
18.800000000000015,2.2165521029242765e-31
18.900000000000016,2.632898352061429e-31
19.000000000000014,3.126810843851718e-31
19.100000000000016,3.712619955134435e-31
19.200000000000017,4.407281072539377e-31
19.300000000000015,5.230851254392603e-31
19.400000000000016,6.207051677277169e-31
19.500000000000018,7.363931165341515e-31
19.600000000000016,8.734648803143266e-31
19.700000000000017,1.0358396808427039e-30
19.80000000000002,1.228148857171821e-30
19.900000000000016,1.4558641150937642e-30
20.000000000000018,1.7254486653873282e-30
20.100000000000016,2.0445352980922954e-30
20.200000000000017,2.422136148919128e-30
20.30000000000002,2.8688897457244747e-30
20.400000000000016,3.397351898865638e-30
20.500000000000018,4.022338143902683e-30
20.600000000000016,4.761326787431825e-30
20.700000000000017,5.634933180598872e-30
20.80000000000002,6.667467689570237e-30
20.900000000000016,7.88759199410248e-30
21.000000000000018,9.329090878325834e-30
21.10000000000002,1.1031779645003806e-29
21.200000000000017,1.3042570759495086e-29
21.30000000000002,1.5416727398488582e-29
21.40000000000002,1.8219336341705397e-29
21.500000000000018,2.152703821948455e-29
21.60000000000002,2.543005965229849e-29
21.700000000000017,3.003459944949655e-29
21.80000000000002,3.5465629960246844e-29
21.90000000000002,4.187018510700367e-29
22.000000000000018,4.9421218834230364e-29
22.10000000000002,5.832213196799085e-29
22.200000000000017,6.881208214951953e-29
22.30000000000002,8.117221097937713e-29
22.40000000000002,9.573294525545051e-29
22.500000000000018,1.1288255575243752e-28
22.60000000000002,1.3307718800650669e-28
22.70000000000002,1.568526157743744e-28
22.80000000000002,1.8483801009076736e-28
22.90000000000002,2.1777206615117576e-28
23.00000000000002,2.565218877618934e-28
23.10000000000002,3.0210509617925675e-28
23.20000000000002,3.557157083783396e-28
23.30000000000002,4.187544209777388e-28
23.40000000000002,4.928640423284564e-28
23.50000000000002,5.799709391224189e-28
23.60000000000002,6.823335081624366e-28
23.70000000000002,8.025988519953705e-28
23.80000000000002,9.438690328198846e-28
23.90000000000002,1.1097785069369423e-27
24.00000000000002,1.3045846072381387e-27
24.10000000000002,1.533273249886262e-27
24.20000000000002,1.8016824004654724e-27
24.300000000000022,2.1166462526262216e-27
24.40000000000002,2.48616355808567e-27
24.50000000000002,2.919594111740602e-27
24.600000000000023,3.427888052327701e-27
24.70000000000002,4.023853402274882e-27
24.800000000000022,4.722468157206125e-27
24.90000000000002,5.541244265793765e-27
25.00000000000002,6.500652037222808e-27
25.100000000000023,7.624614902983848e-27
25.20000000000002,8.941086072806033e-27
25.300000000000022,1.0482720496827549e-26
25.40000000000002,1.2287657718791813e-26
25.50000000000002,1.4400433725758294e-26
25.600000000000023,1.687304282364685e-26
25.70000000000002,1.9766173958631637e-26
25.800000000000022,2.315064983560625e-26
25.900000000000023,2.710910174186569e-26
26.00000000000002,3.173791826520133e-26
26.100000000000023,3.714951221446208e-26
26.200000000000024,4.347495713877765e-26
26.300000000000022,5.0867053050606457e-26
26.400000000000023,5.950389046291742e-26
26.50000000000002,6.959299285422438e-26
26.600000000000023,8.137613041024451e-26
26.700000000000024,9.513491262705984e-26
26.800000000000022,1.111972844082039e-25
26.900000000000023,1.2994507000564395e-25
27.00000000000002,1.5182273195501906e-25
27.100000000000023,1.7734753851502768e-25
27.200000000000024,2.071213635886099e-25
27.300000000000022,2.4184437831148663e-25
27.400000000000023,2.8233093417091823e-25
27.500000000000025,3.2952798450296695e-25
27.600000000000023,3.845364454762933e-25
27.700000000000024,4.4863596031776945e-25
27.800000000000026,5.233136028491543e-25
27.900000000000023,6.102971398593205e-25
28.000000000000025,7.115935681274491e-25
28.100000000000023,8.29533752988576e-25
28.200000000000024,9.668241234371005e-25
28.300000000000026,1.1266065264719805e-24
28.400000000000023,1.3125275136639397e-24
28.500000000000025,1.5288185291733831e-24
28.600000000000023,1.7803886945792026e-24
28.700000000000024,2.0729321463875035e-24
28.800000000000026,2.413052182132517e-24
28.900000000000023,2.8084048164853332e-24
29.000000000000025,3.2678647465485617e-24
29.100000000000026,3.8017171833354176e-24
29.200000000000024,4.42187953327173e-24
29.300000000000026,5.142157519674701e-24
29.400000000000027,5.978541031340603e-24
29.500000000000025,6.949545787113735e-24
29.600000000000026,8.076607827081177e-24
29.700000000000024,9.384538900589837e-24
29.800000000000026,1.0902052038930136e-23
29.900000000000027,1.2662367999550775e-23
30.000000000000025,1.4703914875730155e-23
30.100000000000026,1.7071135011247198e-23
30.200000000000024,1.981541547871206e-23
30.300000000000026,2.2996160812834715e-23
30.400000000000027,2.668202948175581e-23
30.500000000000025,3.095235878302288e-23
30.600000000000026,3.589880652566678e-23
30.700000000000028,4.162724207462345e-23
30.800000000000026,4.8259924166635187e-23
30.900000000000027,5.59380084472455e-23
31.00000000000003,6.482443402862951e-23
31.100000000000026,7.510724564465349e-23
31.200000000000028,8.700341631583976e-23
31.300000000000026,1.0076324498521038e-22
31.400000000000027,1.1667541451996413e-22
31.50000000000003,1.3507280799179152e-22
31.600000000000026,1.5633919547698146e-22
31.700000000000028,1.809169200139132e-22
31.800000000000026,2.0931573011498496e-22
31.900000000000027,2.4212292768791435e-22
32.00000000000003,2.800150247601343e-22
32.10000000000002,3.237711304565864e-22
32.20000000000003,3.742883217514501e-22
32.300000000000026,4.325992881655231e-22
32.40000000000003,4.998925824572343e-22
32.50000000000003,5.775358571906962e-22
32.60000000000003,6.671025216957487e-22
32.70000000000003,7.704023163122477e-22
32.800000000000026,8.8951637201815e-22
32.90000000000003,1.0268374048088959e-21
33.00000000000003,1.1851157869240347e-21
33.10000000000003,1.3675123428014474e-21
33.20000000000003,1.5776588382866209e-21
33.300000000000026,1.8197272691954104e-21
33.40000000000003,2.0985092121615456e-21
33.50000000000003,2.419506679447737e-21
33.60000000000003,2.7890361230865866e-21
33.70000000000003,3.2143474657604263e-21
33.800000000000026,3.703760300128005e-21
33.90000000000003,4.266819699267441e-21
34.00000000000003,4.9144744235408276e-21
34.10000000000003,5.659280699182731e-21
34.20000000000003,6.515635187712025e-21
34.30000000000003,7.500041270177847e-21
34.40000000000003,8.63141334456191e-21
34.50000000000003,9.931424487759567e-21
34.60000000000003,1.1424903576090878e-20
34.70000000000003,1.3140288802319412e-20
34.80000000000003,1.511014548631453e-20
34.90000000000003,1.737175716626516e-20
35.00000000000003,1.9967800195227562e-20
35.10000000000003,2.294711347358891e-20
35.20000000000003,2.6365576544168675e-20
35.30000000000003,3.0287111088514676e-20
35.400000000000034,3.478482291917893e-20
35.50000000000003,3.9942303895806627e-20
35.60000000000003,4.5855115839392606e-20
35.70000000000003,5.2632481520554314e-20
35.80000000000003,6.039921120087234e-20
35.900000000000034,6.929789706428369e-20
36.00000000000003,7.949141224781902e-20
36.10000000000003,9.116575613516417e-20
36.20000000000003,1.0453329318887407e-19
36.30000000000003,1.1983643895325838e-19
36.400000000000034,1.3735185405741586e-19
36.50000000000003,1.5739521519555842e-19
36.60000000000003,1.8032664128354125e-19
36.70000000000003,2.065568634251434e-19
36.80000000000003,2.365542391263478e-19
36.900000000000034,2.708527245472537e-19
37.00000000000003,3.100609336785994e-19
37.10000000000003,3.548724303976638e-19
37.20000000000003,4.060774186493381e-19
37.30000000000003,4.645760177968611e-19
37.400000000000034,5.313933348138415e-19
37.500000000000036,6.076965728049409e-19
37.60000000000003,6.948144467528484e-19
37.70000000000003,7.942592128507496e-19
37.80000000000003,9.077516578047336e-19
37.900000000000034,1.0372494396581364e-18
38.000000000000036,1.1849792226464455e-18
38.10000000000003,1.353473106068595e-18
38.20000000000003,1.5456099119754601e-18
38.30000000000003,1.764661969550453e-18
38.400000000000034,2.0143481164242018e-18
38.500000000000036,2.2988937299843626e-18
38.60000000000004,2.623098706316433e-18
38.70000000000003,2.992414422203628e-18
38.80000000000003,3.4130308482645737e-18
38.900000000000034,3.891975130650796e-18
39.000000000000036,4.4372231268377734e-18
39.10000000000004,5.05782557021827e-18
39.20000000000003,5.764050751056211e-18
39.30000000000003,6.567545840777869e-18
39.400000000000034,7.481519255817979e-18
39.500000000000036,8.520946759963124e-18
39.60000000000004,9.70280434440407e-18
39.70000000000003,1.1046331307115103e-17
39.80000000000003,1.2573327382825054e-17
39.900000000000034,1.43084882574614e-17
40.000000000000036,1.6279784342945206e-17
40.10000000000004,1.8518888296746578e-17
40.20000000000003,2.1061657453697952e-17
40.30000000000003,2.394867810415913e-17
40.400000000000034,2.7225879412735907e-17
40.500000000000036,3.0945225736582143e-17
40.60000000000004,3.5165497184325584e-17
40.70000000000004,3.9953169469834026e-17
40.80000000000003,4.538340547495796e-17
40.900000000000034,5.1541172459433346e-17
41.000000000000036,5.852250056371982e-17
41.10000000000004,6.6435900163385e-17
41.20000000000004,7.540395777581102e-17
41.30000000000003,8.556513261853262e-17
41.400000000000034,9.707577860341517e-17
41.500000000000036,1.101124195556155e-16
41.60000000000004,1.2487430880826385e-16
41.70000000000004,1.4158630808451023e-16
41.80000000000004,1.6050212478445791e-16
41.900000000000034,1.8190795149701052e-16
42.000000000000036,2.0612655681337092e-16
42.10000000000004,2.3352188239357744e-16
42.20000000000004,2.645042078014575e-16
42.30000000000004,2.995359519555269e-16
42.400000000000034,3.391381882319913e-16
42.500000000000036,3.8389795939884027e-16
42.60000000000004,4.3447648876578846e-16
42.70000000000004,4.916183953248212e-16
42.80000000000004,5.561620333641487e-16
42.900000000000034,6.290510912143013e-16
43.000000000000036,7.113475995943994e-16
43.10000000000004,8.04246517653281e-16
43.20000000000004,9.090920844489962e-16
43.30000000000004,1.0273961455073681e-15
43.400000000000034,1.160858688497738e-15
43.500000000000036,1.311390849241007e-15
43.60000000000004,1.4811406795306295e-15
43.70000000000004,1.6725220019448743e-15
43.80000000000004,1.8882467143385773e-15
43.90000000000004,2.131360948446291e-15
44.000000000000036,2.4052855334729476e-15
44.10000000000004,2.7138612672108364e-15
44.20000000000004,3.0613995546731596e-15
44.30000000000004,3.452739038112862e-15
44.40000000000004,3.8933089132976085e-15
44.500000000000036,4.389199705816531e-15
44.60000000000004,4.947242368862088e-15
44.70000000000004,5.575096661305741e-15
44.80000000000004,6.281349873024765e-15
44.90000000000004,7.0756270844964305e-15
45.00000000000004,7.968714280938665e-15
45.10000000000004,8.972695789159641e-15
45.20000000000004,1.0101107669351328e-14
45.30000000000004,1.1369108876042626e-14
45.40000000000004,1.2793672204240094e-14
45.50000000000004,1.439379726051611e-14
45.60000000000004,1.619074794679329e-14
45.70000000000004,1.820831721937877e-14
45.80000000000004,2.04731221902444e-14
45.90000000000004,2.301493297475689e-14
46.00000000000004,2.5867039063461002e-14
46.10000000000004,2.906665740889708e-14
46.20000000000004,3.2655386875973465e-14
46.30000000000004,3.6679714210688386e-14
46.40000000000004,4.119157724209175e-14
46.50000000000004,4.624899165183443e-14
46.60000000000004,5.1916748330627483e-14
46.70000000000004,5.826718909816087e-14
46.80000000000004,6.53810693999121e-14
46.90000000000004,7.334851751902792e-14
47.00000000000004,8.227010086297019e-14
47.100000000000044,9.225801101283472e-14
47.20000000000004,1.0343738046893653e-13
47.30000000000004,1.1594774540139908e-13
47.40000000000004,1.2994467023203838e-13
47.50000000000004,1.4560155154833553e-13
47.600000000000044,1.6311162069730478e-13
47.70000000000004,1.8269016644405317e-13
47.80000000000004,2.0457700132569527e-13
47.90000000000004,2.290391978068245e-13
48.00000000000004,2.563741230709151e-13
48.100000000000044,2.8691280428768564e-13
48.200000000000045,3.2102365950720225e-13
48.30000000000004,3.59116632977256e-13
48.40000000000004,4.016477776944577e-13
48.50000000000004,4.4912433241728007e-13
48.600000000000044,5.021103452308789e-13
48.700000000000045,5.612329011018189e-13
48.80000000000004,6.271890167431823e-13
48.90000000000004,7.007532725790414e-13
49.00000000000004,7.827862587078601e-13
49.100000000000044,8.742439195799044e-13
49.200000000000045,9.761878906907685e-13
49.30000000000004,1.089796930026619e-12
49.40000000000004,1.2163795573568638e-12
49.50000000000004,1.3573880258451292e-12
49.600000000000044,1.5144337629362657e-12
49.700000000000045,1.689304431180378e-12
49.80000000000004,1.8839827746899016e-12
49.90000000000004,2.1006674334174666e-12
50.00000000000004,2.3417959255275575e-12
50.100000000000044,2.6100700179629564e-12
50.200000000000045,2.908483727039984e-12
50.30000000000005,3.240354214721393e-12
50.40000000000004,3.6093558723069692e-12
50.50000000000004,4.0195579118573e-12
50.600000000000044,4.475465816956656e-12
50.700000000000045,4.982067038676272e-12
50.80000000000005,5.5448813600873445e-12
50.90000000000004,6.1700163936947305e-12
51.00000000000004,6.8642287210332305e-12
51.100000000000044,7.634991232741546e-12
51.200000000000045,8.490567281084075e-12
51.30000000000005,9.440092315537467e-12
51.40000000000005,1.0493663736150824e-11
51.50000000000004,1.166243976940952e-11
51.600000000000044,1.2958748247813149e-11
51.700000000000045,1.4396206257892897e-11
51.80000000000005,1.59898517125697e-11
51.90000000000005,1.775628800326218e-11
52.00000000000004,1.971384299573368e-11
52.100000000000044,2.188274375211742e-11
52.200000000000045,2.4285308490732172e-11
52.30000000000005,2.6946157436152988e-11
52.40000000000005,2.989244436552387e-11
52.50000000000004,3.3154110824410615e-11
52.600000000000044,3.676416516777768e-11
52.700000000000045,4.075898878020869e-11
52.80000000000005,4.5178672045696645e-11
52.90000000000005,5.006738287269438e-11
53.00000000000004,5.5473770836282903e-11
53.100000000000044,6.145141027804839e-11
53.200000000000045,6.805928600747307e-11
53.30000000000005,7.536232557839366e-11
53.40000000000005,8.343198247261546e-11
53.50000000000005,9.234687491246188e-11
53.600000000000044,1.0219348544755666e-10
53.700000000000045,1.1306692692120488e-10
53.80000000000005,1.2507178092145894e-10
53.90000000000005,1.383230153645891e-10
54.00000000000005,1.5294698844770243e-10
54.100000000000044,1.6908254684655653e-10
54.200000000000045,1.8688222672822857e-10
54.30000000000005,2.0651356690068253e-10
54.40000000000005,2.2816054423721743e-10
54.50000000000005,2.5202514239831513e-10
54.60000000000005,2.7832906583219295e-10
54.700000000000045,3.073156120742587e-10
54.80000000000005,3.392517164910943e-10
54.90000000000005,3.744301848334076e-10
55.00000000000005,4.1317213028216874e-10
55.10000000000005,4.5582963310051894e-10
55.200000000000045,5.027886425499252e-10
55.30000000000005,5.544721424014346e-10
55.40000000000005,6.113436031816089e-10
55.50000000000005,6.739107462487057e-10
55.60000000000005,7.427296469087272e-10
55.700000000000045,8.18409206066102e-10
55.80000000000005,9.016160223722174e-10
55.90000000000005,9.930796995015885e-10
56.00000000000005,1.0935986260649644e-09
56.10000000000005,1.204046268776789e-09
56.200000000000045,1.3253780228496613e-09
56.30000000000005,1.4586386672078238e-09
56.40000000000005,1.604970476016446e-09
56.50000000000005,1.7656220422339885e-09
56.60000000000005,1.9419578734344535e-09
56.70000000000005,2.1354688250385697e-09
56.80000000000005,2.347783441365056e-09
56.90000000000005,2.580680280591682e-09
57.00000000000005,2.8361013058312872e-09
57.10000000000005,3.116166431112343e-09
57.20000000000005,3.4231893181397497e-09
57.30000000000005,3.759694527337395e-09
57.40000000000005,4.128436134876649e-09
57.50000000000005,4.532417936215934e-09
57.60000000000005,4.974915366162001e-09
57.70000000000005,5.459499275656521e-09
57.800000000000054,5.990061716445412e-09
57.90000000000005,6.570843896556283e-09
58.00000000000005,7.20646648214504e-09
58.10000000000005,7.901962434840192e-09
58.20000000000005,8.662812588276474e-09
58.300000000000054,9.49498418313376e-09
58.40000000000005,1.0404972596759233e-08
58.50000000000005,1.139984652142755e-08
58.60000000000005,1.2487296864563478e-08
58.70000000000005,1.3675689664909288e-08
58.800000000000054,1.497412334075078e-08
58.90000000000005,1.6392490610023437e-08
59.00000000000005,1.7941545447510555e-08
59.10000000000005,1.963297547152365e-08
59.20000000000005,2.1479480181548837e-08
59.300000000000054,2.3494855499464306e-08
59.40000000000005,2.569408510023289e-08
59.50000000000005,2.8093439053569666e-08
59.60000000000005,3.071058033614648e-08
59.70000000000005,3.35646798145714e-08
59.800000000000054,3.667654034283054e-08
59.900000000000055,4.00687306643028e-08
60.00000000000005,4.376572985800651e-08
60.10000000000005,4.779408312165384e-08
60.20000000000005,5.218256974052399e-08
60.300000000000054,5.6962384151410356e-08
60.400000000000055,6.216733107511155e-08
60.50000000000005,6.783403575942513e-08
60.60000000000005,7.400217044758777e-08
60.70000000000005,8.071469826487617e-08
60.800000000000054,8.801813579893615e-08
60.900000000000055,9.596283573760802e-08
61.00000000000006,1.0460329102194826e-07
61.10000000000005,1.1399846207207473e-07
61.20000000000005,1.242121287498108e-07
61.300000000000054,1.3531326883517216e-07
61.400000000000055,1.4737646491401152e-07
61.50000000000006,1.6048234170191652e-07
61.60000000000005,1.7471803596527918e-07
61.70000000000005,1.901777013447061e-07
61.800000000000054,2.0696305053912087e-07
61.900000000000055,2.251839374715607e-07
62.00000000000006,2.449589822302075e-07
62.10000000000005,2.6641624176131887e-07
62.20000000000005,2.8969392948489095e-07
62.300000000000054,3.1494118720974193e-07
62.400000000000055,3.423189129429326e-07
62.50000000000006,3.720006484196045e-07
62.60000000000005,4.041735304241768e-07
62.70000000000005,4.3903931023317497e-07
62.800000000000054,4.7681544578430915e-07
62.900000000000055,5.177362714669478e-07
63.00000000000006,5.620542507361766e-07
63.10000000000006,6.100413170775778e-07
63.20000000000005,6.619903091931269e-07
63.300000000000054,7.182165066415429e-07
63.400000000000055,7.790592725495918e-07
63.50000000000006,8.448838104157683e-07
63.60000000000006,9.160830424549016e-07
63.70000000000005,9.930796173832256e-07
63.800000000000054,1.076328056019097e-06
63.900000000000055,1.1663170435760735e-06
64.00000000000006,1.2635718780539923e-06
64.10000000000005,1.3686570846907497e-06
64.20000000000006,1.4821792070246404e-06
64.30000000000005,1.6047897857349895e-06
64.40000000000006,1.7371885370799992e-06
64.50000000000006,1.8801267434347548e-06
64.60000000000005,2.0344108691534043e-06
64.70000000000006,2.2009064157361335e-06
64.80000000000005,2.3805420310781477e-06
64.90000000000006,2.5743138884145435e-06
65.00000000000006,2.783290351452591e-06
65.10000000000005,3.008616943107e-06
65.20000000000006,3.2515216362204546e-06
65.30000000000005,3.5133204856683246e-06
65.40000000000006,3.7954236223121994e-06
65.50000000000006,4.099341630382161e-06
65.60000000000005,4.426692331040291e-06
65.70000000000006,4.779207996101737e-06
65.80000000000005,5.158743017174699e-06
65.90000000000006,5.567282056824433e-06
66.00000000000006,6.006948709770595e-06
66.10000000000005,6.480014703599984e-06
66.20000000000006,6.988909670010922e-06
66.30000000000005,7.536231519213293e-06
66.40000000000006,8.124757451786327e-06
66.50000000000006,8.757455644044465e-06
66.60000000000005,9.437497644794403e-06
66.70000000000006,1.0168271523268147e-05
66.80000000000005,1.095339581000834e-05
66.90000000000006,1.1796734274554384e-05
67.00000000000006,1.2702411585933119e-05
67.10000000000007,1.3674829904211546e-05
67.20000000000006,1.471868645370219e-05
67.30000000000005,1.583899213085257e-05
67.40000000000006,1.704109120237491e-05
67.50000000000006,1.8330682151808e-05
67.60000000000007,1.9713839735434612e-05
67.70000000000006,2.119703831131272e-05
67.80000000000005,2.278717650813047e-05
67.90000000000006,2.44916033036427e-05
68.00000000000006,2.63181455856181e-05
68.10000000000007,2.8275137271511835e-05
68.20000000000006,3.0371450066467352e-05
68.30000000000005,3.261652594278438e-05
68.40000000000006,3.502041142761707e-05
68.50000000000006,3.759379378943939e-05
68.60000000000007,4.034803921770767e-05
68.70000000000006,4.329523309415258e-05
68.80000000000005,4.644822245830704e-05
68.90000000000006,4.9820660774126354e-05
69.00000000000006,5.342705510899144e-05
69.10000000000007,5.7282815840923435e-05
69.20000000000006,6.140430901451103e-05
69.30000000000005,6.580891147088843e-05
69.40000000000006,7.051506888203479e-05
69.50000000000006,7.554235682476466e-05
69.60000000000007,8.091154503502442e-05
69.70000000000006,8.664466498843571e-05
69.80000000000007,9.276508095858026e-05
69.90000000000006,9.92975647101093e-05
70.00000000000006,0.00010626837398958185
70.10000000000007,0.00011370533498280451
70.20000000000006,0.00012163792891351099
70.30000000000007,0.00013009738296439148
70.40000000000006,0.00013911676570775125
70.50000000000006,0.00014873108723954752
70.60000000000007,0.00015897740421704707
70.70000000000006,0.00016989493000703893
70.80000000000007,0.00018152515015831884
70.90000000000006,0.0001939119434189838
71.00000000000006,0.00020710170852615177
71.10000000000007,0.00022114349700269123
71.20000000000006,0.00023608915220279682
71.30000000000007,0.00025199345485546194
71.40000000000006,0.00026891427536218464
71.50000000000006,0.00028691273311270786
71.60000000000007,0.00030605336308993586
71.70000000000006,0.00032640429004270917
71.80000000000007,0.00034803741051265923
71.90000000000006,0.0003710285830087685
72.00000000000006,0.00039545782663100024
72.10000000000007,0.0004214095284516813
72.20000000000006,0.00044897265997099974
72.30000000000007,0.00047824100297039505
72.40000000000006,0.0005093133850949705
72.50000000000006,0.0005422939255035785
72.60000000000007,0.0005772922909322854
72.70000000000006,0.0006144239625242134
72.80000000000007,0.0006538105137857956
72.90000000000006,0.0006955799000361582
73.00000000000006,0.0007398667597233459
73.10000000000007,0.0007868127279872764
73.20000000000006,0.0008365667628558021
73.30000000000007,0.0008892854844662838
73.40000000000006,0.0009451335277105891
73.50000000000007,0.0010042839087072459
73.60000000000007,0.0010669184055091538
73.70000000000006,0.0011332279534604747
73.80000000000007,0.0012034130556201606
73.90000000000006,0.001277684208673861
74.00000000000007,0.0013562623447593697
74.10000000000007,0.0014393792896333136
74.20000000000006,0.0015272782376098872
74.30000000000007,0.0016202142437035277
74.40000000000006,0.0017184547334091213
74.50000000000007,0.0018222800305539013
74.60000000000007,0.0019319839036545635
74.70000000000006,0.0020478741312130286
74.80000000000007,0.002170273086381854
74.90000000000006,0.00229951834142829
75.00000000000007,0.0024359632924227164
75.10000000000007,0.00257997780457226
75.20000000000006,0.00273194887861616
75.30000000000007,0.002892281338692274
75.40000000000006,0.0030613985420773087
75.50000000000007,0.003239743111195194
75.60000000000007,0.003427777688277529
75.70000000000006,0.0036259857130505582
75.80000000000007,0.0038348722238098765
75.90000000000006,0.004054964682231432
76.00000000000007,0.004286813822252933
76.10000000000007,0.004530994523342411
76.20000000000007,0.004788106708455182
76.30000000000007,0.005058776266958838
76.40000000000006,0.005343656002787996
76.50000000000007,0.005643426608065769
76.60000000000007,0.005958797662406699
76.70000000000007,0.00629050865808996
76.80000000000007,0.006639330051263139
76.90000000000006,0.007006064339309869
77.00000000000007,0.007391547164481094
77.10000000000007,0.007796648443858491
77.20000000000007,0.00822227352568383
77.30000000000007,0.008669364372049074
77.40000000000006,0.009138900767906582
77.50000000000007,0.009631901556314135
77.60000000000007,0.010149425899789106
77.70000000000007,0.01069257456760072
77.80000000000007,0.011262491248779446
77.90000000000006,0.011860363890577576
78.00000000000007,0.012487426062058583
78.10000000000007,0.013144958342441863
78.20000000000007,0.013834289733773679
78.30000000000007,0.014556799097432902
78.40000000000006,0.01531391661392523
78.50000000000007,0.016107125265350575
78.60000000000007,0.016937962339867087
78.70000000000007,0.017808020957407387
78.80000000000007,0.018718951615829274
78.90000000000006,0.019672463756617024
79.00000000000007,0.020670327349168842
79.10000000000007,0.021714374492633463
79.20000000000007,0.022806501034181095
79.30000000000007,0.023948668202507108
79.40000000000006,0.025142904255292912
79.50000000000007,0.026391306139254417
79.60000000000007,0.027696041161327893
79.70000000000007,0.02905934866945295
79.80000000000007,0.03048354174131734
79.90000000000008,0.031971008879343926
80.00000000000007,0.033524215710095825
80.10000000000007,0.03514570668619079
80.20000000000007,0.03683810678870918
80.30000000000007,0.03860412322798572
80.40000000000008,0.04044654714057891
80.50000000000007,0.04236825528009925
80.60000000000007,0.04437221169949194
80.70000000000007,0.046461469422249616
80.80000000000007,0.04863917209993959
80.90000000000008,0.05090855565332309
81.00000000000007,0.05327294989423139
81.10000000000007,0.055735780125273915
81.20000000000007,0.05830056871433317
81.30000000000007,0.06097093664070591
81.40000000000008,0.06375060500964819
81.50000000000007,0.06664339653196417
81.60000000000007,0.06965323696519747
81.70000000000007,0.07278415651285927
81.80000000000007,0.07604029117804303
81.90000000000008,0.07942588406767542
82.00000000000007,0.08294528664354145
82.10000000000007,0.08660295991615073
82.20000000000007,0.09040347557739631
82.30000000000007,0.09435151706787843
82.40000000000008,0.09845188057468664
82.50000000000007,0.1027094759553238
82.60000000000008,0.10712932758341057
82.70000000000007,0.11171657511169399
82.80000000000007,0.11647647414784981
82.90000000000008,0.12141439683846547
83.00000000000007,0.12653583235654722
83.10000000000008,0.13184638728784176
83.20000000000007,0.13735178591117914
83.30000000000007,0.14305787036804118
83.40000000000008,0.14897060071647572
83.50000000000007,0.15509605486446557
83.60000000000008,0.16144042837784142
83.70000000000007,0.16801003415776644
83.80000000000007,0.17481130198286618
83.90000000000008,0.18185077791101042
84.00000000000007,0.18913512353579764
84.10000000000008,0.19667111509279542
84.20000000000007,0.20446564241058168
84.30000000000007,0.2125257077017082
84.40000000000008,0.2208584241886941
84.50000000000007,0.22947101456023616
84.60000000000008,0.23837080925288356
84.70000000000007,0.24756524455344828
84.80000000000007,0.2570618605175676
84.90000000000008,0.2668682986998536
85.00000000000007,0.27699229969120825
85.10000000000008,0.2874417004589932
85.20000000000007,0.298224431485819
85.30000000000007,0.3093485137029241
85.40000000000008,0.32082205521418644
85.50000000000007,0.33265324780701055
85.60000000000008,0.3448503632465144
85.70000000000007,0.35742174934954885
85.80000000000007,0.37037582583538786
85.90000000000008,0.3837210799500223
86.00000000000007,0.39746606186127964
86.10000000000008,0.4116193798222205
86.20000000000007,0.4261896951004471
86.30000000000008,0.4411857166713105
86.40000000000008,0.4566161956731675
86.50000000000007,0.47248991962322684
86.60000000000008,0.48881570639272126
86.70000000000007,0.5056023979405091
86.80000000000008,0.5228588538045379
86.90000000000008,0.5405939443508507
87.00000000000007,0.5588165437802847
87.10000000000008,0.577535522893243
87.20000000000007,0.5967597416133612
87.30000000000008,0.6164980412712765
87.40000000000008,0.6367592366500041
87.50000000000007,0.6575521077939608
87.60000000000008,0.6788853915839506
87.70000000000007,0.7007677730809242
87.80000000000008,0.7232078766417672
87.90000000000008,0.7462142568106954
88.00000000000007,0.7697953889904451
88.10000000000008,0.7939596598977411
88.20000000000007,0.8187153578080648
88.30000000000008,0.8440706625952478
88.40000000000008,0.8700336355717361
88.50000000000007,0.896612209136051
88.60000000000008,0.923814176234257
88.70000000000007,0.9516471796428474
88.80000000000008,0.9801187010809586
88.90000000000008,1.009236050160154
89.00000000000009,1.0390063531807563
89.10000000000008,1.0694365417839133
89.20000000000007,1.1005333414693437
89.30000000000008,1.132303259988961
89.40000000000008,1.164752575627193
89.50000000000009,1.1978873253793076
89.60000000000008,1.2317132930393628
89.70000000000007,1.2662359972101298
89.80000000000008,1.3014606792475278
89.90000000000008,1.3373922911527383
90.00000000000009,1.3740354834256172
90.10000000000008,1.4113945928932723
90.20000000000007,1.4494736305283802
90.30000000000008,1.4882762692719524
90.40000000000008,1.527805831875825
90.50000000000009,1.5680652787805522
90.60000000000008,1.6090571960445406
90.70000000000007,1.6507837833409378
90.80000000000008,1.6932468420387956
90.90000000000008,1.7364477633855508
91.00000000000009,1.7803875168081682
91.10000000000008,1.8250666383503544
91.20000000000007,1.8704852192638224
91.30000000000008,1.9166428947715037
91.40000000000008,1.9635388330210033
91.50000000000009,2.0111717242467986
91.60000000000008,2.059539770159587
91.70000000000007,2.1086406735816987
91.80000000000008,2.158471628347209
91.90000000000008,2.209029309485698
92.00000000000009,2.2603098637086503
92.10000000000008,2.312308900217253
92.20000000000007,2.365021481850716
92.30000000000008,2.4184421165938037
92.40000000000008,2.4725647494624243
92.50000000000009,2.527382754786022
92.60000000000008,2.582888928905094
92.70000000000009,2.6390754833023995
92.80000000000008,2.695934038185733
92.90000000000008,2.7534556165403563
93.00000000000009,2.8116306386684706
93.10000000000008,2.8704489172330625
93.20000000000009,2.9298996528230807
93.30000000000008,2.9899714300562605
93.40000000000008,3.0506522142358956
93.50000000000009,3.1119293485769606
93.60000000000008,3.17378955201677
93.70000000000009,3.236218917624832
93.80000000000008,3.2992029116256747
93.90000000000008,3.362726373048304
94.00000000000009,3.426773514014834
94.10000000000008,3.49132792068045
94.20000000000009,3.556372554836179
94.30000000000008,3.6218897561848844
94.40000000000008,3.6878612453006236
94.50000000000009,3.7542681272802114
94.60000000000008,3.8210908960953285
94.70000000000009,3.888309439652639
94.80000000000008,3.95590304556819
94.90000000000008,4.023850407661953
95.00000000000009,4.092129633176917
95.10000000000008,4.1607182507265055
95.20000000000009,4.229593218973117
95.30000000000008,4.29873093603923
95.40000000000009,4.36810724965203
95.50000000000009,4.43769746802089
95.60000000000008,4.50747637144652
95.70000000000009,4.577418224659069
95.80000000000008,4.647496789881617
95.90000000000009,4.717685340614482
96.00000000000009,4.78795667613425
96.10000000000008,4.85828313670089
96.20000000000009,4.928636619464637
96.30000000000008,4.9989885950635555
96.40000000000009,5.069310124901538
96.50000000000009,5.139571879095068
96.60000000000008,5.209744155076433
96.70000000000009,5.279796896839463
96.80000000000008,5.349699714813058
96.90000000000009,5.419421906346681
97.00000000000009,5.488932476790571
97.10000000000008,5.558200161152827
97.20000000000009,5.627193446313993
97.30000000000008,5.6958805937789885
97.40000000000009,5.76422966294526
97.50000000000009,5.832208534864633
97.60000000000008,5.899784936475929
97.70000000000009,5.9669264652839065
97.80000000000008,6.033600614459496
97.90000000000009,6.099774798335394
98.00000000000009,6.165416378269899
98.10000000000008,6.230492688851533
98.20000000000009,6.29497106441571
98.30000000000008,6.358818865844258
98.40000000000009,6.422003507617886
98.50000000000009,6.48449248509071
98.60000000000008,6.5462534019557905
98.70000000000009,6.607253997869562
98.80000000000008,6.667462176202825
98.90000000000009,6.726846031885437
99.00000000000009,6.785373879311121
99.1000000000001,6.843014280268897
99.20000000000009,6.899736071866742
99.30000000000008,6.955508394413341
99.40000000000009,7.010300719223096
99.50000000000009,7.064082876309646
99.6000000000001,7.116825081933053
99.70000000000009,7.168497965965428
99.80000000000008,7.219072599040228
99.90000000000009,7.268520519450035
100.00000000000009,7.316813759758041
100.1000000000001,7.36392487308859
100.20000000000009,7.409826959062088
100.30000000000008,7.454493689340307
100.40000000000009,7.497899332747993
100.50000000000009,7.540018779937391
100.6000000000001,7.580827567562672
100.70000000000009,7.620301901931611
100.80000000000008,7.658418682102684
100.90000000000009,7.695155522396125
101.00000000000009,7.7304907742882865
101.1000000000001,7.764403547659419
101.20000000000009,7.796873731365561
101.30000000000008,7.827882013106335
101.40000000000009,7.857409898561085
101.50000000000009,7.885439729766841
101.6000000000001,7.911954702712619
101.70000000000009,7.936938884125405
101.8000000000001,7.960377227424469
101.90000000000009,7.982255587821549
102.00000000000009,8.002560736545785
102.1000000000001,8.021280374173298
102.20000000000009,8.038403143042654
102.3000000000001,8.053918638738688
102.40000000000009,8.067817420628373
102.50000000000009,8.080091021433859
102.6000000000001,8.09073195582906
102.70000000000009,8.099733728047575
102.8000000000001,8.10709083849114
102.90000000000009,8.112798789329153
103.00000000000009,8.116854089081347
103.1000000000001,8.119254256177037
103.20000000000009,8.119997821485866
103.3000000000001,8.119084329816452
103.40000000000009,8.116514340380784
103.50000000000009,8.112289426223704
103.6000000000001,8.106412172618295
103.70000000000009,8.098886174429472
103.8000000000001,8.089716032449505
103.90000000000009,8.078907348710773
104.00000000000009,8.066466720782342
104.1000000000001,8.052401735058583
104.20000000000009,8.036720959049333
104.3000000000001,8.01943393268258
104.40000000000009,8.000551158632046
104.50000000000009,7.980084091683378
104.6000000000001,7.958045127154022
104.70000000000009,7.934447588383195
104.8000000000001,7.90930571330957
104.90000000000009,7.882634640155682
105.00000000000009,7.854450392239112
105.1000000000001,7.824769861931867
105.20000000000009,7.79361079379039
105.3000000000001,7.760991766879746
105.40000000000009,7.72693217631673
105.5000000000001,7.6914522140574135
105.6000000000001,7.654572848955932
105.70000000000009,7.6163158061218885
105.8000000000001,7.5767035456049605
105.90000000000009,7.535759240435901
106.0000000000001,7.4935067540539135
106.1000000000001,7.449970617151301
106.20000000000009,7.405176003966619
106.3000000000001,7.359148708058534
106.40000000000009,7.3119151175929025
106.5000000000001,7.263502190176094
106.6000000000001,7.21393742726827
106.70000000000009,7.16324884821032
106.8000000000001,7.111464963898882
106.90000000000009,7.0586147501438985
107.0000000000001,7.004727620743368
107.1000000000001,6.949833400310353
107.20000000000009,6.893962296887022
107.3000000000001,6.837144874380918
107.40000000000009,6.779412024858389
107.5000000000001,6.720794940730053
107.6000000000001,6.6613250868632505
107.70000000000009,6.601034172655915
107.8000000000001,6.539954124106374
107.90000000000009,6.478117055913139
108.0000000000001,6.4155552436382735
108.1000000000001,6.352301095967929
108.2000000000001,6.28838712710263
108.3000000000001,6.223845929309989
108.40000000000009,6.158710145671406
108.5000000000001,6.093012443054214
108.6000000000001,6.026785485339806
108.7000000000001,5.960061906937543
108.8000000000001,5.8928742866139086
108.90000000000009,5.825255121665051
109.0000000000001,5.757236802460588
109.1000000000001,5.688851587385406
109.2000000000001,5.620131578205254
109.3000000000001,5.551108695881442
109.40000000000009,5.4818146568584325
109.5000000000001,5.412280949847712
109.6000000000001,5.34253881313
109.7000000000001,5.272619212396847
109.8000000000001,5.202552819151966
109.90000000000009,5.132369989691067
110.0000000000001,5.06210074467845
110.1000000000001,4.991774749337137
110.2000000000001,4.921421294268283
110.3000000000001,4.851069276914795
110.40000000000009,4.780747183682468
110.5000000000001,4.710483072731342
110.6000000000001,4.640304557448513
110.7000000000001,4.570238790612527
110.8000000000001,4.500312449258652
110.90000000000009,4.4305517202527165
111.0000000000001,4.360982286580568
111.1000000000001,4.291629314358758
111.2000000000001,4.222517440570979
111.3000000000001,4.153670761533966
111.40000000000009,4.085112822095004
111.5000000000001,4.016866605562619
111.6000000000001,3.9489545243705977
111.7000000000001,3.8813984114745277
111.8000000000001,3.814219512479252
111.9000000000001,3.7474384784941726
112.0000000000001,3.6810753597129184
112.1000000000001,3.615149599712345
112.2000000000001,3.5496800304654177
112.3000000000001,3.4846848680613083
112.4000000000001,3.420181709125119
112.5000000000001,3.3561875279291704
112.6000000000001,3.292718674186387
112.7000000000001,3.229790871516081
112.8000000000001,3.167419216571325
112.9000000000001,3.1056181788163553
113.0000000000001,3.044401600942094
113.1000000000001,2.9837826999066936
113.2000000000001,2.9237740685878633
113.3000000000001,2.864387678032839
113.4000000000001,2.8056348802912696
113.5000000000001,2.7475264118160982
113.6000000000001,2.69007239741651
113.7000000000001,2.633282354747056
113.8000000000001,2.5771651993163194
113.9000000000001,2.5217292499981125
114.0000000000001,2.466982235028135
114.1000000000001,2.41293129846823
114.2000000000001,2.35958300712056
114.3000000000001,2.3069433578734833
114.4000000000001,2.2550177854606996
114.5000000000001,2.203811170615334
114.60000000000011,2.153327848600033
114.7000000000001,2.1035716180945316
114.8000000000001,2.054545750421593
114.9000000000001,2.0062529990925766
115.0000000000001,1.95869560965364
115.10000000000011,1.9118753298135769
115.2000000000001,1.865793419834594
115.3000000000001,1.8204506631670279
115.4000000000001,1.7758473773094652
115.5000000000001,1.73198342487564
115.60000000000011,1.6888582248496398
115.7000000000001,1.6464707640113405
115.8000000000001,1.6048196085138906
115.9000000000001,1.5639029155955884
116.0000000000001,1.5237184454085824
116.10000000000011,1.4842635729470754
116.2000000000001,1.4455353000582232
116.3000000000001,1.4075302675189263
116.4000000000001,1.3702447671623454
116.5000000000001,1.3336747540381446
116.60000000000011,1.2978158585908324
116.7000000000001,1.2626633988411335
116.8000000000001,1.228212392555456
116.9000000000001,1.1944575693891917
117.0000000000001,1.1613933829898517
117.10000000000011,1.129014023046467
117.2000000000001,1.0973134272723064
117.3000000000001,1.0662852933081473
117.4000000000001,1.0359230905340617
117.5000000000001,1.006220071777989
117.60000000000011,0.977169284909832
117.7000000000001,0.9487635843104589
117.8000000000001,0.9209956422052291
117.9000000000001,0.8938579598523873
118.0000000000001,0.867342878577002
118.10000000000011,0.8414425906416227
118.2000000000001,0.8161491499454533
118.30000000000011,0.7914544825441043
118.4000000000001,0.7673503969827171
118.5000000000001,0.7438285944354966
118.60000000000011,0.720880678645378
118.7000000000001,0.6984981656578866
118.80000000000011,0.6766724933437485
118.9000000000001,0.6553950307053568
119.0000000000001,0.634657086962507
119.10000000000011,0.6144499204134154
119.2000000000001,0.5947647470673886
119.30000000000011,0.5755927490459329
119.4000000000001,0.5569250827496314
119.5000000000001,0.5387528867883672
119.60000000000011,0.5210672896730415
119.7000000000001,0.5038594172672289
119.80000000000011,0.487120399997603
119.9000000000001,0.4708413798224369
120.0000000000001,0.45501351695769693
120.10000000000011,0.43962799636075073
120.2000000000001,0.4246760339719597
120.30000000000011,0.41014888271475725
120.4000000000001,0.39603783825521843
120.5000000000001,0.38233424452229925
120.60000000000011,0.36902949899034737
120.7000000000001,0.356115057725682
120.80000000000011,0.34358244019931944
120.9000000000001,0.3314232338682387
121.00000000000011,0.3196290985277201
121.10000000000011,0.30819177043763324
121.2000000000001,0.29710306622566396
121.30000000000011,0.28635488657075864
121.4000000000001,0.2759392196702127
121.50000000000011,0.2658481444939977
121.60000000000011,0.25607383383015364
121.7000000000001,0.24660855712513946
121.80000000000011,0.23744468312326178
121.9000000000001,0.22857468230938394
122.00000000000011,0.21999112915923594
122.10000000000011,0.2116867042018055
122.2000000000001,0.20365419589831305
122.30000000000011,0.19588650234243118
122.4000000000001,0.1883766327864417
122.50000000000011,0.18111770899809237
122.60000000000011,0.1741029664530061
122.7000000000001,0.16732575536748398
122.80000000000011,0.16077954157663757
122.9000000000001,0.15445790726277697
123.00000000000011,0.148354551538998
123.10000000000011,0.1424632908929559
123.2000000000001,0.13677805949576444
123.30000000000011,0.13129290938099858
123.4000000000001,0.126002010498736
123.50000000000011,0.12089965064955087
123.60000000000011,0.11598023530337305
123.7000000000001,0.11123828730804505
123.80000000000011,0.10666844649241161
123.9000000000001,0.10226546916870242
124.00000000000011,0.09802422753891338
124.10000000000011,0.09393970900985954
124.2000000000001,0.09000701542146994
124.30000000000011,0.0862213621928638
124.4000000000001,0.08257807739064912
124.50000000000011,0.07907260072381314
124.60000000000011,0.0757004824695068
124.70000000000012,0.07245738233391703
124.80000000000011,0.06933906825235979
124.9000000000001,0.06634141513261053
125.00000000000011,0.06346040354541982
125.10000000000011,0.06069211836604906
125.20000000000012,0.05803274737056907
125.30000000000011,0.055478579790574384
125.4000000000001,0.053026004829847435
125.50000000000011,0.050671510146424056
125.60000000000011,0.048411680303396584
125.70000000000012,0.046243195191687916
125.80000000000011,0.04416282842793588
125.9000000000001,0.04216744573050658
126.00000000000011,0.040254003276566586
126.10000000000011,0.03841954604302896
126.20000000000012,0.03666120613408328
126.30000000000011,0.03497620109792692
126.4000000000001,0.03336183223519375
126.50000000000011,0.0318154829014906
126.60000000000011,0.03033461680633925
126.70000000000012,0.02891677631072249
126.80000000000011,0.02755958072533806
126.9000000000001,0.0262607246115582
127.00000000000011,0.02501797608700196
127.10000000000011,0.02382917513752905
127.20000000000012,0.022692231937366882
127.30000000000011,0.02160512517899856
127.40000000000012,0.020565900414338263
127.50000000000011,0.01957266840864239
127.60000000000011,0.018623603508508568
127.70000000000012,0.017716942025237725
127.80000000000011,0.016850980634746975
127.90000000000012,0.016024074795140748
128.0000000000001,0.015234637182972993
128.1000000000001,0.014481136149151088
128.2000000000001,0.013762094195363702
128.30000000000013,0.013076086471838935
128.40000000000012,0.01242173929717254
128.5000000000001,0.011797728700894294
128.6000000000001,0.011202778989382498
128.7000000000001,0.010635661335666638
128.80000000000013,0.010095192393602032
128.90000000000012,0.009580232936841673
129.0000000000001,0.009089686522971445
129.1000000000001,0.008622498183126659
129.2000000000001,0.008177653137350823
129.30000000000013,0.007754175535911606
129.40000000000012,0.0073511272267414995
129.5000000000001,0.006967606549123264
129.6000000000001,0.0066027471537020545
129.7000000000001,0.006255716848860619
129.80000000000013,0.0059257164734581305
129.90000000000012,0.005611978795896332
130.0000000000001,0.005313767439439919
130.1000000000001,0.005030375833689015
130.2000000000001,0.004761126192066941
130.30000000000013,0.004505368515160011
130.40000000000012,0.004262479619718157
130.5000000000001,0.004031862193098716
130.6000000000001,0.003812943872914308
130.7000000000001,0.0036051763516212086
130.80000000000013,0.003408034505765539
130.90000000000012,0.0032210155495856737
131.0000000000001,0.003043638212650596
131.1000000000001,0.002875441941200159
131.2000000000001,0.0027159861228364434
131.30000000000013,0.0025648493342035187
131.40000000000012,0.00242162861128092
131.5000000000001,0.002285938741904545
131.6000000000001,0.002157411580120881
131.7000000000001,0.0020356953819705838
131.80000000000013,0.0019204541622911658
131.90000000000012,0.0018113670721223256
132.0000000000001,0.0017081277962916635
132.1000000000001,0.0016104439707555812
132.2000000000001,0.0015180366192656372
132.30000000000013,0.0014306396089290168
132.40000000000012,0.0013479991242300875
132.5000000000001,0.001269873159078739
132.6000000000001,0.0011960310264520018
132.70000000000013,0.001126252885195238
132.80000000000013,0.0010603292835510356
132.90000000000012,0.0009980607189853411
133.0000000000001,0.0009392572138834615
133.1000000000001,0.0008837379066909668
133.20000000000013,0.0008313306580782879
133.30000000000013,0.0007818716717118429
133.40000000000012,0.0007352051292185769
133.5000000000001,0.0006911828389360478
133.6000000000001,0.0006496638980449101
133.70000000000013,0.0006105143676863249
133.80000000000013,0.0005736069606726356
133.90000000000012,0.0005388207414054695
134.0000000000001,0.0005060408376220826
134.1000000000001,0.0004751581635969349
134.20000000000013,0.00044606915443238165
134.30000000000013,0.0004186755110792774
134.40000000000012,0.0003928839557351149
134.5000000000001,0.0003686059972748126
134.6000000000001,0.000345757706376222
134.70000000000013,0.0003242595000099679
134.80000000000013,0.0003040359349706296
134.90000000000012,0.00028501551013365153
135.0000000000001,0.0002671304771300858
135.1000000000001,0.00025031665913859336
135.20000000000013,0.0002345132775017974
135.30000000000013,0.00021966278588159995
135.40000000000012,0.0002057107116754939
135.5000000000001,0.00019260550442353939
135.6000000000001,0.00018029839094293838
135.70000000000013,0.00016874323693462877
135.80000000000013,0.0001578964148135965
135.90000000000012,0.00014771667752180216
136.0000000000001,0.00013816503808987076
136.1000000000001,0.00012920465472066555
136.20000000000013,0.0001208007211748844
136.30000000000013,0.00011292036224569725
136.40000000000012,0.00010553253411614463
136.5000000000001,9.860792939976282e-05
136.6000000000001,9.211888667133328e-05
136.70000000000013,8.60393043011287e-05
136.80000000000013,8.034455841229263e-05
136.90000000000012,7.501142478712745e-05
137.0000000000001,7.001800455414406e-05
137.1000000000001,6.534365349356303e-05
137.20000000000013,6.096891480475508e-05
137.30000000000013,5.687545518472732e-05
137.40000000000012,5.304600407222969e-05
137.5000000000001,4.9464295917448246e-05
137.6000000000001,4.611501534242261e-05
137.70000000000013,4.298374506243189e-05
137.80000000000013,4.0056916443524804e-05
137.90000000000012,3.732176257615762e-05
138.0000000000001,3.476627374960397e-05
138.1000000000001,3.2379155216297e-05
138.20000000000013,3.014978713968502e-05
138.30000000000013,2.8068186623441997e-05
138.40000000000012,2.6124971723998378e-05
138.5000000000001,2.4311327352384662e-05
138.60000000000014,2.2618972975234445e-05
138.70000000000013,2.1040132028562045e-05
138.80000000000013,1.9567502961544637e-05
138.90000000000012,1.819423183106121e-05
139.0000000000001,1.6913886371113102e-05
139.10000000000014,1.572043146452877e-05
139.20000000000013,1.4608205947513048e-05
139.30000000000013,1.3571900680635444e-05
139.40000000000012,1.2606537822800527e-05
139.5000000000001,1.1707451247556494e-05
139.60000000000014,1.0870268043828247e-05
139.70000000000013,1.0090891045781518e-05
139.80000000000013,9.365482339039714e-06
139.90000000000012,8.690447692908952e-06
140.0000000000001,8.062421870587909e-06
140.10000000000014,7.4782547715832105e-06
140.20000000000013,6.934998362699647e-06
140.30000000000013,6.4298943560356375e-06
140.40000000000012,5.96036259439863e-06
140.5000000000001,5.5239901064493724e-06
140.60000000000014,5.11852079570592e-06
140.70000000000013,4.7418457292824375e-06
140.80000000000013,4.391993993905454e-06
140.90000000000012,4.0671240883529516e-06
141.0000000000001,3.7655158229878553e-06
141.10000000000014,3.485562698523144e-06
141.20000000000013,3.22576473755492e-06
141.30000000000013,2.9847217437356403e-06
141.40000000000012,2.7611269647401095e-06
141.5000000000001,2.553761136394354e-06
141.60000000000014,2.361486886503652e-06
141.70000000000013,2.1832434780276866e-06
141.80000000000013,2.0180418723094227e-06
141.90000000000012,1.8649600940774716e-06
142.0000000000001,1.723138880902966e-06
142.10000000000014,1.5917776007111526e-06
142.20000000000013,1.4701304218220544e-06
142.30000000000013,1.3575027208258614e-06
142.40000000000012,1.2532477143924105e-06
142.5000000000001,1.1567633018660442e-06
142.60000000000014,1.0674891062145588e-06
142.70000000000013,9.849037015820184e-07
142.80000000000013,9.085220163420283e-07
142.90000000000012,8.378929011637748e-07
143.0000000000001,7.725968521861851e-07
143.10000000000014,7.122438799503024e-07
143.20000000000013,6.564715152658656e-07
143.30000000000013,6.049429436865647e-07
143.40000000000012,5.57345260742254e-07
143.5000000000001,5.133878405240421e-07
143.60000000000014,4.728008106436138e-07
143.70000000000013,4.353336269905077e-07
143.80000000000013,4.00753742092017e-07
143.90000000000012,3.6884536124162184e-07
144.0000000000001,3.3940828090282584e-07
144.10000000000014,3.122568042185196e-07
144.20000000000013,2.8721872876133973e-07
144.30000000000013,2.641344019491434e-07
144.40000000000012,2.4285583982273807e-07
144.5000000000001,2.2324590514060462e-07
144.60000000000014,2.0517754098885732e-07
144.70000000000013,1.8853305633455705e-07
144.80000000000013,1.7320346016724403e-07
144.90000000000012,1.5908784107841885e-07
145.0000000000001,1.4609278932151088e-07
145.10000000000014,1.341318585769737e-07
145.20000000000013,1.2312506481866746e-07
145.30000000000013,1.1299841983925147e-07
145.40000000000012,1.0368349714468319e-07
145.50000000000014,9.511702807116603e-08
145.60000000000014,8.72405261129368e-08
145.70000000000013,7.999993757623449e-08
145.80000000000013,7.334531679435175e-08
145.90000000000012,6.723052425098486e-08
