144.94937563070408,0.000535439209967041
145.04937563070408,0.0005987034970443295
145.14937563070407,0.0006691319293343344
145.24937563070407,0.0007474980225172258
145.34937563070406,0.0008346543816326554
145.44937563070405,0.0009315402881450685
145.54937563070405,0.0010391899607375894
145.64937563070404,0.001158741544050268
145.74937563070404,0.001291446883384295
145.84937563070403,0.0014386821474135585
145.94937563070403,0.0016019593651855914
146.04937563070402,0.0017829389481626397
146.14937563070401,0.0019834432727560505
146.249375630704,0.0022054714037501753
146.349375630704,0.0024512150442005686
146.449375630704,0.0027230758028303384
146.549375630704,0.0030236838756427867
146.649375630704,0.0033559182444207842
146.74937563070398,0.0037229285009971517
146.84937563070397,0.004128158412656263
146.94937563070397,0.004575371350766832
147.04937563070396,0.005068677711747487
147.14937563070396,0.005612564466729594
147.24937563070395,0.006211926983800961
147.34937563070395,0.006872103274485147
147.44937563070394,0.007598910824127315
147.54937563070393,0.008398686174109176
147.64937563070393,0.009278327432292125
147.74937563070392,0.010245339896776031
147.84937563070392,0.011307884986944652
147.9493756307039,0.012474832684830305
148.0493756307039,0.013755817699047351
148.1493756307039,0.015161299572894072
148.2493756307039,0.016702626967676062
148.3493756307039,0.01839210636183322
148.44937563070388,0.02024307541601975
148.54937563070388,0.022269981263857264
148.64937563070387,0.02448846399761156
148.74937563070387,0.026915445627486996
148.84937563070386,0.029569224802543814
148.94937563070386,0.03246957759036064
149.04937563070385,0.03563786462143524
149.14937563070384,0.03909714491287555
149.24937563070384,0.042872296694106714
149.34937563070383,0.046990145565045396
149.44937563070383,0.051479600324381335
149.54937563070382,0.056371796812180075
149.64937563070382,0.06170025011689408
149.7493756307038,0.06750101550193789
149.8493756307038,0.07381285841116662
149.9493756307038,0.08067743391576872
150.0493756307038,0.0881394759671571
150.1493756307038,0.09624699682129147
150.24937563070378,0.10505149699936683
150.34937563070378,0.11460818614785959
150.44937563070377,0.12497621515736587
150.54937563070376,0.13621891989441268
150.64937563070376,0.14840407689329677
150.74937563070375,0.16160417134589314
150.84937563070375,0.17589667771612713
150.94937563070374,0.19136435329227722
151.04937563070374,0.20809554497432609
151.14937563070373,0.22618450957505357
151.24937563070372,0.24573174789233637
151.34937563070372,0.2668443527860084
151.4493756307037,0.2896363714655268
151.5493756307037,0.3142291821644325
151.6493756307037,0.34075188534401146
151.7493756307037,0.3693417095315923
151.8493756307037,0.4001444318583316
151.94937563070368,0.4333148133170966
152.04937563070368,0.46901704871297556
152.14937563070367,0.5074252312269589
152.24937563070367,0.5487238314573031
152.34937563070366,0.5931081907429465
152.44937563070366,0.640785028509012
152.54937563070365,0.6919729633058238
152.64937563070364,0.7469030471399408
152.74937563070364,0.805819312618463
152.84937563070363,0.8689793323462235
152.94937563070363,0.9366547899295194
153.04937563070362,1.0091320618496957
153.14937563070362,1.0867128093753455
153.2493756307036,1.1697145795830608
153.3493756307036,1.2584714144537668
153.4493756307036,1.3533344669048388
153.5493756307036,1.454672622507402
153.6493756307036,1.5628731255240036
153.74937563070358,1.6783422077839574
153.84937563070358,1.8015057187928463
153.94937563070357,1.9328097553488304
154.04937563070357,2.0727212888120268
154.14937563070356,2.2217287880447243
154.24937563070355,2.380342835909793
154.34937563070355,2.5490967370829622
154.44937563070354,2.7285471148019207
154.54937563070354,2.919274494042288
154.64937563070353,3.121883868477494
154.74937563070353,3.33700524844755
154.84937563070352,3.5652941870309043
154.9493756307035,3.8074322811847923
155.0493756307035,4.06412764479343
155.1493756307035,4.336115350340925
155.2493756307035,4.624157835807214
155.3493756307035,4.929045273272203
155.44937563070349,5.251595895605583
155.54937563070348,5.592656277519081
155.64937563070347,5.9531015671646665
155.74937563070347,6.333835664377446
155.84937563070346,6.735791341586677
155.94937563070346,7.159930303353331
156.04937563070345,7.6072431804389
156.14937563070345,8.078749454268788
156.24937563070344,8.57549730762523
156.34937563070343,9.098563397390771
156.44937563070343,9.649052545164297
156.54937563070342,10.228097341588718
156.64937563070342,10.836857660263412
156.7493756307034,11.476520077166551
156.8493756307034,12.148297191583085
156.9493756307034,12.853426844624062
157.0493756307034,13.593171231534026
157.1493756307034,14.368815904114136
157.24937563070338,15.18166865974245
157.34937563070338,16.033058313648276
157.44937563070337,16.924333351295832
157.54937563070337,17.856860457954475
157.64937563070336,18.832022922778243
157.74937563070336,19.851218914986816
157.84937563070335,20.915859630033815
157.94937563070334,22.027367303966162
158.04937563070334,23.18717309452035
158.14937563070333,24.396714827867598
158.24937563070333,25.657434610309853
158.34937563070332,26.970776304641767
158.44937563070332,28.33818287133013
158.5493756307033,29.761093575120338
158.6493756307033,31.240941058159212
158.7493756307033,32.7791482812236
158.8493756307033,34.377125335163576
158.9493756307033,36.03626612520609
159.04937563070328,37.75794493131967
159.14937563070328,39.543512848409186
159.24937563070327,41.39429411069279
159.34937563070326,43.31158230520689
159.44937563070326,45.296636479989026
159.54937563070325,47.35067715309941
159.64937563070325,49.47488222925841
159.74937563070324,51.67038283149637
159.84937563070324,53.93825905583156
159.94937563070323,56.279535657609074
160.04937563070322,58.69517767874566
160.14937563070322,61.18608602572939
160.2493756307032,63.75309300881652
160.3493756307032,66.39695785344676
160.4493756307032,69.1183621954612
160.5493756307032,71.91790557224923
160.6493756307032,74.79610092246986
160.74937563070318,77.753370107486
160.84937563070318,80.7900394681128
160.94937563070317,83.9063354307125
161.04937563070317,87.10238017706253
161.14937563070316,90.3781873927777
161.24937563070316,93.7336581093841
161.34937563070315,97.16857665540677
161.44937563070314,100.68260673205693
161.54937563070314,104.27528762927285
161.64937563070313,107.94603059798587
161.74937563070313,111.694115394543
161.84937563070312,115.51868701322209
161.94937563070312,119.41875262271667
162.0493756307031,123.39317872234957
162.1493756307031,127.44068853359134
162.2493756307031,131.55985964221125
162.3493756307031,135.749121906075
162.4493756307031,140.00675564322214
162.54937563070308,144.33089011440669
162.64937563070308,148.7195023137682
162.74937563070307,153.1704160807153
162.84937563070307,157.68130154545105
162.94937563070306,162.24967491985032
163.04937563070305,166.87289864461312
163.14937563070305,171.54818190276856
163.24937563070304,176.2725815086899
163.34937563070304,181.0430031808075
163.44937563070303,185.85620320517378
163.54937563070303,190.708790495946
163.64937563070302,195.59722905770982
163.749375630703,200.51784085337826
163.849375630703,205.46680908016174
163.949375630703,210.4401818548287
164.049375630703,215.43387630815909
164.149375630703,220.4436830871466
164.24937563070299,225.46527126212789
164.34937563070298,230.49419363461948
164.44937563070297,235.52589244022622
164.54937563070297,240.55570543955778
164.64937563070296,245.57887238865587
164.74937563070296,250.5905418790004
164.84937563070295,255.585778535736
164.94937563070295,260.55957056134343
165.04937563070294,265.5068376105836
165.14937563070293,270.42243898116897
165.24937563070293,275.30118210327595
165.34937563070292,280.1378313097052
165.44937563070292,284.9271168672388
165.5493756307029,289.6637442485284
165.6493756307029,294.34240362269395
165.7493756307029,298.9577795417177
165.8493756307029,303.5045607986905
165.9493756307029,307.9774504330118
166.04937563070288,312.3711758567682
166.14937563070288,316.6804990757199
166.24937563070287,320.9002269776174
166.34937563070287,325.02522165995634
166.44937563070286,329.0504107687548
166.54937563070285,332.9707978195193
166.64937563070285,336.7814724712467
166.74937563070284,340.4776207240903
166.84937563070284,344.0545350112189
166.94937563070283,347.50762415539157
167.04937563070283,350.8324231608875
167.14937563070282,354.02460281165077
167.24937563070281,357.0799790468436
167.3493756307028,359.9945220854464
167.4493756307028,362.7643652720965
167.5493756307028,365.38581361702217
167.6493756307028,367.85535200369674
167.7493756307028,370.1696530387134
167.84937563070278,372.3255845193579
167.94937563070278,374.3202164954297
168.04937563070277,376.15082790303416
168.14937563070276,377.81491274932466
168.24937563070276,379.310185828523
168.34937563070275,380.6345879509681
168.44937563070275,381.7862906684465
168.54937563070274,382.7637004806273
168.64937563070274,383.5654625090551
168.74937563070273,384.1904636268453
168.84937563070272,384.6378350339599
168.94937563070272,384.9069542697268
169.0493756307027,384.9974466560742
169.1493756307027,384.9365695692382
169.2493756307027,384.75245402823026
169.3493756307027,384.4452779475483
169.4493756307027,384.01533622811223
169.54937563070268,383.46304136662616
169.64937563070268,382.78892279604986
169.74937563070267,381.99362603982803
169.84937563070267,381.0779116817688
169.94937563070266,380.04265415387243
170.04937563070266,378.88884034481487
170.14937563070265,377.61756803218486
170.24937563070264,376.23004414196305
170.34937563070264,374.72758283910315
170.44937563070263,373.11160345344615
170.54937563070263,371.3836282455478
170.64937563070262,369.5452800173427
170.74937563070262,367.59827957289366
170.8493756307026,365.5444430347873
170.9493756307026,363.3856790220323
171.0493756307026,361.1239856955977
171.1493756307026,358.76144767798917
171.2493756307026,356.3002328535079
171.34937563070258,353.7425890560621
171.44937563070258,351.0908406516074
171.54937563070257,348.3473850224831
171.64937563070256,345.51468896107673
171.74937563070256,342.59528498039816
171.84937563070255,339.59176754927256
171.94937563070255,336.50678925996766
172.04937563070254,333.3430569361567
172.14937563070254,330.10332768918437
172.24937563070253,326.7904049306461
172.34937563070253,323.40713434931513
172.44937563070252,319.9563998604556
172.5493756307025,316.44111953553926
172.6493756307025,312.8642415203486
172.7493756307025,309.22873994938874
172.8493756307025,305.53761086445417
172.9493756307025,301.79386814509985
173.04937563070249,298.00053945864926
173.14937563070248,294.16066223724107
173.24937563070247,290.2772796892627
173.34937563070247,286.35343685235324
173.44937563070246,282.3921766949726
173.54937563070246,278.3965362733358
173.64937563070245,274.3695429502966
173.74937563070245,270.31421068253593
173.84937563070244,266.2335363821718
173.94937563070243,262.1304963586521
174.04937563070243,258.0080428465287
174.14937563070242,253.86910062443607
174.24937563070242,249.71656373031382
174.3493756307024,245.55329227762067
174.4493756307024,241.38210937698568
174.5493756307024,237.20579816743845
174.6493756307024,233.0270989610465
174.7493756307024,228.84870650447246
174.84937563070238,224.67326736064265
174.94937563070238,220.5033774133982
175.04937563070237,216.3415794976723
175.14937563070237,212.19036115741665
175.24937563070236,208.05215253317192
175.34937563070235,203.9293243808556
175.44937563070235,199.82418622301918
175.54937563070234,195.73898463350858
175.64937563070234,191.6759016561465
175.74937563070233,187.63705335774645
175.84937563070233,183.6244885154643
175.94937563070232,179.64018743819358
176.04937563070231,175.68606092142176
176.1493756307023,171.76394933467927
176.2493756307023,167.87562184043904
176.3493756307023,164.02277574305728
176.4493756307023,160.20703596609016
176.5493756307023,156.42995465607228
176.64937563070228,152.6930109106083
176.74937563070227,148.99761062840236
176.84937563070227,145.34508647863498
176.94937563070226,141.73669798689573
177.04937563070226,138.17363173468777
177.14937563070225,134.6570016693419
177.24937563070225,131.18784952101214
177.34937563070224,127.76714532327004
177.44937563070224,124.39578803367412
177.54937563070223,121.07460625056272
177.64937563070222,117.8043590222028
177.74937563070222,114.58573674432401
177.8493756307022,111.41936214197794
177.9493756307022,108.30579133158426
178.0493756307022,105.24551495896178
178.1493756307022,102.23895940908844
178.2493756307022,99.28648808329545
178.34937563070218,96.38840273957113
178.44937563070218,93.54494489163508
178.54937563070217,90.75629726243594
178.64937563070217,88.02258528773442
178.74937563070216,85.34387866544749
178.84937563070216,82.72019294645949
178.94937563070215,80.15149116264023
179.04937563070214,77.63768548785939
179.14937563070214,75.178638927841
179.24937563070213,72.7741670347672
179.34937563070213,70.42403964261324
179.44937563070212,68.12798261927686
179.54937563070212,65.88567963165315
179.6493756307021,63.696773919901275
179.7493756307021,61.56087007725086
179.8493756307021,59.477535831803536
179.9493756307021,57.44630382689737
180.0493756307021,55.46667339672035
180.14937563070208,53.53811233398033
180.24937563070208,51.66005864656568
180.34937563070207,49.83192230025979
180.44937563070206,48.05308694470487
180.54937563070206,46.32291161994573
180.64937563070205,44.64073244102062
180.74937563070205,43.005864258204724
180.84937563070204,41.41760229065097
180.94937563070204,39.87522373131389
181.04937563070203,38.37798932118069
181.14937563070202,36.925144890976256
181.24937563070202,35.51592286864579
181.349375630702,34.1495437510598
181.449375630702,32.82521753852148
181.549375630702,31.542145130793763
181.649375630702,30.299519683495845
181.749375630702,29.09652792385154
181.84937563070199,27.932351424899903
181.94937563070198,26.806167837405148
182.04937563070197,25.717152078825983
