440.7627458851867,2.9257526172401365
440.8627458851867,2.925986405911427
440.96274588518673,2.9262212537803483
441.06274588518676,2.9264571670977233
441.1627458851868,2.9266941521592975
441.2627458851868,2.9269322153061146
441.3627458851868,2.9271713629248945
441.46274588518685,2.9274116014484184
441.56274588518687,2.9276529373559144
441.6627458851869,2.9278953771734457
441.7627458851869,2.928138927474308
441.86274588518694,2.9283835948794246
441.96274588518696,2.9286293860577475
442.062745885187,2.928876307726664
442.162745885187,2.929124366652405
442.26274588518703,2.9293735696504575
442.36274588518705,2.929623923585981
442.4627458851871,2.929875435374229
442.5627458851871,2.9301281119809732
442.6627458851871,2.930381960422933
442.76274588518714,2.9306369877682057
442.86274588518717,2.9308932011367075
442.9627458851872,2.9311506077006104
443.0627458851872,2.9314092146847903
443.16274588518723,2.9316690293672756
443.26274588518726,2.9319300590796997
443.3627458851873,2.932192311207762
443.4627458851873,2.932455793191687
443.5627458851873,2.9327205125266946
443.66274588518735,2.9329864767634684
443.76274588518737,2.9332536935086337
443.8627458851874,2.9335221704252374
443.9627458851874,2.933791915233233
444.06274588518744,2.9340629357099703
444.16274588518746,2.9343352396906894
444.2627458851875,2.934608835069021
444.3627458851875,2.9348837297974897
444.46274588518753,2.935159931888023
444.56274588518755,2.935437449412465
444.6627458851876,2.9357162905030956
444.7627458851876,2.935996463353153
444.8627458851876,2.9362779762173643
444.96274588518764,2.9365608374124776
445.06274588518767,2.9368450553178027
445.1627458851877,2.9371306383757543
445.2627458851877,2.9374175950924015
445.36274588518773,2.9377059340380236
445.46274588518776,2.9379956638476696
445.5627458851878,2.9382867932217245
445.6627458851878,2.9385793309264794
445.7627458851878,2.9388732857947097
445.86274588518785,2.939168666726257
445.96274588518787,2.939465482688616
446.0627458851879,2.93976374271753
446.1627458851879,2.9400634559175893
446.26274588518794,2.940364631462837
446.36274588518796,2.9406672785973798
446.462745885188,2.940971406636007
446.562745885188,2.941277024964811
446.66274588518803,2.9415841430418195
446.76274588518805,2.9418927703976285
446.8627458851881,2.942202916636046
446.9627458851881,2.94251459143474
447.0627458851881,2.942827804545891
447.16274588518814,2.943142565796855
447.26274588518817,2.94345888509083
447.3627458851882,2.9437767724075288
447.4627458851882,2.9440962378038615
447.56274588518824,2.944417291414622
447.66274588518826,2.9447399434531794
447.7627458851883,2.9450642042121835
447.8627458851883,2.9453900840642686
447.9627458851883,2.9457175934627693
448.06274588518835,2.946046742942442
448.1627458851884,2.946377543120195
448.2627458851884,2.946710004695823
448.3627458851884,2.947044138452749
448.46274588518844,2.947379955258779
448.56274588518846,2.9477174660668566
448.6627458851885,2.948056681915829
448.7627458851885,2.948397613931221
448.86274588518853,2.9487402733260146
448.96274588518855,2.949084671401439
449.0627458851886,2.9494308195477648
449.1627458851886,2.9497787292451094
449.2627458851886,2.950128412064249
449.36274588518864,2.9504798796674385
449.46274588518867,2.95083314380924
449.5627458851887,2.9511882163373584
449.6627458851887,2.951545109193488
449.76274588518874,2.9519038344141637
449.86274588518876,2.9522644041316237
449.9627458851888,2.9526268305746806
450.0627458851888,2.9529911260695973
450.1627458851888,2.9533573030409785
450.26274588518885,2.9537253740126643
450.3627458851889,2.954095351608637
450.4627458851889,2.9544672485539345
450.5627458851889,2.9548410776755745
450.66274588518894,2.9552168519034874
450.76274588518896,2.9555945842714575
450.862745885189,2.9559742879180746
450.962745885189,2.9563559760876954
451.06274588518903,2.956739662131414
451.16274588518905,2.957125359508041
451.2627458851891,2.957513081785094
451.3627458851891,2.9579028426397973
451.4627458851891,2.9582946558600924
451.56274588518914,2.958688535345657
451.66274588518917,2.9590844951089355
451.7627458851892,2.9594825492761787
451.8627458851892,2.9598827120884943
451.96274588518924,2.9602849979029098
452.06274588518926,2.9606894211934427
452.1627458851893,2.961095996552184
452.2627458851893,2.9615047386903903
452.3627458851893,2.9619156624395893
452.46274588518935,2.9623287827526945
452.5627458851894,2.9627441147051323
452.6627458851894,2.963161673495978
452.7627458851894,2.963581474449107
452.86274588518944,2.9640035330143544
452.96274588518946,2.964427864768687
453.0627458851895,2.9648544854173875
453.1627458851895,2.96528341079525
453.26274588518953,2.965714656867788
453.36274588518955,2.966148239732453
453.4627458851896,2.966584175619869
453.5627458851896,2.967022480895074
453.6627458851896,2.9674631720587774
453.76274588518964,2.9679062657486313
453.86274588518967,2.9683517787405083
453.9627458851897,2.9687997279498006
454.0627458851897,2.969250130432725
454.16274588518974,2.969703003387643
454.26274588518976,2.9701583641563976
454.3627458851898,2.9706162302256582
454.4627458851898,2.971076619228281
454.5627458851898,2.9715395489446843
454.66274588518985,2.9720050373042364
454.7627458851899,2.9724731023866564
454.8627458851899,2.9729437624234296
454.9627458851899,2.973417035799239
455.06274588518994,2.9738929410534074
455.16274588518996,2.9743714968813575
455.26274588519,2.9748527221360823
455.36274588519,2.9753366358296356
455.46274588519003,2.975823257134631
455.56274588519005,2.976312605385762
455.6627458851901,2.976804700081332
455.7627458851901,2.9772995608848034
455.8627458851901,2.977797207626359
455.96274588519015,2.978297660304481
456.06274588519017,2.978800939087544
456.1627458851902,2.9793070643154254
456.2627458851902,2.9798160565011313
456.36274588519024,2.9803279363324364
456.46274588519026,2.9808427246735425
456.5627458851903,2.981360442566754
456.6627458851903,2.981881111234166
456.7627458851903,2.982404752079372
456.86274588519035,2.9829313866891907
456.9627458851904,2.983461036835402
457.0627458851904,2.98399372447651
457.1627458851904,2.9845294717595134
457.26274588519044,2.9850683010217027
457.36274588519046,2.9856102347924667
457.4627458851905,2.986155295795122
457.5627458851905,2.986703506948758
457.66274588519053,2.987254891370101
457.76274588519055,2.9878094723753943
457.8627458851906,2.988367273482302
457.9627458851906,2.988928318411822
458.0627458851906,2.9894926310902274
458.16274588519065,2.9900602356510206
458.26274588519067,2.990631156436907
458.3627458851907,2.9912054180017913
458.4627458851907,2.991783045112787
458.56274588519074,2.992364062752252
458.66274588519076,2.9929484961198365
458.7627458851908,2.993536370634559
458.8627458851908,2.9941277119368923
458.9627458851908,2.9947225458908795
459.06274588519085,2.9953208985862623
459.1627458851909,2.9959227963406323
459.2627458851909,2.996528265701605
459.3627458851909,2.99713733344901
459.46274588519094,2.9977500265971058
459.56274588519096,2.9983663723968124
459.662745885191,2.998986398337968
459.762745885191,2.999610132151603
459.86274588519103,3.0002376018122394
459.96274588519105,3.0008688355402087
460.0627458851911,3.0015038618039918
460.1627458851911,3.002142709322582
460.2627458851911,3.0027854070678703
460.36274588519115,3.0034319842670474
460.46274588519117,3.0040824704050366
460.5627458851912,3.0047368952269404
460.6627458851912,3.005395288740516
460.76274588519124,3.0060576812186692
460.86274588519126,3.006724103201973
460.9627458851913,3.007394585501207
461.0627458851913,3.0080691591999247
461.1627458851913,3.008747855657036
461.26274588519135,3.0094307065094195
461.3627458851914,3.010117743674556
461.4627458851914,3.0108089993531837
461.5627458851914,3.0115045060319794
461.66274588519144,3.0122042964862614
461.76274588519146,3.0129084037827187
461.8627458851915,3.013616861282159
461.9627458851915,3.0143297026422875
462.06274588519153,3.015046961820504
462.16274588519155,3.0157686730767264
462.2627458851916,3.0164948709762385
462.3627458851916,3.017225590392562
462.4627458851916,3.017960866510352
462.56274588519165,3.0187007348283177
462.66274588519167,3.019445231162167
462.7627458851917,3.0201943916475775
462.8627458851917,3.020948252743188
462.96274588519174,3.02170685123362
463.06274588519176,3.022470224232519
463.1627458851918,3.0232384091856237
463.2627458851918,3.024011443873859
463.3627458851918,3.024789366416451
463.46274588519185,3.025572215274075
463.5627458851919,3.0263600292520163
463.6627458851919,3.0271528475033667
463.7627458851919,3.027950709532239
463.86274588519194,3.028753655197009
463.96274588519196,3.029561724713583
464.062745885192,3.030374958658686
464.162745885192,3.0311933979731798
464.26274588519203,3.0320170839654024
464.36274588519206,3.032846058314531
464.4627458851921,3.0336803630739744
464.5627458851921,3.0345200406747836
464.6627458851921,3.0353651339290906
464.76274588519215,3.03621568603357
464.86274588519217,3.0370717405729257
464.9627458851922,3.0379333415234
465.0627458851922,3.0388005332563064
465.16274588519224,3.0396733605415878
465.26274588519226,3.040551868551396
465.3627458851923,3.041436102863696
465.4627458851923,3.0423261094658924
465.5627458851923,3.043221934758478
465.66274588519235,3.044123625558707
465.7627458851924,3.0450312291042865
465.8627458851924,3.045944793057096
465.9627458851924,3.046864365506921
466.06274588519244,3.047789994975215
466.16274588519246,3.048721730418879
466.2627458851925,3.0496596212340603
466.3627458851925,3.0506037172599743
466.46274588519253,3.0515540687827465
466.56274588519256,3.05251072653927
466.6627458851926,3.053473741721086
466.7627458851926,3.0544431659782827
466.8627458851926,3.0554190514234065
466.96274588519265,3.0564014506354
467.06274588519267,3.057390416663548
467.1627458851927,3.0583860030314467
467.2627458851927,3.0593882637409835
467.36274588519274,3.0603972532763346
467.46274588519276,3.061413026607977
467.5627458851928,3.062435639196713
467.6627458851928,3.063465146997708
467.7627458851928,3.0645016064645416
467.86274588519285,3.065545074553269
467.9627458851929,3.0665956087264927
468.0627458851929,3.0676532669574454
468.1627458851929,3.0687181077340786
468.26274588519294,3.0697901900631632
468.36274588519296,3.070869573474394
468.462745885193,3.0719563180244998
468.562745885193,3.0730504843013593
468.66274588519303,3.0741521334281217
468.76274588519306,3.075261327067325
468.8627458851931,3.0763781274250217
468.9627458851931,3.0775025972548993
469.0627458851931,3.078634799862402
469.16274588519315,3.079774799108848
469.26274588519317,3.080922659415544
469.3627458851932,3.0820784457678925
469.4627458851932,3.0832422237194925
469.56274588519324,3.084414059396231
469.66274588519326,3.0855940195003644
469.7627458851933,3.086782171314586
469.8627458851933,3.0879785827060826
469.9627458851933,3.0891833221305696
470.06274588519335,3.090396458636314
470.1627458851934,3.0916180618681333
470.2627458851934,3.0928482020713757
470.3627458851934,3.094086950095872
470.46274588519344,3.0953343773998645
470.56274588519346,3.096590556053905
470.6627458851935,3.0978555587447234
470.7627458851935,3.099129458779062
470.86274588519353,3.1004123300874706
470.96274588519356,3.10170424722807
471.0627458851936,3.103005285390264
471.1627458851936,3.1043155203984165
471.2627458851936,3.1056350287154735
471.36274588519365,3.1069638874465406
471.46274588519367,3.108302174342401
471.5627458851937,3.1096499678029828
471.6627458851937,3.11100734688076
471.76274588519374,3.1123743912840944
471.86274588519376,3.113751181380508
471.9627458851938,3.1151377981998833
472.0627458851938,3.1165343234375915
472.16274588519383,3.1179408394575385
472.26274588519385,3.1193574292951305
472.3627458851939,3.120784176660152
472.4627458851939,3.1222211659395485
472.5627458851939,3.12366848220012
472.66274588519394,3.1251262111911067
472.76274588519397,3.1265944393466727
472.862745885194,3.1280732537882785
472.962745885194,3.1295627423269385
473.06274588519403,3.1310629934653553
473.16274588519406,3.1325740963999293
473.2627458851941,3.1340961410226362
473.3627458851941,3.1356292179227667
473.4627458851941,3.13717341838852
473.56274588519415,3.1387288344084516
473.66274588519417,3.14029555867276
473.7627458851942,3.1418736845744144
473.8627458851942,3.143463306210111
473.96274588519424,3.1450645183810533
474.06274588519426,3.1466774165935454
474.1627458851943,3.1483020970594016
474.2627458851943,3.1499386566961487
474.36274588519433,3.151587193127029
474.46274588519435,3.1532478046807833
474.5627458851944,3.1549205903912143
474.6627458851944,3.1566056499965174
474.7627458851944,3.1583030839383723
474.86274588519444,3.160012993360784
474.96274588519447,3.1617354801086655
475.0627458851945,3.1634706467261537
475.1627458851945,3.1652185964546486
475.26274588519453,3.1669794332305576
475.36274588519456,3.1687532616827525
475.4627458851946,3.170540187129706
475.5627458851946,3.1723403155763172
475.6627458851946,3.1741537537104008
475.76274588519465,3.1759806088988327
475.86274588519467,3.1778209891833447
475.9627458851947,3.1796750032759493
476.0627458851947,3.181542760553984
476.16274588519474,3.183424371054764
476.26274588519476,3.1853199454698293
476.3627458851948,3.187229595138771
476.4627458851948,3.189153432042625
476.56274588519483,3.1910915687968147
476.66274588519485,3.193044118643636
476.7627458851949,3.1950111954442577
476.8627458851949,3.1969929136702353
476.9627458851949,3.1989893883945073
477.06274588519494,3.2010007352818732
477.16274588519497,3.203027070578924
477.262745885195,3.2050685111034127
477.362745885195,3.2071251742330498
477.46274588519503,3.209197177893701
477.56274588519506,3.2112846405469715
477.6627458851951,3.2133876811771547
477.7627458851951,3.2155064192775322
477.8627458851951,3.2176409748359975
477.96274588519515,3.219791468319988
478.06274588519517,3.221958020660702
478.1627458851952,3.2241407532365804
478.2627458851952,3.2263397878560327
478.36274588519524,3.2285552467393797
478.46274588519526,3.2307872524999968
478.5627458851953,3.233035928124627
478.6627458851953,3.235301396952848
478.76274588519533,3.237583782655662
478.86274588519535,3.239883209213182
478.9627458851954,3.242199800891402
479.0627458851954,3.2445336822180035
479.1627458851954,3.246884977957193
479.26274588519544,3.2492538130835276
479.36274588519547,3.2516403127547093
479.4627458851955,3.2540446022833174
479.5627458851955,3.2564668071074463
479.66274588519553,3.2589070527602257
479.76274588519556,3.261365464838189
479.8627458851956,3.2638421689684556
479.9627458851956,3.266337290774707
480.0627458851956,3.2688509558419088
480.16274588519565,3.271383289679762
480.26274588519567,3.2739344176848393
480.3627458851957,3.276504465101376
480.4627458851957,3.2790935569806825
480.56274588519574,3.2817018181391444
480.66274588519576,3.284329373114768
480.7627458851958,3.2869763461222448
480.8627458851958,3.289642861006489
480.96274588519583,3.2923290411946207
481.06274588519585,3.2950350096463445
481.1627458851959,3.2977608888026984
481.2627458851959,3.3005068005331237
481.3627458851959,3.303272866080824
481.46274588519594,3.306059206006367
481.56274588519597,3.308865940129495
481.662745885196,3.3116931874690976
481.762745885196,3.3145410661813086
481.86274588519603,3.317409693495687
481.96274588519606,3.3202991856494335
482.0627458851961,3.3232096578196058
482.1627458851961,3.32614122405329
482.2627458851961,3.3290939971956806
482.36274588519615,3.332068088816028
482.46274588519617,3.33506360913141
482.5627458851962,3.3380806669282843
482.6627458851962,3.341119369481773
482.76274588519624,3.344179822472643
482.86274588519626,3.3472621299019254
482.9627458851963,3.350366394003146
483.0627458851963,3.353492715152106
483.16274588519633,3.35664119177418
483.26274588519635,3.359811920249078
483.3627458851964,3.3630049948130374
483.4627458851964,3.3662205074583906
483.5627458851964,3.3694585478304706
483.66274588519644,3.3727192031218114
483.76274588519647,3.376002557963596
483.8627458851965,3.3793086943143145
483.9627458851965,3.382637691345586
484.06274588519653,3.3859896253251103
484.16274588519656,3.389364569496698
484.2627458851966,3.3927625939573494
484.3627458851966,3.396183765531344
484.4627458851966,3.399628147641291
484.56274588519665,3.403095800176122
484.66274588519667,3.406586779355977
484.7627458851967,3.410101137593961
484.8627458851967,3.4136389233547284
484.96274588519674,3.4172001810098758
485.06274588519676,3.420784950690111
485.1627458851968,3.4243932681341684
485.2627458851968,3.428025164534454
485.36274588519683,3.431680666379391
485.46274588519685,3.435359795292454
485.5627458851969,3.439062567867871
485.6627458851969,3.4427889955029767
485.7627458851969,3.4465390842272186
485.86274588519694,3.450312834527792
485.96274588519697,3.4541102411719136
486.062745885197,3.4579312930257258
486.162745885197,3.4617759728698396
486.26274588519703,3.465644257211519
486.36274588519706,3.469536116093525
486.4627458851971,3.47345151289963
486.5627458851971,3.477390404156827
486.6627458851971,3.4813527393342563
486.76274588519715,3.4853384606388893
486.86274588519717,3.4893475028079943
486.9627458851972,3.4933797928984376
487.0627458851972,3.4974352500728623
487.16274588519724,3.501513785382805
487.26274588519726,3.5056153015488047
487.3627458851973,3.5097396927375817
487.4627458851973,3.5138868443363522
487.56274588519733,3.518056632724374
487.66274588519735,3.5222489250418016
487.7627458851974,3.5264635789559584
487.8627458851974,3.53070044242513
487.9627458851974,3.5349593534599957
488.06274588519744,3.539240139882824
488.16274588519747,3.543542619084565
488.2627458851975,3.5478665977799837
488.3627458851975,3.552211871760994
488.46274588519753,3.5565782256483427
488.56274588519756,3.560965432641843
488.6627458851976,3.565373254269316
488.7627458851976,3.5698014401344564
488.8627458851976,3.5742497276638243
488.96274588519765,3.578717841853182
489.06274588519767,3.583205495013409
489.1627458851977,3.587712386516241
489.2627458851977,3.5922382025400905
489.36274588519774,3.596782615816214
489.46274588519776,3.6013452853755163
489.5627458851978,3.605925856296281
489.6627458851978,3.610523959453144
489.76274588519783,3.6151392112676253
489.86274588519785,3.619771213460567
489.9627458851979,3.624419552806818
490.0627458851979,3.62908380089254
490.1627458851979,3.6337635138755084
490.26274588519794,3.638458232248807
490.36274588519797,3.6431674806083225
490.462745885198,3.647890767424463
490.562745885198,3.6526275848185357
490.66274588519804,3.6573774083442396
490.76274588519806,3.6621396967747364
490.8627458851981,3.6669138918957795
490.9627458851981,3.6716994183053977
491.0627458851981,3.6764956832206357
491.16274588519815,3.6813020762918836
491.26274588519817,3.6861179694253137
491.3627458851982,3.6909427166139883
491.4627458851982,3.6957756537781843
491.56274588519824,3.700616098615514
491.66274588519826,3.7054633504614225
491.7627458851983,3.710316690160652
491.8627458851983,3.715175379950278
491.96274588519833,3.720038663354933
492.06274588519835,3.7249057650948316
492.1627458851984,3.729775891007232
492.2627458851984,3.734648227981962
492.3627458851984,3.739521943911659
492.46274588519844,3.74439618765736
492.56274588519847,3.749270089030096
492.6627458851985,3.75414275878914
492.7627458851985,3.7590132886575596
492.86274588519854,3.7638807513557233
492.96274588519856,3.7687442006534133
493.0627458851986,3.7736026714411874
493.1627458851986,3.7784551798216324
493.2627458851986,3.783300723221135
493.36274588519865,3.7881382805228063
493.4627458851987,3.792966812221163
493.5627458851987,3.7977852605991758
493.6627458851987,3.8025925499282622
493.76274588519874,3.807387586691805
493.86274588519876,3.812169259832742
493.9627458851988,3.8169364410257587
494.0627458851988,3.821687984974597
494.16274588519883,3.826422729734959
494.26274588519885,3.831139497063463
494.3627458851989,3.835837092793081
494.4627458851989,3.840514307235446
494.5627458851989,3.8451699156103984
494.66274588519894,3.8498026785030803
494.76274588519897,3.8544113423488775
494.862745885199,3.858994639946438
494.962745885199,3.863551290998971
495.06274588519904,3.868080002683978
495.16274588519906,3.872579470251515
495.2627458851991,3.877048377651044
495.3627458851991,3.88148539818686
495.4627458851991,3.8858891952020524
495.56274588519915,3.890258422790873
495.6627458851992,3.894591726539342
495.7627458851992,3.898887744293856
495.8627458851992,3.9031451069574947
495.96274588519924,3.907362439313669
496.06274588519926,3.9115383608766745
496.1627458851993,3.915671486768652
496.2627458851993,3.919760428622393
496.36274588519933,3.923803795509338
496.46274588519935,3.9278001948920824
496.5627458851994,3.9317482336005796
496.6627458851994,3.935646518831213
496.7627458851994,3.939493659167798
496.86274588519944,3.943288265623516
496.96274588519947,3.94702895270272
497.0627458851995,3.95071433948145
497.1627458851995,3.9543430507054684
497.26274588519954,3.9579137179045083
497.36274588519956,3.961424980521399
497.4627458851996,3.9648754870546377
497.5627458851996,3.968263896212928
497.6627458851996,3.97158887808013
497.76274588519965,3.9748491152890137
497.8627458851997,3.9780433042021475
497.9627458851997,3.9811701560981927
498.0627458851997,3.984228398361836
498.16274588519974,3.987216775675511
498.26274588519976,3.9901340512110712
498.3627458851998,3.9929790078194687
498.4627458851998,3.9957504492165032
498.56274588519983,3.9984472011626675
498.66274588519985,4.001068112635057
498.7627458851999,4.003612056989332
498.8627458851999,4.006077933109665
498.9627458851999,4.008464666544631
499.06274588519994,4.010771210626937
499.16274588519997,4.012996547574965
499.2627458852,4.0151396895740215
499.3627458852,4.017199679835259
499.46274588520004,4.01917559363023
499.56274588520006,4.021066539299053
499.6627458852001,4.022871659230192
499.7627458852001,4.024590130809925
499.8627458852001,4.026221167339557
499.96274588520015,4.0277640189185355
500.0627458852002,4.0292179732916376
500.1627458852002,4.03058235665849
500.2627458852002,4.031856534443724
500.36274588520024,4.033039912026145
500.46274588520026,4.03413193542537
500.5627458852003,4.035132091944484
500.6627458852003,4.036039910767304
500.76274588520033,4.036854963509003
500.86274588520035,4.037576864718862
500.9627458852004,4.038205272334085
501.0627458852004,4.038739888083654
501.1627458852004,4.039180457841372
501.26274588520045,4.039526771927277
501.36274588520047,4.039778665356801
501.4627458852005,4.039936018037083
501.5627458852005,4.039998754910036
501.66274588520054,4.039977205547385
501.76274588520056,4.0398901894388395
501.8627458852006,4.039738127240594
501.9627458852006,4.039521068826185
502.0627458852006,4.039239085353369
502.16274588520065,4.038892269205838
502.2627458852007,4.038480733917611
502.3627458852007,4.038004614080233
502.4627458852007,4.0374640652329
502.56274588520074,4.036859263735703
502.66274588520076,4.036190406626163
502.7627458852008,4.03545771145928
502.8627458852008,4.034661416131348
502.96274588520083,4.033801778687781
503.06274588520085,4.032879077115264
503.1627458852009,4.031893609118508
503.2627458852009,4.030845691881977
503.3627458852009,4.029735661816908
503.46274588520095,4.028563874294022
503.56274588520097,4.027330703362299
503.662745885201,4.026036541454241
503.762745885201,4.024681799078042
503.86274588520104,4.023266904497125
503.96274588520106,4.021792303397474
504.0627458852011,4.02025845854327
504.1627458852011,4.0186658494213
504.2627458852011,4.017014971874628
504.36274588520115,4.015306337726072
504.4627458852012,4.013540474391953
504.5627458852012,4.011717924486711
504.6627458852012,4.0098392454188625
504.76274588520124,4.00790500897888
504.86274588520126,4.00591580091953
504.9627458852013,4.003872220529219
505.0627458852013,4.001774880198914
505.16274588520133,3.9996244049831686
505.26274588520135,3.997421432155858
505.3627458852014,3.9951666107611308
505.4627458852014,3.9928606011601717
505.5627458852014,3.990504074574315
505.66274588520145,3.9880977126250623
505.76274588520147,3.9856422068715487
505.8627458852015,3.983138258346009
505.9627458852015,3.980586577087772
506.06274588520154,3.9779878816763166
506.16274588520156,3.9753428987639055
506.2627458852016,3.9726523626083194
506.3627458852016,3.969917014606186
506.4627458852016,3.9671376028274024
506.56274588520165,3.9643148815511293
506.6627458852017,3.961449610803834
506.7627458852017,3.9585425558998355
506.8627458852017,3.955594486984801
506.96274588520174,3.952606178582627
507.06274588520176,3.949578409146122
507.1627458852018,3.9465119606119017
507.2627458852018,3.943407617959876
507.36274588520183,3.94026616877772
507.46274588520185,3.9370884028306765
507.5627458852019,3.9338751116370387
507.6627458852019,3.930627088049646
507.7627458852019,3.9273451258437024
507.86274588520195,3.9240300193112185
507.96274588520197,3.9206825628623556
508.062745885202,3.917303550633938
508.162745885202,3.9138937761053842
508.26274588520204,3.9104540317222902
508.36274588520206,3.9069851085278735
508.4627458852021,3.9034877958024934
508.5627458852021,3.899962880711416
508.6627458852021,3.8964111479610075
508.76274588520215,3.8928333794634904
508.8627458852022,3.8892303540104267
508.9627458852022,3.885602846955016
509.0627458852022,3.8819516299033543
509.16274588520224,3.8782774704147056
509.26274588520226,3.8745811317109045
509.3627458852023,3.8708633723949175
509.4627458852023,3.8671249461786408
509.56274588520233,3.8633666016199535
509.66274588520236,3.8595890818690592
509.7627458852024,3.8557931244241237
509.8627458852024,3.8519794608962075
509.9627458852024,3.8481488167834783
510.06274588520245,3.844301911254682
510.16274588520247,3.840439456941834
510.2627458852025,3.836562159742087
510.3627458852025,3.832670718628711
510.46274588520254,3.8287658254711308
510.56274588520256,3.8248481648639348
510.6627458852026,3.8209184139647774
510.7627458852026,3.8169772423410775
510.8627458852026,3.8130253118254136
510.96274588520265,3.8090632763795087
511.0627458852027,3.8050917819666874
511.1627458852027,3.801111466432681
511.2627458852027,3.7971229593946596
511.36274588520274,3.793126882138346
511.46274588520276,3.7891238475230797
511.5627458852028,3.785114459894686
511.6627458852028,3.7810993150059957
511.76274588520283,3.777078999944867
511.86274588520286,3.7730540930695513
511.9627458852029,3.769025163951242
512.062745885203,3.7649927733236357
512.1627458852029,3.7609574730393724
512.262745885203,3.7569198060331006
512.3627458852029,3.752880306291157
512.462745885203,3.7488394988274574
512.562745885203,3.7447978996657016
512.6627458852031,3.7407560158274253
512.762745885203,3.736714345326017
512.8627458852031,3.732673377166234
512.962745885203,3.7286335913493316
513.0627458852032,3.724595458883341
513.1627458852031,3.720559441798607
513.2627458852032,3.716525993168126
513.3627458852031,3.7124955571327956
513.4627458852033,3.70846856893112
513.5627458852032,3.704445454933478
513.6627458852033,3.700426632680509
513.7627458852032,3.6964125109257218
513.8627458852034,3.692403489681884
513.9627458852033,3.6883999602713082
514.0627458852034,3.6844023053795856
514.1627458852033,3.680410899112895
514.2627458852035,3.676426107058443
514.3627458852034,3.672448286348163
514.4627458852035,3.668477785725235
514.5627458852034,3.6645149456135653
514.6627458852035,3.660560098189786
514.7627458852035,3.6566135674579217
514.8627458852036,3.6526756693262885
514.9627458852035,3.6487467116867833
515.0627458852036,3.6448269944961242
515.1627458852035,3.640916809859215
515.2627458852037,3.637016442114204
515.3627458852036,3.633126167919398
515.4627458852037,3.6292462563416303
515.5627458852036,3.6253769689462403
515.6627458852038,3.621518559888262
515.7627458852037,3.617671276004999
515.8627458852038,3.6138353569095854
515.9627458852037,3.610011035085709
516.0627458852039,3.6061985359831144
516.1627458852038,3.6023980781140605
516.2627458852039,3.598609873150359
516.3627458852038,3.594834126021177
516.462745885204,3.5910710350112307
516.5627458852039,3.587320791859567
516.662745885204,3.58358358185856
516.7627458852039,3.579859583953329
516.862745885204,3.5761489708412113
516.962745885204,3.5724519090714955
517.0627458852041,3.5687685591450653
517.162745885204,3.5650990756141603
517.2627458852041,3.5614436071819053
517.362745885204,3.557802296801826
517.4627458852042,3.5541752817770056
517.5627458852041,3.550562693859108
517.6627458852042,3.546964659346927
517.7627458852041,3.543381299184682
517.8627458852043,3.5398127290597476
517.9627458852042,3.5362590595000185
518.0627458852043,3.532720395970615
518.1627458852042,3.529196838970136
518.2627458852044,3.52568848412616
518.3627458852043,3.522195422290217
518.4627458852044,3.518717739631929
518.5627458852043,3.515255517732546
518.6627458852045,3.511808833677584
518.7627458852044,3.508377760148795
518.8627458852045,3.5049623655151745
518.9627458852044,3.501562713923242
519.0627458852045,3.4981788653863153
519.1627458852045,3.494810875872997
519.2627458852046,3.491458797394614
519.3627458852045,3.488122678091827
519.4627458852046,3.484802562320149
519.5627458852045,3.481498490734603
519.6627458852047,3.478210500373251
519.7627458852046,3.4749386247398335
519.8627458852047,3.471682893885254
519.9627458852046,3.468443334488147
520.0627458852048,3.4652199699342687
520.1627458852047,3.4620128203949543
520.2627458852048,3.458821902904381
520.3627458852047,3.4556472314358766
520.4627458852049,3.4524888169770316
520.5627458852048,3.4493466676038382
520.6627458852049,3.446220788553627
520.7627458852048,3.4431111822970273
520.862745885205,3.4400178486087167
520.9627458852049,3.436940784637195
521.062745885205,3.4338799849733443
521.1627458852049,3.4308354417180156
521.262745885205,3.4278071445484075
521.362745885205,3.4247950807834657
521.4627458852051,3.4217992354480935
521.562745885205,3.418819591336379
521.6627458852051,3.415856129073646
521.762745885205,3.4129088271775325
521.8627458852052,3.4099776621178997
521.9627458852051,3.4070626083757842
522.0627458852052,3.4041636385011906
522.1627458852051,3.401280723169942
522.2627458852053,3.3984138312393863
522.3627458852052,3.3955629298031753
522.4627458852053,3.3927279842449156
522.5627458852052,3.3899089582909108
522.6627458852054,3.3871058140617913
522.7627458852053,3.384318512123254
522.8627458852054,3.381547011535714
522.9627458852053,3.3787912699030773
523.0627458852055,3.3760512434204526
523.1627458852054,3.373326886921001
523.2627458852055,3.3706181539217495
523.3627458852054,3.3679249966685583
523.4627458852055,3.3652473661800797
523.5627458852055,3.362585212290893
523.6627458852056,3.3599384836936474
523.7627458852055,3.3573071279804094
523.8627458852056,3.3546910916830393
523.9627458852055,3.352090320312798
524.0627458852057,3.3495047583990023
524.1627458852056,3.346934349526936
524.2627458852057,3.344379036374835
524.3627458852056,3.34183876075015
524.4627458852058,3.339313463624907
524.5627458852057,3.336803085170371
524.6627458852058,3.334307564790831
524.7627458852057,3.3318268411567096
524.8627458852059,3.3293608522368245
524.9627458852058,3.3269095353299916
525.0627458852059,3.3244728270958066
525.1627458852058,3.3220506635847933
525.262745885206,3.3196429802677527
525.3627458852059,3.317249712064505
525.462745885206,3.3148707933718526
525.5627458852059,3.3125061580909603
525.662745885206,3.310155739653982
525.762745885206,3.307819471050127
525.8627458852061,3.3054972848509956
525.962745885206,3.3031891132353746
526.0627458852061,3.300894888013331
526.162745885206,3.298614540649782
526.2627458852062,3.2963480022873894
526.3627458852061,3.294095203768951
526.4627458852062,3.2918560756591386
526.5627458852061,3.289630548265754
526.6627458852063,3.2874185516603553
526.7627458852062,3.285220015698422
526.8627458852063,3.2830348700389074
526.9627458852062,3.2808630441633557
527.0627458852064,3.2787044673944274
527.1627458852063,3.276559068914005
527.2627458852064,3.2744267777807297
527.3627458852063,3.2723075229471377
527.4627458852065,3.2702012332762513
527.5627458852064,3.2681078375577846
527.6627458852065,3.2660272645238186
527.7627458852064,3.2639594428641208
527.8627458852066,3.2619043012409463
527.9627458852065,3.2598617683035003
528.0627458852066,3.2578317727019037
528.1627458852065,3.2558142431008363
528.2627458852066,3.2538091081927023
528.3627458852066,3.2518162967104853
528.4627458852067,3.2498357374401525
528.5627458852066,3.2478673592327536
528.6627458852067,3.2459110910160947
528.7627458852066,3.2439668618061184
528.8627458852068,3.2420346007178744
528.9627458852067,3.2401142369762175
529.0627458852068,3.238205699926102
529.1627458852067,3.2363089190426293
529.2627458852069,3.2344238239406997
529.3627458852068,3.2325503443844332
529.4627458852069,3.230688410296213
529.5627458852068,3.2288379517655046
529.662745885207,3.22699889905732
529.7627458852069,3.225171182620467
529.862745885207,3.223354733095455
529.9627458852069,3.221549481322201
530.062745885207,3.2197553583474092
530.162745885207,3.2179722954317564
530.2627458852071,3.2162002240567675
530.362745885207,3.2144390759315105
530.4627458852071,3.2126887829989883
530.562745885207,3.2109492774423667
530.6627458852072,3.2092204916909095
530.7627458852071,3.20750235842576
530.8627458852072,3.205794810585443
530.9627458852071,3.2040977813712184
531.0627458852073,3.202411204252176
531.1627458852072,3.200735012970184
531.2627458852073,3.1990691415445904
531.3627458852072,3.19741352427679
531.4627458852074,3.1957680957545556
531.5627458852073,3.194132790856241
531.6627458852074,3.1925075447547586
531.7627458852073,3.1908922929214407
531.8627458852075,3.1892869711296794
531.9627458852074,3.1876915154584657
532.0627458852075,3.1861058622957104
532.1627458852074,3.184529948341475
532.2627458852076,3.182963710610994
532.3627458852075,3.1814070864376123
532.4627458852076,3.1798600134755244
532.5627458852075,3.1783224297024364
532.6627458852076,3.1767942734220367
532.7627458852076,3.175275483266398
532.8627458852077,3.1737659981981934
532.9627458852076,3.1722657575128523
533.0627458852077,3.17077470084054
533.1627458852076,3.16929276814808
533.2627458852078,3.1678198997407065
533.3627458852077,3.166356036263771
533.4627458852078,3.1649011187042815
533.5627458852077,3.163455088392402
533.6627458852079,3.1620178870027944
533.7627458852078,3.1605894565559205
533.8627458852079,3.1591697394192013
533.9627458852078,3.1577586783081335
534.062745885208,3.1563562162872714
534.1627458852079,3.154962296771177
534.262745885208,3.1535768635252337
534.3627458852079,3.1521998606664345
534.462745885208,3.1508312326640446
534.562745885208,3.149470924340238
534.6627458852081,3.148118880870615
534.762745885208,3.146775047784697
534.8627458852081,3.145439370966311
534.962745885208,3.144111796653955
535.0627458852082,3.14279227144105
535.1627458852081,3.14148074227619
535.2627458852082,3.140177156463273
535.3627458852081,3.1388814616616356
535.4627458852083,3.1375936058860803
535.5627458852082,3.136313537506899
535.6627458852083,3.135041205249802
535.7627458852082,3.133776558195841
535.8627458852084,3.1325195457812485
535.9627458852083,3.131270117797265
536.0627458852084,3.1300282243898945
536.1627458852083,3.1287938160596496
536.2627458852085,3.1275668436612216
536.3627458852084,3.1263472584031557
536.4627458852085,3.1251350118474432
536.5627458852084,3.1239300559091268
536.6627458852086,3.122732342855825
536.7627458852085,3.1215418253072746
536.8627458852086,3.120358456234794
536.9627458852085,3.1191821889607634
537.0627458852086,3.118012977158036
537.1627458852086,3.116850774849364
537.2627458852087,3.1156955364067573
537.3627458852086,3.1145472165508647
537.4627458852087,3.113405770350284
537.5627458852086,3.1122711532209033
537.6627458852088,3.111143320925167
537.7627458852087,3.1100222295713804
537.8627458852088,3.108907835612942
537.9627458852087,3.1078000958476086
538.0627458852089,3.1066989674167025
538.1627458852088,3.105604407804341
538.2627458852089,3.1045163748366194
538.3627458852088,3.1034348266808145
538.462745885209,3.1023597218445422
538.5627458852089,3.1012910191749423
538.662745885209,3.1002286778578143
538.7627458852089,3.099172657416782
538.862745885209,3.0981229177124163
538.962745885209,3.097079418941384
539.0627458852091,3.0960421216355574
539.162745885209,3.095010986661151
539.2627458852091,3.093985975217821
539.362745885209,3.0929670488377963
539.4627458852092,3.091954169384968
539.5627458852091,3.090947299054016
539.6627458852092,3.089946400369495
539.7627458852091,3.0889514361849586
539.8627458852093,3.0879623696820433
539.9627458852092,3.0869791643695907
540.0627458852093,3.086001784082738
540.1627458852092,3.085030192982037
540.2627458852094,3.084064355552552
540.3627458852093,3.0831042366029826
540.4627458852094,3.0821498012647646
540.5627458852093,3.0812010149912044
540.6627458852095,3.0802578435565864
540.7627458852094,3.0793202530553145
540.8627458852095,3.078388209901032
540.9627458852094,3.077461680825774
541.0627458852096,3.0765406328790963
541.1627458852095,3.075625033427245
541.2627458852096,3.074714850152297
541.3627458852095,3.0738100510513444
541.4627458852096,3.07291060443565
541.5627458852096,3.0720164789298483
541.6627458852097,3.07112764347112
541.7627458852096,3.0702440673084093
541.8627458852097,3.069365720001616
541.9627458852096,3.068492571420832
542.0627458852098,3.067624591745556
542.1627458852097,3.0667617514639502
542.2627458852098,3.065904021372073
542.3627458852097,3.065051372573161
542.4627458852099,3.0642037764768837
542.5627458852098,3.0633612047986456
542.6627458852099,3.062523629558869
542.7627458852098,3.061691023082319
542.86274588521,3.0608633579974085
542.9627458852099,3.06004060723555
543.06274588521,3.0592227440304884
543.1627458852099,3.0584097419176755
543.26274588521,3.057601574733632
543.36274588521,3.056798216615347
543.4627458852101,3.05599964199967
543.56274588521,3.055205825622735
543.6627458852101,3.054416742519383
543.76274588521,3.0536323680226163
543.8627458852102,3.0528526777630445
543.9627458852101,3.0520776476683737
544.0627458852102,3.0513072539628787
544.1627458852101,3.050541473166923
544.2627458852103,3.049780282096462
544.3627458852102,3.0490236578625924
544.4627458852103,3.0482715778710867
544.5627458852102,3.0475240198219717
544.6627458852104,3.0467809617090964
544.7627458852103,3.0460423818197424
544.8627458852104,3.0453082587342206
544.9627458852103,3.0445785713255145
545.0627458852105,3.043853298758909
545.1627458852104,3.0431324204916668
545.2627458852105,3.0424159162726876
545.3627458852104,3.041703766142217
545.4627458852106,3.04099595043154
545.5627458852105,3.0402924497627195
545.6627458852106,3.039593245048326
545.7627458852105,3.038898317491206
545.8627458852106,3.038207648584244
545.9627458852106,3.037521220110167
546.0627458852107,3.036839014141337
546.1627458852106,3.036161013039589
546.2627458852107,3.0354871994560564
546.3627458852106,3.0348175563310407
546.4627458852108,3.034152066893873
546.5627458852107,3.033490714662814
546.6627458852108,3.032833483444948
546.7627458852107,3.0321803573361192
546.8627458852109,3.0315313207208554
546.9627458852108,3.030886358272337
547.0627458852109,3.0302454549523548
547.1627458852108,3.029608596011312
547.262745885211,3.028975766988214
547.3627458852109,3.028346953710701
547.462745885211,3.027722142295074
547.5627458852109,3.0271013191463565
547.662745885211,3.0264844709583527
547.762745885211,3.025871584713743
547.8627458852111,3.025262647684174
547.962745885211,3.024657647430383
548.0627458852111,3.0240565718023213
548.162745885211,3.023459408939312
548.2627458852112,3.0228661472702005
548.3627458852111,3.022276775513545
548.4627458852112,3.0216912826777995
548.5627458852111,3.0211096580615315
548.6627458852113,3.020531891253637
548.7627458852112,3.01995797213359
548.8627458852113,3.019387890871683
548.9627458852112,3.0188216379293094
549.0627458852114,3.0182592040592335
549.1627458852113,3.017700580305899
549.2627458852114,3.0171457580057295
549.3627458852113,3.016594728787466
549.4627458852115,3.016047484572496
549.5627458852114,3.015504017575215
549.6627458852115,3.014964320303387
549.7627458852114,3.0144283855585323
549.8627458852116,3.013896206436313
549.9627458852115,3.0133677763269495
550.0627458852116,3.0128430889156306
550.1627458852115,3.0123221381829564
550.2627458852116,3.0118049184053732
550.3627458852116,3.0112914241556408
550.4627458852117,3.0107816503032945
550.5627458852116,3.0102755920151334
550.6627458852117,3.0097732447557077
550.7627458852116,3.00927460428783
550.8627458852118,3.008779666673085
550.9627458852117,3.008288428272364
551.0627458852118,3.0078008857463954
551.1627458852117,3.0073170360563015
551.2627458852119,3.006836876464151
551.3627458852118,3.006360404533533
551.4627458852119,3.005887618130132
551.5627458852118,3.0054185154223223
551.662745885212,3.0049530948817584
551.7627458852119,3.004491355283992
551.862745885212,3.004033295709077
551.9627458852119,3.0035789155422052
552.062745885212,3.0031282144743283
552.162745885212,3.0026811925028096
552.2627458852121,3.002237849932062
552.362745885212,3.0017981873742134
552.4627458852121,3.001362205749761
552.562745885212,3.00092990628825
552.6627458852122,3.0005012905289403
552.7627458852121,3.000076360321499
552.8627458852122,2.9996551178266793
552.9627458852121,2.9992375655170225
553.0627458852123,2.9988237061775496
553.1627458852122,2.9984135429064733
553.2627458852123,2.9980070791158977
553.3627458852122,2.9976043185325403
553.4627458852124,2.9972052651984393
553.5627458852123,2.9968099234716825
553.6627458852124,2.996418298027122
553.7627458852123,2.9960303938571085
553.8627458852125,2.9956462162722124
553.9627458852124,2.9952657709019617
554.0627458852125,2.9948890636955654
554.1627458852124,2.994516100922656
554.2627458852126,2.9941468891740173
554.3627458852125,2.993781435362324
554.4627458852126,2.993419746722873
554.5627458852125,2.9930618308143218
554.6627458852126,2.9927076955194187
554.7627458852126,2.9923573490457414
554.8627458852127,2.9920107999264234
554.9627458852126,2.9916680570208887
555.0627458852127,2.9913291295155737
555.1627458852126,2.9909940269246595
555.2627458852128,2.990662759090785
555.3627458852127,2.9903353361857734
555.4627458852128,2.9900117687113403
555.5627458852127,2.989692067499807
555.6627458852129,2.989376243714802
555.7627458852128,2.9890643088519653
555.8627458852129,2.988756274739636
555.9627458852128,2.988452153539545
556.062745885213,2.988151957747493
556.1627458852129,2.987855700194025
556.262745885213,2.9875633940450945
556.3627458852129,2.9872750528027243
556.462745885213,2.986990690305652
556.562745885213,2.9867103207299732
556.6627458852131,2.9864339585897697
556.762745885213,2.9861616187377327
556.8627458852131,2.985893316365768
556.962745885213,2.985629067005602
557.0627458852132,2.9853688865293595
557.1627458852131,2.985112791150149
557.2627458852132,2.9848607974226167
557.3627458852131,2.984612922243504
557.4627458852133,2.9843691828521752
557.5627458852132,2.984129596831148
557.6627458852133,2.9838941821065927
557.7627458852132,2.9836629569488315
557.8627458852134,2.983435939972809
557.9627458852133,2.9832131501385586
558.0627458852134,2.9829946067516384
558.1627458852133,2.9827803294635666
558.2627458852135,2.982570338272221
558.3627458852134,2.9823646535222363
558.4627458852135,2.9821632959053708
558.5627458852134,2.9819662864608603
558.6627458852136,2.9817736465757494
558.7627458852135,2.9815853979852025
558.8627458852136,2.9814015627727937
558.9627458852135,2.981222163370777
559.0627458852136,2.9810472225603304
559.1627458852136,2.9808767634717803
559.2627458852137,2.9807108095848016
559.3627458852136,2.9805493847285947
559.4627458852137,2.980392513082035
559.5627458852136,2.980240219173803
559.6627458852138,2.9800925278824826
559.7627458852137,2.9799494644366367
559.8627458852138,2.979811054414856
559.9627458852137,2.9796773237457805
560.0627458852139,2.9795482987080897
560.1627458852138,2.97942400593047
560.2627458852139,2.9793044723915485
560.3627458852138,2.9791897254197997
560.462745885214,2.9790797926934185
560.5627458852139,2.9789747022401696
560.662745885214,2.978874482437196
560.7627458852139,2.978779162010805
560.862745885214,2.9786887700362112
560.962745885214,2.978603335937259
561.0627458852141,2.9785228894860993
561.162745885214,2.9784474608028404
561.2627458852141,2.9783770803551586
561.362745885214,2.978311778957879
561.4627458852142,2.9782515877725126
561.5627458852141,2.978196538306765
561.6627458852142,2.9781466624140025
561.7627458852141,2.9781019922926815
561.8627458852143,2.9780625604857414
561.9627458852142,2.978028399879957
562.0627458852143,2.977999543705251
562.1627458852142,2.9779760255339687
562.2627458852144,2.9779578792801096
562.3627458852143,2.977945139198519
562.4627458852144,2.977937839884038
562.5627458852143,2.977936016270612
562.6627458852145,2.977939703630354
562.7627458852144,2.9779489375725654
562.8627458852145,2.9779637540427157
562.9627458852144,2.9779841893213734
563.0627458852146,2.9780102800230934
563.1627458852145,2.9780420630952613
563.2627458852146,2.978079575816888
563.3627458852145,2.9781228557973582
563.4627458852146,2.9781719409751353
563.5627458852146,2.9782268696164125
563.6627458852147,2.9782876803137226
563.7627458852146,2.9783544119844922
563.8627458852147,2.978427103869552
563.9627458852146,2.978505795531594
564.0627458852148,2.978590526853581
564.1627458852147,2.9786813380371013
564.2627458852148,2.978778269600679
564.3627458852147,2.978881362378022
564.4627458852149,2.9789906575162313
564.5627458852148,2.979106196473943
564.6627458852149,2.9792280210194315
564.7627458852148,2.9793561732286453
564.862745885215,2.9794906954831997
564.9627458852149,2.9796316304683073
565.062745885215,2.9797790211706614
565.1627458852149,2.9799329108762524
565.262745885215,2.9800933431681425
565.362745885215,2.9802603619241697
565.4627458852151,2.980434011314608
565.562745885215,2.980614335799761
565.6627458852151,2.9808013801275033
565.762745885215,2.980995189330761
565.8627458852152,2.9811958087249364
565.9627458852151,2.9814032839052724
566.0627458852152,2.981617660744158
566.1627458852151,2.9818389853883747
566.2627458852153,2.9820673042562853
566.3627458852152,2.982302664034956
566.4627458852153,2.9825451116772292
566.5627458852152,2.9827946943987222
566.6627458852154,2.9830514596747784
566.7627458852153,2.9833154552373453
566.8627458852154,2.9835867290718006
566.9627458852153,2.983865329413709
567.0627458852155,2.9841513047455224
567.1627458852154,2.9844447037932134
567.2627458852155,2.984745575522852
567.3627458852154,2.9850539691371103
567.4627458852156,2.985369934071717
567.5627458852155,2.985693519991832
567.6627458852156,2.9860247767883785
567.7627458852155,2.9863637545742883
567.8627458852156,2.986710503680706
567.9627458852156,2.9870650746531084
568.0627458852157,2.987427518247379
568.1627458852156,2.987797885425803
568.2627458852157,2.988176227353007
568.3627458852156,2.988562595391831
568.4627458852158,2.9889570410991375
568.5627458852157,2.989359616221554
568.6627458852158,2.9897703726911544
568.7627458852157,2.9901893626210696
568.8627458852159,2.9906166383010433
568.9627458852158,2.9910522521929113
569.0627458852159,2.9914962569260277
569.1627458852158,2.991948705292616
569.262745885216,2.9924096502430673
569.3627458852159,2.992879144881159
569.462745885216,2.993357242459227
569.5627458852159,2.993843996373254
569.662745885216,2.9943394601579145
569.762745885216,2.9948436874815343
569.8627458852161,2.9953567321410057
569.962745885216,2.995878648056621
570.0627458852161,2.9964094892668602
570.162745885216,2.996949309923097
570.2627458852162,2.9974981642842584
570.3627458852161,2.9980561067114064
570.4627458852162,2.998623191662272
570.5627458852161,2.9991994736857084
570.6627458852163,2.999785007416102
570.7627458852162,3.0003798475677033
570.8627458852163,3.000984048928911
570.9627458852162,3.0015976663564805
571.0627458852164,3.002220754769688
571.1627458852163,3.0028533691444137
571.2627458852164,3.0034955645071877
571.3627458852163,3.004147395929152
571.4627458852165,3.0048089185199873
571.5627458852164,3.0054801874217563
571.6627458852165,3.006161257802713
571.7627458852164,3.00685218485103
571.8627458852166,3.0075530237684895
571.9627458852165,3.0082638297641
572.0627458852166,3.0089846580476722
572.1627458852165,3.00971556382332
572.2627458852166,3.0104566022829307
572.3627458852166,3.0112078285995505
572.4627458852167,3.0119692979207495
572.5627458852166,3.0127410653618973
572.6627458852167,3.0135231859994214
572.7627458852166,3.0143157148639808
572.8627458852168,3.0151187069336163
572.9627458852167,3.0159322171268244
573.0627458852168,3.0167563002956053
573.1627458852167,3.0175910112184394
573.2627458852169,3.018436404593237
573.3627458852168,3.019292535030214
573.4627458852169,3.020159457044754
573.5627458852168,3.0210372250501867
573.662745885217,3.021925893350559
573.7627458852169,3.0228255161333237
573.862745885217,3.023736147462024
573.9627458852169,3.0246578412688967
574.062745885217,3.025590651347468
574.162745885217,3.026534631345081
574.2627458852171,3.0274898347554062
574.362745885217,3.028456314910891
574.4627458852171,3.029434124975198
574.562745885217,3.030423317935574
574.6627458852172,3.0314239465952215
574.7627458852171,3.0324360635655947
574.8627458852172,3.033459721258704
574.9627458852171,3.034494971879345
575.0627458852173,3.035541867417341
575.1627458852172,3.036600459639712
575.2627458852173,3.0376708000828545
575.3627458852172,3.0387529400446573
575.4627458852174,3.0398469305766267
575.5627458852173,3.0409528224759494
575.6627458852174,3.0420706662775694
575.7627458852173,3.0432005122462047
575.8627458852175,3.0443424103683805
575.9627458852174,3.045496410344401
576.0627458852175,3.0466625615803493
576.1627458852174,3.0478409131800195
576.2627458852176,3.0490315139368813
576.3627458852175,3.0502344123259872
576.4627458852176,3.0514496564959055
576.5627458852175,3.0526772942605995
576.6627458852176,3.053917373091344
576.7627458852176,3.0551699401085832
576.8627458852177,3.056435042073828
576.9627458852176,3.057712725381503
577.0627458852177,3.059003036050833
577.1627458852176,3.0603060197176823
577.2627458852178,3.0616217216264356
577.3627458852177,3.062950186621836
577.4627458852178,3.06429145914087
577.5627458852177,3.0656455832046072
577.6627458852179,3.067012602410095
577.7627458852178,3.0683925599222093
577.8627458852179,3.0697854984655626
577.9627458852178,3.071191460316373
578.062745885218,3.0726104872943933
578.1627458852179,3.074042620754805
578.262745885218,3.075487901580173
578.3627458852179,3.0769463701723714
578.462745885218,3.0784180664445744
578.562745885218,3.079903029813215
578.6627458852181,3.0814012991900217
578.762745885218,3.0829129129740207
578.8627458852181,3.084437909043619
578.962745885218,3.085976324748658
579.0627458852182,3.087528196902553
579.1627458852181,3.0890935617744075
579.2627458852182,3.0906724550812097
579.3627458852181,3.092264911980015
579.4627458852183,3.0938709670602136
579.5627458852182,3.095490654335781
579.6627458852183,3.097124007237628
579.7627458852182,3.0987710586059274
579.8627458852184,3.100431840682548
579.9627458852183,3.10210638510347
580.0627458852184,3.103794722891309
580.1627458852183,3.1054968844478266
580.2627458852185,3.1072128995465538
580.3627458852184,3.1089427973254007
580.4627458852185,3.1106866062793883
580.5627458852184,3.1124443542533684
580.6627458852186,3.1142160684348656
580.7627458852185,3.116001775346916
580.8627458852186,3.1178015008410305
580.9627458852185,3.1196152700901565
581.0627458852186,3.12144310758177
581.1627458852186,3.123285037110968
581.2627458852187,3.1251410817737
581.3627458852186,3.127011263959994
581.4627458852187,3.1288956053473336
581.5627458852186,3.130794126894034
581.6627458852188,3.1327068488327643
581.7627458852187,3.1346337906640795
581.8627458852188,3.136574971150103
581.9627458852187,3.138530408308217
582.0627458852189,3.14050011940491
582.1627458852188,3.1424841209496392
582.2627458852189,3.14448242868885
582.3627458852188,3.146495057600011
582.462745885219,3.1485220218858148
582.5627458852189,3.1505633349683997
582.662745885219,3.1526190094837356
582.7627458852189,3.154689057276033
582.862745885219,3.1567734893923274
582.962745885219,3.1588723160770846
583.0627458852191,3.1609855467669856
583.162745885219,3.163113190085737
583.2627458852191,3.165255253839065
583.362745885219,3.167411745009736
583.4627458852192,3.1695826697527663
583.5627458852191,3.17176803339066
583.6627458852192,3.173967840408844
583.7627458852191,3.1761820944511263
583.8627458852193,3.1784107983153618
583.9627458852192,3.180653953949143
584.0627458852193,3.182911562445699
584.1627458852192,3.1851836240398255
584.2627458852194,3.1874701381040236
584.3627458852193,3.189771103144676
584.4627458852194,3.192086516798431
584.5627458852193,3.194416375828632
584.6627458852195,3.196760676121954
584.7627458852194,3.199119412685085
584.8627458852195,3.201492579641629
584.9627458852194,3.203880170229046
585.0627458852196,3.2062821767958187
585.1627458852195,3.2086985907986634
585.2627458852196,3.2111294027999637
585.3627458852195,3.213574602465257
585.4627458852196,3.2160341785609443
585.5627458852196,3.218508118952052
585.6627458852197,3.2209964106002253
585.7627458852196,3.2234990395617715
585.8627458852197,3.2260159909859407
585.9627458852196,3.228547249113255
586.0627458852198,3.2310927972740804
586.1627458852197,3.2336526178872496
586.2627458852198,3.2362266924589256
586.3627458852197,3.238815001581523
586.4627458852199,3.241417524932871
586.5627458852198,3.2440342412754335
586.6627458852199,3.246665128455774
586.7627458852198,3.2493101634040826
586.86274588522,3.2519693221339456
586.9627458852199,3.254642579742179
587.06274588522,3.257329910408909
587.1627458852199,3.260031287397715
587.26274588522,3.2627466830560246
587.36274588522,3.265476068815567
587.4627458852201,3.2682194151930846
587.56274588522,3.270976691791103
587.6627458852201,3.2737478672989604
587.76274588522,3.276532909493892
587.8627458852202,3.279331785242385
587.9627458852201,3.282144460501578
588.0627458852202,3.2849709003209373
588.1627458852201,3.287811068843984
588.2627458852203,3.2906649293102843
588.3627458852202,3.293532444057506
588.4627458852203,3.2964135745237293
588.5627458852202,3.2993082812498264
588.6627458852204,3.302216523882101
588.7627458852203,3.3051382611749864
588.8627458852204,3.308073450994014
588.9627458852203,3.311022050318833
589.0627458852205,3.3139840152465054
589.1627458852204,3.3169593009948493
589.2627458852205,3.319947861906057
589.3627458852204,3.3229496514503643
589.4627458852206,3.325964622229989
589.5627458852205,3.3289927259831256
589.6627458852206,3.332033913588206
589.7627458852205,3.335088135068213
589.8627458852206,3.338155339595263
589.9627458852206,3.3412354754952407
590.0627458852207,3.3443284902526993
590.1627458852206,3.3474343305158114
590.2627458852207,3.350552942101589
590.3627458852206,3.353684270001146
590.4627458852208,3.356828258385234
590.5627458852207,3.3599848506098158
590.6627458852208,3.3631539892219133
590.7627458852207,3.3663356159654887
590.8627458852209,3.3695296717875998
590.9627458852208,3.3727360968445845
591.0627458852209,3.375954830508523
591.1627458852208,3.3791858113737216
591.262745885221,3.3824289772634706
591.3627458852209,3.38568426523683
591.462745885221,3.3889516115956795
591.5627458852209,3.3922309518917917
591.662745885221,3.3955222209341756
591.762745885221,3.398825352796437
591.8627458852211,3.4021402808244017
591.962745885221,3.4054669376437574
592.0627458852211,3.408805255167954
592.162745885221,3.412155164606122
592.2627458852212,3.4155165964712415
592.3627458852211,3.4188894805883283
592.4627458852212,3.4222737461028703
592.5627458852211,3.425669321489269
592.6627458852213,3.429076134559536
592.7627458852212,3.43249411247199
592.8627458852213,3.4359231817401987
592.9627458852212,3.439363268241922
593.0627458852214,3.442814297228299
593.1627458852213,3.446276193333024
593.2627458852214,3.449748880581768
593.3627458852213,3.4532322824015855
593.4627458852215,3.456726321630559
593.5627458852214,3.460230920527424
593.6627458852215,3.463746000781431
593.7627458852214,3.4672714835221794
593.8627458852216,3.4708072893296866
593.9627458852215,3.4743533382444225
594.0627458852216,3.4779095497775714
594.1627458852215,3.4814758429212604
594.2627458852216,3.485052136159008
594.3627458852216,3.4886383474761287
594.4627458852217,3.492234394370358
594.5627458852216,3.4958401938624264
594.6627458852217,3.4994556625068505
594.7627458852216,3.5030807164026627
594.8627458852218,3.506715271204354
594.9627458852217,3.510359242132754
595.0627458852218,3.514012543986112
595.1627458852217,3.5176750911511117
595.2627458852219,3.521346797614083
595.3627458852218,3.5250275769721395
595.4627458852219,3.528717342444505
595.5627458852218,3.532416006883762
595.662745885222,3.5361234827872847
595.7627458852219,3.5398396823085827
595.862745885222,3.543564517268825
595.9627458852219,3.547297899168271
596.0627458852221,3.55103973919787
596.162745885222,3.554789948250763
596.2627458852221,3.558548436933952
596.362745885222,3.5623151155798545
596.4627458852221,3.566089894258024
596.5627458852221,3.5698726827867526
596.6627458852222,3.573663390744825
596.7627458852221,3.577461927483153
596.8627458852222,3.5812682021365525
596.9627458852221,3.585082123635392
597.0627458852223,3.5889036007173822
597.1627458852222,3.592732541939223
597.2627458852223,3.5965688556883872
597.3627458852222,3.6004124501947574
597.4627458852224,3.6042632335423868
597.5627458852223,3.6081211136811087
597.6627458852224,3.6119859984382634
597.7627458852223,3.6158577955302635
597.8627458852225,3.619736412574272
597.9627458852224,3.623621757099711
598.0627458852225,3.6275137365598704
598.1627458852224,3.631412258343347
598.2627458852226,3.6353172297855747
598.3627458852225,3.639228558180173
598.4627458852226,3.643146150790381
598.5627458852225,3.647069914860304
598.6627458852226,3.6509997576262387
598.7627458852226,3.654935586327796
598.8627458852227,3.6588773082191057
598.9627458852226,3.6628248305798032
599.0627458852227,3.6667780607260907
599.1627458852226,3.6707369060215767
599.2627458852228,3.6747012738881817
599.3627458852227,3.6786710718168107
599.4627458852228,3.682646207378086
599.5627458852227,3.6866265882328437
599.6627458852229,3.6906121221426758
599.7627458852228,3.6946027169802305
599.8627458852229,3.6985982807395557
599.9627458852228,3.702598721546185
600.062745885223,3.7066039476672663
600.1627458852229,3.71061386752142
600.262745885223,3.7146283896886354
600.3627458852229,3.7186474229198887
600.4627458852231,3.7226708761467915
600.562745885223,3.726698658490954
600.6627458852231,3.7307306792733694
600.762745885223,3.734766848023509
600.8627458852231,3.738807074488426
600.9627458852231,3.742851268641572
601.0627458852232,3.746899340691604
601.1627458852231,3.750951201090901
601.2627458852232,3.7550067605440725
601.3627458852231,3.7590659300161557
601.4627458852233,3.7631286207408055
601.5627458852232,3.7671947442281657
601.6627458852233,3.7712642122727265
601.7627458852232,3.7753369369608545
601.8627458852234,3.7794128306783024
601.9627458852233,3.783491806117387
602.0627458852234,3.787573776284139
602.1627458852233,3.791658654505113
602.2627458852235,3.7957463544341663
602.3627458852234,3.7998367900588894
602.4627458852235,3.8039298757069977
602.5627458852234,3.8080255260523748
602.6627458852236,3.8121236561210647
602.7627458852235,3.8162241812969104
602.8627458852236,3.8203270173271395
602.9627458852235,3.8244320803275884
603.0627458852236,3.8285392867878674
603.1627458852236,3.832648553576158
603.2627458852237,3.83675979794395
603.3627458852236,3.840872937530399
603.4627458852237,3.8449878903666255
603.5627458852236,3.849104574879626
603.6627458852238,3.853222909896118
603.7627458852237,3.8573428146459996
603.8627458852238,3.86146420876573
603.9627458852237,3.8655870123013267
604.0627458852239,3.8697111457112774
604.1627458852238,3.873836529869062
604.2627458852239,3.877963086065586
604.3627458852238,3.8820907360112242
604.462745885224,3.886219401837767
604.5627458852239,3.8903490060999752
604.662745885224,3.894479471777034
604.7627458852239,3.8986107222736113
604.8627458852241,3.9027426814208135
604.962745885224,3.906875273476743
605.0627458852241,3.9110084231269466
605.162745885224,3.9151420554844663
605.2627458852241,3.9192760960897783
605.3627458852241,3.923410470910329
605.4627458852242,3.927545106339961
605.5627458852241,3.931679929197932
605.6627458852242,3.93581486672782
605.7627458852241,3.939949846596021
605.8627458852243,3.944084796890137
605.9627458852242,3.9482196461169448
606.0627458852243,3.952354323200259
606.1627458852242,3.956488757478377
606.2627458852244,3.9606228787014155
606.3627458852243,3.964756617028225
606.4627458852244,3.9688899030231983
606.5627458852243,3.973022667652661
606.6627458852245,3.977154842281145
606.7627458852244,3.9812863586672544
606.8627458852245,3.9854171489594084
606.9627458852244,3.98954714569118
607.0627458852246,3.993676281776512
607.1627458852245,3.9978044905045254
607.2627458852246,4.001931705534214
607.3627458852245,4.006057860888727
607.4627458852246,4.010182890949535
607.5627458852246,4.014306730450199
607.6627458852247,4.018429314470011
607.7627458852246,4.022550578427243
607.8627458852247,4.026670458072279
607.9627458852246,4.030788889480341
608.0627458852248,4.034905809044115
608.1627458852247,4.039021153465969
608.2627458852248,4.043134859750068
608.3627458852247,4.047246865194094
608.4627458852249,4.051357107380861
608.5627458852248,4.055465524169537
608.6627458852249,4.059572053686768
608.7627458852248,4.06367663431741
608.862745885225,4.067779204695171
608.9627458852249,4.0718797036928605
609.062745885225,4.075978070412557
609.1627458852249,4.080074244175386
609.2627458852251,4.084168164511223
609.362745885225,4.088259771148009
609.4627458852251,4.092349004000995
609.562745885225,4.09643580316161
609.6627458852251,4.1005201088862595
609.7627458852251,4.104601861584758
609.8627458852252,4.108681001808689
609.9627458852251,4.112757470239414
610.0627458852252,4.116831207676009
610.1627458852251,4.120902155022864
610.2627458852253,4.124970253277209
610.3627458852252,4.1290354435163135
610.4627458852253,4.133097666884623
610.5627458852252,4.137156864580568
610.6627458852254,4.141212977843325
610.7627458852253,4.1452659479392535
610.8627458852254,4.149315716148298
610.9627458852253,4.153362223750067
611.0627458852255,4.1574054120098864
611.1627458852254,4.161445222164549
611.2627458852255,4.16548159540803
611.3627458852254,4.169514472876919
611.4627458852256,4.173543795635828
611.5627458852255,4.177569504662513
611.6627458852256,4.181591540832993
611.7627458852255,4.185609844906388
611.8627458852256,4.189624357509764
611.9627458852256,4.193635019122707
612.0627458852257,4.197641770061909
612.1627458852256,4.201644550465501
612.2627458852257,4.205643300277405
612.3627458852256,4.209637959231441
612.4627458852258,4.213628466835467
612.5627458852257,4.217614762355284
612.6627458852258,4.221596784798582
612.7627458852257,4.225574472898662
612.8627458852259,4.229547765098216
612.9627458852258,4.233516599532889
613.0627458852259,4.237480914014912
613.1627458852258,4.2414406460165255
613.262745885226,4.245395732653488
613.3627458852259,4.249346110668391
613.462745885226,4.253291716414061
613.5627458852259,4.257232485836791
613.6627458852261,4.261168354459661
613.762745885226,4.265099257365703
613.8627458852261,4.26902512918118
613.962745885226,4.272945904058695
614.0627458852261,4.276861515660452
614.1627458852261,4.280771897141353
614.2627458852262,4.284676981132245
614.3627458852261,4.288576699723034
614.4627458852262,4.292470984445957
614.5627458852261,4.296359766258728
614.6627458852263,4.300242975527859
614.7627458852262,4.3041205420118684
614.8627458852263,4.307992394844676
614.9627458852262,4.3118584625189005
615.0627458852264,4.315718672869355
615.1627458852263,4.319572953056462
615.2627458852264,4.323421229549872
615.3627458852263,4.327263428112019
615.4627458852265,4.331099473781898
615.5627458852264,4.334929290858787
615.6627458852265,4.338752802886203
615.7627458852264,4.342569932635824
615.8627458852266,4.346380602091648
615.9627458852265,4.350184732434138
616.0627458852266,4.353982244024622
616.1627458852265,4.357773056389679
616.2627458852266,4.361557088205805
616.3627458852266,4.365334257284076
616.4627458852267,4.369104480555102
616.5627458852266,4.372867674053996
616.6627458852267,4.37662375290564
616.7627458852266,4.38037263130999
616.8627458852268,4.384114222527678
616.9627458852267,4.387848438865679
617.0627458852268,4.3915751916632875
617.1627458852267,4.39529439127816
617.2627458852269,4.3990059470726965
617.3627458852268,4.402709767400487
617.4627458852269,4.4064057595931185
617.5627458852268,4.410093829947066
617.662745885227,4.413773883710938
617.7627458852269,4.4174458250728375
617.862745885227,4.421109557148087
617.9627458852269,4.424764981967071
618.0627458852271,4.428412000463464
618.162745885227,4.4320505124625935
618.2627458852271,4.435680416670197
618.362745885227,4.439301610661312
618.4627458852272,4.442913990869596
618.5627458852271,4.446517452576784
618.6627458852272,4.450111889902578
618.7627458852271,4.453697195794697
618.8627458852272,4.457273262019367
618.9627458852272,4.460839979151987
619.0627458852273,4.464397236568243
619.1627458852272,4.467944922435409
619.2627458852273,4.471482923704109
619.3627458852272,4.475011126100281
619.4627458852274,4.478529414117609
619.5627458852273,4.482037671010166
619.6627458852274,4.4855357787855406
619.7627458852273,4.489023618198187
619.8627458852275,4.492501068743263
619.9627458852274,4.495968008650703
620.0627458852275,4.49942431487979
620.1627458852274,4.502869863113983
620.2627458852276,4.506304527756239
620.3627458852275,4.509728181924595
620.4627458852276,4.513140697448282
620.5627458852275,4.516541944864081
620.6627458852277,4.519931793413226
620.7627458852276,4.523310111038573
620.8627458852277,4.526676764382307
620.9627458852276,4.530031618783928
621.0627458852277,4.533374538278789
621.1627458852277,4.53670538559692
621.2627458852278,4.540024022162405
621.3627458852277,4.543330308093058
621.4627458852278,4.546624102200658
621.5627458852277,4.549905261991498
621.6627458852279,4.553173643667481
621.7627458852278,4.5564291021275585
621.8627458852279,4.559671490969709
621.9627458852278,4.5629006624932655
622.062745885228,4.566116467701799
622.1627458852279,4.569318756306346
622.262745885228,4.572507376729205
622.3627458852279,4.575682176108071
622.4627458852281,4.578843000300759
622.562745885228,4.581989693890266
622.6627458852281,4.585122100190417
622.762745885228,4.5882400612518595
622.8627458852282,4.591343417868653
622.9627458852281,4.5944320095852
623.0627458852282,4.597505674703781
623.1627458852281,4.600564250292433
623.2627458852282,4.603607572193434
623.3627458852282,4.60663547503214
623.4627458852283,4.60964779222641
623.5627458852282,4.612644355996414
623.6627458852283,4.615624997375015
623.7627458852282,4.61858954621853
623.8627458852284,4.621537831218078
623.9627458852283,4.624469679911305
624.0627458852284,4.6273849186946885
624.1627458852283,4.630283372836228
624.2627458852285,4.633164866488715
624.3627458852284,4.636029222703383
624.4627458852285,4.638876263444137
624.5627458852284,4.641705809602169
624.6627458852286,4.644517681011145
624.7627458852285,4.647311696462773
624.8627458852286,4.650087673722953
624.9627458852285,4.6528454295482975
625.0627458852287,4.655584779703229
625.1627458852286,4.658305538977453
625.2627458852287,4.661007521203994
625.3627458852286,4.663690539277619
625.4627458852287,4.666354405173809
625.5627458852287,4.66899892996811
625.6627458852288,4.671623923856043
625.7627458852287,4.674229196173375
625.8627458852288,4.676814555416952
625.9627458852287,4.679379809265884
626.0627458852289,4.681924764603283
626.1627458852288,4.6844492275383605
626.2627458852289,4.686953003429053
626.3627458852288,4.689435896905019
626.462745885229,4.691897711891146
626.5627458852289,4.694338251631415
626.662745885229,4.696757318713296
626.7627458852289,4.699154715092457
626.8627458852291,4.701530242118023
626.962745885229,4.703883700558133
627.0627458852291,4.706214890626022
627.162745885229,4.708523612006424
627.2627458852292,4.710809663882465
627.3627458852291,4.713072844962873
627.4627458852292,4.715312953509677
627.5627458852291,4.717529787366207
627.6627458852292,4.719723143985564
627.7627458852292,4.721892820459405
627.8627458852293,4.72403861354716
627.9627458852292,4.726160319705562
628.0627458852293,4.728257735118613
628.1627458852292,4.730330655727828
628.2627458852294,4.732378877262915
628.3627458852293,4.734402195272724
628.4627458852294,4.73640040515661
628.5627458852293,4.7383733021960595
628.6627458852295,4.740320681586714
628.7627458852294,4.74224233847065
628.8627458852295,4.744138067969034
628.9627458852294,4.746007665215027
629.0627458852296,4.747850925387044
629.1627458852295,4.749667643742255
629.2627458852296,4.751457615650425
629.3627458852295,4.753220636627977
629.4627458852297,4.754956502372385
629.5627458852296,4.756665008796771
629.6627458852297,4.758345952064814
629.7627458852296,4.759999128625855
629.8627458852297,4.761624335250298
629.9627458852297,4.763221369065176
630.0627458852298,4.764790027590017
630.1627458852297,4.766330108772852
630.2627458852298,4.767841411026497
630.3627458852297,4.769323733264972
630.4627458852299,4.770776874940173
630.5627458852298,4.772200636078663
630.6627458852299,4.773594817318696
630.7627458852298,4.774959219947355
630.86274588523,4.776293645937891
630.9627458852299,4.777597897987159
631.06274588523,4.778871779553251
631.1627458852299,4.780115094893195
631.2627458852301,4.781327649100836
631.36274588523,4.782509248144768
631.4627458852301,4.783659698906422
631.56274588523,4.7847788092181975
631.6627458852302,4.785866387901722
631.7627458852301,4.7869222448061395
631.8627458852302,4.787946190846505
631.9627458852301,4.788938038042193
632.0627458852302,4.789897599555394
632.1627458852302,4.790824689729595
632.2627458852303,4.79171912412814
632.3627458852302,4.792580719572759
632.4627458852303,4.793409294182137
632.5627458852302,4.794204667410451
632.6627458852304,4.794966660085926
632.7627458852303,4.79569509444933
632.8627458852304,4.796389794192471
632.9627458852303,4.797050584496622
633.0627458852305,4.797677292070913
633.1627458852304,4.798269745190648
633.2627458852305,4.7988277737355585
633.3627458852304,4.799351209227961
633.4627458852306,4.799839884870837
633.5627458852305,4.800293635585797
633.6627458852306,4.800712298050945
633.7627458852305,4.8010957107386005
633.8627458852307,4.801443713952914
633.9627458852306,4.801756149867312
634.0627458852307,4.8020328625618145
634.1627458852306,4.802273698060175
634.2627458852307,4.8024785043668485
634.3627458852307,4.802647131503788
634.4627458852308,4.802779431547036
634.5627458852307,4.802875258663121
634.6627458852308,4.802934469145246
634.7627458852307,4.802956921449245
634.8627458852309,4.802942476229319
634.9627458852308,4.802890996373523
635.0627458852309,4.802802347039011
635.1627458852308,4.802676395687013
635.262745885231,4.802513012117545
635.3627458852309,4.802312068503845
635.462745885231,4.802073439426511
635.5627458852309,4.801797001907353
635.6627458852311,4.801482635442925
635.762745885231,4.801130222037751
635.8627458852311,4.800739646237222
635.962745885231,4.8003107951601525
636.0627458852312,4.7998435585310055
636.1627458852311,4.799337828711754
636.2627458852312,4.798793500733382
636.3627458852311,4.798210472327026
636.4627458852312,4.797588643954718
636.5627458852312,4.796927918839765
636.6627458852313,4.796228202996705
636.7627458852312,4.795489405260883
636.8627458852313,4.794711437317595
636.9627458852312,4.793894213730826
637.0627458852314,4.793037651971541
637.1627458852313,4.7921416724455606
637.2627458852314,4.791206198520964
637.3627458852313,4.790231156555067
637.4627458852315,4.789216475920909
637.5627458852314,4.788162089033304
637.6627458852315,4.787067931374377
637.7627458852314,4.785933941518661
637.8627458852316,4.784760061157652
637.9627458852315,4.783546235123916
638.0627458852316,4.78229241141465
638.1627458852315,4.78099854121476
638.2627458852317,4.779664578919394
638.3627458852316,4.778290482155978
638.4627458852317,4.776876211805688
638.5627458852316,4.775421732024416
638.6627458852317,4.7739270102631535
638.7627458852317,4.77239201728787
638.8627458852318,4.770816727198779
638.9627458852317,4.7692011174491045
639.0627458852318,4.767545168863211
639.1627458852317,4.765848865654224
639.2627458852319,4.76411219544101
639.3627458852318,4.7623351492646355
639.4627458852319,4.760517721604165
639.5627458852318,4.758659910391938
639.662745885232,4.756761717028171
639.7627458852319,4.754823146395032
639.862745885232,4.752844206870031
639.9627458852319,4.7508249103388644
640.0627458852321,4.748765272207581
640.162745885232,4.746665311414187
640.2627458852321,4.744525050439563
640.362745885232,4.742344515317814
640.4627458852322,4.740123735645925
640.5627458852321,4.737862744592846
640.6627458852322,4.735561578907867
640.7627458852321,4.733220278928426
640.8627458852322,4.73083888858719
640.9627458852322,4.728401929500601
641.0627458852323,4.725890960541623
641.1627458852322,4.72330601466533
641.2627458852323,4.720647171998826
641.3627458852322,4.71791452514241
641.4627458852324,4.715108179162565
641.5627458852323,4.712228251581449
641.6627458852324,4.7092748723627
641.7627458852323,4.706248183893752
641.8627458852325,4.703148340964466
641.9627458852324,4.699975510742306
642.0627458852325,4.696729872743834
642.1627458852324,4.6934116188027755
642.2627458852326,4.690020953034424
642.3627458852325,4.686558091796653
642.4627458852326,4.683023263647277
642.5627458852325,4.679416709298065
642.6627458852327,4.6757386815651465
642.7627458852326,4.671989445316081
642.8627458852327,4.668169277413374
642.9627458852326,4.664278466654712
643.0627458852327,4.660317313709664
643.1627458852327,4.656286131053166
643.2627458852328,4.652185242895519
643.3627458852327,4.648014985109217
643.4627458852328,4.643775705152352
643.5627458852327,4.6394677619889055
643.6627458852329,4.635091526005668
643.7627458852328,4.630647378926122
643.8627458852329,4.626135713721007
643.9627458852328,4.621556934515921
644.062745885233,4.616911456495668
644.1627458852329,4.61219970580573
644.262745885233,4.607422119450538
644.3627458852329,4.602579145188955
644.4627458852331,4.5976712414266405
644.562745885233,4.592698877105704
644.6627458852331,4.587662531591321
644.762745885233,4.582562694555727
644.8627458852332,4.577399865859259
644.9627458852331,4.572174555428865
645.0627458852332,4.566887283133756
645.1627458852331,4.561538578658615
645.2627458852332,4.55612898137404
645.3627458852332,4.550659040204652
645.4627458852333,4.545129313494525
645.5627458852332,4.539540368870388
645.6627458852333,4.533892783102249
645.7627458852332,4.528187141961892
645.8627458852334,4.522424040078906
645.9627458852333,4.516604080794695
646.0627458852334,4.510727876014116
646.1627458852333,4.5047960460552225
646.2627458852335,4.498809219496747
646.3627458852334,4.492768033023786
646.4627458852335,4.486673131271351
646.5627458852334,4.480525166666238
646.6627458852336,4.474324799266865
646.7627458852335,4.468072696601566
646.8627458852336,4.461769533504951
646.9627458852335,4.455415991952854
647.0627458852337,4.449012760895467
647.1627458852336,4.4425605360891725
647.2627458852337,4.436060019926695
647.3627458852336,4.429511921266074
647.4627458852337,4.422916955258066
647.5627458852337,4.41627584317251
647.6627458852338,4.409589312223233
647.7627458852337,4.402858095392044
647.8627458852338,4.396082931251408
647.9627458852337,4.389264563786324
648.0627458852339,4.382403742214998
648.1627458852338,4.3755012208088715
648.2627458852339,4.368557758711558
648.3627458852338,4.361574119757255
648.462745885234,4.354551072288208
648.5627458852339,4.34748938897177
648.662745885234,4.340389846616631
648.7627458852339,4.333253225988786
648.8627458852341,4.326080311626792
648.962745885234,4.318871891656889
649.0627458852341,4.311628757607544
649.162745885234,4.304351704223977
649.2627458852342,4.297041529282245
649.3627458852341,4.289699033403427
649.4627458852342,4.282325019867496
649.5627458852341,4.274920294427421
649.6627458852342,4.267485665123063
649.7627458852342,4.260021942095456
649.8627458852343,4.252529937400977
649.9627458852342,4.245010464826038
650.0627458852343,4.23746433970178
650.1627458852342,4.229892378719422
650.2627458852344,4.222295399745725
650.3627458852343,4.214674221639232
650.4627458852344,4.207029664066738
650.5627458852343,4.199362547320657
650.6627458852345,4.191673692136743
650.7627458852344,4.183963919512805
650.8627458852345,4.176234050527909
650.9627458852344,4.16848490616268
651.0627458852346,4.160717307120201
651.1627458852345,4.152932073648122
651.2627458852346,4.145130025361481
651.3627458852345,4.137311981066845
651.4627458852347,4.129478758587257
651.5627458852346,4.1216311745886225
651.6627458852347,4.113770044407001
651.7627458852346,4.105896181877434
651.8627458852347,4.09801039916379
651.9627458852347,4.090113506590237
652.0627458852348,4.082206312473829
652.1627458852347,4.074289622958826
652.2627458852348,4.066364241852213
652.3627458852347,4.058430970461049
652.4627458852349,4.0504906074311045
652.5627458852348,4.042543948587422
652.6627458852349,4.034591786776254
652.7627458852348,4.026634911708998
652.862745885235,4.018674109807606
652.9627458852349,4.010710164052075
653.062745885235,4.002743853829472
653.1627458852349,3.994775954785145
653.2627458852351,3.98680723867553
653.362745885235,3.978838473223215
653.4627458852351,3.970870421973684
653.562745885235,3.9629038441543836
653.6627458852352,3.954939494535537
653.7627458852351,3.946978123293343
653.8627458852352,3.939020475875002
653.9627458852351,3.9310672928661696
654.0627458852352,3.9231193098603128
654.1627458852352,3.915177257330548
654.2627458852353,3.9072418605034316
654.3627458852352,3.8993138392352957
654.4627458852353,3.8913939078905835
654.5627458852352,3.883482775222781
654.6627458852354,3.875581144257395
654.7627458852353,3.8676897121775733
654.8627458852354,3.859809170211819
654.9627458852353,3.851940203524383
655.0627458852355,3.84408349110779
655.1627458852354,3.836239705678083
655.2627458852355,3.8284095135722374
655.3627458852354,3.8205935746483215
655.4627458852356,3.81279254218786
655.5627458852355,3.805007062800975
655.6627458852356,3.797237776333751
655.7627458852355,3.789485315778406
655.8627458852357,3.781750307185709
655.9627458852356,3.7740333695802213
656.0627458852357,3.766335114877802
656.1627458852356,3.758656147805957
656.2627458852357,3.7509970658264615
656.3627458852357,3.7433584590608406
656.4627458852358,3.7357409102181354
656.5627458852357,3.7281449945255263
656.6627458852358,3.720571279661256
656.7627458852357,3.7130203256904117
656.8627458852359,3.705492685003006
656.9627458852358,3.697988902254915
657.0627458852359,3.69050951431112
657.1627458852358,3.6830550501917956
657.262745885236,3.675626031020697
657.3627458852359,3.6682229699763855
657.462745885236,3.6608463722457443
657.5627458852359,3.653496734980319
657.6627458852361,3.646174547254934
657.762745885236,3.638880290029122
657.8627458852361,3.631614436110806
657.962745885236,3.6243774501227786
658.0627458852362,3.6171697884714145
658.1627458852361,3.609991899318152
658.2627458852362,3.602844222553191
658.3627458852361,3.5957271897719254
658.4627458852362,3.5886412242535703
658.5627458852362,3.58158674094249
658.6627458852363,3.5745641464316975
658.7627458852362,3.567573838949009
658.8627458852363,3.560616208345347
658.9627458852362,3.5536916360856616
659.0627458852364,3.546800495241956
659.1627458852363,3.539943150488898
659.2627458852364,3.5331199581014934
659.3627458852363,3.5263312659553074
659.4627458852365,3.519577413528698
659.5627458852364,3.5128587319075573
659.6627458852365,3.5061755437920255
659.7627458852364,3.4995281635056505
659.8627458852366,3.492916897006489
659.9627458852365,3.4863420419005964
660.0627458852366,3.479803887457404
660.1627458852365,3.4733027146274393
660.2627458852367,3.4668387960618823
660.3627458852366,3.4604123961344078
660.4627458852367,3.454023770964807
660.5627458852366,3.447673168444843
660.6627458852367,3.4413608282658323
660.7627458852367,3.4350869819483933
660.8627458852368,3.4288518528738714
660.9627458852367,3.4226556563178665
661.0627458852368,3.4164985994853785
661.1627458852367,3.4103808815479955
661.2627458852369,3.4043026936826366
661.3627458852368,3.398264219112275
661.4627458852369,3.392265633148156
661.5627458852368,3.3863071032339263
661.662745885237,3.380388788991196
661.7627458852369,3.3745108422669503
661.862745885237,3.3686734071823254
661.9627458852369,3.3628766201831652
662.0627458852371,3.3571206100918833
662.162745885237,3.3514054981610313
662.2627458852371,3.3457313981281107
662.362745885237,3.3400984162720193
662.4627458852372,3.334506651470678
662.5627458852371,3.3289561952602176
662.6627458852372,3.323447131895283
662.7627458852371,3.3179795384108255
662.8627458852372,3.3125534846849445
662.9627458852372,3.307169033503148
663.0627458852373,3.3018262406235936
663.1627458852372,3.2965251548436765
663.2627458852373,3.2912658180675334
663.3627458852372,3.2860482653748164
663.4627458852374,3.2808725250903223
663.5627458852373,3.2757386188548137
663.6627458852374,3.2706465616966307
663.7627458852373,3.265596362104426
663.8627458852375,3.2605880221006176
663.9627458852374,3.255621537315896
664.0627458852375,3.250696897064383
664.1627458852374,3.245814084419773
664.2627458852376,3.2409730762920614
664.3627458852375,3.2361738435051794
664.4627458852376,3.231416350875155
664.5627458852375,3.2267005572891114
664.6627458852377,3.22202641578472
664.7627458852376,3.217393873630426
664.8627458852377,3.2128028724060655
664.9627458852376,3.208253348084181
665.0627458852377,3.203745231111667
665.1627458852377,3.1992784464920514
665.2627458852378,3.1948529138680355
665.3627458852377,3.190468547604606
665.4627458852378,3.1861252568723497
665.5627458852377,3.181822945731265
665.6627458852379,3.1775615132147195
665.7627458852378,3.1733408534138414
665.8627458852379,3.169160855561997
665.9627458852378,3.1650214041196345
666.062745885238,3.1609223788591567
666.1627458852379,3.1568636549501043
666.262745885238,3.1528451030443025
666.3627458852379,3.14886658936126
666.4627458852381,3.1449279757734794
666.562745885238,3.141029119891954
666.6627458852381,3.137169875151528
666.762745885238,3.133350090896379
666.8627458852382,3.1295696124653163
666.9627458852381,3.1258282812771436
667.0627458852382,3.1221259349157853
667.1627458852381,3.11846240721542
667.2627458852382,3.1148375283453333
667.3627458852382,3.1112511248947214
667.4627458852383,3.1077030199571665
667.5627458852382,3.1041930332150103
667.6627458852383,3.1007209810233536
667.7627458852382,3.097286676493907
667.8627458852384,3.093889929578419
667.9627458852383,3.090530547151908
668.0627458852384,3.0872083330954294
668.1627458852383,3.0839230883786026
668.2627458852385,3.080674611141628
668.3627458852384,3.077462696777021
668.4627458852385,3.074287138010798
668.5627458852384,3.0711477249833328
668.6627458852386,3.068044245329634
668.7627458852385,3.0649764842592466
668.8627458852386,3.06194422463554
668.9627458852385,3.0589472470545815
669.0627458852387,3.055985329923363
669.1627458852386,3.053058249537577
669.2627458852387,3.0501657801587108
669.3627458852386,3.0473076940906574
669.4627458852387,3.0444837617556137
669.5627458852387,3.041693751769461
669.6627458852388,3.0389374310164055
669.7627458852387,3.0362145647230716
669.8627458852388,3.033524916531825
669.9627458852387,3.0308682485735203
670.0627458852389,3.028244321539455
670.1627458852388,3.0256528947527195
670.2627458852389,3.0230937262387316
670.3627458852388,3.020566572795139
670.462745885239,3.018071190060886
670.5627458852389,3.0156073325846267
670.662745885239,3.013174753892281
670.7627458852389,3.010773206553912
670.8627458852391,3.008402442249737
670.962745885239,3.006062211835432
671.0627458852391,3.003752265406554
671.162745885239,3.001472352362245
671.2627458852392,2.9992222214680337
671.3627458852391,2.9970016209179047
671.4627458852392,2.9948102983954503
671.5627458852391,2.9926480011342793
671.6627458852392,2.9905144759774944
671.7627458852392,2.9884094694364127
671.8627458852393,2.9863327277483496
671.9627458852392,2.984283996933629
672.0627458852393,2.9822630228516536
672.1627458852392,2.9802695512561894
672.2627458852394,2.978303327849705
672.3627458852393,2.9763640983369153
672.4627458852394,2.9744516084773793
672.5627458852393,2.97256560413729
672.6627458852395,2.9707058313403185
672.7627458852394,2.968872036317648
672.8627458852395,2.967063965557053
672.9627458852394,2.9652813658511685
673.0627458852396,2.9635239843448082
673.1627458852395,2.961791568581462
673.2627458852396,2.960083866548851
673.3627458852395,2.958400626723655
673.4627458852397,2.9567415981153036
673.5627458852396,2.955106530308941
673.6627458852397,2.953495173507453
673.7627458852396,2.951907278572674
673.8627458852397,2.9503425970656596
673.9627458852397,2.948800881286141
674.0627458852398,2.9472818843110518
674.1627458852397,2.945785360032242
674.2627458852398,2.94431106319327
674.3627458852397,2.9428587494253855
674.4627458852399,2.9414281752826
674.5627458852398,2.940019098275959
674.6627458852399,2.9386312769069005
674.7627458852398,2.9372644706998323
674.86274588524,2.9359184402338028
674.9627458852399,2.934592947173394
675.06274588524,2.9332877542987275
675.1627458852399,2.932002625534694
675.2627458852401,2.9307373259793144
675.36274588524,2.9294916219313287
675.4627458852401,2.9282652809169334
675.56274588524,2.927058071715755
675.6627458852402,2.9258697643859866
675.7627458852401,2.924700130288773
675.8627458852402,2.923548942111772
675.9627458852401,2.9224159738919764
676.0627458852402,2.921301001037727
676.1627458852402,2.9202038003500013
676.2627458852403,2.919124150042908
676.3627458852402,2.918061829763467
676.4627458852403,2.9170166206106183
676.5627458852402,2.9159883051535247
676.6627458852404,2.9149766674491215
676.7627458852403,2.9139814930589796
676.8627458852404,2.9130025690654238
676.9627458852403,2.912039684086986
677.0627458852405,2.911092628293133
677.1627458852404,2.9101611934183387
677.2627458852405,2.90924517277545
677.3627458852404,2.9083443612684188
677.4627458852406,2.907458555404343
677.5627458852405,2.9065875533048855
677.6627458852406,2.9057311547170253
677.7627458852405,2.9048891610232057
677.8627458852407,2.9040613752508277
677.9627458852406,2.9032476020811613
678.0627458852407,2.90244764785762
678.1627458852406,2.9016613205934707
678.2627458852407,2.9008884299789255
678.3627458852407,2.900128787387688
678.4627458852408,2.899382205882898
678.5627458852407,2.8986485002225497
678.6627458852408,2.897927486864331
678.7627458852407,2.8972189839699487
678.8627458852409,2.8965228114088974
678.9627458852408,2.8958387907617316
679.0627458852409,2.8951667453228005
679.1627458852408,2.8945065001025054
679.262745885241,2.8938578818290384
679.3627458852409,2.8932207189496597
679.462745885241,2.8925948416314795
679.5627458852409,2.8919800817617944
679.6627458852411,2.891376272947948
679.762745885241,2.8907832505167614
679.8627458852411,2.8902008515135122
679.962745885241,2.8896289147005
680.0627458852412,2.8890672805551736
680.1627458852411,2.8885157912678707
680.2627458852412,2.887974290739134
680.3627458852411,2.887442624576658
680.4627458852412,2.88692064009183
680.5627458852412,2.8864081862959226
680.6627458852413,2.885905113895895
680.7627458852412,2.885411275289864
680.8627458852413,2.884926524562208
680.9627458852412,2.8844507174783462
681.0627458852414,2.8839837114791793
681.1627458852413,2.8835253656752213
681.2627458852414,2.8830755408404016
681.3627458852413,2.8826340994055855
681.4627458852415,2.8822009054517785
681.5627458852414,2.881775824703063
681.6627458852415,2.881358724519239
681.7627458852414,2.8809494738882133
681.8627458852416,2.8805479434181107
681.9627458852415,2.880154005329143
682.0627458852416,2.879767533445225
682.1627458852415,2.8793884031853594
682.2627458852417,2.879016491554786
682.3627458852416,2.8786516771359145
682.4627458852417,2.8782938400790368
682.5627458852416,2.8779428620928416
682.6627458852417,2.8775986264347186
682.7627458852417,2.877261017900883
682.8627458852418,2.876929922816303
682.9627458852417,2.8766052290244644
683.0627458852418,2.8762868258769516
683.1627458852417,2.875974604222877
683.2627458852419,2.8756684563981434
683.3627458852418,2.8753682762145703
683.4627458852419,2.8750739589488643
683.5627458852418,2.8747854013314664
683.662745885242,2.8745025015352583
683.7627458852419,2.8742251591641574
683.862745885242,2.873953275241586
683.9627458852419,2.8736867521988376
684.0627458852421,2.8734254938633335
684.162745885242,2.873169405446788
684.2627458852421,2.8729183935332734
684.362745885242,2.872672366067209
684.4627458852422,2.872431232341261
684.5627458852421,2.872194902984174
684.6627458852422,2.8719632899485283
684.7627458852421,2.8717363064984394
684.8627458852422,2.8715138671971925
684.9627458852422,2.871295887894833
685.0627458852423,2.871082285715698
685.1627458852422,2.8708729790459158
685.2627458852423,2.870667887520858
685.3627458852422,2.870466932012569
685.4627458852424,2.8702700346171537
685.5627458852423,2.8700771186421585
685.6627458852424,2.8698881085939143
685.7627458852423,2.869702930164883
685.8627458852425,2.8695215102209786
685.9627458852424,2.8693437767888925
686.0627458852425,2.8691696590434113
686.1627458852424,2.86899908729474
686.2627458852426,2.8688319929758266
686.3627458852425,2.8686683086297036
686.4627458852426,2.8685079678968353
686.5627458852425,2.8683509055024903
686.6627458852427,2.8681970572441258
686.7627458852426,2.8680463599788055
686.8627458852427,2.8678987516106385
686.9627458852426,2.867754171078252
687.0627458852427,2.8676125583422993
687.1627458852427,2.8674738543730007
687.2627458852428,2.867338001137729
687.3627458852427,2.8672049415886387
687.4627458852428,2.867074619650334
687.5627458852427,2.8669469802075973
687.6627458852429,2.8668219690931585
687.7627458852428,2.8666995330755234
687.8627458852429,2.8665796198468594
687.9627458852428,2.866462178010938
688.062745885243,2.866347157071137
688.1627458852429,2.8662345074185143
688.262745885243,2.8661241803199347
688.3627458852429,2.8660161279062777
688.4627458852431,2.8659103031607045
688.562745885243,2.865806659907005
688.6627458852431,2.8657051527980117
688.762745885243,2.8656057373040955
688.8627458852432,2.8655083697017307
688.9627458852431,2.8654130070621497
689.0627458852432,2.8653196072400657
689.1627458852431,2.865228128862488
689.2627458852432,2.865138531317614
689.3627458852432,2.865050774743809
689.4627458852433,2.8649648200186704
689.5627458852432,2.8648806287481805
689.6627458852433,2.864798163255947
689.7627458852432,2.8647173865725333
689.8627458852434,2.8646382624248785
689.9627458852433,2.8645607552258117
690.0627458852434,2.8644848300636547
690.1627458852433,2.864410452691922
690.2627458852435,2.864337589519113
690.3627458852434,2.8642662075985985
690.4627458852435,2.864196274618606
690.5627458852434,2.864127758892297
690.6627458852436,2.8640606293479456
690.7627458852435,2.8639948555192114
690.8627458852436,2.8639304075355114
690.9627458852435,2.8638672561124916
691.0627458852437,2.8638053725425943
691.1627458852436,2.863744728685729
691.2627458852437,2.8636852969600377
691.3627458852436,2.8636270503327648
691.4627458852437,2.863569962311224
691.5627458852437,2.8635140069338663
691.6627458852438,2.863459158761447
691.7627458852437,2.8634053928682954
691.8627458852438,2.8633526848336848
691.9627458852437,2.8633010107332986
692.0627458852439,2.863250347130803
692.1627458852438,2.863200671069516
692.2627458852439,2.863151960064178
692.3627458852438,2.863104192092823
692.462745885244,2.8630573455887474
692.5627458852439,2.863011399432582
692.662745885244,2.8629663329444615
692.7627458852439,2.8629221258762945
692.8627458852441,2.8628787584041295
692.962745885244,2.862836211120624
693.0627458852441,2.8627944650276094
693.162745885244,2.8627535015287537
693.2627458852442,2.8627133024223226
693.3627458852441,2.8626738498940383
693.4627458852442,2.8626351265100336
693.5627458852441,2.8625971152099035
693.6627458852442,2.8625597992998513
693.7627458852442,2.8625231624459326
693.8627458852443,2.86248718866739
693.9627458852442,2.862451862330085
694.0627458852443,2.862417168140025
694.1627458852442,2.862383091136976
694.2627458852444,2.862349616688178
694.3627458852443,2.8623167304821444
694.4627458852444,2.8622844185225547
694.5627458852443,2.86225266712224
694.6627458852445,2.862221462897254
694.7627458852444,2.862190792761039
694.8627458852445,2.8621606439186724
694.9627458852444,2.8621310038612098
695.0627458852446,2.8621018603601076
695.1627458852445,2.8620732014617367
695.2627458852446,2.8620450154819808
695.3627458852445,2.8620172910009156
695.4627458852447,2.8619900168575785
695.5627458852446,2.861963182144817
695.6627458852447,2.861936776204219
695.7627458852446,2.861910788621131
695.8627458852447,2.861885209219746
695.9627458852447,2.8618600280582847
696.0627458852448,2.861835235424245
696.1627458852447,2.8618108218297373
696.2627458852448,2.8617867780068913
696.3627458852447,2.861763094903345
696.4627458852449,2.8617397636778077
696.5627458852448,2.861716775695695
696.6627458852449,2.861694122524845
696.7627458852448,2.8616717959312994
696.862745885245,2.8616497878751654
696.9627458852449,2.8616280905065437
697.062745885245,2.8616066961615294
697.1627458852449,2.861585597358284
697.2627458852451,2.861564786793174
697.362745885245,2.8615442573369823
697.4627458852451,2.8615240020311794
697.562745885245,2.861504014084271
697.6627458852452,2.8614842868682056
697.7627458852451,2.8614648139148455
697.8627458852452,2.8614455889125074
697.9627458852451,2.8614266057025626
698.0627458852452,2.8614078582761002
698.1627458852452,2.861389340770654
698.2627458852453,2.861371047466985
698.3627458852452,2.8613529727859324
698.4627458852453,2.8613351112853147
698.5627458852452,2.861317457656895
698.6627458852454,2.861300006723402
698.7627458852453,2.861282753435607
698.8627458852454,2.8612656928694586
698.9627458852453,2.86124882022327
699.0627458852455,2.8612321308149635
699.1627458852454,2.8612156200793657
699.2627458852455,2.8611992835655564
699.3627458852454,2.8611831169342707
699.4627458852456,2.8611671159553507
699.5627458852455,2.8611512765052463
699.6627458852456,2.8611355945645696
