1.0,7.096457000624742
1.1,7.110254477979351
1.2000000000000002,7.124098996029873
1.3000000000000003,7.1379909143218825
1.4000000000000004,7.151930598863304
1.5000000000000004,7.165918422240304
1.6000000000000005,7.179954763734857
1.7000000000000006,7.194040009443947
1.8000000000000007,7.208174552400418
1.9000000000000008,7.22235879269555
2.000000000000001,7.236593137603272
2.100000000000001,7.250878001706121
2.200000000000001,7.265213807022901
2.300000000000001,7.279600983138058
2.4000000000000012,7.294039967332836
2.5000000000000013,7.308531204718138
2.6000000000000014,7.323075148369193
2.7000000000000015,7.337672259461985
2.8000000000000016,7.352323007411453
2.9000000000000017,7.367027870011534
3.0000000000000018,7.381787333576967
3.100000000000002,7.396601893086968
3.200000000000002,7.411472052330691
3.300000000000002,7.426398324054569
3.400000000000002,7.441381230111492
3.500000000000002,7.456421301611838
3.6000000000000023,7.471519079076404
3.7000000000000024,7.4866751125911835
3.8000000000000025,7.501889961964065
3.9000000000000026,7.517164196883415
4.000000000000003,7.532498397078555
4.100000000000003,7.547893152482189
4.200000000000003,7.56334906339471
4.3000000000000025,7.578866740650473
4.400000000000003,7.594446805785982
4.5000000000000036,7.610089891210025
4.600000000000003,7.625796640375762
4.700000000000003,7.64156770795476
4.800000000000003,7.657403760012992
4.900000000000004,7.6733054741888065
5.0000000000000036,7.689273539872848
5.100000000000003,7.705308658389963
5.200000000000004,7.721411543183081
5.300000000000004,7.737582919999073
5.400000000000004,7.753823527076583
5.5000000000000036,7.770134115335852
5.600000000000004,7.786515448570529
5.700000000000005,7.802968303641446
5.800000000000004,7.819493470672412
5.900000000000004,7.836091753247957
6.000000000000004,7.852763968613086
6.100000000000005,7.869510947875005
6.200000000000005,7.886333536206822
6.300000000000004,7.903232593053249
6.400000000000005,7.920208992338241
6.500000000000005,7.937263622674646
6.600000000000005,7.9543973875758
6.700000000000005,7.971611205669081
6.800000000000005,7.988906010911428
6.900000000000006,8.006282752806804
7.000000000000005,8.023742396625602
7.100000000000005,8.041285923625988
7.2000000000000055,8.058914331277148
7.300000000000006,8.076628633484493
7.400000000000006,8.09442986081671
7.500000000000005,8.11231906073477
7.600000000000006,8.130297297822771
7.700000000000006,8.148365654020655
7.800000000000006,8.16652522885882
7.900000000000006,8.184777139694518
8.000000000000007,8.203122521950117
8.100000000000007,8.221562529353172
8.200000000000006,8.24009833417825
8.300000000000006,8.258731127490588
8.400000000000006,8.277462119391467
8.500000000000007,8.29629253926533
8.600000000000007,8.315223636028627
8.700000000000006,8.33425667838033
8.800000000000008,8.353392955054169
8.900000000000007,8.372633775072451
9.000000000000007,8.391980468001549
9.100000000000007,8.411434384208977
9.200000000000006,8.430996895122028
9.300000000000008,8.450669393487967
9.400000000000007,8.470453293635725
9.500000000000007,8.490350031739094
9.600000000000009,8.510361066081364
9.700000000000008,8.530487877321377
9.800000000000008,8.550731968760996
9.900000000000007,8.571094866613887
10.000000000000007,8.591578120275663
10.100000000000009,8.612183302595284
10.200000000000008,8.632912010147685
10.300000000000008,8.653765863507662
10.40000000000001,8.674746507524867
10.500000000000009,8.695855611599978
10.600000000000009,8.71709486996188
10.700000000000008,8.738466001945966
10.800000000000008,8.759970752273368
10.90000000000001,8.781610891331155
11.000000000000009,8.803388215453428
11.100000000000009,8.825304547203258
11.20000000000001,8.847361735655433
11.30000000000001,8.869561656679931
11.40000000000001,8.89190621322611
11.500000000000009,8.91439733560751
11.600000000000009,8.93703698178727
11.70000000000001,8.959827137664027
11.80000000000001,8.982769817358323
11.90000000000001,9.005867063499398
12.00000000000001,9.029120947512341
12.10000000000001,9.052533569905492
12.20000000000001,9.076107060558115
12.30000000000001,9.099843579008166
12.40000000000001,9.123745314740194
12.50000000000001,9.147814487473239
12.60000000000001,9.172053347448664
12.70000000000001,9.196464175717894
12.800000000000011,9.221049284429927
12.900000000000011,9.245811017118594
13.00000000000001,9.270751748989463
13.10000000000001,9.295873887206305
13.20000000000001,9.32117987117709
13.300000000000011,9.346672172839366
13.400000000000011,9.372353296944972
13.50000000000001,9.398225781344038
13.600000000000012,9.424292197268084
13.700000000000012,9.450555149612272
13.800000000000011,9.477017277216582
13.900000000000011,9.503681253145942
14.00000000000001,9.530549784969116
14.100000000000012,9.557625615036347
14.200000000000012,9.584911520755611
14.300000000000011,9.612410314867377
14.400000000000013,9.640124845717835
14.500000000000012,9.668057997530413
14.600000000000012,9.696212690675534
14.700000000000012,9.724591881938524
14.800000000000011,9.75319856478551
14.900000000000013,9.782035769627253
15.000000000000012,9.811106564080784
15.100000000000012,9.840414053228749
15.200000000000014,9.869961379876347
15.300000000000013,9.899751724805743
15.400000000000013,9.92978830702784
15.500000000000012,9.96007438403135
15.600000000000012,9.990613252028927
15.700000000000014,10.021408246200403
15.800000000000013,10.052462740932853
15.900000000000013,10.083780150057498
16.000000000000014,10.11536392708323
16.100000000000016,10.14721756542669
16.200000000000014,10.179344598638743
16.30000000000001,10.21174860062726
16.400000000000013,10.24443318587604
16.500000000000014,10.277402009659752
16.600000000000016,10.310658768254793
16.700000000000014,10.344207199145892
16.800000000000015,10.378051081228366
16.900000000000013,10.412194235005861
17.000000000000014,10.446640522783454
17.100000000000016,10.481393848855957
17.200000000000014,10.516458159691354
17.300000000000015,10.551837444109138
17.400000000000013,10.58753573345348
17.500000000000014,10.623557101761035
17.600000000000016,10.65990566592327
17.700000000000014,10.696585585843177
17.800000000000015,10.733601064586203
17.900000000000016,10.770956348525266
18.000000000000014,10.808655727479655
18.100000000000016,10.846703534847805
18.200000000000017,10.885104147733582
18.300000000000015,10.923861987066154
18.400000000000016,10.962981517713118
18.500000000000014,11.00246724858681
18.600000000000016,11.042323732743668
18.700000000000017,11.082555567476405
18.800000000000015,11.123167394398918
18.900000000000016,11.164163899523743
19.000000000000014,11.205549813331867
19.100000000000016,11.247329910834834
19.200000000000017,11.289509011628837
19.300000000000015,11.332091979940799
19.400000000000016,11.37508372466616
19.500000000000018,11.418489199398229
19.600000000000016,11.462313402449041
19.700000000000017,11.506561376861377
19.80000000000002,11.551238210411963
19.900000000000016,11.596349035605556
20.000000000000018,11.641899029659807
20.100000000000016,11.687893414480762
20.200000000000017,11.734337456628742
20.30000000000002,11.781236467274576
20.400000000000016,11.828595802145875
20.500000000000018,11.876420861463277
20.600000000000016,11.9247170898665
20.700000000000017,11.973489976329928
20.80000000000002,12.022745054067748
20.900000000000016,12.072487900428284
21.000000000000018,12.122724136777473
21.10000000000002,12.17345942837132
21.200000000000017,12.224699484217064
21.30000000000002,12.276450056923064
21.40000000000002,12.328716942537037
21.500000000000018,12.381505980372648
21.60000000000002,12.43482305282422
21.700000000000017,12.488674085169366
21.80000000000002,12.543065045359471
21.90000000000002,12.598001943797781
22.000000000000018,12.653490833104943
22.10000000000002,12.70953780787193
22.200000000000017,12.766149004400022
22.30000000000002,12.82333060042788
22.40000000000002,12.881088814845375
22.500000000000018,12.939429907394128
22.60000000000002,12.998360178354593
22.70000000000002,13.057885968219425
22.80000000000002,13.118013657353181
22.90000000000002,13.178749665637971
23.00000000000002,13.240100452105073
23.10000000000002,13.302072514552274
23.20000000000002,13.364672389146861
23.30000000000002,13.427906650014046
23.40000000000002,13.491781908810692
23.50000000000002,13.556304814284243
23.60000000000002,13.621482051816672
23.70000000000002,13.687320342953326
23.80000000000002,13.753826444916522
23.90000000000002,13.821007150103739
24.00000000000002,13.888869285570337
24.10000000000002,13.95741971249658
24.20000000000002,14.026665325638925
24.300000000000022,14.096613052765406
24.40000000000002,14.16726985407489
24.50000000000002,14.238642721600375
24.600000000000023,14.310738678595808
24.70000000000002,14.383564778906656
24.800000000000022,14.457128106323944
24.90000000000002,14.531435773921624
25.00000000000002,14.6064949233773
25.100000000000023,14.682312724276072
25.20000000000002,14.758896373397475
25.300000000000022,14.836253093985418
25.40000000000002,14.914390135000883
25.50000000000002,14.993314770357582
25.600000000000023,15.073034298140156
25.70000000000002,15.153556039805055
25.800000000000022,15.234887339363949
25.900000000000023,15.317035562549522
26.00000000000002,15.400008095963742
26.100000000000023,15.48381234620832
26.200000000000024,15.568455738997482
26.300000000000022,15.653945718252901
26.400000000000023,15.740289745180684
26.50000000000002,15.827495297330518
26.600000000000023,15.9155698676367
26.700000000000024,16.004520963441244
26.800000000000022,16.09435610549884
26.900000000000023,16.18508282696367
27.00000000000002,16.276708672358183
27.100000000000023,16.369241196523554
27.200000000000024,16.462687963552035
27.300000000000022,16.55705654570103
27.400000000000023,16.652354522288974
27.500000000000025,16.748589478572953
27.600000000000023,16.845769004608023
27.700000000000024,16.943900694088406
27.800000000000026,17.042992143170288
27.900000000000023,17.143050949276514
28.000000000000025,17.24408470988302
28.100000000000023,17.346101021287033
28.200000000000024,17.449107477357245
28.300000000000026,17.55311166826567
28.400000000000023,17.658121179201558
28.500000000000025,17.76414358906723
28.600000000000023,17.871186469155866
28.700000000000024,17.979257381811408
28.800000000000026,18.088363879070627
28.900000000000023,18.198513501287216
29.000000000000025,18.309713775738427
29.100000000000026,18.421972215213728
29.200000000000024,18.5352963165862
29.300000000000026,18.649693559366277
29.400000000000027,18.765171404238124
29.500000000000025,18.881737291578858
29.600000000000026,18.999398639960503
29.700000000000024,19.118162844634995
29.800000000000026,19.238037276002146
29.900000000000027,19.35902927806101
30.000000000000025,19.48114616684446
30.100000000000026,19.604395228837312
30.200000000000024,19.72878371937818
30.300000000000026,19.854318861044995
30.400000000000027,19.98100784202464
30.500000000000025,20.108857814466653
30.600000000000026,20.237875892821293
30.700000000000028,20.36806915216217
30.800000000000026,20.499444626493414
30.900000000000027,20.632009307041997
31.00000000000003,20.765770140534954
31.100000000000026,20.90073402746207
31.200000000000028,21.036907820324046
31.300000000000026,21.17429832186643
31.400000000000027,21.312912283299696
31.50000000000003,21.45275640250535
31.600000000000026,21.59383732222878
31.700000000000028,21.736161628258728
31.800000000000026,21.87973584759373
31.900000000000027,22.024566446596104
32.00000000000003,22.170659829133193
32.10000000000002,22.318022334706725
32.20000000000003,22.46666023657022
32.300000000000026,22.616579739834783
32.40000000000003,22.767786979563844
32.50000000000003,22.920288018856795
32.60000000000003,23.074088846922123
32.70000000000003,23.229195377140215
32.800000000000026,23.385613445116306
32.90000000000003,23.543348806723728
33.00000000000003,23.702407136138007
33.10000000000003,23.862794023862016
33.20000000000003,24.02451497474265
33.300000000000026,24.187575405979295
33.40000000000003,24.35198064512464
33.50000000000003,24.51773592807794
33.60000000000003,24.68484639707144
33.70000000000003,24.853317098650145
33.800000000000026,25.02315298164538
33.90000000000003,25.194358895142678
34.00000000000003,25.36693958644417
34.10000000000003,25.54089969902619
34.20000000000003,25.716243770492348
34.30000000000003,25.892976230522528
34.40000000000003,26.071101398818307
34.50000000000003,26.250623483045274
34.60000000000003,26.431546576772583
34.70000000000003,26.613874657410342
34.80000000000003,26.797611584145244
34.90000000000003,26.98276109587495
35.00000000000003,27.1693268091417
35.10000000000003,27.357312216065573
35.20000000000003,27.546720682278007
35.30000000000003,27.7375554448561
35.400000000000034,27.929819610257965
35.50000000000003,28.123516152259995
35.60000000000003,28.31864790989635
35.70000000000003,28.515217585401125
35.80000000000003,28.713227742153933
35.900000000000034,28.91268080262939
36.00000000000003,29.113579046350857
36.10000000000003,29.315924607849297
36.20000000000003,29.519719474627465
36.30000000000003,29.724965485130276
36.400000000000034,29.93166432672176
36.50000000000003,30.139817533669145
36.60000000000003,30.349426485134863
36.70000000000003,30.560492403176667
36.80000000000003,30.773016350756784
36.900000000000034,30.9869992297606
37.00000000000003,31.20244177902537
37.10000000000003,31.419344572379643
37.20000000000003,31.637708016693864
37.30000000000003,31.857532349942986
37.400000000000034,32.07881763928147
37.500000000000036,32.301563779131385
37.60000000000003,32.52577048928421
37.70000000000003,32.75143731301696
37.80000000000003,32.97856361522307
37.900000000000034,33.20714858055904
38.000000000000036,33.43719121160707
38.10000000000003,33.66869032705453
38.20000000000003,33.90164455989081
38.30000000000003,34.13605235562214
38.400000000000034,34.37191197050512
38.500000000000036,34.6092214697995
38.60000000000004,34.8479787260409
38.70000000000003,35.088181417333914
38.80000000000003,35.329827025666624
38.900000000000034,35.572912835246655
39.000000000000036,35.81743593085981
39.10000000000004,36.06339319625174
39.20000000000003,36.31078131253325
39.30000000000003,36.55959675661009
39.400000000000034,36.80983579963739
39.500000000000036,37.06149450550003
39.60000000000004,37.31456872931904
39.70000000000003,37.569054115984855
39.80000000000003,37.82494609871818
39.900000000000034,38.0822398976587
40.000000000000036,38.34093051848286
40.10000000000004,38.601012751050696
40.20000000000003,38.86248116808286
40.30000000000003,39.12533012386817
40.400000000000034,39.38955375300224
40.500000000000036,39.655145969158255
40.60000000000004,39.92210046388983
40.70000000000004,40.190410705467194
40.80000000000003,40.46006993774687
40.900000000000034,40.73107117907576
41.000000000000036,41.00340722122986
41.10000000000004,41.27707062838866
41.20000000000004,41.55205373614543
41.30000000000003,41.828348650554176
41.400000000000034,42.10594724721392
41.500000000000036,42.38484117039045
41.60000000000004,42.66502183217675
41.70000000000004,42.94648041169215
41.80000000000004,43.22920785432102
41.900000000000034,43.51319487099142
42.000000000000036,43.798431937494506
42.10000000000004,44.08490929384473
42.20000000000004,44.37261694368199
42.30000000000004,44.661544653715765
42.400000000000034,44.95168195321202
42.500000000000036,45.24301813352336
42.60000000000004,45.535542247662704
42.70000000000004,45.8292431099214
42.80000000000004,46.124109295531845
42.900000000000034,46.42012914037541
43.000000000000036,46.717290740735955
43.10000000000004,47.01558195309943
43.20000000000004,47.31499039400006
43.30000000000004,47.6155034399136
43.400000000000034,47.9171082271979
43.500000000000036,48.21979165208158
43.60000000000004,48.52354037070065
43.70000000000004,48.82834079918414
43.80000000000004,49.13417911378862
43.90000000000004,49.44104125108236
44.000000000000036,49.74891290817918
44.10000000000004,50.057779543022654
44.20000000000004,50.36762637472077
44.30000000000004,50.678438383931535
44.40000000000004,50.9902003132999
44.500000000000036,51.30289666794613
44.60000000000004,51.616511716006165
44.70000000000004,51.93102948922395
44.80000000000004,52.24643378359644
44.90000000000004,52.562708160071075
45.00000000000004,52.879835945296485
45.10000000000004,53.19780023242618
45.20000000000004,53.51658388197583
45.30000000000004,53.83616952273409
45.40000000000004,54.156539552727374
45.50000000000004,54.477676140238636
45.60000000000004,54.79956122488047
45.70000000000004,55.122176518722526
45.80000000000004,55.44550350747336
45.90000000000004,55.76952345171726
46.00000000000004,56.094217388205564
46.10000000000004,56.41956613120305
46.20000000000004,56.74555027388935
46.30000000000004,57.072150189815225
46.40000000000004,57.399346034414215
46.50000000000004,57.727117746569355
46.60000000000004,58.055445050235015
46.70000000000004,58.38430745611421
46.80000000000004,58.713684263390796
46.90000000000004,59.043554561517176
47.00000000000004,59.373897232056976
47.100000000000044,59.70469095058301
47.20000000000004,60.0359141886301
47.30000000000004,60.367545215703224
47.40000000000004,60.69956210134005
47.50000000000004,61.03194271722877
47.600000000000044,61.364664739380245
47.70000000000004,61.69770565035476
47.80000000000004,62.03104274154321
47.90000000000004,62.36465311550224
48.00000000000004,62.6985136883436
48.100000000000044,63.03260119217712
48.200000000000045,63.36689217760721
48.30000000000004,63.701363016282805
48.40000000000004,64.03598990350022
48.50000000000004,64.37074886085877
48.600000000000044,64.70561573896883
48.700000000000045,65.04056622021218
48.80000000000004,65.37557582155411
48.90000000000004,65.71061989740691
49.00000000000004,66.0456736425447
49.100000000000044,66.3807120950687
49.200000000000045,66.71571013942327
49.30000000000004,67.0506425094614
49.40000000000004,67.38548379156026
49.50000000000004,67.72020842778534
49.600000000000044,68.05479071910341
49.700000000000045,68.38920482864368
49.80000000000004,68.72342478500653
49.90000000000004,69.05742448561936
50.00000000000004,69.39117770013902
50.100000000000044,69.7246580739003
50.200000000000045,70.05783913141008
50.30000000000005,70.39069427988622
50.40000000000004,70.72319681284085
50.50000000000004,71.05531991370744
50.600000000000044,71.38703665951087
50.700000000000045,71.7183200245801
50.80000000000005,72.04914288430246
50.90000000000004,72.37947801891937
51.00000000000004,72.70929811736232
51.100000000000044,73.0385757811285
51.200000000000045,73.36728352819574
51.30000000000005,73.69539379697564
51.40000000000005,74.0228789503042
51.50000000000004,74.3497112794693
51.600000000000044,74.67586300827438
51.700000000000045,75.00130629713694
51.80000000000005,75.32601324722194
51.90000000000005,75.64995590460857
52.00000000000004,75.97310626448983
52.100000000000044,76.29543627540411
52.200000000000045,76.61691784349784
52.30000000000005,76.93752283681829
52.40000000000005,77.25722308963579
52.50000000000004,77.57599040679432
52.600000000000044,77.89379656808975
52.700000000000045,78.21061333267447
52.80000000000005,78.52641244348781
52.90000000000005,78.84116563171129
53.00000000000004,79.15484462124734
53.100000000000044,79.4674211332212
53.200000000000045,79.77886689050428
53.30000000000005,80.08915362225859
53.40000000000005,80.3982530685009
53.50000000000005,80.7061369846857
53.600000000000044,81.01277714630595
53.700000000000045,81.3181453535108
53.80000000000005,81.62221343573864
53.90000000000005,81.92495325636516
54.00000000000005,82.22633671736489
54.100000000000044,82.52633576398529
54.200000000000045,82.82492238943244
54.30000000000005,83.12206863956686
54.40000000000005,83.41774661760888
54.50000000000005,83.71192848885212
54.60000000000005,84.0045864853841
54.700000000000045,84.29569291081263
54.80000000000005,84.58522014499766
54.90000000000005,84.87314064878599
55.00000000000005,85.15942696874944
55.10000000000005,85.44405174192394
55.200000000000045,85.72698770054932
55.30000000000005,86.00820767680807
55.40000000000005,86.28768460756228
55.50000000000005,86.56539153908741
55.60000000000005,86.8413016318019
55.700000000000045,87.11538816499123
55.80000000000005,87.38762454152564
55.90000000000005,87.65798429256976
56.00000000000005,87.92644108228376
56.10000000000005,88.19296871251403
56.200000000000045,88.45754112747295
56.30000000000005,88.72013241840607
56.40000000000005,88.98071682824573
56.50000000000005,89.23926875624997
56.60000000000005,89.49576276262553
56.70000000000005,89.7501735731338
56.80000000000005,90.00247608367825
56.90000000000005,90.25264536487299
57.00000000000005,90.50065666659012
57.10000000000005,90.74648542248565
57.20000000000005,90.99010725450255
57.30000000000005,91.23149797734959
57.40000000000005,91.47063360295503
57.50000000000005,91.70749034489383
57.60000000000005,91.94204462278749
57.70000000000005,92.17427306667506
57.800000000000054,92.40415252135445
57.90000000000005,92.6316600506928
58.00000000000005,92.85677294190475
58.10000000000005,93.07946870979737
58.20000000000005,93.2997251009811
58.300000000000054,93.51752009804503
58.40000000000005,93.73283192369566
58.50000000000005,93.94563904485828
58.60000000000005,94.15592017673929
58.70000000000005,94.36365428684908
58.800000000000054,94.56882059898388
58.90000000000005,94.77139859716561
59.00000000000005,94.97136802953915
59.10000000000005,95.16870891222507
59.20000000000005,95.36340153312776
59.300000000000054,95.55542645569722
59.40000000000005,95.74476452264398
59.50000000000005,95.9313968596059
59.60000000000005,96.11530487876564
59.70000000000005,96.29647028241854
59.800000000000054,96.47487506648909
59.900000000000055,96.65050152399574
60.00000000000005,96.82333224846255
60.10000000000005,96.99335013727729
60.20000000000005,97.16053839499448
60.300000000000054,97.32488053658301
60.400000000000055,97.4863603906172
60.50000000000005,97.6449621024104
60.60000000000005,97.8006701370904
60.70000000000005,97.95346928261554
60.800000000000054,98.10334465273118
60.900000000000055,98.25028168986518
61.00000000000006,98.39426616796204
61.10000000000005,98.53528419525455
61.20000000000005,98.67332221697245
61.300000000000054,98.80836701798717
61.400000000000055,98.94040572539217
61.50000000000006,99.0694258110178
61.60000000000005,99.19541509388033
61.70000000000005,99.31836174256433
61.800000000000054,99.43825427753764
61.900000000000055,99.55508157339844
62.00000000000006,99.66883286105374
62.10000000000005,99.77949772982872
62.20000000000005,99.8870661295063
62.300000000000054,99.99152837229624
62.400000000000055,100.09287513473357
62.50000000000006,100.19109745950537
62.60000000000005,100.28618675720585
62.70000000000005,100.37813480801887
62.800000000000054,100.46693376332762
62.900000000000055,100.55257614725092
63.00000000000006,100.63505485810586
63.10000000000006,100.7143631697962
63.20000000000005,100.79049473312611
63.300000000000054,100.86344357703925
63.400000000000055,100.93320410978225
63.50000000000006,100.99977111999291
63.60000000000006,101.0631397777121
63.70000000000005,101.12330563531992
63.800000000000054,101.18026462839511
63.900000000000055,101.23401307649772
64.00000000000006,101.28454768387525
64.10000000000005,101.33186554009112
64.20000000000006,101.37596412057634
64.30000000000005,101.41684128710352
64.40000000000006,101.45449528818328
64.50000000000006,101.48892475938302
64.60000000000005,101.52012872356802
64.70000000000006,101.54547354870093
64.80000000000005,101.54352746457914
64.90000000000006,101.50961271672084
65.00000000000006,101.44380304538234
65.10000000000005,101.34621035194769
65.20000000000006,101.21698447510914
65.30000000000005,101.05631289155934
65.40000000000006,100.86442034203061
65.50000000000006,100.64156838372523
65.60000000000005,100.38805487038258
65.70000000000006,100.10421336142977
65.80000000000005,99.79041246185517
65.90000000000006,99.44705509463185
66.00000000000006,99.07457770770145
66.10000000000005,98.67344941770094
66.20000000000006,98.24417109278315
66.30000000000005,97.78727437703998
66.40000000000006,97.30332065918543
66.50000000000006,96.79289998829881
66.60000000000005,96.2566299395547
66.70000000000006,95.69515443299132
66.80000000000005,95.10914250847513
66.90000000000006,94.49928706011933
67.00000000000006,93.86630353350367
67.10000000000007,93.21092858911592
67.20000000000006,92.53391873550453
67.30000000000005,91.83604893568015
67.40000000000006,91.11811119035099
67.50000000000006,90.38091310160182
67.60000000000007,89.62527642064595
67.70000000000006,88.85203558328836
67.80000000000005,88.06203623672671
67.90000000000006,87.25613376130713
68.00000000000006,86.43519179081807
68.10000000000007,85.60008073486748
68.20000000000006,84.75167630684165
68.30000000000005,83.89085806087765
68.40000000000006,83.01850794121671
68.50000000000006,82.13550884722166
68.60000000000007,81.24274321725132
68.70000000000006,80.34109163449119
68.80000000000005,79.43143145772501
68.90000000000006,78.51463547992476
69.00000000000006,77.59157061740936
69.10000000000007,76.66309663219366
69.20000000000006,75.73006489001858
69.30000000000005,74.79331715640517
69.40000000000006,73.85368443293645
69.50000000000006,72.91198583581681
69.60000000000007,71.96902751860316
69.70000000000006,71.02560164085054
69.80000000000007,70.0824853842473
69.90000000000006,69.14044001766034
70.00000000000006,68.20021001234115
70.10000000000007,67.26252220838482
70.20000000000006,66.32808503336706
70.30000000000007,65.39758777391935
70.40000000000006,64.47169990084508
70.50000000000006,63.55107044821061
70.60000000000007,62.63632744669386
70.70000000000006,61.728077411311745
70.80000000000007,60.82690488349475
70.90000000000006,59.93337202733166
71.00000000000006,59.04801827965499
71.10000000000007,58.17136005350354
71.20000000000006,57.30389049435758
71.30000000000007,56.44607928841165
71.40000000000006,55.598372522028505
71.50000000000006,54.761192591391456
71.60000000000007,53.934938161266025
71.70000000000006,53.119984171670076
71.80000000000007,52.31668189115176
71.90000000000006,51.52535901528466
72.00000000000006,50.74631980889688
72.10000000000007,49.97984529047724
72.20000000000006,49.22619345712565
72.30000000000007,48.48559954834901
72.40000000000006,47.758276346950296
72.50000000000006,47.044414515201645
72.60000000000007,46.34418296445404
72.70000000000006,45.65772925629678
72.80000000000007,44.98518003334987
72.90000000000006,44.32664147775383
73.00000000000006,43.6821997954002
73.10000000000007,43.05192172394228
73.20000000000006,42.4358550626197
73.30000000000007,41.83402922193421
73.40000000000006,41.2464557912268
73.50000000000007,40.67312912221714
73.60000000000007,40.11402692659246
73.70000000000006,39.56911088575457
73.80000000000007,39.03832727086949
73.90000000000006,38.52160757139758
74.00000000000007,38.01886913032292
74.10000000000007,37.53001578434793
74.20000000000006,37.05493850736403
74.30000000000007,36.593516055565196
74.40000000000006,36.145615612624304
74.50000000000007,35.711093433410475
74.60000000000007,35.289795484789
74.70000000000006,34.88155808210503
74.80000000000007,34.486208520020966
74.90000000000006,34.10356569644212
75.00000000000007,33.73344072833358
75.10000000000007,33.37563755830276
75.20000000000006,33.029953550888564
75.30000000000007,32.69618007757259
75.40000000000006,32.37410308959603
75.50000000000007,32.06350367773726
75.60000000000007,31.764158618277428
75.70000000000006,31.475840904448553
75.80000000000007,31.19832026273083
75.90000000000006,30.9313636534325
76.00000000000007,30.674735755053085
76.10000000000007,30.428199431998102
76.20000000000007,30.191516185275454
76.30000000000007,29.96444658586924
76.40000000000006,29.746750690544857
76.50000000000007,29.538188439900786
76.60000000000007,29.338520038537695
76.70000000000007,29.147506317270675
76.80000000000007,28.964909077363757
76.90000000000006,28.79049141681437
77.00000000000007,28.624018038764838
77.10000000000007,28.465255542162176
77.20000000000007,28.313972694830078
77.30000000000007,28.169940689158466
77.40000000000006,28.032933380651635
77.50000000000007,27.90272750961303
77.60000000000007,27.77910290627573
77.70000000000007,27.661842679718248
77.80000000000007,27.55073339093277
77.90000000000006,27.445565210437223
78.00000000000007,27.346132060845676
78.10000000000007,27.252231744830986
78.20000000000007,27.163666058931405
78.30000000000007,27.08024089366829
78.40000000000006,27.001766320454784
78.50000000000007,26.928056665786528
78.60000000000007,26.858930573214025
78.70000000000007,26.794211053603007
78.80000000000007,26.73372552419417
78.90000000000006,26.677305836976338
79.00000000000007,26.624788296888596
79.10000000000007,26.57601367036623
79.20000000000007,26.530827184743316
79.30000000000007,26.489078519021554
79.40000000000006,26.450621786509487
79.50000000000007,26.415315509830606
79.60000000000007,26.383022588791157
79.70000000000007,26.353610261589786
79.80000000000007,26.326950059842197
79.90000000000008,26.302917757882796
80.00000000000007,26.28139331679482
80.10000000000007,26.262260823607704
80.20000000000007,26.245408426088325
80.30000000000007,26.230728263539156
80.40000000000008,26.218116394002806
80.50000000000007,26.207472718258046
80.60000000000007,26.198700900978302
80.70000000000007,26.191708289408304
80.80000000000007,26.186405829899996
80.90000000000008,26.182707982633502
81.00000000000007,26.180532634833774
81.10000000000007,26.179801012778327
81.20000000000007,26.180437592876245
81.30000000000007,26.182370012083666
81.40000000000008,26.18552897790571
81.50000000000007,26.18984817822033
81.60000000000007,26.19526419114478
81.70000000000007,26.201716395151067
81.80000000000007,26.209146879622907
81.90000000000008,26.217500356032673
82.00000000000007,26.22672406990373
82.10000000000007,26.23676771371033
82.20000000000007,26.247583340854767
82.30000000000007,26.25912528084919
82.40000000000008,26.271350055817642
82.50000000000007,26.284216298422642
82.60000000000008,26.29768467130973
82.70000000000007,26.311717788152627
82.80000000000007,26.326280136372205
82.90000000000008,26.34133800159234
83.00000000000007,26.35685939388714
83.10000000000008,26.372813975864972
83.20000000000007,26.38917299262704
83.30000000000007,26.405909203630117
83.40000000000008,26.422996816476072
83.50000000000007,26.44041142264397
83.60000000000008,26.45812993517407
83.70000000000007,26.47613052830721
83.80000000000007,26.49439257907752
83.90000000000008,26.51289661085128
84.00000000000007,26.531624238799886
84.10000000000008,26.550558117290983
84.20000000000007,26.569681889177147
84.30000000000007,26.588980136958675
84.40000000000008,26.608438335793075
84.50000000000007,26.628042808321382
84.60000000000008,26.647780681278604
84.70000000000007,26.667639843853173
84.80000000000007,26.687608907758523
84.90000000000008,26.707677168977753
85.00000000000007,26.727834571141173
85.10000000000008,26.748071670495037
85.20000000000007,26.768379602418676
85.30000000000007,26.788750049446655
85.40000000000008,26.809175210751626
85.50000000000007,26.8296477730433
85.60000000000008,26.850160882838587
85.70000000000007,26.87070812005787
85.80000000000007,26.891283472902458
85.90000000000008,26.91188131396813
86.00000000000007,26.932496377550486
86.10000000000008,26.953123738097716
86.20000000000007,26.973758789767224
86.30000000000008,26.994397227042917
86.40000000000008,27.015035026370917
86.50000000000007,27.035668428771885
86.60000000000008,27.056293923389234
86.70000000000007,27.07690823193323
86.80000000000008,27.097508293982045
86.90000000000008,27.118091253101483
87.00000000000007,27.138654443746695
87.10000000000008,27.15919537890941
87.20000000000007,27.179711738476115
87.30000000000008,27.2002013582631
87.40000000000008,27.220662219695505
87.50000000000007,27.24109244009886
87.60000000000008,27.26149026357227
87.70000000000007,27.281854052413905
87.80000000000008,27.302182279070266
87.90000000000008,27.322473518581823
88.00000000000007,27.342726441498975
88.10000000000008,27.36293980724276
88.20000000000007,27.38311245788644
88.30000000000008,27.403243312334666
88.40000000000008,27.423331360878024
88.50000000000007,27.443375660101893
88.60000000000008,27.463375328129338
88.70000000000007,27.4833295401787
88.80000000000008,27.50323752441765
88.90000000000008,27.523098558096017
89.00000000000009,27.542911963940917
89.10000000000008,27.562677106798255
89.20000000000007,27.582393390505665
89.30000000000008,27.602060254982533
89.40000000000008,27.621677173523715
89.50000000000009,27.64124365028411
89.60000000000008,27.66075921794195
89.70000000000007,27.680223435529435
89.80000000000008,27.699635886419912
89.90000000000008,27.71899617646129
90.00000000000009,27.73830393224619
90.10000000000008,27.75755879950971
90.20000000000007,27.776760441646296
90.30000000000008,27.79590853833762
90.40000000000008,27.81500278428397
90.50000000000009,27.83404288803205
90.60000000000008,27.853028570892548
90.70000000000007,27.871959565941097
90.80000000000008,27.890835617096982
90.90000000000008,27.909656478273888
91.00000000000009,27.9284219125977
91.10000000000008,27.947131691686465
91.20000000000007,27.9657855949881
91.30000000000008,27.98438340917155
91.40000000000008,28.00292492756757
91.50000000000009,28.02140994965543
91.60000000000008,28.039838280592143
91.70000000000007,28.05820973078101
91.80000000000008,28.076524115476694
91.90000000000008,28.09478125442375
92.00000000000009,28.112980971526447
92.10000000000008,28.1311230945472
92.20000000000007,28.149207454831576
92.30000000000008,28.167233887057755
92.40000000000008,28.185202229008645
92.50000000000009,28.203112321364742
92.60000000000008,28.220964007516308
92.70000000000009,28.23875713339317
92.80000000000008,28.256491547310915
92.90000000000008,28.274167099832084
93.00000000000009,28.29178364364126
93.10000000000008,28.309341033432887
93.20000000000009,28.326839125810906
93.30000000000008,28.344277779199174
93.40000000000008,28.361656853761893
93.50000000000009,28.378976211333267
93.60000000000008,28.39623571535558
93.70000000000009,28.413435230825144
93.80000000000008,28.430574624245445
93.90000000000008,28.447653763586956
94.00000000000009,28.464672518253096
94.10000000000008,28.481630759051846
94.20000000000009,28.4985283581727
94.30000000000008,28.515365189168428
94.40000000000008,28.532141126941347
94.50000000000009,28.548856047733892
94.60000000000008,28.565509829122938
94.70000000000009,28.58210235001792
94.80000000000008,28.598633490662266
94.90000000000008,28.615103132638005
95.00000000000009,28.631511158873423
95.10000000000008,28.647857453653465
95.20000000000009,28.664141902632856
95.30000000000008,28.680364392851637
95.40000000000009,28.69652481275316
95.50000000000009,28.712623052204343
95.60000000000008,28.728659002517993
95.70000000000009,28.74463255647735
95.80000000000008,28.760543608362468
95.90000000000009,28.776392053978654
96.00000000000009,28.792177790686686
96.10000000000008,28.807900717434848
96.20000000000009,28.82356073479278
96.30000000000008,28.839157744986977
96.40000000000009,28.85469165193806
96.50000000000009,28.87016236129965
96.60000000000008,28.88556978049889
96.70000000000009,28.900913818778697
96.80000000000008,28.916194387241447
96.90000000000009,28.931411398894447
97.00000000000009,28.946564768696888
97.10000000000008,28.961654413608464
97.20000000000009,28.97668025263956
97.30000000000008,28.99164220690305
97.40000000000009,29.006540199667718
97.50000000000009,29.021374156413295
97.60000000000008,29.0361440048871
97.70000000000009,29.050849675162333
97.80000000000008,29.06549109969807
97.90000000000009,29.08006821340085
98.00000000000009,29.094580953687974
98.10000000000008,29.10902926055251
98.20000000000009,29.123413076630037
98.30000000000008,29.137732347267054
98.40000000000009,29.15198702059123
98.50000000000009,29.166177047583325
98.60000000000008,29.180302382151027
98.70000000000009,29.194362981204463
98.80000000000008,29.208358804733642
98.90000000000009,29.222289815887713
99.00000000000009,29.236155981056072
99.1000000000001,29.249957269951395
99.20000000000009,29.26369365569453
99.30000000000008,29.277365114901386
99.40000000000009,29.29097162777169
99.50000000000009,29.30451317817974
99.6000000000001,29.317989753767144
99.70000000000009,29.331401346037573
99.80000000000008,29.34474795045343
99.90000000000009,29.35802956653469
100.00000000000009,29.371246197959643
100.1000000000001,29.384397852667774
100.20000000000009,29.39748454296467
100.30000000000008,29.410506285629033
100.40000000000009,29.423463102021735
100.50000000000009,29.436355018196977
100.6000000000001,29.44918206501559
100.70000000000009,29.461944278260383
100.80000000000008,29.4746416987536
100.90000000000009,29.48727437247657
101.00000000000009,29.499842350691317
101.1000000000001,29.512345690064457
101.20000000000009,29.524784452793014
101.30000000000008,29.53715870673252
101.40000000000009,29.549468525527033
101.50000000000009,29.56171398874138
101.6000000000001,29.573895181995383
101.70000000000009,29.586012197100153
101.8000000000001,29.59806513219649
101.90000000000009,29.610054091895194
102.00000000000009,29.621979187419477
102.1000000000001,29.63384053674931
102.20000000000009,29.645638264767676
102.3000000000001,29.657372503408837
102.40000000000009,29.669043391808408
102.50000000000009,29.680651076455298
102.6000000000001,29.692195711345526
102.70000000000009,29.703677458137683
102.8000000000001,29.71509648631028
102.90000000000009,29.72645297332062
103.00000000000009,29.737747104765397
103.1000000000001,29.748979074542838
103.20000000000009,29.760149085016344
103.3000000000001,29.771257347179606
103.40000000000009,29.782304080823046
103.50000000000009,29.793289514701698
103.6000000000001,29.80421388670416
103.70000000000009,29.815077444022855
103.8000000000001,29.82588044332529
103.90000000000009,29.83662315092632
104.00000000000009,29.84730584296136
104.1000000000001,29.85792880556035
104.20000000000009,29.86849233502243
104.3000000000001,29.878996737991308
104.40000000000009,29.889442331631003
104.50000000000009,29.899829443802048
104.6000000000001,29.910158413237994
104.70000000000009,29.920429589721934
104.8000000000001,29.930643334263202
104.90000000000009,29.940800019273837
105.00000000000009,29.950900028744897
105.1000000000001,29.96094375842229
105.20000000000009,29.97093161598216
105.3000000000001,29.980864021205527
105.40000000000009,29.990741406152118
105.5000000000001,30.00056421533317
105.6000000000001,30.010332905883118
105.70000000000009,30.020047947729864
105.8000000000001,30.029709823763596
105.90000000000009,30.039319030003874
106.0000000000001,30.048876075764895
106.1000000000001,30.05838148381857
106.20000000000009,30.067835790555463
106.3000000000001,30.077239546143147
106.40000000000009,30.08659331468197
106.5000000000001,30.095897674357865
106.6000000000001,30.105153217592076
106.70000000000009,30.114360551187588
106.8000000000001,30.12352029647196
106.90000000000009,30.13263308943639
107.0000000000001,30.141699580870764
107.1000000000001,30.150720436494424
107.20000000000009,30.15969633708248
107.3000000000001,30.16862797858728
107.40000000000009,30.177516072254974
107.5000000000001,30.186361344736703
107.6000000000001,30.195164538194355
107.70000000000009,30.20392641040045
107.8000000000001,30.212647734832004
107.90000000000009,30.221329300757994
108.0000000000001,30.229971913320284
108.1000000000001,30.238576393607566
108.2000000000001,30.247143578722152
108.3000000000001,30.255674321839294
108.40000000000009,30.26416949225873
108.5000000000001,30.272629975448147
108.6000000000001,30.281056673078304
108.7000000000001,30.289450503049515
108.8000000000001,30.297812399509127
108.90000000000009,30.306143312859774
109.0000000000001,30.31444420975805
109.1000000000001,30.322716073103308
109.2000000000001,30.330959902016254
109.3000000000001,30.339176711807106
109.40000000000009,30.347367533932918
109.5000000000001,30.355533415943754
109.6000000000001,30.363675421417547
109.7000000000001,30.371794629883127
109.8000000000001,30.37989213673128
109.90000000000009,30.38796905311341
110.0000000000001,30.396026505827606
110.1000000000001,30.404065637191714
110.2000000000001,30.412087604903142
110.3000000000001,30.420093581885148
110.40000000000009,30.42808475611922
110.5000000000001,30.436062330463336
110.6000000000001,30.444027522455777
110.7000000000001,30.451981564104187
110.8000000000001,30.459925701659614
110.90000000000009,30.467861195375306
111.0000000000001,30.475789319249863
111.1000000000001,30.48371136075462
111.2000000000001,30.49162862054488
111.3000000000001,30.499542412154803
111.40000000000009,30.507454061675723
111.5000000000001,30.515364907417577
111.6000000000001,30.52327629955326
111.7000000000001,30.531189599745694
111.8000000000001,30.539106180757344
111.9000000000001,30.54702742604203
112.0000000000001,30.554954729318773
112.1000000000001,30.562889494127546
112.2000000000001,30.570833133366733
112.3000000000001,30.578787068812098
112.4000000000001,30.58675273061712
112.5000000000001,30.594731556794628
112.6000000000001,30.602724992679462
112.7000000000001,30.610734490372167
112.8000000000001,30.61876150816355
112.9000000000001,30.62680750994003
113.0000000000001,30.634873964569714
113.1000000000001,30.642962345269048
113.2000000000001,30.651074128950235
113.3000000000001,30.659210795549022
113.4000000000001,30.66737382733318
113.5000000000001,30.675564708191516
113.6000000000001,30.683784922903456
113.7000000000001,30.692035956389212
113.8000000000001,30.70031929294064
113.9000000000001,30.7086364154329
114.0000000000001,30.716988804516816
114.1000000000001,30.725377937792295
114.2000000000001,30.733805288962785
114.3000000000001,30.742272326970884
114.4000000000001,30.750780515115487
114.5000000000001,30.75933131015036
114.60000000000011,30.76792616136464
114.7000000000001,30.77656650964525
114.8000000000001,30.785253786521665
114.9000000000001,30.793989413193245
115.0000000000001,30.802774799539357
115.10000000000011,30.81161134311275
115.2000000000001,30.82050042811639
115.3000000000001,30.829443424364207
115.4000000000001,30.838441686226133
115.5000000000001,30.847496551557803
115.60000000000011,30.856609340615385
115.7000000000001,30.86578135495597
115.8000000000001,30.875013876324097
115.9000000000001,30.884308165524757
116.0000000000001,30.893665461283554
116.10000000000011,30.903086979094518
116.2000000000001,30.91257391005609
116.3000000000001,30.92212741969604
116.4000000000001,30.931748646785735
116.5000000000001,30.94143870214456
116.60000000000011,30.951198667435122
116.7000000000001,30.96102959394989
116.8000000000001,30.970932501390045
116.9000000000001,30.980908376637245
117.0000000000001,30.990958172519058
117.10000000000011,31.001082806568903
117.2000000000001,31.011283159781257
117.3000000000001,31.02156007536297
117.4000000000001,31.031914357481526
117.5000000000001,31.042346770011186
117.60000000000011,31.05283449102552
117.7000000000001,31.0633307239588
117.8000000000001,31.07383475328757
117.9000000000001,31.084347173334606
118.0000000000001,31.094868533667977
118.10000000000011,31.10539933785337
118.2000000000001,31.115940042210887
118.30000000000011,31.126491054577222
118.4000000000001,31.137052733074356
118.5000000000001,31.147625384885806
118.60000000000011,31.158209265041485
118.7000000000001,31.16880457521222
118.80000000000011,31.17941146251507
118.9000000000001,31.190030018330596
119.0000000000001,31.200660277133053
119.10000000000011,31.21130221533481
119.2000000000001,31.22195575014601
119.30000000000011,31.232620738450663
119.4000000000001,31.243296975700382
119.5000000000001,31.2539841948268
119.60000000000011,31.26468206517395
119.7000000000001,31.27539019145175
119.80000000000011,31.286108112711723
119.9000000000001,31.296835301346206
120.0000000000001,31.30757116211217
120.10000000000011,31.318315031180838
120.2000000000001,31.32906617521433
120.30000000000011,31.33982379047046
120.4000000000001,31.350587001936866
120.5000000000001,31.361354862495645
120.60000000000011,31.372126352119707
120.7000000000001,31.38290037710192
120.80000000000011,31.393675769318236
120.9000000000001,31.40445128552596
121.00000000000011,31.415225606698215
121.10000000000011,31.425997337395827
121.2000000000001,31.436765005177634
121.30000000000011,31.447527060050312
121.4000000000001,31.45828187395889
121.50000000000011,31.469027740318843
121.60000000000011,31.479762873590964
121.7000000000001,31.490485408899865
121.80000000000011,31.50119340169728
121.9000000000001,31.511884827470936
122.00000000000011,31.52255758150011
122.10000000000011,31.533209478658648
122.2000000000001,31.5438382532665
122.30000000000011,31.554441558990433
122.4000000000001,31.565016968794936
122.50000000000011,31.575561974943994
122.60000000000011,31.58607398905459
122.7000000000001,31.59655034220259
122.80000000000011,31.60698828508177
122.9000000000001,31.61738498821662
123.00000000000011,31.627737542229653
123.10000000000011,31.638042958163517
123.2000000000001,31.648298167858925
123.30000000000011,31.658500024388424
123.4000000000001,31.66864530254687
123.50000000000011,31.67873069939877
123.60000000000011,31.688752834883005
123.7000000000001,31.698708252475242
123.80000000000011,31.708593419908297
123.9000000000001,31.71840472995075
124.00000000000011,31.72813850124396
124.10000000000011,31.737790979197662
124.2000000000001,31.747358336944217
124.30000000000011,31.75683667635161
124.4000000000001,31.766222029095175
124.50000000000011,31.775510357787937
124.60000000000011,31.784697557169594
124.70000000000012,31.793779455353885
124.80000000000011,31.802751815134172
124.9000000000001,31.81161033534695
125.00000000000011,31.820350652293037
125.10000000000011,31.828968341215997
125.20000000000012,31.83745891783743
125.30000000000011,31.845817839948573
125.4000000000001,31.854040509057867
125.50000000000011,31.862122272093636
125.60000000000011,31.87005842316143
125.70000000000012,31.877844205355345
125.80000000000011,31.885474812622405
125.9000000000001,31.89294539167939
126.00000000000011,31.90025104398108
126.10000000000011,31.907386827739217
126.20000000000012,31.914347759990925
126.30000000000011,31.921128818715893
126.4000000000001,31.927724945000946
126.50000000000011,31.93413104525112
126.60000000000011,31.940341993445905
126.70000000000012,31.94635263343954
126.80000000000011,31.952157781303896
126.9000000000001,31.95775222771295
127.00000000000011,31.96313074036707
127.10000000000011,31.96828806645599
127.20000000000012,31.97321893515889
127.30000000000011,31.977918060179995
127.40000000000012,31.98238014231834
127.50000000000011,31.98659987206976
127.60000000000011,31.99057193225984
127.70000000000012,31.9942910007058
127.80000000000011,31.997751752905792
127.90000000000012,32.00094886475378
128.0000000000001,32.00387701527812
128.1000000000001,32.006530889402114
128.2000000000001,32.00890518072461
128.30000000000013,32.0109945943187
128.40000000000012,32.012793849546654
128.5000000000001,32.014297682888994
128.6000000000001,32.0155008507859
128.7000000000001,32.016398132488725
128.80000000000013,32.01698433291969
128.90000000000012,32.01725428553766
129.0000000000001,32.017202855207906
129.1000000000001,32.016824941073715
129.2000000000001,32.01611547942781
129.30000000000013,32.0150694465813
129.40000000000012,32.01368186172819
129.5000000000001,32.01194778980307
129.6000000000001,32.009862344330024
129.7000000000001,32.00742069026043
129.80000000000013,32.004618046797574
129.90000000000012,32.00144969020577
130.0000000000001,31.99791095660194
130.1000000000001,31.993997244727403
130.2000000000001,31.989704018697708
130.30000000000013,31.98502681072828
130.40000000000012,31.97996122383386
130.5000000000001,31.974502934499462
130.6000000000001,31.968647695320776
130.7000000000001,31.96239133761182
130.80000000000013,31.955729773977886
130.90000000000012,31.948659000851535
131.0000000000001,31.941175100989675
131.1000000000001,31.933274245929645
131.2000000000001,31.924952698402322
131.30000000000013,31.916206814700274
131.40000000000012,31.90703304699894
131.5000000000001,31.89742794562902
131.6000000000001,31.887388161298077
131.7000000000001,31.876910447259633
131.80000000000013,31.865991661427827
131.90000000000012,31.85462876843595
132.0000000000001,31.842818841637033
132.1000000000001,31.83055906504498
132.2000000000001,31.817846735214403
132.30000000000013,31.804679263057707
132.40000000000012,31.791054175597843
132.5000000000001,31.776969117655256
132.6000000000001,31.762421853467508
132.70000000000013,31.747410268240408
132.80000000000013,31.73193236962902
132.90000000000012,31.715986289147565
133.0000000000001,31.699570283506823
133.1000000000001,31.682682735877975
133.20000000000013,31.665322157081746
133.30000000000013,31.647487186701923
133.40000000000012,31.62917659412207
133.5000000000001,31.610389279484856
133.6000000000001,31.591124274572856
133.70000000000013,31.57138074361024
133.80000000000013,31.551157983984716
133.90000000000012,31.53045542688875
134.0000000000001,31.509272637880024
134.1000000000001,31.48760931736014
134.20000000000013,31.46546530097151
134.30000000000013,31.44284055991188
134.40000000000012,31.41973520116627
134.5000000000001,31.396149467656137
134.6000000000001,31.37208373830564
134.70000000000013,31.34753852802485
134.80000000000013,31.32251448761002
134.90000000000012,31.29701240356092
135.0000000000001,31.271033197815456
135.1000000000001,31.24457792740168
135.20000000000013,31.217647784007625
135.30000000000013,31.19024409346926
135.40000000000012,31.162368315176927
135.5000000000001,31.13402204140086
135.6000000000001,31.105206996536424
135.70000000000013,31.07592503626948
135.80000000000013,31.04617814666289
135.90000000000012,31.015968443164574
136.0000000000001,30.985298169538403
136.1000000000001,30.954169696718424
136.20000000000013,30.92258552158767
136.30000000000013,30.890548265682447
136.40000000000012,30.858060673823253
136.5000000000001,30.82512561267348
136.6000000000001,30.79174606922713
136.70000000000013,30.75792514922677
136.80000000000013,30.723666075513194
136.90000000000012,30.68897218630797
137.0000000000001,30.65384693343053
137.1000000000001,30.61829388045117
137.20000000000013,30.582316700781597
137.30000000000013,30.54591917570452
137.40000000000012,30.509105192343988
137.5000000000001,30.471878741578195
137.6000000000001,30.43424391589646
137.70000000000013,30.396204907202076
137.80000000000013,30.35776600456306
137.90000000000012,30.31893159191238
138.0000000000001,30.279706145699755
138.1000000000001,30.240094232496944
138.20000000000013,30.200100506558307
138.30000000000013,30.159729707338897
138.40000000000012,30.118986656971792
138.5000000000001,30.07787625770702
138.60000000000014,30.036403489313855
138.70000000000013,29.99457340644885
138.80000000000013,29.952391135991405
138.90000000000012,29.909861874349318
139.0000000000001,29.866990884736182
139.10000000000014,29.823783494422976
139.20000000000013,29.780245091965902
139.30000000000013,29.736381124412652
139.40000000000012,29.692197094489366
139.5000000000001,29.647698557770326
139.60000000000014,29.602891119832677
139.70000000000013,29.55778043339842
139.80000000000013,29.512372195465552
139.90000000000012,29.46667214443093
140.0000000000001,29.4206860572068
140.10000000000014,29.37441974633311
140.20000000000013,29.32787905708802
140.30000000000013,29.281069864598358
140.40000000000012,29.233998070952502
140.5000000000001,29.18666960231763
140.60000000000014,29.139090406063424
140.70000000000013,29.091266447894355
140.80000000000013,29.0432037089925
140.90000000000012,28.994908183173024
141.0000000000001,28.946385874054243
141.10000000000014,28.897642792244305
141.20000000000013,28.84868495254633
141.30000000000013,28.799518371183964
141.40000000000012,28.75014906304927
141.5000000000001,28.700583038974713
141.60000000000014,28.650826303031074
141.70000000000013,28.60088484985311
141.80000000000013,28.550764661994506
141.90000000000012,28.500471707314098
142.0000000000001,28.450011936394716
142.10000000000014,28.399391279996443
142.20000000000013,28.34861564654581
142.30000000000013,28.29769091966228
142.40000000000012,28.24662295572376
142.5000000000001,28.19541758147235
142.60000000000014,28.144080591661755
142.70000000000013,28.092617746747777
142.80000000000013,28.04103477062293
142.90000000000012,27.989337348396653
143.0000000000001,27.937531124222154
143.10000000000014,27.88562169917101
143.20000000000013,27.83361462915665
143.30000000000013,27.78151542290758
143.40000000000012,27.729329539991568
143.5000000000001,27.677062388891393
143.60000000000014,27.62471932513329
143.70000000000013,27.57230564946869
143.80000000000013,27.51982660610998
143.90000000000012,27.4672873810212
144.0000000000001,27.414693100264103
144.10000000000014,27.362048828400113
144.20000000000013,27.309359566949
144.30000000000013,27.256630252904294
144.40000000000012,27.203865757306318
144.5000000000001,27.151070883872855
144.60000000000014,27.098250367687875
144.70000000000013,27.045408873948688
144.80000000000013,26.992550996771428
144.90000000000012,26.939681258055373
145.0000000000001,26.886804106405876
145.10000000000014,26.83392391611619
145.20000000000013,26.781044986208066
145.30000000000013,26.728171539530955
145.40000000000012,26.675307721919992
145.50000000000014,26.622457601412293
145.60000000000014,26.569625167521707
145.70000000000013,26.516814330571243
145.80000000000013,26.464028921083518
145.90000000000012,26.41127268922837
146.00000000000014,26.358549304327475
146.10000000000014,26.30586235441558
146.20000000000013,26.253215345857612
146.30000000000013,26.2006117030215
146.40000000000012,26.14805476800587
146.50000000000014,26.095547800422167
146.60000000000014,26.04309397723059
146.70000000000013,25.990696392628898
146.80000000000013,25.938358057993838
146.90000000000012,25.886081901874036
147.00000000000014,25.833870770033805
147.10000000000014,25.781727425547025
147.20000000000013,25.72965454894016
147.30000000000013,25.677654738383637
147.40000000000012,25.625730509930783
147.50000000000014,25.573884297803083
147.60000000000014,25.522118454721287
147.70000000000013,25.470435252280836
147.80000000000013,25.41883688137112
147.90000000000012,25.36732545263724
148.00000000000014,25.315902996983326
148.10000000000014,25.264571466116486
148.20000000000013,25.21333273312998
148.30000000000013,25.16218859312491
148.40000000000012,25.111140763869116
148.50000000000014,25.06019088649216
148.60000000000014,25.009340526215418
148.70000000000013,24.95859117311585
148.80000000000013,24.907944242922675
148.90000000000012,24.857401077845473
149.00000000000014,24.806962947432773
149.10000000000014,24.7566310494598
149.20000000000013,24.706406510844246
149.30000000000013,24.656290388589014
149.40000000000012,24.606283670750557
149.50000000000014,24.55638727743178
149.60000000000014,24.506602061798276
149.70000000000013,24.45692881111666
149.80000000000013,24.407368247813928
149.90000000000012,24.35792103055664
150.00000000000014,24.30858775534867
150.10000000000014,24.259368956646554
150.20000000000013,24.210265108490972
150.30000000000013,24.161276625653606
150.40000000000012,24.11240386479789
150.50000000000014,24.063647125652743
150.60000000000014,24.015006652198117
150.70000000000013,23.96648263386112
150.80000000000013,23.91807520672183
150.90000000000012,23.869784454727622
