1.0,0.02324035638757998
1.1,0.023842194021393023
1.2000000000000002,0.02445863385936616
1.3000000000000003,0.025090003246847795
1.4000000000000004,0.02573663616249495
1.5000000000000004,0.02639887333511658
1.6000000000000005,0.027077062362156828
1.7000000000000006,0.0277715578298313
1.8000000000000007,0.02848272143492952
1.9000000000000008,0.029210922108296972
2.000000000000001,0.029956536140009003
2.100000000000001,0.030719947306249846
2.200000000000001,0.031501546997909295
2.300000000000001,0.03230173435090954
2.4000000000000012,0.033120916378273746
2.5000000000000013,0.03395950810394993
2.6000000000000014,0.03481793269839983
2.7000000000000015,0.0356966216159669
2.8000000000000016,0.036596014734032935
2.9000000000000017,0.0375165604939755
3.0000000000000018,0.03845871604393744
3.100000000000002,0.039422947383418096
3.200000000000002,0.04040972950969803
3.300000000000002,0.0414195465661069
3.400000000000002,0.04245289199214456
3.500000000000002,0.04351026867546501
3.6000000000000023,0.044592189105733517
3.7000000000000024,0.04569917553036395
3.8000000000000025,0.046831760112147944
3.9000000000000026,0.04799048508878238
4.000000000000003,0.04917590293430386
4.100000000000003,0.05038857652243882
4.200000000000003,0.051629079291875477
4.3000000000000025,0.052897995413465765
4.400000000000003,0.05419591995936363
4.5000000000000036,0.05552345907410619
4.600000000000003,0.05688123014764384
4.700000000000003,0.058269861990323926
4.800000000000003,0.059689995009835226
4.900000000000004,0.06114228139011533
5.0000000000000036,0.06262738527222776
5.100000000000003,0.06414598293721065
5.200000000000004,0.06569876299090141
5.300000000000004,0.06728642655073974
5.400000000000004,0.06890968743455232
5.5000000000000036,0.07056927235131932
5.600000000000004,0.07226592109392654
5.700000000000005,0.0740003867339005
5.800000000000004,0.07577343581813116
5.900000000000004,0.07758584856757808
6.000000000000004,0.07943841907796133
6.100000000000005,0.08133195552243523
6.200000000000005,0.08326728035624259
6.300000000000004,0.0852452305233475
6.400000000000005,0.08726665766504203
6.500000000000005,0.08933242833052428
6.600000000000005,0.09144342418944368
6.700000000000005,0.09360054224640542
6.800000000000005,0.09580469505743215
6.900000000000006,0.0980568109483723
7.000000000000005,0.10035783423525152
7.100000000000005,0.10270872544655522
7.2000000000000055,0.10511046154743746
7.300000000000006,0.10756403616584431
7.400000000000006,0.11007045982053958
7.500000000000005,0.11263076015102748
7.600000000000006,0.11524598214935373
7.700000000000006,0.11791718839377778
7.800000000000006,0.12064545928429905
7.900000000000006,0.12343189328002387
8.000000000000007,0.1262776071383597
8.100000000000007,0.12918373615601683
8.200000000000006,0.13215143441180427
8.300000000000006,0.1351818750112003
8.400000000000006,0.1382762503326771
8.500000000000007,0.14143577227576395
8.600000000000007,0.1446616725108242
8.700000000000006,0.14795520273052615
8.800000000000008,0.1513176349029872
8.900000000000007,0.1547502615265607
9.000000000000007,0.15825439588625248
9.100000000000007,0.16183137231172753
9.200000000000006,0.16548254643689295
9.300000000000008,0.16920929546102081
9.400000000000007,0.17301301841138383
9.500000000000007,0.1768951364073798
9.600000000000009,0.18085709292610425
9.700000000000008,0.18490035406934638
9.800000000000008,0.18902640883197266
9.900000000000007,0.19323676937166356
10.000000000000007,0.1975329712799691
10.100000000000009,0.20191657385464357
10.200000000000008,0.2063891603732254
10.300000000000008,0.21095233836782135
10.40000000000001,0.21560773990105295
10.500000000000009,0.22035702184312878
10.600000000000009,0.2252018661499926
10.700000000000008,0.23014398014250925
10.800000000000008,0.23518509678664173
10.90000000000001,0.24032697497457187
11.000000000000009,0.24557139980671652
11.100000000000009,0.25092018287459056
11.20000000000001,0.25637516254446824
11.30000000000001,0.2619382042417881
11.40000000000001,0.267611200736249
11.500000000000009,0.27339607242754715
11.600000000000009,0.2792947676316882
11.70000000000001,0.28530926286783054
11.80000000000001,0.29144156314558967
11.90000000000001,0.2976937022527484
12.00000000000001,0.3040677430433176
12.10000000000001,0.31056577772586585
12.20000000000001,0.3171899281520829
12.30000000000001,0.32394234610547906
12.40000000000001,0.33082521359017897
12.50000000000001,0.33784074311972967
12.60000000000001,0.34499117800584905
12.70000000000001,0.3522787926470573
12.800000000000011,0.3597058928171023
12.900000000000011,0.3672748159531151
13.00000000000001,0.3749879314434171
13.10000000000001,0.3828476409148979
13.20000000000001,0.3908563785198909
13.300000000000011,0.3990166112224577
13.400000000000011,0.40733083908400985
13.50000000000001,0.4158015955481759
13.600000000000012,0.42443144772483055
13.700000000000012,0.4332229966732042
13.800000000000011,0.44217887768397474
13.900000000000011,0.45130176056026416
14.00000000000001,0.4605943498974388
14.100000000000012,0.47005938536162245
14.200000000000012,0.47969964196683723
14.300000000000011,0.4895179303506566
14.400000000000013,0.4995170970482959
14.500000000000012,0.5097000247650253
14.600000000000012,0.5200696326468087
14.700000000000012,0.530628876549073
14.800000000000011,0.5413807493034919
14.900000000000013,0.5523282809826875
15.000000000000012,0.5634745391627461
15.100000000000012,0.5748226291834269
15.200000000000014,0.5863756944059699
15.300000000000013,0.5981369164683707
15.400000000000013,0.6101095155380396
15.500000000000012,0.622296750561696
15.600000000000012,0.6347019195124094
15.700000000000014,0.6473283596336562
15.800000000000013,0.6601794476802693
15.900000000000013,0.6732586001561819
16.000000000000014,0.6865692735488135
16.100000000000016,0.7001149645599964
16.200000000000014,0.7138992103333124
16.30000000000001,0.7279255886777057
16.400000000000013,0.7421977182872596
16.500000000000014,0.7567192589569899
16.600000000000016,0.7714939117945349
16.700000000000014,0.7865254194276143
16.800000000000015,0.801817566207107
16.900000000000013,0.8173741784056378
17.000000000000014,0.8331991244115048
17.100000000000016,0.8492963149178406
17.200000000000014,0.8656697031068532
17.300000000000015,0.882323284829003
17.400000000000013,0.8992610987769918
17.500000000000014,0.9164872266543971
17.600000000000016,0.9340057933388297
17.700000000000014,0.9518209670394536
17.800000000000015,0.9699369594487378
17.900000000000016,0.9883580258882811
18.000000000000014,1.0070884654485504
18.100000000000016,1.0261326211224209
18.200000000000017,1.045494879932322
18.300000000000015,1.0651796730508707
18.400000000000016,1.0851914759148247
18.500000000000014,1.1055348083321932
18.600000000000016,1.1262142345823856
18.700000000000017,1.147234363509197
18.800000000000015,1.1685998486065001
18.900000000000016,1.1903153880964918
19.000000000000014,1.2123857250003085
19.100000000000016,1.234815647200893
19.200000000000017,1.257609987497902
19.300000000000015,1.2807736236545402
19.400000000000016,1.3043114784361365
19.500000000000018,1.328228519640287
19.600000000000016,1.3525297601184596
19.700000000000017,1.3772202577888117
19.80000000000002,1.4023051156401323
19.900000000000016,1.4277894817267098
20.000000000000018,1.4536785491539617
20.100000000000016,1.479977556054678
20.200000000000017,1.5066917855556885
20.30000000000002,1.5338265657348105
20.400000000000016,1.5613872695679087
20.500000000000018,1.5893793148658826
20.600000000000016,1.6178081642014464
20.700000000000017,1.646679324825501
20.80000000000002,1.6759983485729615
20.900000000000016,1.7057708317578615
21.000000000000018,1.7360024150575624
21.10000000000002,1.766698783385926
21.200000000000017,1.7978656657552312
21.30000000000002,1.8295088351267617
21.40000000000002,1.861634108249789
21.500000000000018,1.8942473454888753
21.60000000000002,1.9273544506392974
21.700000000000017,1.9609613707303972
21.80000000000002,1.9950740958167776
21.90000000000002,2.029698658757087
22.000000000000018,2.0648411349802895
22.10000000000002,2.100507642239271
22.200000000000017,2.1367043403515273
22.30000000000002,2.1734374309269335
22.40000000000002,2.21071315708226
22.500000000000018,2.2485378031424164
22.60000000000002,2.286917694328201
22.70000000000002,2.3258591964303807
22.80000000000002,2.365368715470041
22.90000000000002,2.4054526973449297
23.00000000000002,2.4461176274617413
23.10000000000002,2.4873700303541457
23.20000000000002,2.5292164692864127
23.30000000000002,2.5716635458425245
23.40000000000002,2.6147178995005538
23.50000000000002,2.658386207192257
23.60000000000002,2.7026751828476714
23.70000000000002,2.747591576924604
23.80000000000002,2.7931421759228807
23.90000000000002,2.8393338018831846
24.00000000000002,2.8861733118704036
24.10000000000002,2.9336675974413073
24.20000000000002,2.981823584096449
24.300000000000022,3.030648230716175
24.40000000000002,3.080148528980547
24.50000000000002,3.130331502773201
24.600000000000023,3.1812042075688356
24.70000000000002,3.232773729804372
24.800000000000022,3.2850471862336
24.90000000000002,3.338031723265164
25.00000000000002,3.3917345162838988
25.100000000000023,3.4461627689552548
25.20000000000002,3.5013237125128454
25.300000000000022,3.5572246050289635
25.40000000000002,3.613872730667899
25.50000000000002,3.6712753989221465
25.600000000000023,3.729439943831206
25.70000000000002,3.7883737231830357
25.800000000000022,3.8480841176980283
25.900000000000023,3.9085785301953875
26.00000000000002,3.9698643847419475
26.100000000000023,4.0319491257832185
26.200000000000024,4.094840217256687
26.300000000000022,4.158545141687309
26.400000000000023,4.223071399265069
26.50000000000002,4.288426506904642
26.600000000000023,4.354617997286987
26.700000000000024,4.421653417882978
26.800000000000022,4.48954032995889
26.900000000000023,4.558286307563783
27.00000000000002,4.627898936498751
27.100000000000023,4.698385813267934
27.200000000000024,4.769754544011373
27.300000000000022,4.842012743419617
27.400000000000023,4.915168033630079
27.500000000000025,4.989228043105196
27.600000000000023,5.06420040549222
27.700000000000024,5.140092758464919
27.800000000000026,5.216912742546879
27.900000000000023,5.294667999916669
28.000000000000025,5.373366173194769
28.100000000000023,5.453014904212252
28.200000000000024,5.533621832761399
28.300000000000026,5.615194595328078
28.400000000000023,5.697740823806085
28.500000000000025,5.781268144193468
28.600000000000023,5.865784175270732
28.700000000000024,5.95129652726126
28.800000000000026,6.037812800473743
28.900000000000023,6.125340583926812
29.000000000000025,6.213887453956026
29.100000000000026,6.303460972803024
29.200000000000024,6.394068687187341
29.300000000000026,6.485718126860528
29.400000000000027,6.578416803143038
29.500000000000025,6.672172207443781
29.600000000000026,6.766991809762536
29.700000000000024,6.86288305717534
29.800000000000026,6.959853372302896
29.900000000000027,7.057910151762277
30.000000000000025,7.157060764601945
30.100000000000026,7.257312550720252
30.200000000000024,7.358672819267657
30.300000000000026,7.461148847032658
30.400000000000027,7.56474787681177
30.500000000000025,7.6694771157636366
30.600000000000026,7.775343733747423
30.700000000000028,7.882354861645819
30.800000000000026,7.990517589672585
30.900000000000027,8.099838965665185
31.00000000000003,8.2103259933624
31.100000000000026,8.321985630667301
31.200000000000028,8.434824787895803
31.300000000000026,8.54885032601091
31.400000000000027,8.664069054843102
31.50000000000003,8.780487731296796
31.600000000000026,8.898113057543474
31.700000000000028,9.016951679201487
31.800000000000026,9.137010183502822
31.900000000000027,9.25829509744735
32.00000000000003,9.380812885944406
32.10000000000002,9.504569949942402
32.20000000000003,9.629572624546546
32.300000000000026,9.755827177124909
32.40000000000003,9.883339805403459
32.50000000000003,10.012116635549923
32.60000000000003,10.14216372024724
32.70000000000003,10.273487036756594
32.800000000000026,10.406092484970618
32.90000000000003,10.539985885456922
33.00000000000003,10.6751729774924
33.10000000000003,10.811659417088645
33.20000000000003,10.949450775008842
33.300000000000026,11.088552534776497
33.40000000000003,11.228970090676437
33.50000000000003,11.37070874574832
33.60000000000003,11.513773709773265
33.70000000000003,11.65817009725381
33.800000000000026,11.803902925387712
33.90000000000003,11.950977112036004
34.00000000000003,12.099397473685588
34.10000000000003,12.249168723407044
34.20000000000003,12.400295468807839
34.30000000000003,12.552782209981553
34.40000000000003,12.706633337453438
34.50000000000003,12.861853130122915
34.60000000000003,13.018445753203274
34.70000000000003,13.176415256159238
34.80000000000003,13.335765570642728
34.90000000000003,13.496500508427394
35.00000000000003,13.658623759342365
35.10000000000003,13.822138889205629
35.20000000000003,13.987049337757716
35.30000000000003,14.153358416596063
35.400000000000034,14.321069307110555
35.50000000000003,14.49018505842084
35.60000000000003,14.66070858531595
35.70000000000003,14.832642666196552
35.80000000000003,15.005989941020662
35.900000000000034,15.180752909253163
36.00000000000003,15.356933927819677
36.10000000000003,15.534535209065462
36.20000000000003,15.713558818719697
36.30000000000003,15.894006673865917
36.400000000000034,16.075880540918998
36.50000000000003,16.259182033609342
36.60000000000003,16.443912610974866
36.70000000000003,16.630073575361212
36.80000000000003,16.817666070430946
36.900000000000034,17.006691079182225
37.00000000000003,17.197149421977564
37.10000000000003,17.389041754583253
37.20000000000003,17.582368566220023
37.30000000000003,17.77713017762561
37.400000000000034,17.973326739129796
37.500000000000036,18.170958228742485
37.60000000000003,18.37002445025549
37.70000000000003,18.570525031358635
37.80000000000003,18.772459421770684
37.900000000000034,18.975826891385864
38.000000000000036,19.180626528436523
38.10000000000003,19.38685723767253
38.20000000000003,19.59451773855812
38.30000000000003,19.803606563486618
38.400000000000034,20.014122056013935
38.500000000000036,20.226062369111293
38.60000000000004,20.43942546343782
38.70000000000003,20.654209105633672
38.80000000000003,20.870410866634373
38.900000000000034,21.08802812000683
39.000000000000036,21.307058040307872
39.10000000000004,21.527497601465807
39.20000000000003,21.749343575185634
39.30000000000003,21.972592529378687
39.400000000000034,22.197240826617023
39.500000000000036,22.423284622613583
39.60000000000004,22.65071986472853
39.70000000000003,22.87954229050232
39.80000000000003,23.10974742621644
39.900000000000034,23.341330585482
40.000000000000036,23.574286867857293
40.10000000000004,23.80861115749452
40.20000000000003,24.044298121816627
40.30000000000003,24.281342210224658
40.400000000000034,24.51973765283627
40.500000000000036,24.75947845925623
40.60000000000004,25.000558417379168
40.70000000000004,25.24297109222551
40.80000000000003,25.486709824810973
40.900000000000034,25.731767731050418
41.000000000000036,25.97813770069637
41.10000000000004,26.22581239631318
41.20000000000004,26.474784252287108
41.30000000000003,26.725045473872996
41.400000000000034,26.976588036278333
41.500000000000036,27.229403683784753
41.60000000000004,27.483483928908207
41.70000000000004,27.738820051597855
41.80000000000004,27.995403098474487
41.900000000000034,28.253223882108905
42.000000000000036,28.512272980341017
42.10000000000004,28.7725407356398
42.20000000000004,29.034017254505113
42.30000000000004,29.296692406911568
42.400000000000034,29.560555825795078
42.500000000000036,29.82559690658276
42.60000000000004,30.091804806766245
42.70000000000004,30.359168445519458
42.80000000000004,30.627676503360963
42.900000000000034,30.897317421861477
43.000000000000036,31.168079403397112
43.10000000000004,31.43995041094854
43.20000000000004,31.712918167946913
43.30000000000004,31.98697015816667
43.400000000000034,32.26209362566579
43.500000000000036,32.53827557477405
43.60000000000004,32.81550277012928
43.70000000000004,33.09376173676258
43.80000000000004,33.37303876023251
43.90000000000004,33.65331988680875
44.000000000000036,33.93459092370559
44.10000000000004,34.21683743936573
44.20000000000004,34.50004476379448
44.30000000000004,34.78419798894495
44.40000000000004,35.069281969154574
44.500000000000036,35.35528132163296
44.60000000000004,35.64218042700186
44.70000000000004,35.929963429887046
44.80000000000004,36.21861423956279
44.90000000000004,36.50811653064897
45.00000000000004,36.79845374386119
45.10000000000004,37.08960908681405
45.20000000000004,37.38156553487794
45.30000000000004,37.67430583208934
45.40000000000004,37.967812492115094
45.50000000000004,38.26206779927072
45.60000000000004,38.55705380959294
45.70000000000004,38.85275235196658
45.80000000000004,39.14914502930596
45.90000000000004,39.4462132197911
46.00000000000004,39.743938078158514
46.10000000000004,40.04230053704709
46.20000000000004,40.34128130839892
46.30000000000004,40.64086088491499
46.40000000000004,40.94101954156631
46.50000000000004,41.24173733716002
46.60000000000004,41.54299411596063
46.70000000000004,41.844769509366806
46.80000000000004,42.14704293764292
46.90000000000004,42.44979361170614
47.00000000000004,42.75300053496854
47.100000000000044,43.056642505234414
47.20000000000004,43.360698116652514
47.30000000000004,43.665145761723494
47.40000000000004,43.9699636333619
47.50000000000004,44.275129727013294
47.600000000000044,44.580621842825764
47.70000000000004,44.88641758787605
47.80000000000004,45.19249437845004
47.90000000000004,45.49882944237724
48.00000000000004,45.805399821419456
48.100000000000044,46.11218237371308
48.200000000000045,46.419153776264956
48.30000000000004,46.726290527501526
48.40000000000004,47.03356894987106
48.50000000000004,47.34096519249851
48.600000000000044,47.648455233892946
48.700000000000045,47.95601488470709
48.80000000000004,48.26361979054865
48.90000000000004,48.57124543484328
49.00000000000004,48.87886714174836
49.100000000000044,49.18646007911782
49.200000000000045,49.493999261517196
49.30000000000004,49.8014595532885
49.40000000000004,50.108815671664914
49.50000000000004,50.41604218993414
49.600000000000044,50.723113540650715
49.700000000000045,51.03000401889622
49.80000000000004,51.33668778558726
49.90000000000004,51.64313887083055
50.00000000000004,51.94933117732449
50.100000000000044,52.25523848380689
50.200000000000045,52.560834448548235
50.30000000000005,52.866092612889766
50.40000000000004,53.17098640482594
50.50000000000004,53.475489142630636
50.600000000000044,53.77957403852641
50.700000000000045,54.08321420239626
50.80000000000005,54.386382645537125
50.90000000000004,54.68905228445461
51.00000000000004,54.991195944698205
51.100000000000044,55.292786364735974
51.200000000000045,55.593796199868635
51.30000000000005,55.89419802618173
51.40000000000005,56.193964344535445
51.50000000000004,56.49306758459108
51.600000000000044,56.791480108873856
51.700000000000045,57.08917421687053
51.80000000000005,57.38612214916179
51.90000000000005,57.682296091588114
52.00000000000004,57.9776681794484
52.100000000000044,58.272210501730655
52.200000000000045,58.56589510537357
52.30000000000005,58.85869399955844
52.40000000000005,59.150579160030404
52.50000000000004,59.441522533448044
52.600000000000044,59.731496041760636
52.700000000000045,60.020471586611755
52.80000000000005,60.30842105376877
52.90000000000005,60.59531631757702
53.00000000000004,60.8811292454376
53.100000000000044,61.16583170230815
53.200000000000045,61.44939555522525
53.30000000000005,61.731792677847814
53.40000000000005,62.012994955020154
53.50000000000005,62.292974287353985
53.600000000000044,62.57170259582809
53.700000000000045,62.84915182640492
53.80000000000005,63.125293954662666
53.90000000000005,63.400100990442205
54.00000000000005,63.67354498250755
54.100000000000044,63.94559802321893
54.200000000000045,64.21623225321724
54.30000000000005,64.48541986611895
54.40000000000005,64.75313311322019
54.50000000000005,65.01934430820928
54.60000000000005,65.28402583188608
54.700000000000045,65.54715013688742
54.80000000000005,65.8086897524176
54.90000000000005,66.06861728898218
55.00000000000005,66.32690544312487
55.10000000000005,66.58352700216554
55.200000000000045,66.83845484893877
55.30000000000005,67.09166196653157
55.40000000000005,67.34312144301907
55.50000000000005,67.59280647619708
55.60000000000005,67.84069037831061
55.700000000000045,68.08674658077669
55.80000000000005,68.33094863890088
55.90000000000005,68.57327023658576
56.00000000000005,68.81368519103076
56.10000000000005,69.05216745742177
56.200000000000045,69.28869113360959
56.30000000000005,69.52323046477588
56.40000000000005,69.7557598480856
56.50000000000005,69.98625383732465
56.60000000000005,70.21468714752164
56.70000000000005,70.44103465955253
56.80000000000005,70.66527142472691
56.90000000000005,70.88737266935517
57.00000000000005,71.10731379929466
57.10000000000005,71.3250704044743
57.20000000000005,71.5406182633964
57.30000000000005,71.75393334761408
57.40000000000005,71.96499182618382
57.50000000000005,72.17377007009124
57.60000000000005,72.38024465664972
57.70000000000005,72.58439237387005
57.800000000000054,72.78619022480041
57.90000000000005,72.98561543183544
58.00000000000005,73.18264544099314
58.10000000000005,73.37725792615852
58.20000000000005,73.56943079329312
58.300000000000054,73.75914218460898
58.40000000000005,73.94637048270603
58.50000000000005,74.13109431467213
58.60000000000005,74.31329255614394
58.70000000000005,74.49294433532853
58.800000000000054,74.67002903698376
58.90000000000005,74.84452630635681
59.00000000000005,75.01641605307995
59.10000000000005,75.185678455022
59.20000000000005,75.35229396209495
59.300000000000054,75.5162433000144
59.40000000000005,75.67750747401301
59.50000000000005,75.83606777250588
59.60000000000005,75.99190577070665
59.70000000000005,76.14500333419383
59.800000000000054,76.29534262242598
59.900000000000055,76.44290609220488
60.00000000000005,76.5876765010859
60.10000000000005,76.72963691073451
60.20000000000005,76.86877069022795
60.300000000000054,77.00506151930131
60.400000000000055,77.13849339153712
60.50000000000005,77.26905061749751
60.60000000000005,77.39671782779803
60.70000000000005,77.52147997612236
60.800000000000054,77.64332234217729
60.900000000000055,77.76223053458658
61.00000000000006,77.87819049372366
61.10000000000005,77.99118849448179
61.20000000000005,78.1012111489811
61.300000000000054,78.20824540921187
61.400000000000055,78.31227856961334
61.50000000000006,78.41329826958695
61.60000000000005,78.51129249594392
61.70000000000005,78.60624958528601
61.800000000000054,78.6981582263189
61.900000000000055,78.7870074620978
62.00000000000006,78.87278669220431
62.10000000000005,78.95548567485415
62.20000000000005,79.03509452893516
62.300000000000054,79.1116037359749
62.400000000000055,79.18500414203731
62.50000000000006,79.25528695954813
62.60000000000005,79.32244376904814
62.70000000000005,79.3864665208742
62.800000000000054,79.44734753676727
62.900000000000055,79.50507951140716
63.00000000000006,79.55965551387344
63.10000000000006,79.61106898903225
63.20000000000005,79.65931375884844
63.300000000000054,79.70438402362295
63.400000000000055,79.74627436315471
63.50000000000006,79.78497973782704
63.60000000000006,79.82049548961812
63.70000000000005,79.8528173430353
63.800000000000054,79.88194140597287
63.900000000000055,79.90786417049317
64.00000000000006,79.93058251353087
64.10000000000005,79.95009369751993
64.20000000000006,79.96639537094346
64.30000000000005,79.9794855688061
64.40000000000006,79.98936271302864
64.50000000000006,79.99602561276528
64.60000000000005,79.99947346464275
64.70000000000006,79.99707281055828
64.80000000000005,79.96739205441524
64.90000000000006,79.90575361600735
65.00000000000006,79.81223141003437
65.10000000000005,79.68693751248996
65.20000000000006,79.53002193684041
65.30000000000005,79.34167233471508
65.40000000000006,79.12211362194391
65.50000000000006,78.87160753098594
65.60000000000005,78.59045209099477
65.70000000000006,78.27898103696737
65.80000000000005,77.93756314961576
65.90000000000006,77.5666015277888
66.00000000000006,77.1665327954543
66.10000000000005,76.73782624542383
66.20000000000006,76.2809829221716
66.30000000000005,75.79653464625585
66.40000000000006,75.28504298300005
66.50000000000006,74.74709815823431
66.60000000000005,74.18331792402357
66.70000000000006,73.59434637743412
66.80000000000005,72.98085273549643
66.90000000000006,72.3435300696217
67.00000000000006,71.68309400282007
67.10000000000007,71.00028137314003
67.20000000000006,70.29584886681934
67.30000000000005,69.57057162468479
67.40000000000006,68.82524182538553
67.50000000000006,68.06066724907042
67.60000000000007,67.27766982513802
67.70000000000006,66.47708416769788
67.80000000000005,65.6597561023698
67.90000000000006,64.82654118803757
68.00000000000006,63.97830323714112
68.10000000000007,63.115912838051706
68.20000000000006,62.24024588302896
68.30000000000005,61.352182105191375
68.40000000000006,60.45260362786784
68.50000000000006,59.542393529613136
68.60000000000007,58.622434428080545
68.70000000000006,57.693607085850516
68.80000000000005,56.75678904120038
68.90000000000006,55.812853266692414
69.00000000000006,54.86266685833066
69.10000000000007,53.90708975790801
69.20000000000006,52.94697351103438
69.30000000000005,51.983160063188826
69.40000000000006,51.016480595999596
69.50000000000006,50.047754405801406
69.60000000000007,49.077787826364776
69.70000000000006,48.10737319753973
69.80000000000007,47.13728788138887
69.90000000000006,46.16829332723087
70.00000000000006,45.2011341868444
70.10000000000007,44.23653748092529
70.20000000000006,43.27521181772155
70.30000000000007,42.31784666460654
70.40000000000006,41.36511167319317
70.50000000000006,40.417656058423006
70.60000000000007,39.47610803191284
70.70000000000006,38.54107428968019
70.80000000000007,37.61313955421587
70.90000000000006,36.69286617072676
71.00000000000006,35.78079375721923
71.10000000000007,34.877438907959686
71.20000000000006,33.983294949707826
71.30000000000007,33.098831749987376
71.40000000000006,32.224495576538054
71.50000000000006,31.360709006965944
71.60000000000007,30.507870887503074
71.70000000000006,29.666356339675627
71.80000000000007,28.836516813579763
71.90000000000006,28.018680186374848
72.00000000000006,27.213150904510456
72.10000000000007,26.420210168130588
72.20000000000006,25.64011615602198
72.30000000000007,24.87310428940797
72.40000000000006,24.119387532835628
72.50000000000006,23.379156730346693
72.60000000000007,22.65258097508531
72.70000000000006,21.939808010455415
72.80000000000007,21.240964660911075
72.90000000000006,20.556157290444286
73.00000000000006,19.885472286813393
73.10000000000007,19.228976569551783
73.20000000000006,18.586718119790433
73.30000000000007,17.958726529931575
73.40000000000006,17.34501357122385
73.50000000000007,16.745573777299548
73.60000000000007,16.160385041761575
73.70000000000006,15.589409227928284
73.80000000000007,15.032592788881093
73.90000000000006,14.489867395992528
74.00000000000007,13.961150574153503
74.10000000000007,13.446346341965912
74.20000000000006,12.945345855211135
74.30000000000007,12.45802805196157
74.40000000000006,11.984260297754865
74.50000000000007,11.52389902930916
74.60000000000007,11.076790395320957
74.70000000000006,10.64277089294668
74.80000000000007,10.221667998637972
74.90000000000006,9.813300792065268
75.00000000000007,9.41748057193258
75.10000000000007,9.034011462557876
75.20000000000006,8.66269101016021
75.30000000000007,8.303310767868778
75.40000000000006,7.955656868537704
75.50000000000007,7.619510584521551
75.60000000000007,7.294648873638761
75.70000000000006,6.980844910617643
75.80000000000007,6.677868603391564
75.90000000000006,6.385487093676705
76.00000000000007,6.103465241333163
76.10000000000007,5.831566092077531
76.20000000000007,5.56955132817719
76.30000000000007,5.317181701821956
76.40000000000006,5.07421745092708
76.50000000000007,4.840418697182867
76.60000000000007,4.615545826221679
76.70000000000007,4.39935984982802
76.80000000000007,4.191622750170906
76.90000000000006,3.9920978060861874
77.00000000000007,3.8005499014859203
77.10000000000007,3.6167458160159787
77.20000000000007,3.440454498125948
77.30000000000007,3.271447320756473
77.40000000000006,3.109498319885301
77.50000000000007,2.954384416209857
77.60000000000007,2.8058856202756375
77.70000000000007,2.6637852213897877
77.80000000000007,2.5278699606872452
77.90000000000006,2.3979301887406006
78.00000000000007,2.273760008128358
78.10000000000007,2.1551574013954484
78.20000000000007,2.0419243448575966
78.30000000000007,1.9338669087169584
78.40000000000006,1.830795343968563
78.50000000000007,1.7325241565888905
78.60000000000007,1.6388721695060735
78.70000000000007,1.5496625728580413
78.80000000000007,1.4647229630501528
78.90000000000006,1.38388537112613
79.00000000000007,1.306986280968027
79.10000000000007,1.2338666378400098
79.20000000000007,1.1643718477887468
79.30000000000007,1.0983517684100605
79.40000000000006,1.0356606914859576
79.50000000000007,0.9761573179905751
79.60000000000007,0.9197047259557555
79.70000000000007,0.8661703316785442
79.80000000000007,0.8154258447436115
79.90000000000008,0.7673472173227449
80.00000000000007,0.7218145882027559
80.10000000000007,0.6787122219806575
80.20000000000007,0.6379284438527005
80.30000000000007,0.5993555704103453
80.40000000000008,0.56288983684253
80.50000000000007,0.5284313209296028
80.60000000000007,0.4958838641994952
80.70000000000007,0.46515499060221127
80.80000000000007,0.4361558230435262
80.90000000000008,0.408800998103703
81.00000000000007,0.38300857925195086
81.10000000000007,0.35869996885190464
81.20000000000007,0.3357998192384438
81.30000000000007,0.31423594313090364
81.40000000000008,0.29393922363279035
81.50000000000007,0.27484352405340406
81.60000000000007,0.2568855977720318
81.70000000000007,0.24000499835120223
81.80000000000007,0.2241439900913529
81.90000000000008,0.20924745920553653
82.00000000000007,0.19526282577949852
82.10000000000007,0.18213995666931462
82.20000000000007,0.16983107947627651
82.30000000000007,0.15829069772641874
82.40000000000008,0.1474755073702923
82.50000000000007,0.13734431470729036
82.60000000000008,0.1278579558278239
82.70000000000007,0.11897921765628419
82.80000000000007,0.11067276066763249
82.90000000000008,0.10290504334099744
83.00000000000007,0.09564424840453517
83.10000000000008,0.08886021091719398
83.20000000000007,0.0825243482249141
83.30000000000007,0.07660959182103175
83.40000000000008,0.07109032113347159
83.50000000000007,0.06594229925446948
83.60000000000008,0.06114261062221054
83.70000000000007,0.056669600657848714
83.80000000000007,0.05250281735581857
83.90000000000008,0.04862295482026765
84.00000000000007,0.045011798735696766
84.10000000000008,0.0416521737555568
84.20000000000007,0.038527892788598535
84.30000000000007,0.035623708159130414
84.40000000000008,0.032925264614092696
84.50000000000007,0.030419054146894307
84.60000000000008,0.028092372605328653
84.70000000000007,0.025933278048564674
84.80000000000007,0.023930550816139946
84.90000000000008,0.022073655270123893
85.00000000000007,0.020352703170084068
85.10000000000008,0.01875841863920572
85.20000000000007,0.01728210467887074
85.30000000000007,0.015915611188144104
85.40000000000008,0.01465130444398794
85.50000000000007,0.013482037997556802
85.60000000000008,0.012401124941646467
85.70000000000007,0.011402311504249696
85.80000000000007,0.01047975192318895
85.90000000000008,0.009627984556965025
86.00000000000007,0.008841909187241375
86.10000000000008,0.008116765468783217
86.20000000000007,0.0074481124831777355
86.30000000000008,0.006831809353250606
86.40000000000008,0.006263996875780255
86.50000000000007,0.005741080130858123
86.60000000000008,0.005259712027067967
86.70000000000007,0.004816777742529875
86.80000000000008,0.004409380022781196
86.90000000000008,0.004034825297437218
87.00000000000007,0.003690610578574093
87.10000000000008,0.003374411104812757
87.20000000000007,0.0030840686961358865
87.30000000000008,0.0028175807855428596
87.40000000000008,0.0025730900947346035
87.50000000000007,0.0023488749221099855
87.60000000000008,0.0021433400124536155
87.70000000000007,0.0019550079787875557
87.80000000000008,0.0017825112479499645
87.90000000000008,0.0016245845025461428
88.00000000000007,0.0014800575929868622
88.10000000000008,0.001347848894387411
88.20000000000007,0.001226959084140659
88.30000000000008,0.001116465317000151
88.40000000000008,0.0010155157755121923
88.50000000000007,0.0009233245746154028
88.60000000000008,0.0008391670001844043
88.70000000000007,0.0007623750622264341
88.80000000000008,0.0006923333443471429
88.90000000000008,0.000628475131983195
89.00000000000009,0.0005702788027528734
89.10000000000008,0.0005172644631033438
89.20000000000007,0.00046899081623161677
89.30000000000008,0.0004250522470280715
89.40000000000008,0.00038507611053418715
89.50000000000009,0.00034872021112161385
89.60000000000008,0.00031567046028736057
89.70000000000007,0.0002856387016196583
89.80000000000008,0.00025836069212215046
89.90000000000008,0.00023359422968987769
90.00000000000009,0.00021111741711022562
90.10000000000008,0.00019072705351595677
90.20000000000007,0.00017223714474579388
90.30000000000008,0.00015547752457213543
90.40000000000008,0.00014029257923523067
90.50000000000009,0.00012654006817970707
90.60000000000008,0.00011409003432331328
90.70000000000007,0.00010282379759957661
90.80000000000008,9.263302590695093e-05
90.90000000000008,8.341887796724756e-05
91.00000000000009,7.509121294672354e-05
91.10000000000008,6.756786202484378e-05
91.20000000000007,6.0773957409018854e-05
91.30000000000008,5.464131458956198e-05
91.40000000000008,4.910786390816737e-05
91.50000000000009,4.41171277762944e-05
91.60000000000008,3.961774012760645e-05
91.70000000000007,3.556300492168196e-05
91.80000000000008,3.191049073542809e-05
91.90000000000008,2.8621658684482323e-05
92.00000000000009,2.56615211101497e-05
92.10000000000008,2.2998328648695934e-05
92.20000000000007,2.0603283469658366e-05
92.30000000000008,1.8450276628935983e-05
92.40000000000008,1.65156476312504e-05
92.50000000000009,1.4777964435753233e-05
92.60000000000008,1.3217822268597914e-05
92.70000000000009,1.1817659727686156e-05
92.80000000000008,1.0561590778079381e-05
92.90000000000008,9.435251342143125e-06
93.00000000000009,8.425659286875467e-06
93.10000000000008,7.521086702437521e-06
93.20000000000009,6.710943451095677e-06
93.30000000000008,5.985671044985396e-06
93.40000000000008,5.33664598466797e-06
93.50000000000009,4.756091758758529e-06
93.60000000000008,4.236998768257857e-06
93.70000000000009,3.773051497962449e-06
93.80000000000008,3.3585623117496666e-06
93.90000000000008,2.9884112989138267e-06
94.00000000000009,2.6579916453505796e-06
94.10000000000008,2.3631600464855885e-06
94.20000000000009,2.1001917186715502e-06
94.30000000000008,1.8657396025558047e-06
94.40000000000008,1.6567973858561554e-06
94.50000000000009,1.4706660042845288e-06
94.60000000000008,1.3049233082022033e-06
94.70000000000009,1.1573966091604024e-06
94.80000000000008,1.0261378449371889e-06
94.90000000000008,9.094011241781009e-07
95.00000000000009,8.056224324322806e-07
95.10000000000008,7.134013003781076e-07
95.20000000000009,6.314842524810817e-07
95.30000000000008,5.58749870338982e-07
95.40000000000009,4.941953196527147e-07
95.50000000000009,4.3692420322073083e-07
95.60000000000008,3.861356146820825e-07
95.70000000000009,3.411142790191806e-07
95.80000000000008,3.012216761560325e-07
95.90000000000009,2.658880534284215e-07
96.00000000000009,2.3460524132981632e-07
96.10000000000008,2.0692019481531005e-07
96.20000000000009,1.824291896376798e-07
96.30000000000008,1.607726097495868e-07
96.40000000000009,1.416302677867587e-07
96.50000000000009,1.2471720609659998e-07
96.60000000000008,1.0977993073900058e-07
96.70000000000009,9.659303540275937e-08
96.80000000000008,8.49561762891248e-08
96.90000000000009,7.469136274866992e-08
97.00000000000009,6.564053185102634e-08
97.10000000000008,5.7663378148171824e-08
97.20000000000009,5.063541268846994e-08
97.30000000000008,4.444622787508315e-08
97.40000000000009,3.899794706179987e-08
97.50000000000009,3.420383986270595e-08
97.60000000000008,2.998708603863928e-08
97.70000000000009,2.627967253081493e-08
97.80000000000008,2.302140975640373e-08
97.90000000000009,2.015905467706987e-08
98.00000000000009,1.7645529413065146e-08
98.10000000000008,1.5439225314711504e-08
98.20000000000009,1.3503383431411878e-08
98.30000000000008,1.1805543245900522e-08
98.40000000000009,1.0317052377764263e-08
98.50000000000009,9.012630713889207e-09
98.60000000000008,7.869983102205541e-09
98.70000000000009,6.869455356074926e-09
98.80000000000008,5.99372886632122e-09
98.90000000000009,5.227549612159202e-09
99.00000000000009,4.557487806476224e-09
99.1000000000001,3.971724809907602e-09
99.20000000000009,3.4598643063601187e-09
99.30000000000008,3.012765054046769e-09
99.40000000000009,2.622392814356905e-09
99.50000000000009,2.28168931926238e-09
99.6000000000001,1.9844563694404005e-09
99.70000000000009,1.7252533625691244e-09
99.80000000000008,1.4993067367495522e-09
99.90000000000009,1.3024299799403424e-09
100.00000000000009,1.1309530046370674e-09
100.1000000000001,9.816598195869268e-10
100.20000000000009,8.517335487209169e-10
100.30000000000008,7.387079531656916e-10
100.40000000000009,6.404247064876163e-10
100.50000000000009,5.549957574023034e-10
100.6000000000001,4.80770189123726e-10
100.70000000000009,4.163050512873472e-10
100.80000000000008,3.6033969982271666e-10
100.90000000000009,3.11773233050745e-10
101.00000000000009,2.6964465933299246e-10
101.1000000000001,2.3311547343181814e-10
101.20000000000009,2.0145435591102865e-10
101.30000000000008,1.7402374291893183e-10
101.40000000000009,1.5026804300104951e-10
101.50000000000009,1.2970330359030362e-10
101.6000000000001,1.11908152880149e-10
101.70000000000009,9.651586322347848e-11
101.8000000000001,8.320740030584459e-11
101.90000000000009,7.170533837398229e-11
102.00000000000009,6.176853598969432e-11
102.1000000000001,5.318747933107841e-11
102.20000000000009,4.578021116080881e-11
102.3000000000001,3.938877338864447e-11
102.40000000000009,3.387609981817603e-11
102.50000000000009,2.912330331578051e-11
102.6000000000001,2.5027308388570054e-11
102.70000000000009,2.14987861104288e-11
102.8000000000001,1.8460353582553366e-11
102.90000000000009,1.5845004738481532e-11
103.00000000000009,1.3594743375493181e-11
103.1000000000001,1.1659392878680137e-11
103.20000000000009,9.99556025763245e-12
103.3000000000001,8.56573488905912e-12
103.40000000000009,7.337504796407981e-12
103.50000000000009,6.282875439223272e-12
103.6000000000001,5.377677865677343e-12
103.70000000000009,4.601054732387837e-12
103.8000000000001,3.935014143752431e-12
103.90000000000009,3.3640425328313406e-12
104.00000000000009,2.8747689186964755e-12
104.1000000000001,2.4556738500857525e-12
104.20000000000009,2.096837198826573e-12
104.3000000000001,1.7897197135681984e-12
104.40000000000009,1.5269738978728648e-12
104.50000000000009,1.3022803480991517e-12
104.6000000000001,1.1102061858599585e-12
104.70000000000009,9.460826560159518e-13
104.8000000000001,8.058993419887876e-13
104.90000000000009,6.862127825121703e-13
105.00000000000009,5.840675638173918e-13
105.1000000000001,4.96928213980203e-13
105.20000000000009,4.226204463905922e-13
105.3000000000001,3.5928049113569965e-13
105.40000000000009,3.053114200929152e-13
105.5000000000001,2.5934551685736824e-13
105.6000000000001,2.2021186903199013e-13
105.70000000000009,1.8690847029915132e-13
105.8000000000001,1.585782151846953e-13
105.90000000000009,1.3448825236424033e-13
106.0000000000001,1.140122343649208e-13
106.1000000000001,9.661506399579126e-14
106.20000000000009,8.183979203053511e-14
106.3000000000001,6.929636764551104e-14
106.40000000000009,5.865198382427663e-14
106.5000000000001,4.9622795197718913e-14
106.6000000000001,4.1966816312014994e-14
106.70000000000009,3.547783472831488e-14
106.8000000000001,2.9980196201617365e-14
106.90000000000009,2.5324338934442277e-14
107.0000000000001,2.1382970965209023e-14
107.1000000000001,1.8047799489585892e-14
107.20000000000009,1.5226733636540734e-14
107.3000000000001,1.2841493199850788e-14
107.40000000000009,1.0825565295125097e-14
107.5000000000001,9.122459075813516e-15
107.6000000000001,7.684215676056374e-15
107.70000000000009,6.470136606887805e-15
107.8000000000001,5.445699048217975e-15
107.90000000000009,4.5816309672941614e-15
108.0000000000001,3.853122854733559e-15
108.1000000000001,3.2391561880319236e-15
108.2000000000001,2.721931584337653e-15
108.3000000000001,2.2863820538249687e-15
108.40000000000009,1.919758867976834e-15
108.5000000000001,1.6112793617226925e-15
108.6000000000001,1.351827536264514e-15
108.7000000000001,1.1336996564990735e-15
108.8000000000001,9.503881741780166e-16
108.90000000000009,7.963982820503918e-16
109.0000000000001,6.670922382287848e-16
109.1000000000001,5.585573137296642e-16
109.2000000000001,4.67493826635407e-16
109.3000000000001,3.911202482959003e-16
109.40000000000009,3.2709281306446453e-16
109.5000000000001,2.7343744410935777e-16
109.6000000000001,2.2849213318812327e-16
109.7000000000001,1.908581899350733e-16
109.8000000000001,1.593590130725499e-16
109.90000000000009,1.330052379177748e-16
110.0000000000001,1.1096528668438509e-16
110.1000000000001,9.254049471035458e-17
110.2000000000001,7.714411060240184e-17
110.3000000000001,6.428357455605959e-17
110.40000000000009,5.35455695169022e-17
110.5000000000001,4.458341672541352e-17
110.6000000000001,3.710645253040971e-17
110.7000000000001,3.087107886955499e-17
110.8000000000001,2.5673226957496326e-17
110.90000000000009,2.1342013736750742e-17
111.0000000000001,1.7734404596211422e-17
111.1000000000001,1.473072465306192e-17
111.2000000000001,1.2230885299021535e-17
111.3000000000001,1.015121338997396e-17
111.40000000000009,8.421787970385595e-18
111.5000000000001,6.984204248596815e-18
111.6000000000001,5.789697082845648e-18
111.7000000000001,4.7975668469765225e-18
111.8000000000001,3.973859513561717e-18
111.9000000000001,3.2902603708179344e-18
112.0000000000001,2.723167190864434e-18
112.1000000000001,2.252914071032394e-18
112.2000000000001,1.8631217303745473e-18
112.3000000000001,1.5401538902203377e-18
112.4000000000001,1.272662610848261e-18
112.5000000000001,1.0512081895481986e-18
112.6000000000001,8.679415276988612e-19
112.7000000000001,7.163388130469032e-19
112.8000000000001,5.9097999489296e-19
112.9000000000001,4.873639023898964e-19
113.0000000000001,4.017540102461047e-19
113.1000000000001,3.3104982612589644e-19
113.2000000000001,2.726796889534909e-19
113.3000000000001,2.2451145164528434e-19
113.4000000000001,1.8477809619237535e-19
113.5000000000001,1.5201581093354428e-19
113.6000000000001,1.2501246400739273e-19
113.7000000000001,1.0276474575198773e-19
113.8000000000001,8.444253667719561e-20
113.9000000000001,6.935929536838285e-20
114.0000000000001,5.694745969629792e-20
114.1000000000001,4.6738021238455407e-20
114.2000000000001,3.8343572103453095e-20
114.3000000000001,3.144423979683038e-20
114.4000000000001,2.577602307732685e-20
114.5000000000001,2.1121123034777494e-20
114.60000000000011,1.729993148523844e-20
114.7000000000001,1.416439541544969e-20
114.8000000000001,1.1592523453993769e-20
114.9000000000001,9.483839740506861e-21
115.0000000000001,7.755623397159087e-21
115.10000000000011,6.33979915914916e-21
115.2000000000001,5.180367497841203e-21
115.3000000000001,4.231281528485969e-21
115.4000000000001,3.454693767494163e-21
115.5000000000001,2.8195089213371365e-21
115.60000000000011,2.300189792784698e-21
115.7000000000001,1.875772449877463e-21
115.8000000000001,1.5290543272966561e-21
115.9000000000001,1.2459251761299094e-21
116.0000000000001,1.0148159611925965e-21
116.10000000000011,8.262451041363345e-22
116.2000000000001,6.724450347901681e-22
116.3000000000001,5.470549668523251e-22
116.4000000000001,4.448682606983797e-22
116.5000000000001,3.6162476183785173e-22
116.60000000000011,2.938401801075466e-22
116.7000000000001,2.3866596162591335e-22
116.8000000000001,1.9377425237750836e-22
116.9000000000001,1.5726350019920899e-22
117.0000000000001,1.275810250667617e-22
117.10000000000011,1.0345953429322709e-22
117.2000000000001,8.386509307875335e-23
117.3000000000001,6.795450130543066e-23
117.4000000000001,5.504039072640534e-23
117.5000000000001,4.456265615419429e-23
117.60000000000011,3.606508100762138e-23
117.7000000000001,2.9176220816050885e-23
117.8000000000001,2.3593775604619484e-23
117.9000000000001,1.907181978158023e-23
118.0000000000001,1.5410371415162134e-23
118.10000000000011,1.2446875916907433e-23
118.2000000000001,1.0049255687848184e-23
118.30000000000011,8.110240161140463e-24
118.4000000000001,6.542742306206801e-24
118.5000000000001,5.276090037872891e-24
118.60000000000011,4.252955742681266e-24
118.7000000000001,3.4268556475108824e-24
118.80000000000011,2.760114128298776e-24
118.9000000000001,2.2222072074050273e-24
119.0000000000001,1.7884151728013675e-24
119.10000000000011,1.4387270925817755e-24
119.2000000000001,1.1569505055184289e-24
119.30000000000011,9.299881627321464e-25
119.4000000000001,7.472507222122961e-25
119.5000000000001,6.001800403746699e-25
119.60000000000011,4.818623957703685e-25
119.7000000000001,3.8671481034066813e-25
119.80000000000011,3.102307598059128e-25
119.9000000000001,2.487741152039158e-25
120.0000000000001,1.994122373959776e-25
120.10000000000011,1.5978084165001198e-25
120.2000000000001,1.279746306791089e-25
120.30000000000011,1.024588194431401e-25
120.4000000000001,8.19975907870977e-26
120.5000000000001,6.559626616133106e-26
120.60000000000011,5.245458176471563e-26
120.7000000000001,4.192895321489174e-26
120.80000000000011,3.3502012300119785e-26
120.9000000000001,2.675802465800678e-26
121.00000000000011,2.1363061350092036e-26
121.10000000000011,1.7049011667690222e-26
121.2000000000001,1.360069841186689e-26
121.30000000000011,1.0845497914637275e-26
121.4000000000001,8.64498137778799e-27
121.50000000000011,6.888186721105491e-27
121.60000000000011,5.486205138112387e-27
121.7000000000001,4.367827276543917e-27
121.80000000000011,3.47604309311777e-27
121.9000000000001,2.7652291715788714e-27
122.00000000000011,2.1988894214795286e-27
122.10000000000011,1.747841039168843e-27
122.2000000000001,1.3887585857781162e-27
122.30000000000011,1.1030059716430423e-27
122.4000000000001,8.756998044048643e-28
122.50000000000011,6.949585844726714e-28
122.60000000000011,5.513011232433382e-28
122.7000000000001,4.371647266733848e-28
122.80000000000011,3.4651946147294233e-28
122.9000000000001,2.745594719023581e-28
123.00000000000011,2.1745605906121056e-28
123.10000000000011,1.7216024718611647e-28
123.2000000000001,1.3624498461765115e-28
123.30000000000011,1.077790752701802e-28
123.4000000000001,8.522650207106256e-29
123.50000000000011,6.736606150530802e-29
123.60000000000011,5.322723825363926e-29
123.7000000000001,4.203905942993922e-29
123.80000000000011,3.318931817762126e-29
123.9000000000001,2.619207783913885e-29
124.00000000000011,2.0661785902371267e-29
124.10000000000011,1.629266183794831e-29
124.2000000000001,1.2842291170844396e-29
124.30000000000011,1.0118572862567084e-29
124.4000000000001,7.96933891288746e-30
124.50000000000011,6.274102534615938e-30
124.60000000000011,4.937501146431314e-30
124.70000000000012,3.884088253205942e-30
124.80000000000011,3.0541984420087035e-30
124.9000000000001,2.4006657445033033e-30
125.00000000000011,1.886220332051533e-30
125.10000000000011,1.4814241853246608e-30
125.20000000000012,1.16303483113498e-30
125.30000000000011,9.127089189051676e-31
125.4000000000001,7.159754806697295e-31
125.50000000000011,5.614231119655739e-31
125.60000000000011,4.400567701053618e-31
125.70000000000012,3.4478900546866127e-31
125.80000000000011,2.70037695340453e-31
125.9000000000001,2.1140811754139714e-31
126.00000000000011,1.654417851712896e-31
126.10000000000011,1.2941810557991877e-31
126.20000000000012,1.0119781865226513e-31
126.30000000000011,7.909946505482051e-32
126.4000000000001,6.18019564610523e-32
126.50000000000011,4.8267764296110834e-32
126.60000000000011,3.768238869831189e-32
126.70000000000012,2.940667684382626e-32
126.80000000000011,2.293927855885816e-32
126.9000000000001,1.7887096236236985e-32
127.00000000000011,1.3942036461719365e-32
127.10000000000011,1.0862727048058978e-32
127.20000000000012,8.460144911249947e-33
127.30000000000011,6.586322910208021e-33
127.40000000000012,5.125479710178834e-33
127.50000000000011,3.9870556761341353e-33
127.60000000000011,3.1002474869737296e-33
127.70000000000012,2.4097207102110354e-33
127.80000000000011,1.872247841033501e-33
127.90000000000012,1.4540731293108748e-33
128.0000000000001,1.128847931736171e-33
128.1000000000001,8.76013736985665e-34
128.2000000000001,6.795363194465557e-34
128.30000000000013,5.269151830079124e-34
128.40000000000012,4.084087465337467e-34
128.5000000000001,3.1642853324958267e-34
128.6000000000001,2.4506569633164477e-34
128.7000000000001,1.8972112542416736e-34
128.80000000000013,1.4681659329669418e-34
128.90000000000012,1.1356928069288862e-34
129.0000000000001,8.781584606162655e-35
129.1000000000001,6.787521009407734e-35
129.2000000000001,5.24415797685756e-35
129.30000000000013,4.0501082163677794e-35
129.40000000000012,3.126682414635631e-35
129.5000000000001,2.4128326268784414e-35
129.6000000000001,1.8612165467371802e-35
129.7000000000001,1.4351354592791162e-35
129.80000000000013,1.1061529134416221e-35
129.90000000000012,8.522435482845723e-36
130.0000000000001,6.563546388966833e-36
130.1000000000001,5.052888071303708e-36
130.2000000000001,3.8883654841262654e-36
130.30000000000013,2.9910299574923778e-36
130.40000000000012,2.2998564447389318e-36
130.5000000000001,1.767693546633921e-36
130.6000000000001,1.358124258460611e-36
130.7000000000001,1.0430336479282795e-36
130.80000000000013,8.007250465374743e-37
130.90000000000012,6.1446166043965276e-37
131.0000000000001,4.713379938989348e-37
131.1000000000001,3.614068586526032e-37
131.2000000000001,2.7700436555589076e-37
131.30000000000013,2.1222821391241152e-37
131.40000000000012,1.6253462997638114e-37
131.5000000000001,1.2442709932658537e-37
131.6000000000001,9.521608685059817e-38
131.7000000000001,7.283363132412363e-38
131.80000000000013,5.569034137452464e-38
131.90000000000012,4.256514124712148e-38
132.0000000000001,3.252030124286111e-38
132.1000000000001,2.483598124083236e-38
132.2000000000001,1.895982692614441e-38
132.30000000000013,1.4468173104392005e-38
132.40000000000012,1.1036193490859626e-38
132.5000000000001,8.414943379887789e-39
132.6000000000001,6.413710787226793e-39
132.70000000000013,4.8864541592264124e-39
132.80000000000013,3.7213846988659206e-39
132.90000000000012,2.8329674753986586e-39
133.0000000000001,2.1557822493386843e-39
133.1000000000001,1.6398135735124177e-39
133.20000000000013,1.246838903315189e-39
133.30000000000013,9.476598787679928e-40
133.40000000000012,7.199808183553988e-40
133.5000000000001,5.467838017873101e-40
133.6000000000001,4.150846150107533e-40
133.70000000000013,3.149806792792965e-40
133.80000000000013,2.38922734155392e-40
133.90000000000012,1.8115791725379915e-40
134.0000000000001,1.3730408053682186e-40
134.1000000000001,1.0402455140560229e-40
134.20000000000013,7.877973965183064e-41
134.30000000000013,5.963751146518085e-41
134.40000000000012,4.512848634517309e-41
134.5000000000001,3.413565993266157e-41
134.6000000000001,2.5810244687321795e-41
134.70000000000013,1.950752725827273e-41
134.80000000000013,1.473800180251158e-41
134.90000000000012,1.113015648536201e-41
135.0000000000001,8.402145881382951e-42
135.1000000000001,6.340236341675536e-42
135.20000000000013,4.782411685349579e-42
135.30000000000013,3.6059089190138717e-42
135.40000000000012,2.7177457725973164e-42
135.5000000000001,2.0475248777198195e-42
135.6000000000001,1.541969657074881e-42
135.70000000000013,1.1607768829713119e-42
135.80000000000013,8.734699236488186e-43
135.90000000000012,6.570122129879775e-43
136.0000000000001,4.939980242520608e-43
136.1000000000001,3.7128146029014744e-43
136.20000000000013,2.789379451904804e-43
136.30000000000013,2.094779008877231e-43
136.40000000000012,1.5725161395356074e-43
136.5000000000001,1.179989905201042e-43
136.6000000000001,8.850906533121241e-44
136.70000000000013,6.636261629086543e-44
136.80000000000013,4.973768029348739e-44
136.90000000000012,3.7262658441473283e-44
137.0000000000001,2.7905411243957337e-44
137.1000000000001,2.0889560400457631e-44
137.20000000000013,1.563134889230213e-44
137.30000000000013,1.1692029292562059e-44
137.40000000000012,8.741976104255965e-45
137.5000000000001,6.53364626025123e-45
137.6000000000001,4.881214607152562e-45
137.70000000000013,3.645242869892807e-45
137.80000000000013,2.721142706107123e-45
137.90000000000012,2.030497455572949e-45
138.0000000000001,1.514536914831563e-45
138.1000000000001,1.129232993991842e-45
138.20000000000013,8.41615134883205e-46
138.30000000000013,6.270032573237648e-46
138.40000000000012,4.66930603574474e-46
138.5000000000001,3.475851102425026e-46
138.60000000000014,2.586403449218317e-46
138.70000000000013,1.923789986127735e-46
138.80000000000013,1.430359915707922e-46
138.90000000000012,1.0630636894227812e-46
139.0000000000001,7.897679765772838e-47
139.10000000000014,5.864973279980012e-47
139.20000000000013,4.3537033890436975e-47
139.30000000000013,3.230560808759681e-47
139.40000000000012,2.3962012182398637e-47
139.5000000000001,1.7766215729230244e-47
139.60000000000014,1.3167182656281469e-47
139.70000000000013,9.754770837763991e-48
139.80000000000013,7.223830789801126e-48
139.90000000000012,5.347420542113664e-48
140.0000000000001,3.956830054680965e-48
140.10000000000014,2.926690094624357e-48
140.20000000000013,2.1638759488941847e-48
140.30000000000013,1.599242284553511e-48
140.40000000000012,1.1814693260227785e-48
140.5000000000001,8.724828911549172e-49
140.60000000000014,6.4404716138818784e-49
140.70000000000013,4.752309355035634e-49
140.80000000000013,3.505242098451725e-49
140.90000000000012,2.5843874094017116e-49
141.0000000000001,1.9046864682426724e-49
141.10000000000014,1.403187342229069e-49
141.20000000000013,1.0333182567422093e-49
141.30000000000013,7.60639420239541e-50
141.40000000000012,5.59692951517255e-50
141.5000000000001,4.116680180178309e-50
141.60000000000014,3.026709232857571e-50
141.70000000000013,2.2244392871844942e-50
141.80000000000013,1.6341679710859892e-50
141.90000000000012,1.2000493718752908e-50
142.0000000000001,8.809024458986769e-51
142.10000000000014,6.463723941654675e-51
142.20000000000013,4.7409357119566074e-51
142.30000000000013,3.4759347455257956e-51
142.40000000000012,2.5474486908208692e-51
142.5000000000001,1.8662316839787253e-51
142.60000000000014,1.3666331577748192e-51
142.70000000000013,1.000379148464122e-51
142.80000000000013,7.31987374715438e-52
142.90000000000012,5.353882457654128e-52
143.0000000000001,3.914356316797909e-52
143.10000000000014,2.860738510324878e-52
143.20000000000013,2.0898843352776032e-52
143.30000000000013,1.5261338363657307e-52
143.40000000000012,1.114010474032125e-52
143.5000000000001,8.128533672676766e-53
143.60000000000014,5.928726638472109e-53
143.70000000000013,4.322519148039572e-53
143.80000000000013,3.150204209088095e-53
143.90000000000012,2.294915880860824e-53
144.0000000000001,1.6711718722140874e-53
144.10000000000014,1.2164709595655237e-53
144.20000000000013,8.851332515795594e-54
144.30000000000013,6.437864753082786e-54
144.40000000000012,4.680597794670689e-54
144.5000000000001,3.401630060522459e-54
144.60000000000014,2.471150068179504e-54
144.70000000000013,1.794475121125729e-54
144.80000000000013,1.3025729205969671e-54
144.90000000000012,9.451330089470046e-55
145.0000000000001,6.85504167463822e-55
145.10000000000014,4.969967511110911e-55
145.20000000000013,3.601830591035588e-55
145.30000000000013,2.6092716585858648e-55
145.40000000000012,1.8894769316510365e-55
145.50000000000014,1.3676978783910921e-55
145.60000000000014,9.896121862471577e-56
145.70000000000013,7.157579463002349e-56
145.80000000000013,5.1748004118641035e-56
145.90000000000012,3.739790827241884e-56
146.00000000000014,2.701638908444353e-56
146.10000000000014,1.9508935583272861e-56
146.20000000000013,1.4082058021193166e-56
146.30000000000013,1.0160731290835891e-56
146.40000000000012,7.328415511679708e-57
146.50000000000014,5.283497260352238e-57
146.60000000000014,3.8076688407442033e-57
146.70000000000013,2.742983124546197e-57
146.80000000000013,1.9752104910904802e-57
146.90000000000012,1.4217718580578231e-57
147.00000000000014,1.0229931509033895e-57
147.10000000000014,7.357695670970474e-58
147.20000000000013,5.289774970149127e-58
147.30000000000013,3.801533800291138e-58
147.40000000000012,2.73090628781103e-58
147.50000000000014,1.9610154746341415e-58
147.60000000000014,1.4076073513957888e-58
147.70000000000013,1.0099696287121134e-58
147.80000000000013,7.243715486743039e-59
147.90000000000012,5.193268014550246e-59
148.00000000000014,3.721742918343304e-59
148.10000000000014,2.6661113717435806e-59
148.20000000000013,1.9091343252594061e-59
148.30000000000013,1.366535653575585e-59
148.40000000000012,9.77758793238469e-60
148.50000000000014,6.993084496736591e-60
148.60000000000014,4.999563669089895e-60
148.70000000000013,3.5729070108695374e-60
148.80000000000013,2.5523345852293124e-60
148.90000000000012,1.8225513766570252e-60
149.00000000000014,1.30091294772699e-60
149.10000000000014,9.28203015184722e-61
149.20000000000013,6.62009155559688e-61
149.30000000000013,4.719666360553999e-61
149.40000000000012,3.363449289119163e-61
149.50000000000014,2.3959886240004283e-61
149.60000000000014,1.7061252148284335e-61
149.70000000000013,1.2144044037082764e-61
149.80000000000013,8.64056312914375e-62
149.90000000000012,6.145355962193376e-62
150.00000000000014,4.368962554734595e-62
150.10000000000014,3.1048161108026828e-62
150.20000000000013,2.2055643139680978e-62
150.30000000000013,1.5661373662930409e-62
150.40000000000012,1.1116453581861407e-62
150.50000000000014,7.88731068967892e-63
150.60000000000014,5.593941499952141e-63
150.70000000000013,3.9658216046131344e-63
150.80000000000013,2.8104425406399814e-63
150.90000000000012,1.9908682886725458e-63
