489.1417999522559,8.428197589947411e-16
489.2417999522559,9.01744613333532e-16
489.34179995225594,9.647211100846093e-16
489.44179995225596,1.0320230189298366e-15
489.541799952256,1.1039422720302486e-15
489.641799952256,1.1807901458916727e-15
489.74179995225603,1.2628985185792715e-15
489.84179995225605,1.3506212069814253e-15
489.9417999522561,1.44433538911e-15
490.0417999522561,1.5444431167276041e-15
490.1417999522561,1.651372923913963e-15
490.24179995225614,1.7655815375240998e-15
490.34179995225617,1.887555695851975e-15
490.4417999522562,2.0178140821951593e-15
490.5417999522562,2.1569093804208335e-15
490.64179995225624,2.3054304600619836e-15
490.74179995225626,2.4640046989262196e-15
490.8417999522563,2.6333004516801707e-15
490.9417999522563,2.81402967338066e-15
491.0417999522563,3.0069507074627334e-15
491.14179995225635,3.212871248263628e-15
491.2417999522564,3.4326514887654796e-15
491.3417999522564,3.667207464877741e-15
491.4417999522564,3.917514608254945e-15
491.54179995225644,4.184611520361237e-15
491.64179995225646,4.469603981248062e-15
491.7417999522565,4.773669207312181e-15
491.8417999522565,5.098060373146488e-15
491.94179995225653,5.444111413492396e-15
492.04179995225655,5.813242122247877e-15
492.1417999522566,6.206963566487259e-15
492.2417999522566,6.626883834507514e-15
492.3417999522566,7.074714138035486e-15
492.44179995225664,7.55227528991334e-15
492.54179995225667,8.061504579832092e-15
492.6417999522567,8.604463072005869e-15
492.7417999522567,9.183343350076465e-15
492.84179995225674,9.80047773601853e-15
492.94179995225676,1.0458347011375133e-14
493.0417999522568,1.1159589670805968e-14
493.1417999522568,1.1907011739674704e-14
493.2417999522568,1.2703597189243973e-14
493.34179995225685,1.3552518984995571e-14
493.4417999522569,1.4457150805648747e-14
493.5417999522569,1.5421079472624634e-14
493.6417999522569,1.644811813199696e-14
493.74179995225694,1.754232023339764e-14
493.84179995225696,1.8707994352901335e-14
493.941799952257,1.99497199096196e-14
494.041799952257,2.1272363828588746e-14
494.14179995225703,2.268109820554777e-14
494.24179995225705,2.4181419032386436e-14
494.3417999522571,2.5779166045399327e-14
494.4417999522571,2.7480543762030673e-14
494.5417999522571,2.9292143775529534e-14
494.64179995225714,3.1220968380890495e-14
494.74179995225717,3.3274455609615507e-14
494.8417999522572,3.5460505755233606e-14
494.9417999522572,3.7787509476148266e-14
495.04179995225724,4.02643775672821e-14
495.14179995225726,4.2900572497142064e-14
495.2417999522573,4.5706141812384285e-14
495.3417999522573,4.8691753517685544e-14
495.4417999522573,5.186873354480121e-14
495.54179995225735,5.5249105431059973e-14
495.6417999522574,5.884563233429219e-14
495.7417999522574,6.267186151828057e-14
495.8417999522574,6.674217145030923e-14
495.94179995225744,7.107182166028256e-14
496.04179995225746,7.567700551918838e-14
496.1417999522575,8.057490610346661e-14
496.2417999522575,8.57837553210607e-14
496.34179995225753,9.132289648468064e-14
496.44179995225755,9.721285052805825e-14
496.5417999522576,1.0347538607177904e-13
496.6417999522576,1.1013359355666933e-13
496.7417999522576,1.1721196367470452e-13
496.84179995225765,1.2473647034004542e-13
496.94179995225767,1.3273465845610884e-13
497.0417999522577,1.4123573674859875e-13
497.1417999522577,1.502706759491793e-13
497.24179995225774,1.5987231263001142e-13
497.34179995225776,1.7007545900572936e-13
497.4417999522578,1.8091701903667967e-13
497.5417999522578,1.9243611118533731e-13
497.6417999522578,2.0467419819694604e-13
497.74179995225785,2.1767522429547835e-13
497.8417999522579,2.314857602071835e-13
497.9417999522579,2.4615515644621014e-13
498.0417999522579,2.6173570532021754e-13
498.14179995225794,2.7828281213852107e-13
498.24179995225796,2.9585517613120605e-13
498.341799952258,3.145149816149429e-13
498.441799952258,3.3432809996984084e-13
498.54179995225803,3.5536430302192556e-13
498.64179995225805,3.7769748845743123e-13
498.7417999522581,4.0140591792856423e-13
498.8417999522581,4.265724685453372e-13
498.9417999522581,4.5328489848505735e-13
499.04179995225815,4.816361274897261e-13
499.14179995225817,5.117245330624081e-13
499.2417999522582,5.436542632164178e-13
499.3417999522582,5.775355666762198e-13
499.44179995225824,6.134851414761963e-13
499.54179995225826,6.51626502953201e-13
499.6417999522583,6.920903721810466e-13
499.7417999522583,7.3501508594984e-13
499.8417999522583,7.805470294509586e-13
499.94179995225835,8.288410928887844e-13
500.0417999522584,8.800611533040596e-13
500.1417999522584,9.343805829605417e-13
500.2417999522584,9.919827857167187e-13
500.34179995225844,1.0530617628781447e-12
500.44179995225846,1.1178227101031359e-12
500.5417999522585,1.1864826470160695e-12
500.6417999522585,1.2592710812674412e-12
500.74179995225853,1.3364307088696961e-12
500.84179995225855,1.418218152731517e-12
500.9417999522586,1.5049047414120803e-12
501.0417999522586,1.5967773302200384e-12
501.1417999522586,1.6941391668908013e-12
501.24179995225865,1.7973108041894355e-12
501.34179995225867,1.9066310619061212e-12
501.4417999522587,2.0224580408364737e-12
501.5417999522587,2.1451701914705295e-12
501.64179995225874,2.2751674402522585e-12
501.74179995225876,2.4128723764159997e-12
501.8417999522588,2.5587315025580625e-12
501.9417999522588,2.7132165522607788e-12
502.0417999522588,2.8768258782531216e-12
502.14179995225885,3.0500859147668328e-12
502.2417999522589,3.2335527179304545e-12
502.3417999522589,3.4278135882357297e-12
502.4417999522589,3.6334887793121303e-12
502.54179995225894,3.8512332974566315e-12
502.64179995225896,4.081738796586898e-12
502.741799952259,4.325735573517625e-12
502.841799952259,4.5839946687028945e-12
502.94179995225903,4.857330077841718e-12
503.04179995225905,5.1466010800102884e-12
503.1417999522591,5.452714688263722e-12
503.2417999522591,5.77662822894225e-12
503.3417999522591,6.119352056223366e-12
503.44179995225915,6.481952408781187e-12
503.54179995225917,6.865554415751151e-12
503.6417999522592,7.271345259548059e-12
503.7417999522592,7.700577503455161e-12
503.84179995225924,8.154572592285284e-12
503.94179995225926,8.634724534819188e-12
504.0417999522593,9.142503777148134e-12
504.1417999522593,9.679461276488081e-12
504.2417999522593,1.0247232785496227e-11
504.34179995225935,1.084754335760268e-11
504.4417999522594,1.1482212084376335e-11
504.5417999522594,1.2153157076472376e-11
504.6417999522594,1.2862400700262788e-11
504.74179995225944,1.3612075082828861e-11
504.84179995225946,1.4404427898600496e-11
504.9417999522595,1.524182845155945e-11
505.0417999522595,1.6126774067585466e-11
505.14179995225953,1.706189681221527e-11
505.24179995225956,1.8049970549808985e-11
505.3417999522596,1.909391836087169e-11
505.4417999522596,2.0196820335071022e-11
505.5417999522596,2.1361921758314174e-11
505.64179995225965,2.2592641713113423e-11
505.74179995225967,2.3892582112367677e-11
505.8417999522597,2.5265537187632237e-11
505.9417999522597,2.6715503453930313e-11
506.04179995225974,2.824669017419122e-11
506.14179995225976,2.986353034746972e-11
506.2417999522598,3.1570692246223854e-11
506.3417999522598,3.337309152910301e-11
506.4417999522598,3.527590395691348e-11
506.54179995225985,3.728457874071295e-11
506.6417999522599,3.940485255231379e-11
506.7417999522599,4.164276422886574e-11
506.8417999522599,4.400467020464627e-11
506.94179995225994,4.6497260704696744e-11
507.04179995225996,4.912757673652709e-11
507.14179995226,5.190302791776267e-11
507.24179995226,5.483141117933e-11
507.34179995226003,5.792093038557285e-11
507.44179995226006,6.118021691456714e-11
507.5417999522601,6.461835124385636e-11
507.6417999522601,6.824488558887375e-11
507.7417999522601,7.206986764343543e-11
507.84179995226015,7.610386547391835e-11
507.94179995226017,8.035799362104036e-11
508.0417999522602,8.48439404655765e-11
508.1417999522602,8.95739969168561e-11
508.24179995226024,9.456108648551233e-11
508.34179995226026,9.981879680467529e-11
508.4417999522603,1.053614126666613e-10
508.5417999522603,1.1120395064516521e-10
508.6417999522603,1.1736219537606058e-10
508.74179995226035,1.2385273757312864e-10
508.8417999522604,1.30693013858401e-10
508.9417999522604,1.3790134849027691e-10
509.0417999522604,1.454969970762481e-10
509.14179995226044,1.535001923608147e-10
509.24179995226046,1.6193219218316434e-10
509.3417999522605,1.7081532970326626e-10
509.4417999522605,1.8017306599933472e-10
509.54179995226053,1.9003004514405997e-10
509.64179995226056,2.004121518716418e-10
509.7417999522606,2.1134657195250498e-10
509.8417999522606,2.228618553975836e-10
509.9417999522606,2.3498798261929577e-10
510.04179995226065,2.47756433681787e-10
510.14179995226067,2.612002607786425e-10
510.2417999522607,2.7535416408222505e-10
510.3417999522607,2.9025457111483127e-10
510.44179995226074,3.059397197983387e-10
510.54179995226076,3.2244974534553584e-10
510.6417999522608,3.398267711633069e-10
510.7417999522608,3.5811500394496497e-10
510.8417999522608,3.7736083313648437e-10
510.94179995226085,3.97612934969139e-10
511.0417999522609,4.1892238125910227e-10
511.1417999522609,4.4134275318292265e-10
511.2417999522609,4.649302602465236e-10
511.34179995226094,4.897438646743519e-10
511.44179995226096,5.158454114547675e-10
511.541799952261,5.432997642874636e-10
511.641799952261,5.721749476888828e-10
511.74179995226103,6.025422955220927e-10
511.84179995226106,6.344766062285777e-10
511.9417999522611,6.680563050506737e-10
512.041799952261,7.033636135452474e-10
512.1417999522612,7.404847267015904e-10
512.2417999522611,7.795099979884345e-10
512.3417999522612,8.205341326702352e-10
512.4417999522611,8.636563897429688e-10
512.5417999522613,9.089807928588242e-10
512.6417999522612,9.566163506181988e-10
512.7417999522613,1.0066772866289416e-09
512.8417999522612,1.0592832797420806e-09
512.9417999522614,1.1145597148966442e-09
513.0417999522613,1.1726379450161964e-09
513.1417999522614,1.2336555644247183e-09
513.2417999522613,1.2977566942602995e-09
513.3417999522615,1.365092280392162e-09
513.4417999522614,1.4358204043578402e-09
513.5417999522615,1.5101066078668262e-09
513.6417999522614,1.5881242314287652e-09
513.7417999522615,1.6700547676963289e-09
513.8417999522615,1.7560882301252313e-09
513.9417999522616,1.8464235375884269e-09
514.0417999522615,1.9412689155947814e-09
514.1417999522616,2.0408423147997e-09
514.2417999522615,2.145371847508996e-09
514.3417999522617,2.255096242918004e-09
514.4417999522616,2.3702653218418117e-09
514.5417999522617,2.491140491736937e-09
514.6417999522616,2.6179952628291804e-09
514.7417999522618,2.751115786210254e-09
514.8417999522617,2.890801414781222e-09
514.9417999522618,3.037365287971928e-09
515.0417999522617,3.1911349411822934e-09
515.1417999522619,3.352452940946399e-09
515.2417999522618,3.521677546837263e-09
515.3417999522619,3.6991834011903074e-09
515.4417999522618,3.885362247740882e-09
515.541799952262,4.0806236803360386e-09
515.6417999522619,4.285395922898601e-09
515.741799952262,4.500126641892167e-09
515.8417999522619,4.7252837925532515e-09
515.941799952262,4.961356500233726e-09
516.041799952262,5.208855978214281e-09
516.1417999522621,5.468316483432834e-09
516.241799952262,5.740296311589943e-09
516.3417999522621,6.0253788331823786e-09
516.441799952262,6.324173572035645e-09
516.5417999522622,6.637317328001015e-09
516.6417999522621,6.965475345503256e-09
516.7417999522622,7.309342529728036e-09
516.8417999522621,7.669644712257451e-09
516.9417999522623,8.047139968074229e-09
517.0417999522622,8.442619985874287e-09
517.1417999522623,8.8569114937478e-09
517.2417999522622,9.290877742308554e-09
517.3417999522624,9.745420047480766e-09
517.4417999522623,1.0221479395172273e-08
517.5417999522624,1.0720038110202313e-08
517.6417999522623,1.1242121591871144e-08
517.7417999522625,1.1788800118709404e-08
517.8417999522624,1.2361190724963438e-08
517.9417999522625,1.2960459151534747e-08
518.0417999522624,1.3587821874108833e-08
518.1417999522625,1.4244548211385078e-08
518.2417999522625,1.4931962516332324e-08
518.3417999522626,1.5651446453587237e-08
518.4417999522625,1.640444136612246e-08
518.5417999522626,1.7192450734519143e-08
518.6417999522625,1.80170427321864e-08
518.7417999522627,1.8879852880093315e-08
518.8417999522626,1.9782586804584724e-08
518.9417999522627,2.0727023102091827e-08
519.0417999522626,2.1715016314551616e-08
519.1417999522628,2.2748500019607152e-08
519.2417999522627,2.3829490039659345e-08
519.3417999522628,2.4960087774119618e-08
519.4417999522627,2.6142483659206344e-08
519.5417999522629,2.7378960759929e-08
519.6417999522628,2.8671898498890416e-08
519.7417999522629,3.0023776526863036e-08
519.8417999522628,3.14371787400762e-08
519.941799952263,3.291479744949926e-08
520.0417999522629,3.4459437707381316e-08
520.141799952263,3.607402179668259e-08
520.2417999522629,3.776159388899963e-08
520.341799952263,3.952532487699062e-08
520.441799952263,4.1368517387263404e-08
520.5417999522631,4.329461098012531e-08
520.641799952263,4.5307187542538374e-08
520.7417999522631,4.7409976881094886e-08
520.841799952263,4.9606862521759356e-08
520.9417999522632,5.190188772362905e-08
521.0417999522631,5.429926171388643e-08
521.1417999522632,5.680336615165827e-08
521.2417999522631,5.941876182840234e-08
521.3417999522633,6.215019561302672e-08
521.4417999522632,6.500260764983429e-08
521.5417999522633,6.798113881801486e-08
521.6417999522632,7.109113846127549e-08
521.7417999522634,7.433817239687444e-08
521.8417999522633,7.772803121317514e-08
521.9417999522634,8.126673886555914e-08
522.0417999522633,8.496056158036557e-08
522.1417999522635,8.881601707730362e-08
522.2417999522634,9.283988412058061e-08
522.3417999522635,9.703921240983377e-08
522.4417999522634,1.0142133282171624e-07
522.5417999522635,1.0599386801389485e-07
522.6417999522635,1.1076474340295167e-07
522.7417999522636,1.1574219852865224e-07
522.8417999522635,1.2093479881674236e-07
522.9417999522636,1.2635144775348043e-07
523.0417999522635,1.3200139948476978e-07
523.1417999522637,1.3789427185387846e-07
523.2417999522636,1.4404005989134655e-07
523.3417999522637,1.5044914977189153e-07
523.4417999522636,1.5713233325268083e-07
523.5417999522638,1.6410082260864162e-07
523.6417999522637,1.7136626607998772e-07
523.7417999522638,1.789407638485338e-07
523.8417999522637,1.8683688455882263e-07
523.9417999522639,1.9506768240158078e-07
524.0417999522638,2.0364671477641003e-07
524.1417999522639,2.1258806055222612e-07
524.2417999522638,2.219063389432671e-07
524.341799952264,2.3161672902022627e-07
524.4417999522639,2.417349898752911e-07
524.541799952264,2.5227748146173005e-07
524.6417999522639,2.6326118612781113e-07
524.741799952264,2.7470373086682866e-07
524.841799952264,2.866234103040727e-07
524.9417999522641,2.9903921044369915e-07
525.041799952264,3.119708331974201e-07
525.1417999522641,3.254387217192226e-07
525.241799952264,3.394640865691583e-07
525.3417999522642,3.540689327317065e-07
525.4417999522641,3.692760875129371e-07
525.5417999522642,3.851092293433149e-07
525.6417999522641,4.0159291751159687e-07
525.7417999522643,4.187526228580872e-07
525.8417999522642,4.366147594539294e-07
525.9417999522643,4.5520671729621246e-07
526.0417999522642,4.745568960468533e-07
526.1417999522644,4.946947398465623e-07
526.2417999522643,5.156507732332312e-07
526.3417999522644,5.374566381976166e-07
526.4417999522643,5.60145132407073e-07
526.5417999522645,5.83750248631864e-07
526.6417999522644,6.083072154062647e-07
526.7417999522645,6.338525389606677e-07
526.8417999522644,6.604240464584472e-07
526.9417999522645,6.880609305755553e-07
527.0417999522645,7.168037954581377e-07
527.1417999522646,7.466947040980225e-07
527.2417999522645,7.777772271629343e-07
527.3417999522646,8.100964933232267e-07
527.4417999522645,8.436992411135923e-07
527.5417999522647,8.786338723735757e-07
527.6417999522646,9.149505073069767e-07
527.7417999522647,9.527010412060764e-07
527.8417999522646,9.91939202882469e-07
527.9417999522648,1.0327206148525553e-06
528.0417999522647,1.0751028553212904e-06
528.1417999522648,1.1191455220143883e-06
528.2417999522647,1.1649102979044246e-06
528.3417999522649,1.2124610188832848e-06
528.4417999522648,1.261863743428274e-06
528.5417999522649,1.313186824316687e-06
528.6417999522648,1.366500982437989e-06
528.741799952265,1.4218793827608656e-06
528.8417999522649,1.4793977125062281e-06
528.941799952265,1.5391342615859102e-06
529.0417999522649,1.6011700053600588e-06
529.141799952265,1.6655886897755717e-06
529.241799952265,1.7324769189405643e-06
529.3417999522651,1.8019242451998172e-06
529.441799952265,1.8740232617682421e-06
529.5417999522651,1.948869697990007e-06
529.641799952265,2.026562517282388e-06
529.7417999522652,2.1072040178347997e-06
529.8417999522651,2.1908999361240766e-06
529.9417999522652,2.2777595533193557e-06
530.0417999522651,2.3678958046396766e-06
530.1417999522653,2.461425391740586e-06
530.2417999522652,2.558468898194937e-06
530.3417999522653,2.659150908147132e-06
530.4417999522652,2.7636001282081297e-06
530.5417999522654,2.871949512673512e-06
530.6417999522653,2.9843363921339687e-06
530.7417999522654,3.100902605563665e-06
530.8417999522653,3.221794635957884e-06
530.9417999522655,3.34716374960869e-06
531.0417999522654,3.4771661390918993e-06
531.1417999522655,3.611963070057453e-06
531.2417999522654,3.7517210318985725e-06
531.3417999522655,3.89661189239495e-06
531.4417999522655,4.046813056407389e-06
531.5417999522656,4.202507628722698e-06
531.6417999522655,4.363884581127903e-06
531.7417999522656,4.531138923816184e-06
531.8417999522655,4.70447188120557e-06
531.9417999522657,4.884091072276064e-06
532.0417999522656,5.070210695508176e-06
532.1417999522657,5.263051718532163e-06
532.2417999522656,5.462842072572455e-06
532.3417999522658,5.669816851800363e-06
532.4417999522657,5.88421851768118e-06
532.5417999522658,6.106297108432234e-06
532.6417999522657,6.336310453679687e-06
532.7417999522659,6.574524394434318e-06
532.8417999522658,6.821213008475474e-06
532.9417999522659,7.076658841267037e-06
533.0417999522658,7.341153142496037e-06
533.141799952266,7.6149961083614745e-06
533.2417999522659,7.898497129704931e-06
533.341799952266,8.191975046114487e-06
533.4417999522659,8.495758406094635e-06
533.541799952266,8.8101857334369e-06
533.641799952266,9.135605799885369e-06
533.7417999522661,9.472377904235201e-06
533.841799952266,9.820872157958978e-06
533.9417999522661,1.0181469777502685e-05
534.041799952266,1.0554563383346893e-05
534.1417999522662,1.094055730597841e-05
534.2417999522661,1.1339867898867856e-05
534.3417999522662,1.1752923858603011e-05
534.4417999522661,1.2180166552272503e-05
534.5417999522663,1.2622050352253653e-05
534.6417999522662,1.3079042978498926e-05
534.7417999522663,1.3551625848478047e-05
534.8417999522662,1.4040294434869938e-05
534.9417999522664,1.4545558631165058e-05
535.0417999522663,1.506794312527116e-05
535.1417999522664,1.5607987781286824e-05
535.2417999522663,1.6166248029534296e-05
535.3417999522665,1.6743295265019922e-05
535.4417999522664,1.7339717254411288e-05
535.5417999522665,1.795611855170321e-05
535.6417999522664,1.8593120922660004e-05
535.7417999522665,1.9251363778208673e-05
535.8417999522665,1.9931504616868405e-05
535.9417999522666,2.0634219476394452e-05
536.0417999522665,2.1360203394718323e-05
536.1417999522666,2.2110170880366145e-05
536.2417999522665,2.2884856392432758e-05
536.3417999522667,2.3685014830297446e-05
536.4417999522666,2.451142203315452e-05
536.5417999522667,2.5364875289546693e-05
536.6417999522666,2.6246193856971805e-05
536.7417999522668,2.7156219491751708e-05
536.8417999522667,2.809581698923032e-05
536.9417999522668,2.9065874734490693e-05
537.0417999522667,3.0067305263653807e-05
537.1417999522669,3.110104583595148e-05
537.2417999522668,3.2168059016627354e-05
537.3417999522669,3.326933327086429e-05
537.4417999522668,3.440588356878241e-05
537.541799952267,3.557875200170856e-05
537.6417999522669,3.678900840975492e-05
537.741799952267,3.8037751020908307e-05
537.8417999522669,3.9326107101659866e-05
537.941799952267,4.065523361937799e-05
538.041799952267,4.202631791644547e-05
538.1417999522671,4.34405783963648e-05
538.241799952267,4.489926522184221e-05
538.3417999522671,4.640366102505614e-05
538.441799952267,4.79550816301102e-05
538.5417999522672,4.955487678787553e-05
538.6417999522671,5.120443092321249e-05
538.7417999522672,5.290516389477681e-05
538.8417999522671,5.465853176738637e-05
538.9417999522673,5.646602759715625e-05
539.0417999522672,5.83291822293621e-05
539.1417999522673,6.024956510924101e-05
539.2417999522672,6.222878510567478e-05
539.3417999522674,6.426849134796493e-05
539.4417999522673,6.637037407562789e-05
539.5417999522674,6.85361655014196e-05
539.6417999522673,7.076764068750112e-05
539.7417999522675,7.306661843495373e-05
539.8417999522674,7.54349621865366e-05
539.9417999522675,7.787458094289482e-05
540.0417999522674,8.038743019209126e-05
540.1417999522675,8.297551285266992e-05
540.2417999522675,8.564088023010191e-05
540.3417999522676,8.83856329868205e-05
540.4417999522675,9.121192212567541e-05
540.5417999522676,9.41219499870112e-05
540.6417999522675,9.711797125917455e-05
540.7417999522677,0.00010020229400265496
540.8417999522676,0.00010337728068763844
540.9417999522677,0.00010664534924517722
541.0417999522676,0.00011000897413172679
541.1417999522678,0.00011347068740725309
541.2417999522677,0.00011703307982663189
541.3417999522678,0.0001206988019445407
541.4417999522677,0.00012447056523353715
541.5417999522679,0.00012835114321551949
541.6417999522678,0.00013234337260623348
541.7417999522679,0.00013645015447301696
541.8417999522678,0.00014067445540541523
541.941799952268,0.00014501930869885535
542.0417999522679,0.00014948781555097572
542.141799952268,0.00015408314627079914
542.2417999522679,0.00015880854150030597
542.341799952268,0.0001636673134485968
542.441799952268,0.0001686628471381581
542.5417999522681,0.00017379860166341952
542.641799952268,0.000179078111461079
542.7417999522681,0.00018450498759237493
542.841799952268,0.0001900829190367438
542.9417999522682,0.00019581567399704045
543.0417999522681,0.00020170710121571108
543.1417999522682,0.00020776113130209668
543.2417999522681,0.0002139817780702094
543.3417999522683,0.000220373139887158
543.4417999522682,0.00022693940103151535
543.5417999522683,0.000233684833061801
543.6417999522682,0.0002406137961943246
543.7417999522684,0.00024773074069055765
543.8417999522683,0.0002550402082532277
543.9417999522684,0.000262546833431304
544.0417999522683,0.000270255345033008
544.1417999522685,0.00027817056754701796
544.2417999522684,0.00028629742257095205
544.3417999522685,0.0002946409302472853
544.4417999522684,0.00030320621070573404
544.5417999522685,0.00031199848551226425
544.6417999522685,0.00032102307912368664
544.7417999522686,0.0003302854203480054
544.8417999522685,0.0003397910438094144
544.9417999522686,0.00034954559141811044
545.0417999522685,0.0003595548138437474
545.1417999522687,0.00036982457199271176
545.2417999522686,0.00038036083848796455
545.3417999522687,0.000391169699151637
545.4417999522686,0.0004022573544890598
545.5417999522688,0.00041363012117440917
545.6417999522687,0.00042529443353657643
545.7417999522688,0.00043725684504545697
545.8417999522687,0.00044952402979718254
545.9417999522689,0.0004621027839985023
546.0417999522688,0.0004750000274487584
546.1417999522689,0.00048822280501966797
546.2417999522688,0.0005017782881312757
546.341799952269,0.000515673776224302
546.4417999522689,0.0005299166982271704
546.541799952269,0.0005445146140179367
546.6417999522689,0.0005594752158793356
546.741799952269,0.0005748063299471687
546.841799952269,0.0005905159176501659
546.9417999522691,0.0006066120771415578
547.041799952269,0.0006231030447204016
547.1417999522691,0.0006399971962429214
547.241799952269,0.0006573030485217931
547.3417999522692,0.0006750292607136831
547.4417999522691,0.0006931846356928509
547.5417999522692,0.0007117781214111567
547.6417999522691,0.0007308188122421967
547.7417999522693,0.0007503159503099101
547.8417999522692,0.0007702789267992952
547.9417999522693,0.0007907172832496115
548.0417999522692,0.0008116407128275863
548.1417999522694,0.0008330590615810436
548.2417999522693,0.000854982329670374
548.3417999522694,0.0008774206725782843
548.4417999522693,0.0009003844022951496
548.5417999522695,0.0009238839884804414
548.6417999522694,0.0009479300595974451
548.7417999522695,0.0009725334040217701
548.8417999522694,0.0009977049711207867
548.9417999522695,0.0010234558723045
549.0417999522695,0.0010497973820449015
549.1417999522696,0.0010767409388643655
549.2417999522695,0.0011042981462899926
549.3417999522696,0.0011324807737745424
549.4417999522695,0.001161300757580725
549.5417999522697,0.001190770201629564
549.6417999522696,0.0012209013783094774
549.7417999522697,0.001251706729246838
549.8417999522696,0.0012831988660345606
549.9417999522698,0.001315390570919541
550.0417999522697,0.0013482947974453468
550.1417999522698,0.0013819246710510928
550.2417999522697,0.0014162934896227526
550.3417999522699,0.0014514147239979315
550.4417999522698,0.0014873020184202172
550.5417999522699,0.0015239691909442066
550.6417999522698,0.0015614302337872376
550.74179995227,0.0015996993136289687
550.8417999522699,0.0016387907718547199
550.94179995227,0.0016787191247438435
551.0417999522699,0.0017194990635988536
551.14179995227,0.0017611454548167348
551.24179995227,0.0018036733398980006
551.3417999522701,0.001847097935395027
551.44179995227,0.0018914346327951303
551.5417999522701,0.0019366989983399952
551.64179995227,0.0019829067727768
551.7417999522702,0.0020300738710427725
551.8417999522701,0.00207821638187839
551.9417999522702,0.0021273505673710816
552.0417999522701,0.0021774928624245025
552.1417999522703,0.0022286598741554017
552.2417999522702,0.0022808683812129762
552.3417999522703,0.0023341353330229267
552.4417999522702,0.0023884778489509277
552.5417999522704,0.002443913217387894
552.6417999522703,0.002500458894751651
552.7417999522704,0.002558132504407488
552.8417999522703,0.0026169518355021134
552.9417999522705,0.00267693484171366
553.0417999522704,0.0027380996399120807
553.1417999522705,0.002800464508732804
553.2417999522704,0.002864047887057826
553.3417999522705,0.0029288683724073054
553.4417999522705,0.0029949447192357025
553.5417999522706,0.0030622958371356954
553.6417999522705,0.003130940788943824
553.7417999522706,0.003200898788751258
553.8417999522705,0.0032721891998135056
553.9417999522707,0.0033448315323627202
554.0417999522706,0.003418845441316196
554.1417999522707,0.0034942507238850157
554.2417999522706,0.0035710673170762566
554.3417999522708,0.0036493152950929585
554.4417999522707,0.0037290148666251363
554.5417999522708,0.0038101863720362643
554.6417999522707,0.0038928502804383798
554.7417999522709,0.003977027186660495
554.8417999522708,0.004062737808103317
554.9417999522709,0.004150002981485239
555.0417999522708,0.004238843659472443
555.141799952271,0.0043292809071983655
555.2417999522709,0.004421335898665222
555.341799952271,0.004515029913033149
555.4417999522709,0.004610384330789461
555.541799952271,0.004707420629803942
555.641799952271,0.004806160381262492
555.7417999522711,0.004906625245485353
555.841799952271,0.005008836967622119
555.9417999522711,0.005112817373230054
556.041799952271,0.005218588363727757
556.1417999522712,0.0053261719117310875
556.2417999522711,0.005435590056263194
556.3417999522712,0.005546864897845922
556.4417999522711,0.00566001859346429
556.5417999522713,0.005775073351411671
556.6417999522712,0.005892051426007243
556.7417999522713,0.006010975112193632
556.8417999522712,0.006131866740006281
556.9417999522714,0.006254748668922749
557.0417999522713,0.006379643282083333
557.1417999522714,0.006506572980391708
557.2417999522713,0.006635560176486662
557.3417999522715,0.0067666272885941485
557.4417999522714,0.0068997967342505585
557.5417999522715,0.007035090923906782
557.6417999522714,0.007172532254403883
557.7417999522715,0.007312143102330337
557.8417999522715,0.007453945817251515
557.9417999522716,0.0075979627148217935
558.0417999522715,0.00774421606976977
558.1417999522716,0.00789272810876755
558.2417999522715,0.008043521003174235
558.3417999522717,0.008196616861665135
558.4417999522716,0.008352037722736693
558.5417999522717,0.00850980554709906
558.6417999522716,0.008669942209946152
558.7417999522718,0.00883246949311562
558.8417999522717,0.008997409077128364
558.9417999522718,0.009164782533120558
559.0417999522717,0.009334611314657572
559.1417999522719,0.009506916749443336
559.2417999522718,0.009681720030914298
559.3417999522719,0.009859042209732022
559.4417999522718,0.010038904185163459
559.541799952272,0.010221326696363376
559.6417999522719,0.010406330313547839
559.741799952272,0.010593935429073728
559.8417999522719,0.01078416224841302
559.941799952272,0.010977030781037355
560.041799952272,0.011172560831201363
560.1417999522721,0.01137077198864088
560.241799952272,0.011571683619174275
560.3417999522721,0.011775314855223637
560.441799952272,0.011981684586243753
560.5417999522722,0.012190811449076197
560.6417999522721,0.012402713818216329
560.7417999522722,0.012617409796010982
560.8417999522721,0.012834917202774495
560.9417999522723,0.013055253566841377
561.0417999522722,0.013278436114543032
561.1417999522723,0.013504481760127507
561.2417999522722,0.01373340709560938
561.3417999522724,0.013965228380569248
561.4417999522723,0.014199961531889864
561.5417999522724,0.014437622113448862
561.6417999522723,0.014678225325754864
561.7417999522725,0.014921785995547554
561.8417999522724,0.015168318565348188
561.9417999522725,0.015417837082981807
562.0417999522724,0.015670355191057216
562.1417999522725,0.015925886116426747
562.2417999522725,0.01618444265961152
562.3417999522726,0.016446037184214734
562.4417999522725,0.0167106816063086
562.5417999522726,0.01697838738381788
562.6417999522725,0.01724916550588546
562.7417999522727,0.017523026482243412
562.8417999522726,0.01779998033257478
562.9417999522727,0.01808003657589012
563.0417999522726,0.01836320421990356
563.1417999522728,0.018649491750433293
563.2417999522727,0.018938907120810672
563.3417999522728,0.01923145774132354
563.4417999522727,0.01952715046867768
563.5417999522729,0.019825991595502437
563.6417999522728,0.02012798683988427
563.7417999522729,0.020433141334954656
563.8417999522728,0.0207414596185159
563.941799952273,0.021052945622731814
564.0417999522729,0.021367602663866416
564.141799952273,0.02168543343209822
564.2417999522729,0.02200643998139288
564.341799952273,0.022330623719462313
564.441799952273,0.022657985397792745
564.5417999522731,0.022988525101770275
564.641799952273,0.02332224224088598
564.7417999522731,0.02365913553904987
564.841799952273,0.023999203024995128
564.9417999522732,0.024342442022802568
565.0417999522731,0.024688849142526368
565.1417999522732,0.025038420270951336
565.2417999522731,0.025391150562462675
565.3417999522733,0.025747034430058685
565.4417999522732,0.02610606553648708
565.5417999522733,0.026468236785535993
565.6417999522732,0.02683354031345956
565.7417999522734,0.027201967480569925
565.8417999522733,0.027573508862975056
565.9417999522734,0.027948154244494545
566.0417999522733,0.02832589260873247
566.1417999522735,0.028706712131339865
566.2417999522734,0.02909060017244537
566.3417999522735,0.029477543269287174
566.4417999522734,0.029867527129024175
566.5417999522735,0.030260536621759974
566.6417999522735,0.030656555773757182
566.7417999522736,0.03105556776087591
566.8417999522735,0.03145755490221353
566.9417999522736,0.031862498653979984
567.0417999522735,0.03227037960358504
567.1417999522737,0.03268117746397236
567.2417999522736,0.03309487106817611
567.3417999522737,0.033511438364135344
567.4417999522736,0.03393085640974135
567.5417999522738,0.03435310136815358
567.6417999522737,0.03477814850335874
567.7417999522738,0.03520597217600896
567.8417999522737,0.03563654583951315
567.9417999522739,0.03606984203641758
568.0417999522738,0.036505832395049495
568.1417999522739,0.036944487626459716
568.2417999522738,0.03738577752163778
568.341799952274,0.037829670949035714
568.4417999522739,0.03827613585237323
568.541799952274,0.03872513924876096
568.6417999522739,0.03917664722711372
568.741799952274,0.039630624946890666
568.841799952274,0.040087036637133866
568.9417999522741,0.04054584559584204
569.041799952274,0.04100701418965068
569.1417999522741,0.04147050385385534
569.241799952274,0.04193627509274866
569.3417999522742,0.042404287480308105
569.4417999522741,0.04287449966120436
569.5417999522742,0.043346869352167444
569.6417999522741,0.043821353343679884
569.7417999522743,0.04429790750203414
569.8417999522742,0.044776486771722954
569.9417999522743,0.0452570451781998
570.0417999522742,0.04573953583097766
570.1417999522744,0.0462239109271033
570.2417999522743,0.04671012175497439
570.3417999522744,0.04719811869853711
570.4417999522743,0.047687851241830614
570.5417999522745,0.04817926797391601
570.6417999522744,0.04867231659415586
570.7417999522745,0.04916694391788147
570.8417999522744,0.049663095882413716
570.9417999522746,0.050160717553474336
571.0417999522745,0.05065975313195288
571.1417999522746,0.05116014596106632
571.2417999522745,0.05166183853387576
571.3417999522746,0.052164772501197124
571.4417999522746,0.05266888867986979
571.5417999522747,0.05317412706141973
571.6417999522746,0.05368042682108078
571.7417999522747,0.054187726327210216
571.8417999522746,0.05469596315106174
571.9417999522748,0.05520507407695197
572.0417999522747,0.05571499511278284
572.1417999522748,0.05622566150095593
572.2417999522747,0.05673700772964041
572.3417999522749,0.05724896754443047
572.4417999522748,0.057761473960353554
572.5417999522749,0.0582744592742646
572.6417999522748,0.058787855077587436
572.741799952275,0.059301592269438354
572.8417999522749,0.05981560107009192
572.941799952275,0.06032981103482434
573.0417999522749,0.06084415106809377
573.141799952275,0.06135854943809239
573.241799952275,0.06187293379162943
573.3417999522751,0.062387231169379394
573.441799952275,0.06290136802145437
573.5417999522751,0.06341527022333429
573.641799952275,0.06392886309211357
573.7417999522752,0.06444207140309749
573.8417999522751,0.06495481940670668
573.9417999522752,0.06546703084572235
574.0417999522751,0.06597862897283031
574.1417999522753,0.06648953656849615
574.2417999522752,0.0669996759591292
574.3417999522753,0.06750896903556702
574.4417999522752,0.06801733727183802
574.5417999522754,0.06852470174423342
574.6417999522753,0.0690309831506456
574.7417999522754,0.06953610183020396
574.8417999522753,0.07003997778316487
574.9417999522755,0.07054253069108633
575.0417999522754,0.07104367993724373
575.1417999522755,0.07154334462731692
575.2417999522754,0.07204144361030469
575.3417999522756,0.0725378954996963
575.4417999522755,0.07303261869485612
575.5417999522756,0.07352553140265043
575.6417999522755,0.07401655165927236
575.7417999522756,0.07450559735229341
575.8417999522756,0.0749925862428976
575.9417999522757,0.07547743598832583
576.0417999522756,0.07596006416448671
576.1417999522757,0.076440388288761
576.2417999522756,0.07691832584295553
576.3417999522758,0.07739379429643338
576.4417999522757,0.0778667111293763
576.5417999522758,0.0783369938562054
576.6417999522757,0.0788045600491163
576.7417999522759,0.07926932736175415
576.8417999522758,0.07973121355298467
576.9417999522759,0.08019013651078628
577.0417999522758,0.08064601427621952
577.141799952276,0.08109876506749816
577.2417999522759,0.08154830730411841
577.341799952276,0.0819945596310702
577.4417999522759,0.08243744094308701
577.541799952276,0.08287687040895757
577.641799952276,0.08331276749585648
577.7417999522761,0.0837450519937161
577.841799952276,0.08417364403959733
577.9417999522761,0.084598464142081
578.041799952276,0.08501943320563775
578.1417999522762,0.08543647255499756
578.2417999522761,0.08584950395947738
578.3417999522762,0.0862584496572871
578.4417999522761,0.08666323237977311
578.5417999522763,0.08706377537561888
578.6417999522762,0.08746000243496227
578.7417999522763,0.08785183791344861
578.8417999522762,0.08823920675617963
578.9417999522764,0.08862203452157683
579.0417999522763,0.08900024740511964
579.1417999522764,0.08937377226297682
579.2417999522763,0.08974253663549195
579.3417999522765,0.09010646877054033
579.4417999522764,0.09046549764671982
579.5417999522765,0.09081955299639144
579.6417999522764,0.09116856532853344
579.7417999522766,0.09151246595142412
579.8417999522765,0.09185118699511753
579.9417999522766,0.09218466143372711
580.0417999522765,0.09251282310748207
580.1417999522766,0.09283560674457092
580.2417999522766,0.09315294798273786
580.3417999522767,0.09346478339064608
580.4417999522766,0.09377105048897424
580.5417999522767,0.09407168777125968
580.6417999522766,0.09436663472445588
580.7417999522768,0.09465583184921679
580.8417999522767,0.09493922067987669
580.9417999522768,0.09521674380413772
581.0417999522767,0.09548834488243464
581.1417999522769,0.09575396866698832
581.2417999522768,0.09601356102051892
581.3417999522769,0.09626706893462945
581.4417999522768,0.0965144405478317
581.541799952277,0.09675562516322501
581.6417999522769,0.09699057326580067
581.741799952277,0.09721923653938212
581.8417999522769,0.09744156788317487
581.941799952277,0.09765752142793556
582.041799952277,0.09786705255173571
582.1417999522771,0.09807011789532867
582.241799952277,0.09826667537709678
582.3417999522771,0.09845668420758656
582.441799952277,0.09864010490361048
582.5417999522772,0.09881689930192238
582.6417999522771,0.09898703057244636
582.7417999522772,0.099150463231066
582.8417999522771,0.09930716315195483
582.9417999522773,0.09945709757945434
583.0417999522772,0.09960023513948196
583.1417999522773,0.09973654585047494
583.2417999522772,0.09986600113385348
583.3417999522774,0.099988573824009
583.4417999522773,0.10010423817780226
583.5417999522774,0.10021296988357618
583.6417999522773,0.10031474606967042
583.7417999522775,0.10040954531244134
583.8417999522774,0.10049734764377598
583.9417999522775,0.1005781345581036
584.0417999522774,0.10065188901889438
584.1417999522776,0.10071859546464855
584.2417999522775,0.10077823981436715
584.3417999522776,0.10083080947250701
584.4417999522775,0.10087629333341278
584.5417999522776,0.10091468178522786
584.6417999522776,0.10094596671327907
584.7417999522777,0.10097014150293596
584.8417999522776,0.10098720104194113
584.9417999522777,0.10099714172221251
585.0417999522776,0.10099997569586334
585.1417999522778,0.10099726417267686
585.2417999522777,0.10099006417524459
585.3417999522778,0.10097837666350823
585.4417999522777,0.10096220319561157
585.5417999522779,0.10094154592755405
585.6417999522778,0.10091640761271205
585.7417999522779,0.10088679160122688
585.8417999522778,0.10085270183926115
585.941799952278,0.10081414286812188
586.0417999522779,0.10077111982325283
586.141799952278,0.10072363843309395
586.2417999522779,0.1006717050178109
586.341799952278,0.10061532648789212
586.441799952278,0.1005545103426172
586.5417999522781,0.1004892646683934
586.641799952278,0.10041959813696476
586.7417999522781,0.10034552000348994
586.841799952278,0.10026704010449441
586.9417999522782,0.10018416885569219
587.0417999522781,0.10009691724968336
587.1417999522782,0.10000529685352243
587.2417999522781,0.09990931980616424
587.3417999522783,0.09980899881578187
587.4417999522782,0.09970434715696398
587.5417999522783,0.09959537866778562
587.6417999522782,0.09948210774676057
587.7417999522784,0.09936454934966861
587.8417999522783,0.09924271898626662
587.9417999522784,0.0991166327168762
588.0417999522783,0.09898630714885755
588.1417999522785,0.09885175943296175
588.2417999522784,0.09871300725957177
588.3417999522785,0.0985700688548237
588.4417999522784,0.09842296297661961
588.5417999522786,0.09827170891052261
588.6417999522785,0.09811632646554631
588.7417999522786,0.09795683596982879
588.8417999522785,0.09779325826620372
588.9417999522786,0.0976256147076586
589.0417999522786,0.09745392715269299
589.1417999522787,0.09727821796056652
589.2417999522786,0.09709850998644985
589.3417999522787,0.09691482657646819
589.4417999522786,0.09672719156265104
589.5417999522788,0.09653562925777708
589.6417999522787,0.09634016445012882
589.7417999522788,0.09614082239814523
589.8417999522787,0.09593762882498753
589.9417999522789,0.09573060991300597
590.0417999522788,0.09551979229812343
590.1417999522789,0.09530520306412293
590.2417999522788,0.0950868697368558
590.341799952279,0.09486482027835678
590.4417999522789,0.0946390830808837
590.541799952279,0.09440968696086718
590.6417999522789,0.09417666115278893
590.741799952279,0.09394003530297339
590.841799952279,0.09369983946331169
590.9417999522791,0.09345610408490272
591.041799952279,0.09320886001163037
591.1417999522791,0.09295813847366124
591.241799952279,0.09270397108088285
591.3417999522792,0.09244638981626582
591.4417999522791,0.09218542702917051
591.5417999522792,0.09192111542858163
591.6417999522791,0.09165348807629112
591.7417999522793,0.09138257838001293
591.8417999522792,0.0911084200864504
591.9417999522793,0.09083104727429901
592.0417999522792,0.0905504943472062
592.1417999522794,0.09026679602667044
592.2417999522793,0.08997998734490152
592.3417999522794,0.08969010363762407
592.4417999522793,0.08939718053684659
592.5417999522795,0.0891012539635776
592.6417999522794,0.08880236012051176
592.7417999522795,0.08850053548466695
592.8417999522794,0.08819581679999565
592.9417999522796,0.08788824106995145
593.0417999522795,0.08757784555003414
593.1417999522796,0.08726466774029373
593.2417999522795,0.08694874537781783
593.3417999522796,0.0866301164291816
593.4417999522796,0.08630881908288568
593.5417999522797,0.08598489174176063
593.6417999522796,0.08565837301536366
593.7417999522797,0.08532930171234614
593.8417999522796,0.08499771683281732
593.9417999522798,0.08466365756068328
594.0417999522797,0.08432716325598638
594.1417999522798,0.0839882734472236
594.2417999522797,0.08364702782367
594.3417999522799,0.0833034662276852
594.4417999522798,0.08295762864702892
594.5417999522799,0.08260955520716359
594.6417999522798,0.08225928616357059
594.74179995228,0.08190686189405708
594.8417999522799,0.08155232289108094
594.94179995228,0.08119570975407019
595.0417999522799,0.08083706318176459
595.14179995228,0.08047642396455561
595.24179995228,0.08011383297685282
595.3417999522801,0.07974933116945239
595.44179995228,0.07938295956193599
595.5417999522801,0.07901475923507578
595.64179995228,0.07864477132327363
595.7417999522802,0.07827303700701022
595.8417999522801,0.0778995975053323
595.9417999522802,0.07752449406835357
596.0417999522801,0.07714776796979748
596.1417999522803,0.07676946049955718
596.2417999522802,0.07638961295630144
596.3417999522803,0.07600826664010099
596.4417999522802,0.07562546284510478
596.5417999522804,0.07524124285223989
596.6417999522803,0.07485564792196503
596.7417999522804,0.07446871928705126
596.8417999522803,0.07408049814541967
596.9417999522805,0.07369102565300954
597.0417999522804,0.07330034291670706
597.1417999522805,0.07290849098730763
597.2417999522804,0.07251551085254204
597.3417999522806,0.07212144343013961
597.4417999522805,0.07172632956095804
597.5417999522806,0.07133021000215355
597.6417999522805,0.0709331254204209
597.7417999522806,0.07053511638527642
597.8417999522806,0.07013622336241408
597.9417999522807,0.06973648670710746
598.0417999522806,0.0693359466576876
598.1417999522807,0.06893464332906947
598.2417999522806,0.06853261670635728
598.3417999522808,0.06812990663850084
598.4417999522807,0.06772655283203355
598.5417999522808,0.06732259484486401
598.6417999522807,0.06691807208015184
598.7417999522809,0.0665130237802394
598.8417999522808,0.06610748902067025
598.9417999522809,0.06570150670426593
599.0417999522808,0.06529511555529169
599.141799952281,0.0648883541136827
599.2417999522809,0.06448126072936147
599.341799952281,0.06407387355661791
599.4417999522809,0.06366623054858253
599.541799952281,0.06325836945176436
599.641799952281,0.06285032780068384
599.7417999522811,0.0624421429125724
599.841799952281,0.06203385188216881
599.9417999522811,0.06162549157658386
600.041799952281,0.06121709863026358
600.1417999522812,0.06080870944002235
600.2417999522811,0.06040036016017615
600.3417999522812,0.059992086697747186
600.4417999522811,0.05958392470777008
600.5417999522813,0.05917590958867073
600.6417999522812,0.05876807647774814
600.7417999522813,0.05836046024673011
600.8417999522812,0.057953095497433084
600.9417999522814,0.05754601655749692
601.0417999522813,0.05713925747622493
601.1417999522814,0.05673285202049981
601.2417999522813,0.05632683367080573
601.3417999522815,0.055921235617327265
601.4417999522814,0.05551609075615513
601.5417999522815,0.055111431685569576
601.6417999522814,0.05470729070243134
601.7417999522816,0.05430369979865075
601.8417999522815,0.053900690657764906
601.9417999522816,0.0534982946515937
602.0417999522815,0.05309654283700403
602.1417999522816,0.0526954659527535
602.2417999522816,0.05229509441644248
602.3417999522817,0.05189545832154587
602.4417999522816,0.05149658743455354
602.5417999522817,0.05109851119219039
602.6417999522816,0.05070125869874531
602.7417999522818,0.05030485872347981
602.8417999522817,0.04990933969814527
602.9417999522818,0.04951472971457988
603.0417999522817,0.04912105652241416
603.1417999522819,0.04872834752685572
603.2417999522818,0.04833662978658232
603.3417999522819,0.047945930011714155
603.4417999522818,0.047556274561893604
603.541799952282,0.047167689444443994
603.6417999522819,0.046780200312635356
603.741799952282,0.04639383246402853
603.8417999522819,0.04600861083892567
603.941799952282,0.04562456001889855
604.041799952282,0.04524170422542233
604.1417999522821,0.044860067318586556
604.241799952282,0.0444796727959108
604.3417999522821,0.04410054379123655
604.441799952282,0.04372270307372282
604.5417999522822,0.04334617304691725
604.6417999522821,0.042970975747929685
604.7417999522822,0.04259713284668036
604.8417999522821,0.04222466564524929
604.9417999522823,0.04185359507729928
605.0417999522822,0.041483941707598906
605.1417999522823,0.04111572573161781
605.2417999522822,0.04074896697522074
605.3417999522824,0.040383684894432684
605.4417999522823,0.04001989857530115
605.5417999522824,0.03965762673382839
605.6417999522823,0.039296887715999165
605.7417999522825,0.03893769949787711
605.8417999522824,0.038580079685794945
605.9417999522825,0.03822404551661194
606.0417999522824,0.03786961385806351
606.1417999522826,0.03751680120917643
606.2417999522825,0.03716562370077464
606.3417999522826,0.036816097096048904
606.4417999522825,0.036468236791215226
606.5417999522826,0.036122057816235655
606.6417999522826,0.0357775748356258
606.7417999522827,0.03543480214932302
606.8417999522826,0.0350937536936395
606.9417999522827,0.03475444304227412
607.0417999522826,0.034416883407407256
607.1417999522828,0.03408108764085263
607.2417999522827,0.03374706823528986
607.3417999522828,0.033414837325552386
607.4417999522827,0.0330844066899939
607.5417999522829,0.03275578775190826
607.6417999522828,0.03242899158102578
607.7417999522829,0.03210402889506101
607.8417999522828,0.03178091006133479
607.941799952283,0.03145964509844572
608.0417999522829,0.03114024367801376
608.141799952283,0.03082271512647122
608.2417999522829,0.030507068426923512
608.341799952283,0.030193312221055438
608.441799952283,0.0298814548111048
608.5417999522831,0.029571504161879557
608.641799952283,0.029263467902839967
608.7417999522831,0.028957353330222146
608.841799952283,0.02865316740922442
608.9417999522832,0.028350916776232776
609.0417999522831,0.028050607741106903
609.1417999522832,0.027752246289503242
609.2417999522831,0.027455838085256035
609.3417999522833,0.02716138847279352
609.4417999522832,0.02686890247960961
609.5417999522833,0.026578384818768532
609.6417999522832,0.026289839891462673
609.7417999522834,0.026003271789601178
609.8417999522833,0.02571868429844935
609.9417999522834,0.025436080899296675
610.0417999522833,0.0251554647721733
610.1417999522835,0.024876838798592916
610.2417999522834,0.02460020556434167
610.3417999522835,0.0243255673622915
610.4417999522834,0.024052926195256993
610.5417999522836,0.023782283778874497
610.6417999522835,0.02351364154452244
610.7417999522836,0.023247000642261838
610.8417999522835,0.02298236194381553
610.9417999522836,0.02271972604556555
611.0417999522836,0.02245909327158682
611.1417999522837,0.022200463676696994
611.2417999522836,0.02194383704954021
611.3417999522837,0.02168921291568488
611.4417999522836,0.02143659054075318
611.5417999522838,0.021185968933562435
611.6417999522837,0.02093734684929597
611.7417999522838,0.020690722792683806
611.8417999522837,0.02044609502121048
611.9417999522839,0.020203461548330883
612.0417999522838,0.01996282014671081
612.1417999522839,0.019724168351473625
612.2417999522838,0.01948750346346946
612.341799952284,0.019252822552548534
612.4417999522839,0.019020122460854817
612.541799952284,0.01878939980612198
612.6417999522839,0.0185606509849875
612.741799952284,0.01833387217630712
612.841799952284,0.018109059344485492
612.9417999522841,0.01788620824280523
613.041799952284,0.0176653144167701
613.1417999522841,0.017446373207444844
613.241799952284,0.017229379754807112
613.3417999522842,0.01701432900109427
613.4417999522841,0.016801215694160265
613.5417999522842,0.016590034390825795
613.6417999522841,0.01638077946023645
613.7417999522843,0.016173445087212558
613.8417999522842,0.0159680252756051
613.9417999522843,0.015764513851641692
614.0417999522842,0.015562904467276812
614.1417999522844,0.015363190603530452
614.2417999522843,0.015165365573829286
614.3417999522844,0.014969422527334719
614.4417999522843,0.014775354452271633
614.5417999522845,0.014583154179242613
614.6417999522844,0.014392814384541118
614.7417999522845,0.014204327593448743
614.8417999522844,0.01401768618352971
614.9417999522846,0.013832882387908118
615.0417999522845,0.013649908298540809
615.1417999522846,0.013468755869471667
615.2417999522845,0.013289416920079974
615.3417999522846,0.013111883138308918
615.4417999522846,0.01293614608388668
615.5417999522847,0.01276219719152645
615.6417999522846,0.012590027774117564
615.7417999522847,0.01241962902589436
615.8417999522846,0.012250992025594893
615.9417999522848,0.012084107739596126
616.0417999522847,0.01191896702503769
616.1417999522848,0.011755560632921058
616.2417999522847,0.011593879211196022
616.3417999522849,0.011433913307821567
616.4417999522848,0.011275653373812785
616.5417999522849,0.011119089766261326
616.6417999522848,0.010964212751340604
616.741799952285,0.010811012507283725
616.8417999522849,0.010659479127345009
616.941799952285,0.010509602622733429
617.0417999522849,0.010361372925528554
617.141799952285,0.010214779891567613
617.241799952285,0.010069813303314084
617.3417999522851,0.009926462872696632
617.441799952285,0.009784718243928668
617.5417999522851,0.009644568996297545
617.641799952285,0.00950600464693345
617.7417999522852,0.00936901465354736
617.8417999522851,0.009233588417147824
617.9417999522852,0.009099715284726192
618.0417999522851,0.008967384551919966
618.1417999522853,0.008836585465644009
618.2417999522852,0.008707307226699136
618.3417999522853,0.008579538992348118
618.4417999522852,0.008453269878868366
618.5417999522854,0.008328488964071599
618.6417999522853,0.008205185289799594
618.7417999522854,0.008083347864386504
618.8417999522853,0.007962965665096671
618.9417999522855,0.007844027640528722
619.0417999522854,0.0077265227129945995
619.1417999522855,0.007610439780864608
619.2417999522854,0.007495767720886901
619.3417999522856,0.007382495390472752
619.4417999522855,0.007270611629955858
619.5417999522856,0.007160105264817195
619.6417999522855,0.007050965107883585
619.7417999522856,0.006943179961491607
619.8417999522856,0.006836738619624903
619.9417999522857,0.006731629870016765
620.0417999522856,0.006627842496225788
620.1417999522857,0.006525365279676744
620.2417999522856,0.006424187001674292
620.3417999522858,0.006324296445381898
620.4417999522857,0.006225682397773374
620.5417999522858,0.006128333651549657
620.6417999522857,0.006032239007028051
620.7417999522859,0.0059373872739967555
620.8417999522858,0.005843767273541779
620.9417999522859,0.00575136783983919
621.0417999522858,0.005660177821919706
621.141799952286,0.005570186085398747
621.2417999522859,0.005481381514178797
621.341799952286,0.005393753012117405
621.4417999522859,0.005307289504667462
621.541799952286,0.005221979940483361
621.641799952286,0.005137813292999461
621.7417999522861,0.0050547785619746615
621.841799952286,0.0049728647750093575
621.9417999522861,0.004892060989028771
622.041799952286,0.004812356291738793
622.1417999522862,0.004733739803048457
622.2417999522861,0.004656200676465109
622.3417999522862,0.0045797281004565015
622.4417999522861,0.004504311299785777
622.5417999522863,0.004429939536813731
622.6417999522862,0.004356602112774132
622.7417999522863,0.00428428836901675
622.8417999522862,0.004212987688223647
622.9417999522864,0.004142689495593567
623.0417999522863,0.004073383259999889
623.1417999522864,0.004005058495117066
623.2417999522863,0.003937704760520927
623.3417999522865,0.0038713116627579233
623.4417999522864,0.0038058688563885282
623.5417999522865,0.003741366045000082
623.6417999522864,0.0036777929821940917
623.7417999522866,0.0036151394725434777
623.8417999522865,0.003553395372524643
623.9417999522866,0.003492550591419984
624.0417999522865,0.0034325950921956006
624.1417999522866,0.0033735188923499746
624.2417999522866,0.0033153120647382585
624.3417999522867,0.0032579647383680498
624.4417999522866,0.0032014670991711977
624.5417999522867,0.0031458093907476606
624.6417999522866,0.003090981915085827
624.7417999522868,0.0030369750332554383
624.8417999522867,0.002983779166077437
624.9417999522868,0.0029313847947669987
625.0417999522867,0.002879782461553948
625.1417999522869,0.0028289627702769446
625.2417999522868,0.0027789163869555342
625.3417999522869,0.002729634040336573
625.4417999522868,0.002681106522419004
625.541799952287,0.0026333246889536084
625.6417999522869,0.002586279459921618
625.741799952287,0.002539961819988916
625.8417999522869,0.0024943628189396075
625.941799952287,0.002449473572085803
626.041799952287,0.0024052852606572875
626.1417999522871,0.0023617891321680313
626.241799952287,0.0023189765007631193
626.3417999522871,0.002276838747543144
626.441799952287,0.0022353673208695564
626.5417999522872,0.0021945537366481146
626.6417999522871,0.0021543895785938313
626.7417999522872,0.002114866498474661
626.8417999522871,0.0020759762163372044
626.9417999522873,0.0020377105207118364
627.0417999522872,0.002000061268800362
627.1417999522873,0.0019630203866437415
627.2417999522872,0.0019265798692729155
627.3417999522874,0.0018907317808403092
627.4417999522873,0.0018554682547350088
627.5417999522874,0.0018207814936792505
627.6417999522873,0.0017866637698091324
627.7417999522875,0.001753107424737273
627.8417999522874,0.001720104869600252
627.9417999522875,0.0016876485850886276
628.0417999522874,0.0016557311214622976
628.1417999522876,0.0016243450985490469
628.2417999522875,0.0015934832057289997
628.3417999522876,0.0015631382019029045
628.4417999522875,0.001533302915446841
628.5417999522876,0.0015039702441513934
628.6417999522876,0.0014751331551477944
628.7417999522877,0.0014467846848191552
628.8417999522876,0.0014189179386991952
628.9417999522877,0.0013915260913566698
629.0417999522876,0.001364602386267853
629.1417999522878,0.001338140135675297
629.2417999522877,0.0013121327204351915
629.3417999522878,0.0012865735898516042
629.4417999522877,0.0012614562614998229
629.5417999522879,0.001236774321037193
629.6417999522878,0.0012125214220035621
629.7417999522879,0.0011886912856098057
629.8417999522878,0.0011652777005164772
629.941799952288,0.0011422745226010982
630.0417999522879,0.0011196756747160895
630.141799952288,0.0010974751464359102
630.2417999522879,0.001075666993795323
630.341799952288,0.0010542453390174275
630.441799952288,0.0010332043702333121
630.5417999522881,0.0010125383411920146
630.641799952288,0.0009922415709625884
630.7417999522881,0.0009723084436269997
630.841799952288,0.000952733407965615
630.9417999522882,0.0009335109771340415
631.0417999522881,0.000914635728333012
631.1417999522882,0.0008961023024701467
631.2417999522881,0.0008779054038152075
631.3417999522883,0.0008600397996477319
631.4417999522882,0.0008425003198986062
631.5417999522883,0.0008252818567845037
631.6417999522882,0.0008083793644367026
631.7417999522884,0.0007917878585232399
631.8417999522883,0.0007755024158658784
631.9417999522884,0.0007595181740508726
632.0417999522883,0.000743830331034959
632.1417999522885,0.0007284341447456044
632.2417999522884,0.0007133249326768792
632.3417999522885,0.0006984980714800325
632.4417999522884,0.0006839489965500899
632.5417999522886,0.0006696732016075758
632.6417999522885,0.000655666238276646
632.7417999522886,0.0006419237156587593
632.8417999522885,0.0006284412999031363
632.9417999522886,0.0006152147137731604
633.0417999522886,0.0006022397362099214
633.1417999522887,0.0005895122018921081
633.2417999522886,0.0005770280007933773
633.3417999522887,0.0005647830777364601
633.4417999522886,0.0005527734319450916
633.5417999522888,0.0005409951165930316
633.6417999522887,0.0005294442383512442
633.7417999522888,0.0005181169569325264
633.8417999522887,0.0005070094846346058
633.9417999522889,0.0004961180858810359
634.0417999522888,0.0004854390767608675
634.1417999522889,0.0004749688245664462
634.2417999522888,0.0004647037473302753
634.341799952289,0.00045464031336033694
634.4417999522889,0.0004447750407747528
634.541799952289,0.0004351044970352097
634.6417999522889,0.00042562529848000634
634.741799952289,0.0004163341098561467
634.841799952289,0.0004072276438513283
634.9417999522891,0.0003983026606252562
635.041799952289,0.00038955596734109864
635.1417999522891,0.0003809844176965481
635.241799952289,0.0003725849114552559
635.3417999522892,0.0003643543939781397
635.4417999522891,0.0003562898557552892
635.5417999522892,0.0003483883319379921
635.6417999522891,0.0003406469018715854
635.7417999522893,0.00033306268862865694
635.8417999522892,0.0003256328585432808
635.9417999522893,0.00031835462074583464
636.0417999522892,0.00031122522669904527
636.1417999522894,0.00030424196973483303
636.2417999522893,0.0002974021845925734
636.3417999522894,0.00029070324695836
636.4417999522893,0.0002841425730058668
636.5417999522895,0.0002777176189384035
636.6417999522894,0.00027142588053273895
636.7417999522895,0.0002652648926843031
636.8417999522894,0.0002592322289543178
636.9417999522896,0.00025332550111847554
637.0417999522895,0.0002475423587177008
637.1417999522896,0.0002418804886106235
637.2417999522895,0.00023633761452827366
637.3417999522896,0.00023091149663064488
637.4417999522896,0.00022559993106560997
637.5417999522897,0.00022040074952985142
637.6417999522896,0.0002153118188322662
637.7417999522897,0.00021033104045952211
637.8417999522896,0.00020545635014420315
637.9417999522898,0.00020068571743523384
638.0417999522897,0.00019601714527099894
638.1417999522898,0.00019144866955485997
638.2417999522897,0.00018697835873346684
638.3417999522899,0.00018260431337757357
638.4417999522898,0.00017832466576574453
638.5417999522899,0.00017413757947066198
638.6417999522898,0.00017004124894840918
638.74179995229,0.00016603389913044905
638.8417999522899,0.0001621137850186516
638.94179995229,0.00015827919128310738
639.0417999522899,0.00015452843186305464
639.1417999522901,0.00015085984957067153
639.24179995229,0.00014727181569804528
639.3417999522901,0.00014376272962707653
639.44179995229,0.0001403310184426163
639.5417999522901,0.000136975136548602
639.6417999522901,0.0001336935652874752
639.7417999522902,0.0001304848125626556
639.8417999522901,0.00012734741246433914
639.9417999522902,0.00012427992489840386
640.0417999522901,0.00012128093521867616
640.1417999522903,0.00011834905386234956
640.2417999522902,0.00011548291598879442
640.3417999522903,0.00011268118112155889
640.4417999522902,0.0001099425327937872
640.5417999522904,0.0001072656781968603
640.6417999522903,0.0001046493478324752
640.7417999522904,0.00010209229516797331
640.8417999522903,9.959329629512275e-05
640.9417999522905,9.715114959217151e-05
641.0417999522904,9.476467538936525e-05
641.1417999522905,9.24327156377516e-05
641.2417999522904,9.015413358145576e-05
641.3417999522906,8.792781343325446e-05
641.4417999522905,8.575266005362175e-05
641.5417999522906,8.362759863308083e-05
641.6417999522905,8.155157437802449e-05
641.7417999522906,7.952355219984494e-05
641.8417999522906,7.754251640752488e-05
641.9417999522907,7.560747040353639e-05
642.0417999522906,7.371743638319028e-05
642.1417999522907,7.18714550372879e-05
642.2417999522906,7.006858525820977e-05
642.3417999522908,6.830790384929629e-05
642.4417999522907,6.658850523764837e-05
642.5417999522908,6.490950119020648e-05
642.6417999522907,6.327002053322933e-05
642.7417999522909,6.166920887503483e-05
642.8417999522908,6.0106228332116015e-05
642.9417999522909,5.858025725850008e-05
643.0417999522908,5.7090489978456053e-05
643.141799952291,5.563613652242273e-05
643.2417999522909,5.4216422366254876e-05
643.341799952291,5.283058817366625e-05
643.4417999522909,5.1477889541957525e-05
643.5417999522911,5.015759675091285e-05
643.641799952291,4.8868994514948537e-05
643.7417999522911,4.761138173839858e-05
643.841799952291,4.6384071274016056e-05
643.9417999522911,4.5186389684578846e-05
644.0417999522911,4.401767700767295e-05
644.1417999522912,4.287728652354485e-05
644.2417999522911,4.1764584526091106e-05
644.3417999522912,4.0678950096880624e-05
644.4417999522911,3.9619774882271393e-05
644.5417999522913,3.8586462873521785e-05
644.6417999522912,3.757843018995258e-05
644.7417999522913,3.6595104865062744e-05
644.8417999522912,3.563592663565167e-05
644.9417999522914,3.470034673385269e-05
645.0417999522913,3.378782768212664e-05
645.1417999522914,3.289784309112389e-05
645.2417999522913,3.202987746045857e-05
645.3417999522915,3.118342598230661e-05
645.4417999522914,3.0357994347868144e-05
645.5417999522915,2.9553098556606815e-05
645.6417999522914,2.8768264728304964e-05
645.7417999522916,2.800302891784903e-05
645.8417999522915,2.7256936932779815e-05
645.9417999522916,2.6529544153525942e-05
646.0417999522915,2.5820415356351134e-05
646.1417999522916,2.512912453893635e-05
646.2417999522916,2.445525474862417e-05
646.3417999522917,2.3798397913248614e-05
646.4417999522916,2.3158154674575795e-05
646.5417999522917,2.253413422428016e-05
646.6417999522916,2.1925954142478965e-05
646.7417999522918,2.133324023875253e-05
646.8417999522917,2.0755626395669747e-05
646.9417999522918,2.019275441474917e-05
647.0417999522917,1.964427386487238e-05
647.1417999522919,1.9109841933082198e-05
647.2417999522918,1.8589123277779987e-05
647.3417999522919,1.8081789884256864e-05
647.4417999522918,1.758752092257142e-05
647.541799952292,1.7106002607709694e-05
647.6417999522919,1.6636928062038766e-05
647.741799952292,1.6179997179991797e-05
647.8417999522919,1.57349164949935e-05
647.9417999522921,1.5301399048565897e-05
648.041799952292,1.4879164261621989e-05
648.1417999522921,1.4467937807888845e-05
648.241799952292,1.4067451489465556e-05
648.3417999522921,1.3677443114460334e-05
648.4417999522921,1.3297656376710205e-05
648.5417999522922,1.2927840737528858e-05
648.6417999522921,1.2567751309485613e-05
648.7417999522922,1.221714874216236e-05
648.8417999522921,1.1875799109889585e-05
648.9417999522923,1.1543473801410973e-05
649.0417999522922,1.1219949411475978e-05
649.1417999522923,1.0905007634311077e-05
649.2417999522922,1.059843515896895e-05
649.3417999522924,1.030002356650687e-05
649.4417999522923,1.0009569228993214e-05
649.5417999522924,9.72687321029462e-06
649.6417999522923,9.451741168641534e-06
649.7417999522925,9.183983260926701e-06
649.8417999522924,8.923414048733036e-06
649.9417999522925,8.669852406046956e-06
650.0417999522924,8.423121428652852e-06
650.1417999522926,8.183048345166228e-06
650.2417999522925,7.94946442970047e-06
650.3417999522926,7.722204916125943e-06
650.4417999522925,7.501108913915771e-06
650.5417999522926,7.2860193255387e-06
650.6417999522926,7.076782765392278e-06
650.7417999522927,6.873249480238242e-06
650.8417999522926,6.675273271132967e-06
650.9417999522927,6.482711416815783e-06
651.0417999522926,6.29542459854789e-06
651.1417999522928,6.1132768263656785e-06
651.2417999522927,5.936135366740749e-06
651.3417999522928,5.763870671611723e-06
651.4417999522927,5.5963563087797e-06
651.5417999522929,5.433468893633538e-06
651.6417999522928,5.275088022196717e-06
651.7417999522929,5.121096205462738e-06
651.8417999522928,4.97137880501078e-06
651.941799952293,4.825823969869568e-06
652.0417999522929,4.684322574620891e-06
652.141799952293,4.546768158711898e-06
652.2417999522929,4.413056866967217e-06
652.3417999522931,4.283087391271233e-06
652.441799952293,4.15676091341121e-06
652.5417999522931,4.033981049052831e-06
652.641799952293,3.914653792838486e-06
652.7417999522931,3.798687464580817e-06
652.8417999522931,3.6859926565420274e-06
652.9417999522932,3.5764821817721112e-06
653.0417999522931,3.4700710234965375e-06
653.1417999522932,3.36667628552753e-06
653.2417999522931,3.2662171436892423e-06
653.3417999522933,3.168614798232018e-06
653.4417999522932,3.0737924272259747e-06
653.5417999522933,2.9816751409098877e-06
653.6417999522932,2.8921899369856752e-06
653.7417999522934,2.805265656835258e-06
653.8417999522933,2.720832942650149e-06
653.9417999522934,2.638824195451331e-06
654.0417999522933,2.559173533989807e-06
654.1417999522935,2.481816754506142e-06
654.2417999522934,2.406691291339521e-06
654.3417999522935,2.3337361783653477e-06
654.4417999522934,2.2628920112519257e-06
654.5417999522936,2.194100910516082e-06
654.6417999522935,2.1273064853683205e-06
654.7417999522936,2.062453798328061e-06
654.8417999522935,1.9994893305996965e-06
654.9417999522936,1.9383609481906508e-06
655.0417999522936,1.8790178687623438e-06
655.1417999522937,1.821410629195922e-06
655.2417999522936,1.7654910538637059e-06
655.3417999522937,1.7112122235889725e-06
655.4417999522936,1.6585284452850717e-06
655.5417999522938,1.607395222257155e-06
655.6417999522937,1.5577692251577042e-06
655.7417999522938,1.5096082635796544e-06
655.8417999522937,1.4628712582785317e-06
655.9417999522939,1.417518214007968e-06
656.0417999522938,1.373510192960166e-06
656.1417999522939,1.330809288796233e-06
656.2417999522938,1.2893786012581694e-06
656.341799952294,1.2491822113479465e-06
656.4417999522939,1.2101851570656164e-06
656.541799952294,1.1723534096924853e-06
656.6417999522939,1.135653850611423e-06
656.7417999522941,1.100054248650842e-06
656.841799952294,1.0655232379446515e-06
656.9417999522941,1.0320302962952e-06
657.041799952294,9.995457240316496e-07
657.1417999522941,9.680406233513598e-07
657.2417999522941,9.37486878136862e-07
657.3417999522942,9.078571342364507e-07
657.4417999522941,8.79124780201226e-07
657.5417999522942,8.512639284670069e-07
657.6417999522941,8.242493969741562e-07
657.7417999522943,7.980566912142008e-07
657.8417999522942,7.72661986696433e-07
657.9417999522943,7.480421118238296e-07
658.0417999522942,7.241745311716646e-07
658.1417999522944,7.010373291585398e-07
658.2417999522943,6.786091941034228e-07
658.3417999522944,6.568694026587962e-07
658.4417999522943,6.357978046136987e-07
658.5417999522945,6.153748080571524e-07
658.6417999522944,5.955813648959264e-07
658.7417999522945,5.763989567175275e-07
658.8417999522944,5.578095809925202e-07
658.9417999522946,5.397957376074545e-07
659.0417999522945,5.223404157226605e-07
659.1417999522946,5.054270809465554e-07
659.2417999522945,4.890396628208906e-07
659.3417999522947,4.7316254260891816e-07
659.4417999522946,4.577805413810835e-07
659.5417999522947,4.4287890839054795e-07
659.6417999522946,4.28443309733324e-07
659.7417999522947,4.1445981728563586e-07
659.8417999522947,4.009148979134496e-07
659.9417999522948,3.8779540294711197e-07
660.0417999522947,3.750885579161861e-07
660.1417999522948,3.627819525377231e-07
660.2417999522947,3.508635309532308e-07
660.3417999522949,3.3932158220784046e-07
660.4417999522948,3.2814473096710567e-07
660.5417999522949,3.1732192846521606e-07
660.6417999522948,3.0684244368019634e-07
660.741799952295,2.9669585473014415e-07
660.8417999522949,2.868720404862387e-07
660.941799952295,2.773611723968135e-07
661.0417999522949,2.6815370651838366e-07
661.1417999522951,2.5924037574816284e-07
661.241799952295,2.506121822541055e-07
661.3417999522951,2.4226039009724445e-07
661.441799952295,2.3417651804250493e-07
661.5417999522952,2.2635233255298742e-07
661.6417999522951,2.1877984096404558e-07
661.7417999522952,2.114512848323593e-07
661.8417999522951,2.043591334564747e-07
661.9417999522952,1.9749607756421918e-07
662.0417999522952,1.9085502316358867e-07
662.1417999522953,1.844290855527262e-07
662.2417999522952,1.7821158348570762e-07
662.3417999522953,1.7219603348995642e-07
662.4417999522952,1.6637614433212607e-07
662.5417999522954,1.607458116284523e-07
662.6417999522953,1.5529911259654432e-07
662.7417999522954,1.5003030094478796e-07
662.8417999522953,1.4493380189645558e-07
662.9417999522955,1.4000420734486316e-07
663.0417999522954,1.3523627113678368e-07
663.1417999522955,1.306249044806242e-07
663.2417999522954,1.2616517147668802e-07
663.3417999522956,1.2185228476618428e-07
663.4417999522955,1.1768160129641707e-07
663.5417999522956,1.1364861819896856e-07
663.6417999522955,1.0974896877840937e-07
663.7417999522957,1.0597841860850321e-07
663.8417999522956,1.0233286173353344e-07
663.9417999522957,9.880831697186062e-08
664.0417999522956,9.54009243194396e-08
664.1417999522957,9.210694145053737e-08
664.2417999522957,8.892274031347231e-08
664.3417999522958,8.584480381874848e-08
664.4417999522957,8.286972261749774e-08
664.5417999522958,7.999419196772275e-08
664.6417999522957,7.721500868634375e-08
664.7417999522959,7.452906818466257e-08
664.8417999522958,7.193336158532973e-08
664.9417999522959,6.942497291854129e-08
665.0417999522958,6.700107639563502e-08
665.141799952296,6.465893375791945e-08
665.2417999522959,6.239589169898677e-08
665.341799952296,6.020937935844481e-08
665.4417999522959,5.8096905885396486e-08
665.5417999522961,5.605605806970241e-08
665.641799952296,5.4084498039426674e-08
665.7417999522961,5.2179961022598176e-08
665.841799952296,5.03402531717581e-08
665.9417999522962,4.8563249449515785e-08
666.0417999522961,4.684689157365467e-08
666.1417999522962,4.518918602009436e-08
666.2417999522961,4.358820208231741e-08
666.3417999522962,4.204206998565117e-08
666.4417999522962,4.054897905507554e-08
666.5417999522963,3.910717593502495e-08
666.6417999522962,3.77149628599196e-08
666.7417999522963,3.6370695973967e-08
666.8417999522962,3.5072783699028524e-08
666.9417999522964,3.381968514916512e-08
667.0417999522963,3.2609908590711595e-08
667.1417999522964,3.144200994656374e-08
667.2417999522963,3.031459134358139e-08
667.3417999522965,2.9226299701857723e-08
667.4417999522964,2.817582536480926e-08
667.5417999522965,2.7161900768900577e-08
667.6417999522964,2.6183299152006544e-08
667.7417999522966,2.5238833299287857e-08
667.8417999522965,2.432735432562901e-08
667.9417999522966,2.344775049357198e-08
668.0417999522965,2.2598946065840733e-08
668.1417999522967,2.1779900191443947e-08
668.2417999522966,2.0989605824495486e-08
668.3417999522967,2.022708867479101e-08
668.4417999522966,1.9491406189323255e-08
668.5417999522967,1.8781646563822997e-08
668.6417999522967,1.8096927783548876e-08
668.7417999522968,1.743639669246002e-08
668.8417999522967,1.6799228090033346e-08
668.9417999522968,1.6184623854904138e-08
669.0417999522967,1.5591812094628206e-08
669.1417999522969,1.5020046320787934e-08
669.2417999522968,1.4468604648774678e-08
669.3417999522969,1.3936789021511239e-08
669.4417999522968,1.3423924456479704e-08
669.541799952297,1.292935831535779e-08
669.6417999522969,1.2452459595660983e-08
669.741799952297,1.1992618243730019e-08
669.8417999522969,1.154924448849183e-08
669.9417999522971,1.112176819536887e-08
670.041799952297,1.0709638239793909e-08
670.1417999522971,1.0312321899738245e-08
670.241799952297,9.929304266738997e-09
670.3417999522972,9.56008767486464e-09
670.4417999522971,9.204191147131076e-09
670.5417999522972,8.861149858837756e-09
670.6417999522971,8.530514617361278e-09
670.7417999522972,8.211851357904777e-09
670.8417999522972,7.904740654764618e-09
670.9417999522973,7.608777247639795e-09
671.0417999522972,7.323569582568979e-09
671.1417999522973,7.048739367045906e-09
671.2417999522972,6.783921138920345e-09
671.3417999522974,6.528761848659844e-09
671.4417999522973,6.282920454600098e-09
671.5417999522974,6.046067530782902e-09
671.6417999522973,5.8178848870289875e-09
671.7417999522975,5.59806520086676e-09
671.8417999522974,5.38631166098371e-09
671.9417999522975,5.1823376218418395e-09
672.0417999522974,4.985866269142076e-09
672.1417999522976,4.7966302957992736e-09
672.2417999522975,4.614371588129121e-09
672.3417999522976,4.438840921928079e-09
672.4417999522975,4.26979766816371e-09
672.5417999522977,4.107009507974242e-09
672.6417999522976,3.950252156710286e-09
672.7417999522977,3.7993090967346416e-09
672.8417999522976,3.6539713187275506e-09
672.9417999522977,3.514037071229352e-09
673.0417999522977,3.379311618182201e-09
673.1417999522978,3.2496070042175596e-09
673.2417999522977,3.124741827464605e-09
673.3417999522978,3.0045410196406273e-09
673.4417999522977,2.8888356332109773e-09
673.5417999522979,2.777462635393588e-09
673.6417999522978,2.670264708807026e-09
673.7417999522979,2.567090058550555e-09
673.8417999522978,2.467792225526101e-09
673.941799952298,2.372229905802779e-09
674.0417999522979,2.2802667758449578e-09
674.141799952298,2.191771323415645e-09
674.2417999522979,2.1066166839864535e-09
674.3417999522981,2.024680482477037e-09
674.441799952298,1.945844680164635e-09
674.5417999522981,1.8699954265969745e-09
674.641799952298,1.7970229163584315e-09
674.7417999522982,1.7268212505323282e-09
674.8417999522981,1.6592883027178802e-09
674.9417999522982,1.5943255894539779e-09
675.0417999522981,1.5318381449164315e-09
675.1417999522982,1.4717343997495845e-09
675.2417999522982,1.4139260639066548e-09
675.3417999522983,1.3583280133679476e-09
675.4417999522982,1.304858180618596e-09
675.5417999522983,1.253437448762738e-09
675.6417999522982,1.2039895491627567e-09
675.7417999522984,1.1564409624877466e-09
675.8417999522983,1.1107208230664293e-09
675.9417999522984,1.066760826435597e-09
676.0417999522983,1.0244951399854555e-09
676.1417999522985,9.838603165995481e-10
676.2417999522984,9.447952111964029e-10
676.3417999522985,9.072409000767494e-10
676.4417999522984,8.711406029890541e-10
676.5417999522986,8.364396078229246e-10
676.6417999522985,8.030851978483999e-10
676.7417999522986,7.710265814161618e-10
676.8417999522985,7.402148240415633e-10
676.9417999522987,7.106027827927435e-10
677.0417999522986,6.821450429102932e-10
677.1417999522987,6.547978565836683e-10
677.2417999522986,6.285190838161557e-10
677.3417999522987,6.032681353082238e-10
677.4417999522987,5.790059172951531e-10
677.5417999522988,5.556947782730975e-10
677.6417999522987,5.332984575534284e-10
677.7417999522988,5.117820355835244e-10
677.8417999522987,4.911118859775233e-10
677.9417999522989,4.71255629199118e-10
678.0417999522988,4.521820878432796e-10
678.1417999522989,4.3386124346263024e-10
678.2417999522988,4.1626419488864804e-10
678.341799952299,3.993631179967748e-10
678.4417999522989,3.8313122686868794e-10
678.541799952299,3.6754273630403373e-10
678.6417999522989,3.5257282563775504e-10
678.7417999522991,3.381976038182991e-10
678.841799952299,3.2439407570559686e-10
678.9417999522991,3.111401095469053e-10
679.041799952299,2.984144055919867e-10
679.1417999522992,2.8619646580832583e-10
679.2417999522991,2.74466564660338e-10
679.3417999522992,2.6320572091572794e-10
679.4417999522991,2.5239567044520636e-10
679.5417999522992,2.420188399811241e-10
679.6417999522992,2.320583218033031e-10
679.7417999522993,2.224978493198767e-10
679.8417999522992,2.1332177351341214e-10
679.9417999522993,2.045150402221649e-10
680.0417999522992,1.9606316822868404e-10
680.1417999522994,1.8795222812752008e-10
680.2417999522993,1.8016882194602565e-10
680.3417999522994,1.7270006349184893e-10
680.4417999522993,1.6553355940276736e-10
680.5417999522995,1.586573908741624e-10
680.6417999522994,1.5206009604135556e-10
680.7417999522995,1.457306529937182e-10
680.8417999522994,1.3965846339923623e-10
680.9417999522996,1.3383333671795049e-10
681.0417999522995,1.28245474984339e-10
681.1417999522996,1.2288545813846663e-10
681.2417999522995,1.1774422988726665e-10
681.3417999522997,1.1281308407710883e-10
681.4417999522996,1.0808365156022359e-10
