135.59922374746543,2.819371586362394e-06
135.69922374746542,2.9312942189088293e-06
135.79922374746542,3.0474482894287007e-06
135.8992237474654,3.1679850193024454e-06
135.9992237474654,3.2930606855996064e-06
136.0992237474654,3.422836776782542e-06
136.1992237474654,3.557480152718007e-06
136.2992237474654,3.697163209098712e-06
136.39922374746538,3.842064046378793e-06
136.49922374746538,3.9923666433290125e-06
136.59922374746537,4.148261035319378e-06
136.69922374746537,4.309943497438602e-06
136.79922374746536,4.477616732562108e-06
136.89922374746536,4.651490064481511e-06
136.99922374746535,4.83177963621129e-06
137.09922374746535,5.018708613589465e-06
137.19922374746534,5.212507394291608e-06
137.29922374746533,5.413413822379142e-06
137.39922374746533,5.621673408504886e-06
137.49922374746532,5.8375395559009e-06
137.59922374746532,6.061273792275534e-06
137.6992237474653,6.2931460077482906e-06
137.7992237474653,6.533434698953765e-06
137.8992237474653,6.782427219446943e-06
137.9992237474653,7.040420036545079e-06
138.0992237474653,7.30771899474243e-06
138.19922374746528,7.584639585836951e-06
138.29922374746528,7.871507225909144e-06
138.39922374746527,8.168657539295938e-06
138.49922374746527,8.476436649703975e-06
138.59922374746526,8.79520147860892e-06
138.69922374746525,9.125320051088813e-06
138.79922374746525,9.467171809242183e-06
138.89922374746524,9.82114793334291e-06
138.99922374746524,1.0187651670885812e-05
139.09922374746523,1.0567098673679198e-05
139.19922374746523,1.095991734314184e-05
139.29922374746522,1.1366549183964387e-05
139.39922374746521,1.1787449166296177e-05
139.4992237474652,1.2223086096621377e-05
139.5992237474652,1.2673942997488547e-05
139.6992237474652,1.3140517496261273e-05
139.7992237474652,1.3623322223057559e-05
139.8992237474652,1.412288521804859e-05
139.99922374746518,1.4639750348288235e-05
140.09922374746517,1.517447773424686e-05
140.19922374746517,1.5727644186224183e-05
140.29922374746516,1.6299843650817904e-05
140.39922374746516,1.689168766762525e-05
140.49922374746515,1.7503805836357903e-05
140.59922374746515,1.8136846294549505e-05
140.69922374746514,1.879147620603945e-05
140.79922374746513,1.946838226041469e-05
140.89922374746513,2.0168271183594996e-05
140.99922374746512,2.0891870259747068e-05
141.09922374746512,2.163992786471405e-05
141.1992237474651,2.2413214011148545e-05
141.2992237474651,2.321252090553731e-05
141.3992237474651,2.403866351730795e-05
141.4992237474651,2.4892480160207376e-05
141.5992237474651,2.5774833086143362e-05
141.69922374746508,2.6686609091680777e-05
141.79922374746508,2.7628720137385613e-05
141.89922374746507,2.8602103980208258e-05
141.99922374746507,2.960772481910019e-05
142.09922374746506,3.06465739540574e-05
142.19922374746506,3.171967045878371e-05
142.29922374746505,3.282806186716803e-05
142.39922374746504,3.3972824873769454e-05
142.49922374746504,3.5155066048503063e-05
142.59922374746503,3.637592256572021e-05
142.69922374746503,3.7636562947876584e-05
142.79922374746502,3.893818782397897e-05
142.89922374746502,4.028203070300434e-05
142.999223747465,4.166935876248135e-05
143.099223747465,4.310147365242413e-05
143.199223747465,4.45797123148086e-05
143.299223747465,4.6105447818777544e-05
143.399223747465,4.768009021176369e-05
143.49922374746498,4.930508738671307e-05
143.59922374746498,5.098192596559447e-05
143.69922374746497,5.2712132199375666e-05
143.79922374746496,5.449727288464704e-05
143.89922374746496,5.6338956297069806e-05
143.99922374746495,5.8238833141823936e-05
144.09922374746495,6.019859752123059e-05
144.19922374746494,6.221998791971749e-05
144.29922374746494,6.430478820629548e-05
144.39922374746493,6.64548286547121e-05
144.49922374746492,6.867198698144118e-05
144.59922374746492,7.095818940166873e-05
144.6992237474649,7.33154117034279e-05
144.7992237474649,7.574568034003466e-05
144.8992237474649,7.825107354097011e-05
144.9992237474649,8.083372244135167e-05
145.0992237474649,8.349581223013161e-05
145.19922374746488,8.623958331715547e-05
145.29922374746488,8.90673325192088e-05
145.39922374746487,9.198141426517539e-05
145.49922374746487,9.498424182042414e-05
145.59922374746486,9.807828853053821e-05
145.69922374746486,0.00010126608908448986
145.79922374746485,0.00010455024079736425
145.89922374746484,0.00010793340491272287
145.99922374746484,0.0001114183079246953
146.09922374746483,0.0001150077429198802
146.19922374746483,0.00011870457093912434
146.29922374746482,0.00012251172235925144
146.39922374746482,0.00012643219829479164
146.4992237474648,0.00013046907201976727
146.5992237474648,0.00013462549040957103
146.6992237474648,0.00013890467540297421
146.7992237474648,0.00014330992548428471
146.8992237474648,0.0001478446171856717
146.99922374746478,0.0001525122066096611
147.09922374746478,0.00015731623097179964
147.19922374746477,0.0001622603101634676
147.29922374746477,0.00016734814833482093
147.39922374746476,0.00017258353549782344
147.49922374746475,0.0001779703491493221
147.59922374746475,0.0001835125559141095
147.69922374746474,0.00018921421320790039
147.79922374746474,0.00019507947092014294
147.89922374746473,0.0002011125731165688
147.99922374746473,0.00020731785976137504
148.09922374746472,0.00021369976845891922
148.1992237474647,0.00022026283621479176
148.2992237474647,0.00022701170121612228
148.3992237474647,0.00023395110463095346
148.4992237474647,0.00024108589242651367
148.5992237474647,0.0002484210172061901
148.69922374746469,0.0002559615400650068
148.79922374746468,0.0002637126324633762
148.89922374746467,0.00027167957811889893
148.99922374746467,0.00027986777491595
149.09922374746466,0.0002882827368327871
149.19922374746466,0.00029693009588589676
149.29922374746465,0.00030581560409126965
149.39922374746465,0.00031494513544229433
149.49922374746464,0.0003243246879039188
149.59922374746463,0.00033396038542273605
149.69922374746463,0.0003438584799526104
149.79922374746462,0.00035402535349545524
149.89922374746462,0.00036446752015674905
149.9992237474646,0.0003751916282153531
150.0992237474646,0.00038620446220718704
150.1992237474646,0.0003975129450222827
150.2992237474646,0.00040912414001472423
150.3992237474646,0.0004210452531249674
150.49922374746458,0.00043328363501399486
150.59922374746458,0.0004458467832087548
150.69922374746457,0.00045874234425830713
150.79922374746457,0.00047197811590007335
150.89922374746456,0.00048556204923556824
150.99922374746455,0.0004995022509149706
151.09922374746455,0.0005138069853298622
151.19922374746454,0.0005284846768134444
151.29922374746454,0.0005435439118475159
151.39922374746453,0.0005589934412754754
151.49922374746453,0.000574842182520585
151.59922374746452,0.0005910992218087056
151.69922374746452,0.0006077738163946896
151.7992237474645,0.0006248753967916086
151.8992237474645,0.0006424135690019268
151.9992237474645,0.0006603981167497664
152.0992237474645,0.0006788390037133201
152.1992237474645,0.0006977463757564971
152.29922374746448,0.0007171305631588231
152.39922374746448,0.0007370020828426092
152.49922374746447,0.000757371640596374
152.59922374746446,0.0007782501332934699
152.69922374746446,0.0007996486511048545
152.79922374746445,0.0008215784797048948
152.89922374746445,0.0008440511024690995
152.99922374746444,0.0008670782026626063
153.09922374746444,0.000890671665618275
153.19922374746443,0.0009148435809031541
153.29922374746442,0.0009396062444721035
153.39922374746442,0.0009649721608073225
153.4992237474644,0.0009909540450424696
153.5992237474644,0.0010175648250700963
153.6992237474644,0.0010448176436310165
153.7992237474644,0.0010727258603842806
153.8992237474644,0.001101303053956329
153.99922374746438,0.0011305630239679184
154.09922374746438,0.0011605197930373641
154.19922374746437,0.0011911876087586373
154.29922374746437,0.001222580945652783
154.39922374746436,0.001254714507091165
154.49922374746436,0.0012876032271889484
154.59922374746435,0.0013212622726672685
154.69922374746434,0.0013557070446824397
154.79922374746434,0.0013909531806206067
154.89922374746433,0.001427016555856149
154.99922374746433,0.0014639132854721622
155.09922374746432,0.0015016597259413095
155.19922374746432,0.001540272476765295
155.2992237474643,0.0015797683820712055
155.3992237474643,0.0016201645321629297
155.4992237474643,0.0016614782650258596
155.5992237474643,0.0017037271677830068
155.6992237474643,0.0017469290781007224
155.79922374746428,0.0017911020855421063
155.89922374746428,0.0018362645328662307
155.99922374746427,0.0018824350172712205
156.09922374746426,0.0019296323915792956
156.19922374746426,0.001977875765361768
156.29922374746425,0.0020271845060020346
156.39922374746425,0.0020775782396945533
156.49922374746424,0.002129076852377777
156.59922374746424,0.0021817004905990223
156.69922374746423,0.002235469562309188
156.79922374746423,0.0022904047375852904
156.89922374746422,0.002346526949278674
156.9992237474642,0.002403857393586845
157.0992237474642,0.002462417530546762
157.1992237474642,0.002522229084447508
157.2992237474642,0.0025833140441601254
157.3992237474642,0.002645694663382536
157.49922374746419,0.0027093934607973105
157.59922374746418,0.002774433220140179
157.69922374746417,0.0028408369901770205
157.79922374746417,0.0029086280845872156
157.89922374746416,0.0029778300817510993
157.99922374746416,0.003048466824439356
158.09922374746415,0.0031205624194021214
158.19922374746415,0.003194141236855579
158.29922374746414,0.0032692279098638487
158.39922374746413,0.0033458473336139523
158.49922374746413,0.003424024664581612
158.59922374746412,0.003503785319585718
158.69922374746412,0.0035851549747291955
158.7992237474641,0.0036681595642241212
158.8992237474641,0.0037528252790988387
158.9992237474641,0.0038391785657849115
159.0992237474641,0.003927246124581715
159.1992237474641,0.004017054907996481
159.29922374746408,0.0041086321189576416
159.39922374746408,0.004202005208899322
159.49922374746407,0.004297201875714831
159.59922374746407,0.004394250061577025
159.69922374746406,0.00449317795062346
159.79922374746405,0.004594013966504197
159.89922374746405,0.004696786769790262
159.99922374746404,0.004801525255240645
160.09922374746404,0.0049082585489258635
160.19922374746403,0.005017016005206064
160.29922374746403,0.005127827203561718
160.39922374746402,0.005240721945274936
160.49922374746401,0.005355730249959529
160.599223747464,0.0054728823519379095
160.699223747464,0.005592208696462972
160.799223747464,0.005713739935783208
160.899223747464,0.005837506925049197
160.999223747464,0.00596354071805981
161.09922374746398,0.006091872562846397
161.19922374746398,0.006222533897093305
161.29922374746397,0.006355556343393164
161.39922374746396,0.006490971704335327
161.49922374746396,0.006628811957425979
161.59922374746395,0.0067691092498384856
161.69922374746395,0.006911895892992519
161.79922374746394,0.00705720435696063
161.89922374746394,0.0072050672647010145
161.99922374746393,0.007355517386115139
162.09922374746392,0.007508587631929153
162.19922374746392,0.007664311047397881
162.2992237474639,0.007822720805830428
162.3992237474639,0.007983850201936295
162.4992237474639,0.00814773264499122
162.5992237474639,0.008314401651821795
162.6992237474639,0.008483890839608103
162.79922374746388,0.008656233918503694
162.89922374746388,0.008831464684072258
162.99922374746387,0.009009617009540416
163.09922374746387,0.00919072483786618
163.19922374746386,0.009374822173622724
163.29922374746386,0.00956194307469703
163.39922374746385,0.009752121643803359
163.49922374746384,0.009945392019811265
163.59922374746384,0.01014178836888815
163.69922374746383,0.010341344875456418
163.79922374746383,0.01054409573296534
163.89922374746382,0.010750075134477847
163.99922374746382,0.010959317263072553
164.0992237474638,0.011171856282061507
164.1992237474638,0.01138772632502407
164.2992237474638,0.011606961485657619
164.3992237474638,0.011829595807445758
164.4992237474638,0.012055663273144886
164.59922374746378,0.01228519779408997
164.69922374746378,0.012518233199320708
164.79922374746377,0.012754803224529015
164.89922374746376,0.012994941500829249
164.99922374746376,0.01323868154335247
165.09922374746375,0.013486056739666212
165.19922374746375,0.013737100338021365
165.29922374746374,0.013991845435427771
165.39922374746374,0.014250324965560588
165.49922374746373,0.014512571686499014
165.59922374746372,0.014778618168299762
165.69922374746372,0.015048496780407209
165.7992237474637,0.015322239678902632
165.8992237474637,0.01559987879359487
165.9992237474637,0.015881445814955077
166.0992237474637,0.016166972180897982
166.1992237474637,0.016456489063412714
166.29922374746369,0.0167500273550459
166.39922374746368,0.0170476176552401
166.49922374746367,0.01734929025653081
166.59922374746367,0.0176550751306052
166.69922374746366,0.017965001914226102
166.79922374746366,0.01827909989502471
166.89922374746365,0.018597397997165598
166.99922374746365,0.018919924766888026
167.09922374746364,0.019246708357927206
167.19922374746363,0.019577776516819773
167.29922374746363,0.019913156568097508
167.39922374746362,0.02025287539937361
167.49922374746362,0.020596959446326033
167.5992237474636,0.02094543467758232
167.6992237474636,0.021298326579510588
167.7992237474636,0.021655660140921674
167.8992237474636,0.022017459837687096
167.9992237474636,0.022383749617277984
168.09922374746358,0.022754552883230264
168.19922374746358,0.023129892479541163
168.29922374746357,0.023509790675002633
168.39922374746357,0.023894269147477165
168.49922374746356,0.024283348968121617
168.59922374746355,0.024677050585564894
168.69922374746355,0.025075393810045286
168.79922374746354,0.025478397797513607
168.89922374746354,0.02588608103370806
168.99922374746353,0.026298461318207268
169.09922374746353,0.026715555748467647
169.19922374746352,0.02713738070385172
169.29922374746351,0.02756395182965378
169.3992237474635,0.02799528402112973
169.4992237474635,0.028431391407537716
169.5992237474635,0.02887228733619657
169.6992237474635,0.02931798435656894
169.7992237474635,0.02976849420437613
169.89922374746348,0.030223827785752045
169.99922374746347,0.030683995161443163
170.09922374746347,0.03114900553106213
170.19922374746346,0.03161886721740233
170.29922374746346,0.03209358765082091
170.39922374746345,0.032573173353697873
170.49922374746345,0.03305762992497898
170.59922374746344,0.03354696202481003
170.69922374746344,0.03404117335927057
170.79922374746343,0.03454026666521474
170.89922374746342,0.035044243695227226
170.99922374746342,0.035553105202702474
171.0992237474634,0.03606685092705498
171.1992237474634,0.03658547957906906
171.2992237474634,0.037108988826396024
171.3992237474634,0.03763737527920718
171.4992237474634,0.03817063447601071
171.59922374746338,0.038708760869640986
171.69922374746338,0.039251747813428293
171.79922374746337,0.03979958754755777
171.89922374746337,0.04035227118562561
171.99922374746336,0.040909788701400926
172.09922374746336,0.04147212891580208
172.19922374746335,0.04203927948409535
172.29922374746334,0.042611226883325005
172.39922374746334,0.04318795639998261
172.49922374746333,0.04376945211792456
172.59922374746333,0.04435569690654587
172.69922374746332,0.04494667240921899
172.79922374746332,0.045542359032005666
172.8992237474633,0.0461427359326507
172.9992237474633,0.04674778100986567
173.0992237474633,0.0473574708929109
173.1992237474633,0.04797178093148429
173.2992237474633,0.048590685185925006
173.39922374746328,0.0492141564177403
173.49922374746328,0.04984216608046368
173.59922374746327,0.05047468431085251
173.69922374746326,0.05111167992043305
173.79922374746326,0.05175312038740099
173.89922374746325,0.05239897184888531
173.99922374746325,0.05304919909358334
174.09922374746324,0.05370376555477479
174.19922374746324,0.054362633303722194
174.29922374746323,0.05502576304346579
174.39922374746322,0.055693114103019865
174.49922374746322,0.05636464443197791
174.5992237474632,0.05704031059553439
174.6992237474632,0.05772006776992954
174.7992237474632,0.058403869738324656
174.8992237474632,0.059091668887114694
174.9992237474632,0.05978341620268486
175.09922374746318,0.06047906126861774
175.19922374746318,0.061178552263357736
175.29922374746317,0.061881835958338766
175.39922374746317,0.0625888577165817
175.49922374746316,0.06329956149176742
175.59922374746316,0.06401388982779131
175.69922374746315,0.06473178385880507
175.79922374746315,0.065453183309751
175.89922374746314,0.06617802649739467
175.99922374746313,0.06690625033186039
176.09922374746313,0.06763779031867508
176.19922374746312,0.06837258056132509
176.29922374746312,0.06911055376433028
176.3992237474631,0.06985164123684025
176.4992237474631,0.07059577289675636
176.5992237474631,0.07134287727538396
176.6992237474631,0.07209288152261804
176.7992237474631,0.07284571141266649
176.89922374746308,0.07360129135031351
176.99922374746308,0.07435954437772681
177.09922374746307,0.0751203921818112
177.19922374746307,0.07588375510211105
177.29922374746306,0.07664955213926421
177.39922374746305,0.07741770096400925
177.49922374746305,0.07818811792674821
177.59922374746304,0.07896071806766586
177.69922374746304,0.07973541512740757
177.79922374746303,0.08051212155831629
177.89922374746303,0.08129074853622972
177.99922374746302,0.08207120597283812
178.09922374746301,0.0828534025286032
178.199223747463,0.08363724562623791
178.299223747463,0.08442264146474704
178.399223747463,0.085209495034028
178.499223747463,0.08599771013003095
178.599223747463,0.0867871893704773
178.69922374746298,0.08757783421113513
178.79922374746297,0.08836954496264982
178.89922374746297,0.08916222080792799
178.99922374746296,0.08995575982007266
179.09922374746296,0.0907500589808668
179.19922374746295,0.09154501419980268
179.29922374746295,0.0923405203336539
179.39922374746294,0.09313647120658664
179.49922374746293,0.09393275963080633
179.59922374746293,0.09472927742773618
179.69922374746292,0.09552591544972257
179.79922374746292,0.09632256360226354
179.8992237474629,0.0971191108667549
179.9992237474629,0.097915445323749
180.0992237474629,0.0987114541767209
180.1992237474629,0.09950702377633573
180.2992237474629,0.10030203964521182
180.39922374746288,0.10109638650317261
180.49922374746288,0.10188994829298131
180.59922374746287,0.10268260820655081
180.69922374746287,0.10347424871162238
180.79922374746286,0.10426475157890483
180.89922374746286,0.10505399790966707
180.99922374746285,0.1058418681637757
181.09922374746284,0.1066282421881692
181.19922374746284,0.10741299924576057
181.29922374746283,0.1081960180447588
181.39922374746283,0.1089771767684009
181.49922374746282,0.10975635310508441
181.59922374746282,0.110533424278891
181.6992237474628,0.11130826708049103
181.7992237474628,0.11208075789841936
181.8992237474628,0.11285077275071105
181.9992237474628,0.11361818731688744
182.0992237474628,0.11438287697028039
182.19922374746278,0.11514471681068474
182.29922374746278,0.11590358169732642
182.39922374746277,0.11665934628213546
182.49922374746276,0.11741188504331153
182.59922374746276,0.11816107231916995
182.69922374746275,0.11890678234225613
182.79922374746275,0.11964888927371548
182.89922374746274,0.12038726723790653
182.99922374746274,0.1211217903572439
183.09922374746273,0.12185233278725818
183.19922374746272,0.1225787687518597
183.29922374746272,0.12330097257879195
183.3992237474627,0.12401881873526178
183.4992237474627,0.12473218186373208
183.5992237474627,0.12544093681786306
183.6992237474627,0.1261449586985879
183.7992237474627,0.12684412289030877
183.89922374746268,0.1275383050971983
183.99922374746268,0.1282273813795923
184.09922374746267,0.12891122819045892
184.19922374746267,0.1295897224119294
184.29922374746266,0.13026274139187557
184.39922374746266,0.13093016298051882
184.49922374746265,0.1315918655670558
184.59922374746264,0.1322477281162854
184.69922374746264,0.13289763020522163
184.79922374746263,0.13354145205967727
184.89922374746263,0.13417907459080278
184.99922374746262,0.13481037943156482
185.09922374746262,0.13543524897314915
185.1992237474626,0.1360535664012721
185.2992237474626,0.13666521573238516
185.3992237474626,0.1372700818497569
185.4992237474626,0.13786805053941695
185.5992237474626,0.13845900852594592
185.69922374746258,0.1390428435080961
185.79922374746258,0.13961944419422692
185.89922374746257,0.14018870033754005
185.99922374746257,0.1407505027710979
186.09922374746256,0.14130474344261096
186.19922374746255,0.14185131544897736
186.29922374746255,0.14239011307056051
186.39922374746254,0.14292103180518817
186.49922374746254,0.1434439684018588
186.59922374746253,0.14395882089413936
186.69922374746253,0.14446548863323952
186.79922374746252,0.14496387232074773
186.89922374746251,0.14545387404101365
186.9992237474625,0.1459353972931626
187.0992237474625,0.1464083470227274
187.1992237474625,0.1468726296528828
187.2992237474625,0.1473281531152686
187.3992237474625,0.1477748268803865
187.49922374746248,0.14821256198755794
187.59922374746247,0.14864127107442748
187.69922374746247,0.14906086840599936
187.79922374746246,0.14947126990319295
187.89922374746246,0.14987239317090428
187.99922374746245,0.15026415752555994
188.09922374746245,0.15064648402215122
188.19922374746244,0.15101929548073523
188.29922374746243,0.15138251651239074
188.39922374746243,0.1517360735446166
188.49922374746242,0.15207989484616072
188.59922374746242,0.1524139105512677
188.6992237474624,0.15273805268333399
188.7992237474624,0.15305225517795915
188.8992237474624,0.1533564539053821
188.9992237474624,0.15365058669229223
189.0992237474624,0.1539345933430043
189.19922374746238,0.15420841565998772
189.29922374746238,0.15447199746373977
189.39922374746237,0.15472528461199384
189.49922374746237,0.15496822501825291
189.59922374746236,0.15520076866964017
189.69922374746236,0.1554228676440571
189.79922374746235,0.15563447612664214
189.89922374746234,0.1558355504255207
189.99922374746234,0.1560260489868399
190.09922374746233,0.15620593240908037
190.19922374746233,0.15637516345663824
190.29922374746232,0.15653370707267075
190.39922374746232,0.1566815303911996
190.4992237474623,0.15681860274846546
190.5992237474623,0.1569448956935291
190.6992237474623,0.15706038299811326
190.7992237474623,0.1571650406656807
190.8992237474623,0.15725884693974443
190.99922374746228,0.1573417823114052
191.09922374746228,0.1574138295261136
191.19922374746227,0.15747497358965296
191.29922374746226,0.15752520177334
191.39922374746226,0.15756450361844115
191.49922374746225,0.15759287093980193
191.59922374746225,0.15761029782868818
191.69922374746224,0.15761678065483722
191.79922374746224,0.15761266492081663
191.89922374746223,0.157598442911431
191.99922374746222,0.15757412094704568
192.09922374746222,0.15753970370423667
192.1992237474622,0.1574951977998563
192.2992237474622,0.1574406117889132
192.3992237474622,0.15737595616183148
192.4992237474622,0.15730124334109086
192.5992237474622,0.15721648767724866
192.69922374746218,0.15712170544434603
192.79922374746218,0.15701691483469987
192.89922374746217,0.15690213595308358
192.99922374746217,0.15677739081029818
193.09922374746216,0.15664270331613783
193.19922374746216,0.1564980992717519
193.29922374746215,0.15634360636140773
193.39922374746214,0.15617925414365735
193.49922374746214,0.1560050740419121
193.59922374746213,0.15582109933442972
193.69922374746213,0.15562736514371817
193.79922374746212,0.1554239084253604
193.89922374746212,0.1552107679562662
193.9992237474621,0.1549879843223552
194.0992237474621,0.154755599905677
194.1992237474621,0.15451365887097454
194.2992237474621,0.15426220715169572
194.3992237474621,0.15400129243546032
194.49922374746208,0.1537309641489884
194.59922374746208,0.1534512734424966
194.69922374746207,0.15316227317356956
194.79922374746207,0.1528640178905134
194.89922374746206,0.15255656381519878
194.99922374746205,0.1522399688254007
195.09922374746205,0.15191429243664342
195.19922374746204,0.15157959578355779
195.29922374746204,0.15123594160075976
195.39922374746203,0.15088339420325797
195.49922374746203,0.15052201946639931
195.59922374746202,0.15015188480536115
195.699223747462,0.1497730591541988
195.799223747462,0.14938561294445815
195.899223747462,0.14898961808336153
195.999223747462,0.14858514793157776
196.099223747462,0.14817227728058446
196.19922374746199,0.14775108232963374
196.29922374746198,0.14732164066233017
196.39922374746197,0.14688403122283175
196.49922374746197,0.14643833429168387
196.59922374746196,0.14598463146129645
196.69922374746196,0.14552300561107495
196.79922374746195,0.14505354088221598
196.89922374746195,0.1445763226521778
196.99922374746194,0.1440914375088368
197.09922374746193,0.14359897322434106
197.19922374746193,0.14309901872867167
197.29922374746192,0.14259166408292315
197.39922374746192,0.14207700045231417
197.4992237474619,0.14155512007893992
197.5992237474619,0.14102611625427725
197.6992237474619,0.14049008329145443
197.7992237474619,0.13994711649729671
197.8992237474619,0.13939731214415935
197.99922374746188,0.1388407674415598
198.09922374746188,0.13827758050762065
198.19922374746187,0.13770785034033506
198.29922374746187,0.13713167678866633
198.39922374746186,0.13654916052349358
198.49922374746185,0.13596040300841497
198.59922374746185,0.1353655064704208
198.69922374746184,0.13476457387044768
198.79922374746184,0.13415770887382603
198.89922374746183,0.13354501582063263
198.99922374746183,0.13292659969595969
199.09922374746182,0.13230256610011287
199.19922374746182,0.1316730212187494
199.2992237474618,0.13103807179296822
199.3992237474618,0.13039782508936407
199.4992237474618,0.12975238887005686
199.5992237474618,0.1291018713627082
199.6992237474618,0.1284463812305365
199.79922374746178,0.1277860275423421
199.89922374746178,0.12712091974255418
199.99922374746177,0.12645116762131045
200.09922374746176,0.12577688128458103
200.19922374746176,0.12509817112434823
200.29922374746175,0.12441514778885243
200.39922374746175,0.123727922152916
200.49922374746174,0.12303660528835585
200.59922374746174,0.12234130843449528
200.69922374746173,0.12164214296878649
200.79922374746172,0.12093922037755354
200.89922374746172,0.1202326522268673
200.9992237474617,0.11952255013356185
201.0992237474617,0.11880902573640328
201.1992237474617,0.11809219066742081
201.2992237474617,0.1173721565234103
201.3992237474617,0.11664903483761997
201.49922374746168,0.11592293705162825
201.59922374746168,0.11519397448742315
201.69922374746167,0.11446225831969291
201.79922374746167,0.11372789954833694
201.89922374746166,0.11299100897120642
201.99922374746166,0.1122516971570833
202.09922374746165,0.11151007441890701
202.19922374746164,0.11076625078725676
202.29922374746164,0.11002033598409894
202.39922374746163,0.10927243939680684
202.49922374746163,0.10852267005246177
202.59922374746162,0.10777113659244295
202.69922374746162,0.10701794724731407
202.7992237474616,0.10626320981201434
202.8992237474616,0.10550703162136121
202.9992237474616,0.10474951952587187
203.0992237474616,0.1039907798679109
203.1992237474616,0.1032309184581706
203.29922374746158,0.10247004055249066
203.39922374746158,0.10170825082902378
203.49922374746157,0.1009456533657531
203.59922374746156,0.10018235161836804
203.69922374746156,0.09941844839850364
203.79922374746155,0.0986540458523496
203.89922374746155,0.09788924543963427
203.99922374746154,0.09712414791298837
204.09922374746154,0.0963588532976943
204.19922374746153,0.0955934608718247
204.29922374746153,0.09482806914677597
204.39922374746152,0.09406277584820004
204.4992237474615,0.0932976778973394
204.5992237474615,0.09253287139276878
204.6992237474615,0.09176845159254719
204.7992237474615,0.0910045128967844
204.8992237474615,0.09024114883062424
204.99922374746149,0.08947845202764859
205.09922374746148,0.08871651421370447
205.19922374746147,0.08795542619115702
205.29922374746147,0.08719527782357085
205.39922374746146,0.08643615802082166
205.49922374746146,0.08567815472464077
205.59922374746145,0.0849213548945937
205.69922374746145,0.08416584449449467
205.79922374746144,0.08341170847925858
205.89922374746143,0.08265903078219124
205.99922374746143,0.08190789430271916
206.09922374746142,0.08115838089455953
206.19922374746142,0.08041057135433081
206.2992237474614,0.07966454541060464
206.3992237474614,0.07892038171339882
206.4992237474614,0.07817815782411158
206.5992237474614,0.07743795020589686
206.6992237474614,0.07669983421448003
206.79922374746138,0.07596388408941365
206.89922374746138,0.07523017294577217
206.99922374746137,0.07449877276628487
207.09922374746137,0.07376975439390561
207.19922374746136,0.07304318752481807
207.29922374746135,0.07231914070187508
207.39922374746135,0.07159768130847
207.49922374746134,0.07087887556283856
207.59922374746134,0.07016278851278893
207.69922374746133,0.06944948403085754
207.79922374746133,0.06873902480988886
207.89922374746132,0.06803147235903567
207.99922374746131,0.06732688700017798
208.0992237474613,0.06662532786475696
208.1992237474613,0.06592685289102118
208.2992237474613,0.06523151882168206
208.3992237474613,0.06453938120197462
208.4992237474613,0.06385049437812083
208.59922374746128,0.06316491149619105
208.69922374746128,0.06248268450136041
208.79922374746127,0.061803864137555946
208.89922374746126,0.06112849994749035
208.99922374746126,0.06045664027307838
209.09922374746125,0.05978833225623134
209.19922374746125,0.059123621840025474
209.29922374746124,0.05846255377023952
209.39922374746124,0.057805171597256726
209.49922374746123,0.05715151767832683
209.59922374746122,0.05650163318018279
209.69922374746122,0.05585555808200737
209.7992237474612,0.05521333117874465
209.8992237474612,0.05457499008475109
209.9992237474612,0.05394057123778092
210.0992237474612,0.053310109903300464
210.1992237474612,0.052683640179126134
210.29922374746118,0.052061195000380166
210.39922374746118,0.051442806144758914
210.49922374746117,0.05082850423810775
210.59922374746117,0.05021831876029697
210.69922374746116,0.04961227805139263
210.79922374746116,0.049010409318116795
210.89922374746115,0.048412738640591035
210.99922374746114,0.04781929097935711
211.09922374746114,0.04723009018266898
211.19922374746113,0.04664515899405
211.29922374746113,0.04606451906010897
211.39922374746112,0.04548819093860918
211.49922374746112,0.04491619410678397
211.5992237474611,0.04434854696989268
211.6992237474611,0.04378526687001069
211.7992237474611,0.043226370095047255
211.8992237474611,0.042671871887984776
211.9992237474611,0.042121786456333236
212.09922374746108,0.04157612698179332
212.19922374746108,0.041034905630121965
212.29922374746107,0.04049813356119395
212.39922374746106,0.0399658209392531
212.49922374746106,0.03943797694334662
212.59922374746105,0.03891460977793649
212.69922374746105,0.03839572668368116
212.79922374746104,0.037881333948381425
212.89922374746104,0.03737143691808409
212.99922374746103,0.03686604000833693
213.09922374746102,0.036365146715588874
213.19922374746102,0.035868759628728764
213.299223747461,0.035376880440756785
213.399223747461,0.03488950996058206
213.499223747461,0.03440664812494011
213.599223747461,0.033928294010424374
213.699223747461,0.03345444584562514
213.79922374746099,0.03298510102337004
213.89922374746098,0.032520256113060086
213.99922374746097,0.03205990687309491
214.09922374746097,0.03160404826338152
214.19922374746096,0.03115267445792045
214.29922374746096,0.030705778857463388
214.39922374746095,0.030263354102236552
214.49922374746095,0.029825392084723894
214.59922374746094,0.029391883962504514
214.69922374746093,0.028962820171138427
214.79922374746093,0.028538190437095285
214.89922374746092,0.028117983790720308
214.99922374746092,0.027702188579232005
215.0992237474609,0.027290792479746275
215.1992237474609,0.0268837825123215
215.2992237474609,0.026481145053019375
215.3992237474609,0.026082865846976114
215.4992237474609,0.025688930021479178
215.59922374746088,0.025299322099044123
215.69922374746088,0.024914026010486732
215.79922374746087,0.024533025107985686
215.89922374746087,0.02415630217813048
215.99922374746086,0.023783839454950308
216.09922374746085,0.02341561863291896
216.19922374746085,0.023051620879931158
216.29922374746084,0.022691826850245962
216.39922374746084,0.02233621669739265
216.49922374746083,0.021984770087034797
216.59922374746083,0.021637466209788358
216.69922374746082,0.0212942837939895
216.79922374746081,0.020955201118408057
216.8992237474608,0.020620196024902858
216.9992237474608,0.02028924593101463
217.0992237474608,0.01996232784249314
217.1992237474608,0.019639418365754342
217.2992237474608,0.019320493720264367
217.39922374746078,0.01900552975084644
217.49922374746077,0.018694501939907546
217.59922374746077,0.01838738541958129
217.69922374746076,0.018084154983783844
217.79922374746076,0.017784785100179647
217.89922374746075,0.017489249922053907
217.99922374746075,0.017197523300088873
218.09922374746074,0.016909578794040914
218.19922374746074,0.016625389684315747
218.29922374746073,0.016344928983438884
218.39922374746072,0.016068169447418908
218.49922374746072,0.015795083587000908
218.5992237474607,0.015525643678807616
218.6992237474607,0.01525982177636602
218.7992237474607,0.014997589721017066
218.8992237474607,0.014738919152706396
218.9992237474607,0.014483781520653919
219.09922374746068,0.014232148093900351
219.19922374746068,0.01398398997172878
219.29922374746067,0.01373927809395937
219.39922374746067,0.013497983251115635
219.49922374746066,0.01326007609446052
219.59922374746066,0.013025527145900776
219.69922374746065,0.012794306807758189
219.79922374746064,0.012566385372406308
219.89922374746064,0.012341733031771265
219.99922374746063,0.012120319886695603
220.09922374746063,0.011902115956163932
220.19922374746062,0.011687091186389385
220.29922374746062,0.01147521545975981
220.3992237474606,0.011266458603643023
220.4992237474606,0.011060790399050065
220.5992237474606,0.010858180589155934
220.6992237474606,0.01065859888767704
220.7992237474606,0.010462014987104796
220.89922374746058,0.010268398566794904
220.99922374746058,0.010077719300911886
221.09922374746057,0.009889946866228428
221.19922374746056,0.009705050949779408
221.29922374746056,0.0095230012563702
221.39922374746055,0.009343767515939287
221.49922374746055,0.009167319490774964
221.59922374746054,0.008993626982586194
221.69922374746054,0.008822659839427675
221.79922374746053,0.008654387962479158
221.89922374746052,0.00848878131267927
221.99922374746052,0.008325809917214077
222.0992237474605,0.008165443875860604
222.1992237474605,0.0080076533671858
222.2992237474605,0.007852408654601236
222.3992237474605,0.007699680092274087
222.4992237474605,0.0075494381308949254
222.59922374746048,0.007401653323302843
222.69922374746048,0.007256296329968584
222.79922374746047,0.007113337924336376
222.89922374746047,0.006972748998025168
222.99922374746046,0.006834500565890044
223.09922374746046,0.006698563770944698
223.19922374746045,0.00656490988914575
223.29922374746045,0.006433510334039928
223.39922374746044,0.006304336661274967
223.49922374746043,0.006177360572975329
223.59922374746043,0.006052553921983684
223.69922374746042,0.005929888715969318
