135.59922374746543,0.07759523059428207
135.69922374746542,0.07795739911137473
135.79922374746542,0.07832194027980323
135.8992237474654,0.07868884561426621
135.9992237474654,0.07905810620644815
136.0992237474654,0.07942971272224819
136.1992237474654,0.07980365539908335
136.2992237474654,0.08017992404326772
136.39922374746538,0.08055850802746956
136.49922374746538,0.08093939628824756
136.59922374746537,0.08132257732366846
136.69922374746537,0.08170803919100705
136.79922374746536,0.0820957695045307
136.89922374746536,0.08248575543336972
136.99922374746535,0.08287798369947545
137.09922374746535,0.08327244057566735
137.19922374746534,0.08366911188377099
137.29922374746533,0.0840679829928484
137.39922374746533,0.08446903881752228
137.49922374746532,0.0848722638163959
137.59922374746532,0.08527764199056984
137.6992237474653,0.0856851568822575
137.7992237474653,0.08609479157350072
137.8992237474653,0.08650652868498689
137.9992237474653,0.08692035037496934
138.0992237474653,0.08733623833829224
138.19922374746528,0.08775417380552161
138.29922374746528,0.0881741375421839
138.39922374746527,0.08859610984811317
138.49922374746527,0.08902007055690901
138.59922374746526,0.08944599903550599
138.69922374746525,0.08987387418385598
138.79922374746525,0.09030367443472534
138.89922374746524,0.09073537775360735
138.99922374746524,0.09116896163875196
139.09922374746523,0.09160440312131381
139.19922374746523,0.09204167876561972
139.29922374746522,0.09248076466955701
139.39922374746521,0.09292163646508371
139.4992237474652,0.09336426931886208
139.5992237474652,0.09380863793301622
139.6992237474652,0.0942547165460153
139.7992237474652,0.09470247893368308
139.8992237474652,0.09515189841033521
139.99922374746518,0.09560294783004492
140.09922374746517,0.09605559958803844
140.19922374746517,0.09650982562222105
140.29922374746516,0.0969655974148344
140.39922374746516,0.09742288599424653
140.49922374746515,0.09788166193687511
140.59922374746515,0.09834189536924465
140.69922374746514,0.09880355597017888
140.79922374746513,0.09926661297312886
140.89922374746513,0.09973103516863732
140.99922374746512,0.10019679090694054
141.09922374746512,0.10066384810070773
141.1992237474651,0.10113217422791917
141.2992237474651,0.10160173633488316
141.3992237474651,0.10207250103939289
141.4992237474651,0.10254443453402326
141.5992237474651,0.10301750258956838
141.69922374746508,0.10349167055862017
141.79922374746508,0.10396690337928854
141.89922374746507,0.10444316557906311
141.99922374746507,0.10492042127881746
142.09922374746506,0.10539863419695562
142.19922374746506,0.10587776765370124
142.29922374746505,0.10635778457552969
142.39922374746504,0.10683864749974314
142.49922374746504,0.10732031857918896
142.59922374746503,0.1078027595871209
142.69922374746503,0.10828593192220415
142.79922374746502,0.10876979661366289
142.89922374746502,0.10925431432657158
142.999223747465,0.10973944536728901
143.099223747465,0.1102251496890351
143.199223747465,0.1107113868976107
143.299223747465,0.11119811625725959
143.399223747465,0.11168529669667272
143.49922374746498,0.11217288681513407
143.59922374746498,0.11266084488880815
143.69922374746497,0.11314912887716837
143.79922374746496,0.11363769642956575
143.89922374746496,0.11412650489193792
143.99922374746495,0.11461551131365705
144.09922374746495,0.115104672454517
144.19922374746494,0.11559394479185821
144.29922374746494,0.11608328452783002
144.39922374746493,0.11657264759678969
144.49922374746492,0.11706198967283706
144.59922374746492,0.11755126617748404
144.6992237474649,0.11804043228745834
144.7992237474649,0.1185294429426398
144.8992237474649,0.1190182528541291
144.9992237474649,0.11950681651244709
145.0992237474649,0.11999508819586409
145.19922374746488,0.12048302197885769
145.29922374746488,0.12097057174069806
145.39922374746487,0.12145769117415947
145.49922374746487,0.1219443337943564
145.59922374746486,0.12243045294770333
145.69922374746486,0.12291600182099652
145.79922374746485,0.1234009334506164
145.89922374746484,0.12388520073184894
145.99922374746484,0.12436875642832468
146.09922374746483,0.12485155318157339
146.19922374746483,0.12533354352069342
146.29922374746482,0.12581467987213302
146.39922374746482,0.12629491456958292
146.4992237474648,0.12677419986397742
146.5992237474648,0.127252487933603
146.6992237474648,0.12772973089431178
146.7992237474648,0.12820588080983836
146.8992237474648,0.12868088970221797
146.99922374746478,0.12915470956230363
147.09922374746478,0.12962729236038045
147.19922374746477,0.130098590056875
147.29922374746477,0.1305685546131572
147.39922374746476,0.13103713800243288
147.49922374746475,0.1315042922207246
147.59922374746475,0.13196996929793814
147.69922374746474,0.13243412130901272
147.79922374746474,0.13289670038515228
147.89922374746473,0.13335765872513522
147.99922374746473,0.1338169486067004
148.09922374746472,0.13427452239800686
148.1992237474647,0.134730332569164
148.2992237474647,0.13518433170383054
148.3992237474647,0.13563647251087896
148.4992237474647,0.1360867078361227
148.5992237474647,0.1365349906741037
148.69922374746469,0.1369812741799372
148.79922374746468,0.1374255116812108
148.89922374746467,0.13786765668993536
148.99922374746467,0.1383076629145445
149.09922374746466,0.13874548427193936
149.19922374746466,0.13918107489957682
149.29922374746465,0.13961438916759633
149.39922374746465,0.14004538169098424
149.49922374746464,0.1404740073417706
149.59922374746463,0.14090022126125692
149.69922374746463,0.1413239788722706
149.79922374746462,0.1417452358914431
149.89922374746462,0.142163948341509
149.9992237474646,0.14258007256362182
150.0992237474646,0.14299356522968423
150.1992237474646,0.14340438335468836
150.2992237474646,0.14381248430906352
150.3992237474646,0.14421782583102763
150.49922374746458,0.14462036603893869
150.59922374746458,0.14502006344364335
150.69922374746457,0.14541687696081826
150.79922374746457,0.14581076592330172
150.89922374746456,0.14620169009341077
150.99922374746455,0.14658960967524165
151.09922374746455,0.1469744853269483
151.19922374746454,0.14735627817299676
151.29922374746454,0.14773494981639085
151.39922374746453,0.1481104623508659
151.49922374746453,0.14848277837304652
151.59922374746452,0.14885186099456488
151.69922374746452,0.14921767385413578
151.7992237474645,0.14958018112958438
151.8992237474645,0.1499393475498232
151.9992237474645,0.15029513840677441
152.0992237474645,0.1506475195672335
152.1992237474645,0.15099645748467055
152.29922374746448,0.15134191921096543
152.39922374746448,0.15168387240807246
152.49922374746447,0.1520222853596116
152.59922374746446,0.15235712698238107
152.69922374746446,0.15268836683778875
152.79922374746445,0.15301597514319737
152.89922374746445,0.15333992278318015
152.99922374746444,0.1536601813206828
153.09922374746444,0.15397672300808796
153.19922374746443,0.15428952079817787
153.29922374746442,0.15459854835499187
153.39922374746442,0.15490378006457423
153.4992237474644,0.15520519104560837
153.5992237474644,0.15550275715993395
153.6992237474644,0.15579645502294248
153.7992237474644,0.1560862620138475
153.8992237474644,0.1563721562858254
153.99922374746438,0.1566541167760232
154.09922374746438,0.1569321232154286
154.19922374746437,0.15720615613859923
154.29922374746437,0.1574761968932467
154.39922374746436,0.1577422276496711
154.49922374746436,0.15800423141004294
154.59922374746435,0.15826219201752778
154.69922374746434,0.15851609416525003
154.79922374746434,0.15876592340509196
154.89922374746433,0.15901166615632398
154.99922374746433,0.15925330971406215
155.09922374746432,0.15949084225754945
155.19922374746432,0.1597242528582566
155.2992237474643,0.1599535314877987
155.3992237474643,0.16017866902566386
155.4992237474643,0.16039965726675012
155.5992237474643,0.16061648892870692
155.6992237474643,0.16082915765907693
155.79922374746428,0.16103765804223513
155.89922374746428,0.16124198560612107
155.99922374746427,0.16144213682876069
156.09922374746426,0.16163810914457388
156.19922374746426,0.1618299009504648
156.29922374746425,0.16201751161169026
156.39922374746425,0.16220094146750388
156.49922374746424,0.1623801918365714
156.59922374746424,0.16255526502215423
156.69922374746423,0.16272616431705766
156.79922374746423,0.16289289400834028
156.89922374746422,0.16305545938178134
156.9992237474642,0.16321386672610227
157.0992237474642,0.1633681233369397
157.1992237474642,0.16351823752056616
157.2992237474642,0.16366421859735553
157.3992237474642,0.16380607690499005
157.49922374746419,0.16394382380140554
157.59922374746418,0.16407747166747177
157.69922374746417,0.16420703390940564
157.79922374746417,0.1643325249609127
157.89922374746416,0.16445396028505568
157.99922374746416,0.16457135637584624
158.09922374746415,0.16468473075955703
158.19922374746415,0.16479410199575173
158.29922374746414,0.1648994896780303
158.39922374746413,0.1650009144344865
158.49922374746413,0.1650983979278749
158.59922374746412,0.16519196285548582
158.69922374746412,0.16528163294872444
158.7992237474641,0.16536743297239256
158.8992237474641,0.16545065619937782
158.9992237474641,0.1655326363999845
159.0992237474641,0.16561340068005836
159.1992237474641,0.16569297653981735
159.29922374746408,0.16577139194957158
159.39922374746408,0.16584867534771194
159.49922374746407,0.1659248556385402
159.59922374746407,0.1659999621899386
159.69922374746406,0.166074024830877
159.79922374746405,0.166147073848755
159.89922374746405,0.16621913998657764
159.99922374746404,0.16629025443996237
160.09922374746404,0.1663604488539751
160.19922374746403,0.1664297553197941
160.29922374746403,0.16649820637119858
160.39922374746402,0.16656583498088173
160.49922374746401,0.1666326745565848
160.599223747464,0.16669875893705138
160.699223747464,0.16676412238779992
160.799223747464,0.16682879959671226
160.899223747464,0.16689282566943736
160.999223747464,0.16695623612460775
161.09922374746398,0.1670190668888677
161.19922374746398,0.167081354291711
161.29922374746397,0.16714313506012757
161.39922374746396,0.1672044463130566
161.49922374746396,0.16726532555564566
161.59922374746395,0.1673258106733137
161.69922374746395,0.16738593992561718
161.79922374746394,0.16744575193991784
161.89922374746394,0.16750528570485104
161.99922374746393,0.1675645805635934
162.09922374746392,0.16762367620692914
162.19922374746392,0.1676826126661134
162.2992237474639,0.16774143030553243
162.3992237474639,0.1678001698151593
162.4992237474639,0.16785887220280443
162.5992237474639,0.16791757878616065
162.6992237474639,0.1679763311846413
162.79922374746388,0.16803517131101203
162.89922374746388,0.1680941413628147
162.99922374746387,0.1681532838135837
163.09922374746387,0.16821264140385422
163.19922374746386,0.16827225713196214
163.29922374746386,0.16833217424463565
163.39922374746385,0.1683924362273781
163.49922374746384,0.16845308679464285
163.59922374746384,0.16851416987979978
163.69922374746383,0.16857572962489337
163.79922374746383,0.1686378103701939
163.89922374746382,0.1687004566435406
163.99922374746382,0.16876371314947877
164.0992237474638,0.1688276247581902
164.1992237474638,0.1688922364942188
164.2992237474638,0.16895759352499154
164.3992237474638,0.16902374114913554
164.4992237474638,0.16909072478459336
164.59922374746378,0.16915858995653596
164.69922374746378,0.16922738228507664
164.79922374746377,0.16929714747278551
164.89922374746376,0.16936793129200697
164.99922374746376,0.16943977957198192
165.09922374746375,0.1695127381857755
165.19922374746375,0.16958685303701343
165.29922374746374,0.16966217004642764
165.39922374746374,0.1697387351382145
165.49922374746373,0.16981659422620665
165.59922374746372,0.16989579319986192
165.69922374746372,0.1699763779100707
165.7992237474637,0.17005839415478508
165.8992237474637,0.17014188766447194
165.9992237474637,0.17022690408739344
166.0992237474637,0.17031348897471693
166.1992237474637,0.1704016877654582
166.29922374746369,0.17049154577126072
166.39922374746368,0.17058310816101438
166.49922374746367,0.1706764199453173
166.59922374746367,0.17077152596078377
166.69922374746366,0.17086847085420276
166.79922374746366,0.17096729906655028
166.89922374746365,0.17106805481685947
166.99922374746365,0.17117078208595324
167.09922374746364,0.17127552460004247
167.19922374746363,0.17138232581419557
167.29922374746363,0.1714912288956824
167.39922374746362,0.17160227670719833
167.49922374746362,0.17171551178997232
167.5992237474636,0.1718309763467646
167.6992237474636,0.17194871222475822
167.7992237474636,0.17206876089835008
167.8992237474636,0.17219116345184654
167.9992237474636,0.1723159605620688
168.09922374746358,0.172443192480874
168.19922374746358,0.17257289901759668
168.29922374746357,0.17270511952141784
168.39922374746357,0.17283989286366577
168.49922374746356,0.1729772574200561
168.59922374746355,0.17311725105287593
168.69922374746355,0.17325991109311933
168.79922374746354,0.17340527432257968
168.89922374746354,0.1735533769559058
168.99922374746353,0.17370425462262834
169.09922374746353,0.17385794234916271
169.19922374746352,0.17401447454079613
169.29922374746351,0.17417388496366476
169.3992237474635,0.17433620672672867
169.4992237474635,0.1745014722637512
169.5992237474635,0.17466971331529016
169.6992237474635,0.17484096091070842
169.7992237474635,0.17501524535021046
169.89922374746348,0.1751925961869135
169.99922374746347,0.17537304220895963
170.09922374746347,0.17555661142167783
170.19922374746346,0.1757433310298022
170.29922374746346,0.17593322741975567
170.39922374746345,0.1761263261420062
170.49922374746345,0.17632265189350363
170.59922374746344,0.17652222850020546
170.69922374746344,0.17672507889969968
170.79922374746343,0.1769312251239325
170.89922374746342,0.17714068828204974
170.99922374746342,0.17735348854335983
171.0992237474634,0.17756964512042706
171.1992237474634,0.17778917625230337
171.2992237474634,0.17801209918790725
171.3992237474634,0.17823843016955832
171.4992237474634,0.17846818441667583
171.59922374746338,0.17870137610965048
171.69922374746338,0.17893801837389703
171.79922374746337,0.17917812326409768
171.89922374746337,0.17942170174864405
171.99922374746336,0.17966876369428642
172.09922374746336,0.1799193178509997
172.19922374746335,0.18017337183707424
172.29922374746334,0.18043093212444047
172.39922374746334,0.180692004024236
172.49922374746333,0.18095659167262412
172.59922374746333,0.18122469801687244
172.69922374746332,0.18149632480170008
172.79922374746332,0.1817714725559024
172.8992237474633,0.1820501405792622
172.9992237474633,0.18233232692975535
173.0992237474633,0.18261802841106026
173.1992237474633,0.1829072405603792
173.2992237474633,0.18319995763658037
173.39922374746328,0.18349617260866907
173.49922374746328,0.18379587714459641
173.59922374746327,0.18409906160041423
173.69922374746326,0.18440571500978373
173.79922374746326,0.18471582507384762
173.89922374746325,0.18502937815147202
173.99922374746325,0.1853463592498679
174.09922374746324,0.18566675201559915
174.19922374746324,0.18599053872598534
174.29922374746323,0.18631770028090724
174.39922374746322,0.18664821619502298
174.49922374746322,0.18698206459040143
174.5992237474632,0.18731922218958194
174.6992237474632,0.18765966430906642
174.7992237474632,0.18800336485325164
174.8992237474632,0.18835029630880917
174.9992237474632,0.18870042973951914
175.09922374746318,0.18905373478156554
175.19922374746318,0.18941017963929913
175.29922374746317,0.18976973108147513
175.39922374746317,0.19013235443797144
175.49922374746316,0.19049801359699428
175.59922374746316,0.1908666710027768
175.69922374746315,0.19123828765377712
175.79922374746315,0.19161282310138084
175.89922374746314,0.19199023544911445
175.99922374746313,0.19237048135237425
176.09922374746313,0.19275351601867624
176.19922374746312,0.1931392932084322
176.29922374746312,0.1935277652362563
176.3992237474631,0.19391888297280727
176.4992237474631,0.19431259584717
176.5992237474631,0.1947088518497814
176.6992237474631,0.1951075975359034
176.7992237474631,0.19550877802964825
176.89922374746308,0.19591233702855812
176.99922374746308,0.19631821680874334
177.09922374746307,0.19672635823058157
177.19922374746307,0.1971367007449813
177.29922374746306,0.19754918240021144
177.39922374746305,0.19796373984930007
177.49922374746305,0.19838030835800413
177.59922374746304,0.19879882181335098
177.69922374746304,0.19921921273275486
177.79922374746303,0.19964141227370827
177.89922374746303,0.20006535024404978
177.99922374746302,0.2004909551128087
178.09922374746301,0.20091815402162752
178.199223747463,0.2013468727967617
178.299223747463,0.20177703596165697
178.399223747463,0.20220856675010404
178.499223747463,0.20264138711996943
178.599223747463,0.2030754177675018
178.69922374746298,0.20351057814221266
178.79922374746297,0.20394678646232983
178.89922374746297,0.20438395973082132
178.99922374746296,0.20482201375198858
179.09922374746296,0.20526086314862554
179.19922374746295,0.20570042137974148
179.29922374746295,0.2061406007588448
179.39922374746294,0.20658131247278347
179.49922374746293,0.20702246660113996
179.59922374746293,0.20746397213617543
179.69922374746292,0.20790573700331985
179.79922374746292,0.20834766808220323
179.8992237474629,0.20878967122822326
179.9992237474629,0.20923165129464416
180.0992237474629,0.2096735121552216
180.1992237474629,0.21011515672734768
180.2992237474629,0.2105564869957103
180.39922374746288,0.2109974040364606
180.49922374746288,0.21143780804188173
180.59922374746287,0.21187759834555206
180.69922374746287,0.21231667344799635
180.79922374746286,0.21275493104281643
180.89922374746286,0.21319226804329436
180.99922374746285,0.2136285806094599
181.09922374746284,0.2140637641756142
181.19922374746284,0.21449771347830052
181.29922374746283,0.21493032258471373
181.39922374746283,0.21536148492153942
181.49922374746282,0.21579109330421314
181.59922374746282,0.21621903996658975
181.6992237474628,0.21664521659101357
181.7992237474628,0.2170695143387788
181.8992237474628,0.21749182388096985
181.9992237474628,0.21791203542967091
182.0992237474628,0.21833003876953347
182.19922374746278,0.21874572328969147
182.29922374746278,0.21915897801601175
182.39922374746277,0.21956969164366844
182.49922374746276,0.2199777525700297
182.59922374746276,0.2203830489278442
182.69922374746275,0.22078546861871556
182.79922374746275,0.22118489934685162
182.89922374746274,0.2215812286530762
182.99922374746274,0.2219743439490902
183.09922374746273,0.222364132551969
183.19922374746272,0.2227504817188827
183.29922374746272,0.22313327868202584
183.3992237474627,0.22351241068374267
183.4992237474627,0.22388776501183408
183.5992237474627,0.22425922903503265
183.6992237474627,0.22462669023863083
183.7992237474627,0.22499003626024852
183.89922374746268,0.22534915492572538
183.99922374746268,0.22570393428512311
184.09922374746267,0.22605426264882292
184.19922374746267,0.22640002862370373
184.29922374746266,0.22674112114938558
184.39922374746266,0.2270774295345233
184.49922374746265,0.22740884349313564
184.59922374746264,0.22773525318095403
184.69922374746264,0.22805654923177557
184.79922374746263,0.22837262279380563
184.89922374746263,0.22868336556597355
184.99922374746262,0.22898866983420646
185.09922374746262,0.2292884285076454
185.1992237474626,0.22958253515478808
185.2992237474626,0.2298708840395429
185.3992237474626,0.23015337015717788
185.4992237474626,0.23042988927014965
185.5992237474626,0.23070033794379566
185.69922374746258,0.23096461358187517
185.79922374746258,0.23122261446194226
185.89922374746257,0.23147423977053552
185.99922374746257,0.23171938963816893
186.09922374746256,0.23195796517410822
186.19922374746255,0.2321898685009167
186.29922374746255,0.23241500278875601
186.39922374746254,0.23263327228942496
186.49922374746254,0.23284458237012248
186.59922374746253,0.23304883954691838
186.69922374746253,0.23324595151791708
186.79922374746252,0.23343582719609926
186.89922374746251,0.23361837674182626
186.9992237474625,0.23379351159499226
187.0992237474625,0.2339611445068101
187.1992237474625,0.234121189571215
187.2992237474625,0.23427356225587284
187.3992237474625,0.23441817943277773
187.49922374746248,0.23455495940842566
187.59922374746247,0.23468382195354903
187.69922374746247,0.2348046883323994
187.79922374746246,0.23491748133156407
187.89922374746246,0.23502212528830344
187.99922374746245,0.23511854611839536
188.09922374746245,0.23520667134347428
188.19922374746244,0.23528643011785152
188.29922374746243,0.2353577532548047
188.39922374746243,0.2354205732523234
188.49922374746242,0.2354748243182996
188.59922374746242,0.23552044239515027
188.6992237474624,0.23555736518386092
188.7992237474624,0.23558553216743908
188.8992237474624,0.23560488463376555
188.9992237474624,0.23561536569783367
189.0992237474624,0.23561692032336548
189.19922374746238,0.23560949534379488
189.29922374746238,0.23559303948260724
189.39922374746237,0.23556750337302654
189.49922374746237,0.23553283957704002
189.59922374746236,0.235489002603752
189.69922374746236,0.23543594892705708
189.79922374746235,0.23537363700262562
189.89922374746234,0.23530202728419242
189.99922374746234,0.2352210822391411
190.09922374746233,0.23513076636337712
190.19922374746233,0.235031046195482
190.29922374746232,0.23492189033014196
190.39922374746232,0.234803269430845
190.4992237474623,0.23467515624183996
190.5992237474623,0.23453752559935223
190.6992237474623,0.23439035444205075
190.7992237474623,0.23423362182076085
190.8992237474623,0.23406730890741942
190.99922374746228,0.23389139900326703
191.09922374746228,0.233705877546274
191.19922374746227,0.23351073211779652
191.29922374746226,0.23330595244846022
191.39922374746226,0.2330915304232677
191.49922374746225,0.23286746008592826
191.59922374746225,0.2326337376424084
191.69922374746224,0.23239036146370007
191.79922374746224,0.23213767894090534
191.89922374746223,0.2318761841353769
191.99922374746222,0.23160588503278356
192.09922374746222,0.23132678786450978
192.1992237474622,0.23103890069247818
192.2992237474622,0.23074223340779423
192.3992237474622,0.23043679772877698
192.4992237474622,0.23012260719837802
192.5992237474622,0.2297996771809891
192.69922374746218,0.22946802485864068
192.79922374746218,0.22912766922659278
192.89922374746217,0.2287786310883209
192.99922374746217,0.22842093304989847
193.09922374746216,0.22805459951377996
193.19922374746216,0.227679656671986
193.29922374746215,0.22729613249869524
193.39922374746214,0.2269040567422452
193.49922374746214,0.22650346091654686
193.59922374746213,0.2260943782919164
193.69922374746213,0.22567684388532896
193.79922374746212,0.2252508944500981
193.89922374746212,0.2248165684649867
193.9992237474621,0.22437390612275393
194.0992237474621,0.2239229493181433
194.1992237474621,0.2234637416353182
194.2992237474621,0.22299632833474972
194.3992237474621,0.22252075633956342
194.49922374746208,0.22203707422135144
194.59922374746208,0.22154533218545566
194.69922374746207,0.22104558205572972
194.79922374746207,0.22053787725878568
194.89922374746206,0.22002227280773393
194.99922374746205,0.219498825285422
195.09922374746205,0.21896759282718165
195.19922374746204,0.21842863510309055
195.29922374746204,0.2178820132997578
195.39922374746203,0.21732779010164024
195.49922374746203,0.21676602967189948
195.59922374746202,0.21619679763280672
195.699223747462,0.21562016104570506
195.799223747462,0.21503618839053834
195.899223747462,0.2144449495449547
195.999223747462,0.21384651576299554
196.099223747462,0.21324095965337797
196.19922374746199,0.21262835515738146
196.29922374746198,0.21200877752634778
196.39922374746197,0.21138230329880453
196.49922374746197,0.21074901027722212
196.59922374746196,0.2101089775044146
196.69922374746196,0.2094622852395943
196.79922374746195,0.2088090149340913
196.89922374746195,0.20814924920674802
196.99922374746194,0.20748307181899914
197.09922374746193,0.20681056764964878
197.19922374746193,0.20613182266935462
197.29922374746192,0.20544692391483094
197.39922374746192,0.20475595946278088
197.4992237474619,0.20405901840356988
197.5992237474619,0.20335619081465053
197.6992237474619,0.20264756773375148
197.7992237474619,0.20193324113184027
197.8992237474619,0.20121330388587305
197.99922374746188,0.20048784975134135
198.09922374746188,0.19975697333462838
198.19922374746187,0.19902077006518595
198.29922374746187,0.19827933616754384
198.39922374746186,0.19753276863316327
198.49922374746185,0.19678116519214575
198.59922374746185,0.1960246242848099
198.69922374746184,0.19526324503314674
198.79922374746184,0.1944971272121661
198.89922374746183,0.19372637122114564
198.99922374746183,0.19295107805479347
199.09922374746182,0.19217134927433732
199.19922374746182,0.1913872869785509
199.2992237474618,0.19059899377472908
199.3992237474618,0.1898065727496244
199.4992237474618,0.1890101274403554
199.5992237474618,0.18820976180529908
199.6992237474618,0.18740558019497836
199.79922374746178,0.18659768732295637
199.89922374746178,0.18578618823674883
199.99922374746177,0.1849711882887658
200.09922374746176,0.18415279310729357
200.19922374746176,0.18333110856752893
200.29922374746175,0.18250624076267552
200.39922374746175,0.18167829597511437
200.49922374746174,0.1808473806476587
200.59922374746174,0.18001360135490438
200.69922374746173,0.17917706477468617
200.79922374746172,0.17833787765965076
200.89922374746172,0.17749614680895692
200.9992237474617,0.17665197904011284
201.0992237474617,0.17580548116096137
201.1992237474617,0.17495675994182275
201.2992237474617,0.17410592208780531
201.3992237474617,0.17325307421129338
201.49922374746168,0.17239832280462272
201.59922374746168,0.17154177421295239
201.69922374746167,0.17068353460734292
201.79922374746167,0.16982370995804993
201.89922374746166,0.16896240600804224
201.99922374746166,0.168099728246753
202.09922374746165,0.16723578188407368
202.19922374746164,0.16637067182459817
202.29922374746164,0.16550450264212654
202.39922374746163,0.16463737855443605
202.49922374746163,0.1637694033983279
202.59922374746162,0.1629006806049571
202.69922374746162,0.16203131317545394
202.7992237474616,0.1611614036568439
202.8992237474616,0.16029105411827382
202.9992237474616,0.15942036612755112
203.0992237474616,0.15854944072800337
203.1992237474616,0.1576783784156649
203.29922374746158,0.15680727911679665
203.39922374746158,0.15593624216574664
203.49922374746157,0.1550653662831557
203.59922374746156,0.15419474955451623
203.69922374746156,0.1533244894090881
203.79922374746155,0.15245468259917844
203.89922374746155,0.1515854251797903
203.99922374746154,0.15071681248864502
204.09922374746154,0.14984893912658398
204.19922374746153,0.14898189893835356
204.29922374746153,0.1481157849937788
204.39922374746152,0.14725068956932924
204.4992237474615,0.14638670413008179
204.5992237474615,0.14552391931208392
204.6992237474615,0.1446624249051211
204.7992237474615,0.14380230983589226
204.8992237474615,0.14294366215159587
204.99922374746149,0.14208656900393046
205.09922374746148,0.14123111663351168
205.19922374746147,0.14037739035470903
205.29922374746147,0.13952547454090486
205.39922374746146,0.13867545261017666
205.49922374746146,0.1378274070114066
205.59922374746145,0.13698141921081805
205.69922374746145,0.1361375696789422
205.79922374746144,0.1352959378780152
205.89922374746143,0.13445660224980766
205.99922374746143,0.13361964020388686
206.09922374746142,0.132785128106313
206.19922374746142,0.13195314126876942
206.2992237474614,0.13112375393812786
206.3992237474614,0.13029703928644837
206.4992237474614,0.1294730694014138
206.5992237474614,0.12865191527719924
206.6992237474614,0.1278336468057753
206.79922374746138,0.12701833276864488
206.89922374746138,0.1262060408290127
206.99922374746137,0.12539683752438638
207.09922374746137,0.12459078825960819
207.19922374746136,0.12378795730031575
207.29922374746135,0.12298840776683034
207.39922374746135,0.1221922016284711
207.49922374746134,0.12139939969829303
207.59922374746134,0.12061006162824713
207.69922374746133,0.1198242459047598
207.79922374746133,0.11904200984472985
207.89922374746132,0.11826340959193972
207.99922374746131,0.11748850011387905
208.0992237474613,0.11671733519897694
208.1992237474613,0.11594996745424026
208.2992237474613,0.1151864483032949
208.3992237474613,0.11442682798482616
208.4992237474613,0.11367115555141538
208.59922374746128,0.1129194788687686
208.69922374746128,0.11217184461533394
208.79922374746127,0.11142829828230352
208.89922374746126,0.110688884173996
208.99922374746126,0.10995364540861552
209.09922374746125,0.1092226239193828
209.19922374746125,0.10849586045603389
209.29922374746124,0.10777339458668232
209.39922374746124,0.10705526470003943
209.49922374746123,0.10634150800798886
209.59922374746122,0.10563216054850988
209.69922374746122,0.10492725718894444
209.7992237474612,0.10422683162960357
209.8992237474612,0.10353091640770717
209.9992237474612,0.10283954290165251
210.0992237474612,0.10215274133560581
210.1992237474612,0.10147054078441166
210.29922374746118,0.10079296917881458
210.39922374746118,0.10012005331098735
210.49922374746117,0.09945181884036025
210.59922374746117,0.09878829029974584
210.69922374746116,0.0981294911017529
210.79922374746116,0.09747544354548432
210.89922374746115,0.09682616882351268
210.99922374746114,0.0961816870291276
211.09922374746114,0.09554201716384886
211.19922374746113,0.09490717714519936
211.29922374746113,0.09427718381473164
211.39922374746112,0.09365205294630184
211.49922374746112,0.09303179925458512
211.5992237474611,0.09241643640382606
211.6992237474611,0.09180597701681803
211.7992237474611,0.09120043268410508
211.8992237474611,0.09059981397340022
211.9992237474611,0.09000413043921374
212.09922374746108,0.08941339063268512
212.19922374746108,0.08882760211161243
212.29922374746107,0.08824677145067274
212.39922374746106,0.08767090425182722
212.49922374746106,0.08710000515490454
212.59922374746105,0.08653407784835643
212.69922374746105,0.08597312508017874
212.79922374746104,0.08541714866899196
212.89922374746104,0.08486614951527478
212.99922374746103,0.08432012761274434
213.09922374746102,0.08377908205987691
213.19922374746102,0.08324301107156283
213.299223747461,0.08271191199088931
213.399223747461,0.08218578130104509
213.499223747461,0.08166461463734045
213.599223747461,0.08114840679933683
213.699223747461,0.08063715176307958
213.79922374746099,0.08013084269342793
213.89922374746098,0.07962947195647627
213.99922374746097,0.07913303113206024
214.09922374746097,0.07864151102634248
214.19922374746096,0.07815490168447128
214.29922374746096,0.0776731924033069
214.39922374746095,0.07719637174420947
214.49922374746095,0.07672442754588271
214.59922374746094,0.07625734693726802
214.69922374746093,0.07579511635048283
214.79922374746093,0.07533772153379834
214.89922374746092,0.07488514756465028
214.99922374746092,0.07443737886267811
215.0992237474609,0.07399439920278653
215.1992237474609,0.07355619172822446
215.2992237474609,0.07312273896367626
215.3992237474609,0.07269402282835942
215.4992237474609,0.07227002464912459
215.59922374746088,0.07185072517355201
215.69922374746088,0.07143610458303985
215.79922374746087,0.07102614250587974
215.89922374746087,0.07062081803031411
215.99922374746086,0.07022010971757131
216.09922374746085,0.06982399561487329
216.19922374746085,0.0694324532684118
216.29922374746084,0.06904545973628816
216.39922374746084,0.06866299160141269
216.49922374746083,0.06828502498435902
216.59922374746083,0.06791153555616952
216.69922374746082,0.06754249855110746
216.79922374746081,0.0671778887793518
216.8992237474608,0.066817680639631
216.9992237474608,0.06646184813179169
217.0992237474608,0.0661103648692984
217.1992237474608,0.06576320409166099
217.2992237474608,0.06542033867678584
217.39922374746078,0.06508174115324755
217.49922374746077,0.06474738371247757
217.59922374746077,0.06441723822086659
217.69922374746076,0.06409127623177732
217.79922374746076,0.06376946899746473
217.89922374746075,0.06345178748090041
217.99922374746075,0.06313820236749844
218.09922374746074,0.06282868407673967
218.19922374746074,0.0625232027736918
218.29922374746073,0.062221728380422385
218.39922374746072,0.06192423058730245
218.49922374746072,0.06163067886419809
218.5992237474607,0.06134104247154752
218.6992237474607,0.06105529047132161
218.7992237474607,0.060773391737865334
218.8992237474607,0.06049531496861826
218.9992237474607,0.060221028694711895
219.09922374746068,0.05995050129144197
219.19922374746068,0.05968370098861396
219.29922374746067,0.059420595880759756
219.39922374746067,0.05916115393722413
219.49922374746066,0.058905343012119214
219.59922374746066,0.058653130854145454
219.69922374746065,0.05840448511627781
219.79922374746064,0.05815937336531568
219.89922374746064,0.057917763091295316
219.99922374746063,0.05767962171676366
220.09922374746063,0.0574449166059124
220.19922374746062,0.05721361507357134
220.29922374746062,0.05698568439406
220.3992237474606,0.05676109180989681
220.4992237474606,0.05653980454036492
220.5992237474606,0.056321789789934074
220.6992237474606,0.0561070147565379
220.7992237474606,0.05589544663970595
220.89922374746058,0.05568705264855029
220.99922374746058,0.05548180000960594
221.09922374746057,0.055279655974525055
221.19922374746056,0.05508058782762453
221.29922374746056,0.054884562893286803
221.39922374746055,0.05469154854321381
221.49922374746055,0.05450151220353401
221.59922374746054,0.05431442136176251
221.69922374746054,0.05413024357361436
221.79922374746053,0.05394894646967116
221.89922374746052,0.053770497761901286
221.99922374746052,0.05359486525003379
222.0992237474605,0.05342201682778655
222.1992237474605,0.053251920488948945
222.2992237474605,0.05308454433331939
222.3992237474605,0.052919856572498494
222.4992237474605,0.05275782553553815
222.59922374746048,0.05259841967444733
222.69922374746048,0.05244160756955511
222.79922374746047,0.052287357934731785
222.89922374746047,0.052135639622468685
222.99922374746046,0.05198642162881767
223.09922374746046,0.05183967309819094
223.19922374746045,0.05169536332802229
223.29922374746045,0.0515534617732906
223.39922374746044,0.05141393805090656
223.49922374746043,0.051276761943963765
223.59922374746043,0.051141903405855116
223.69922374746042,0.05100933256425567
