1.0,2.1295512222208695e-20
1.1,2.322160729133485e-20
1.2000000000000002,2.531991811082883e-20
1.3000000000000003,2.760566110044635e-20
1.4000000000000004,3.009538075752975e-20
1.5000000000000004,3.280706410788467e-20
1.6000000000000005,3.576026489080859e-20
1.7000000000000006,3.897623829491282e-20
1.8000000000000007,4.247808712895197e-20
1.9000000000000008,4.6290920384917787e-20
2.000000000000001,5.044202522964142e-20
2.100000000000001,5.496105354660213e-20
2.200000000000001,5.988022424195354e-20
2.300000000000001,6.52345426286678e-20
2.4000000000000012,7.106203831062735e-20
2.5000000000000013,7.74040231051484e-20
2.6000000000000014,8.430537066857928e-20
2.7000000000000015,9.18148196258332e-20
2.8000000000000016,9.998530215207532e-20
2.9000000000000017,1.08874300113871e-19
3.0000000000000018,1.1854423104906017e-19
3.100000000000002,1.2906286645043227e-19
3.200000000000002,1.4050378501887759e-19
3.300000000000002,1.529468637685472e-19
3.400000000000002,1.664788101005891e-19
3.500000000000002,1.8119373821494775e-19
3.6000000000000023,1.971937935027436e-19
3.7000000000000024,2.1458982885656331e-19
3.8000000000000025,2.335021371543798e-19
3.9000000000000026,2.540612445164503e-19
4.000000000000003,2.76408769305559e-19
4.100000000000003,3.006983522415077e-19
4.200000000000003,3.2709666343284453e-19
4.3000000000000025,3.557844925954828e-19
4.400000000000003,3.8695792923111403e-19
4.5000000000000036,4.208296400815074e-19
4.600000000000003,4.576302517610388e-19
4.700000000000003,4.976098471017154e-19
4.800000000000003,5.410395844274096e-19
4.900000000000004,5.882134497094073e-19
5.0000000000000036,6.394501523490792e-19
5.100000000000003,6.95095176189289e-19
5.200000000000004,7.555229982787048e-19
5.300000000000004,8.211394889088104e-19
5.400000000000004,8.923845075156144e-19
5.5000000000000036,9.697347101954595e-19
5.600000000000004,1.0537065858305956e-18
5.700000000000005,1.1448597391645265e-18
5.800000000000004,1.2438004406158237e-18
5.900000000000004,1.3511854641797412e-18
6.000000000000004,1.467726236450196e-18
6.100000000000005,1.5941933216062417e-18
6.200000000000005,1.731421269161352e-18
6.300000000000004,1.880313853377447e-18
6.400000000000005,2.041849735511924e-18
6.500000000000005,2.2170885825083944e-18
6.600000000000005,2.4071776783701832e-18
6.700000000000005,2.613359067288574e-18
6.800000000000005,2.836977270647185e-18
6.900000000000006,3.079487623306613e-18
7.000000000000005,3.342465278110737e-18
7.100000000000005,3.627614931359926e-18
7.2000000000000055,3.936781326095315e-18
7.300000000000006,4.2719605944481916e-18
7.400000000000006,4.635312505053399e-18
7.500000000000005,5.029173686636797e-18
7.600000000000006,5.456071904380922e-18
7.700000000000006,5.918741471588256e-18
7.800000000000006,6.420139885527549e-18
7.900000000000006,6.963465783189695e-18
8.000000000000007,7.55217832004933e-18
8.100000000000007,8.190018082845318e-18
8.200000000000006,8.881029655913849e-18
8.300000000000006,9.62958596977269e-18
8.400000000000006,1.0440414570501097e-17
8.500000000000007,1.1318625959059572e-17
8.600000000000007,1.2269744161078943e-17
8.700000000000006,1.3299739699893043e-17
8.800000000000008,1.4415065158752957e-17
8.900000000000007,1.5622693532303782e-17
9.000000000000007,1.693015958261457e-17
9.100000000000007,1.83456044313847e-17
9.200000000000006,1.9877823637515167e-17
9.300000000000008,2.1536319028096902e-17
9.400000000000007,2.33313545711286e-17
9.500000000000007,2.5274016600069978e-17
9.600000000000009,2.7376278723700714e-17
9.700000000000008,2.965107177990209e-17
9.800000000000008,3.211235921894195e-17
9.900000000000007,3.4775218330830105e-17
10.000000000000007,3.7655927762415484e-17
10.100000000000009,4.07720618033175e-17
10.200000000000008,4.4142591955626166e-17
10.300000000000008,4.77879963408426e-17
10.40000000000001,5.173037753881916e-17
10.500000000000009,5.599358949786287e-17
10.600000000000009,6.06033742027307e-17
10.700000000000008,6.558750883837673e-17
10.800000000000008,7.09759642420896e-17
10.90000000000001,7.680107549552107e-17
11.000000000000009,8.309772557117539e-17
11.100000000000009,8.990354301564532e-17
11.20000000000001,9.725911472449183e-17
11.30000000000001,1.052082149415251e-16
11.40000000000001,1.137980516988113e-16
11.500000000000009,1.2307953200324788e-16
11.600000000000009,1.3310754717162884e-16
11.70000000000001,1.4394127981909348e-16
11.80000000000001,1.556445341162046e-16
11.90000000000001,1.6828609104832074e-16
12.00000000000001,1.819400905376827e-16
12.10000000000001,1.9668644242465185e-16
12.20000000000001,2.1261126845026127e-16
12.30000000000001,2.298073775382305e-16
12.40000000000001,2.4837477684211614e-16
12.50000000000001,2.684212212022819e-16
12.60000000000001,2.90062803849522e-16
12.70000000000001,3.134245913978848e-16
12.800000000000011,3.3864130638942266e-16
12.900000000000011,3.658580608897499e-16
13.00000000000001,3.952311448858273e-16
13.10000000000001,4.269288735080513e-16
13.20000000000001,4.611324973885913e-16
13.300000000000011,4.980371807777667e-16
13.400000000000011,5.378530523728481e-16
13.50000000000001,5.808063341686093e-16
13.600000000000012,6.27140554019823e-16
13.700000000000012,6.771178480129249e-16
13.800000000000011,7.310203591797828e-16
13.900000000000011,7.891517395530477e-16
14.00000000000001,8.51838763061061e-16
14.100000000000012,9.194330572945028e-16
14.200000000000012,9.923129627476633e-16
14.300000000000011,1.0708855287480402e-15
14.400000000000013,1.155588655941392e-15
14.500000000000012,1.246893395897783e-15
14.600000000000012,1.3453064191513486e-15
14.700000000000012,1.4513726637856838e-15
14.800000000000011,1.5656781775302417e-15
14.900000000000013,1.6888531672469603e-15
15.000000000000012,1.8215752706620306e-15
15.100000000000012,1.964573066241067e-15
15.200000000000014,2.11862983822177e-15
15.300000000000013,2.2845876150086443e-15
15.400000000000013,2.4633515004093007e-15
15.500000000000012,2.655894318551628e-15
15.600000000000012,2.8632615947749266e-15
15.700000000000014,3.0865768963423493e-15
15.800000000000013,3.3270475584791672e-15
15.900000000000013,3.5859708230156796e-15
16.000000000000014,3.864740418803776e-15
16.100000000000016,4.164853615099517e-15
16.200000000000014,4.487918781260866e-15
16.30000000000001,4.8356634884143055e-15
16.400000000000013,5.209943191205024e-15
16.500000000000014,5.612750530370312e-15
16.600000000000016,6.0462252996806735e-15
16.700000000000014,6.512665123783953e-15
16.800000000000015,7.014536896683211e-15
16.900000000000013,7.55448903398304e-15
17.000000000000014,8.135364595679933e-15
17.100000000000016,8.760215340148193e-15
17.200000000000014,9.432316774113776e-15
17.300000000000015,1.0155184267822763e-14
17.400000000000013,1.0932590309320704e-14
17.500000000000014,1.1768582976783405e-14
17.600000000000016,1.2667505713192546e-14
17.700000000000014,1.363401849336769e-14
17.800000000000015,1.467312047945062e-14
17.900000000000016,1.579017426743573e-14
18.000000000000014,1.699093183425965e-14
18.100000000000016,1.828156230234773e-14
18.200000000000017,1.966868164637013e-14
18.300000000000015,2.1159384475356703e-14
18.400000000000016,2.2761278032239356e-14
18.500000000000014,2.4482518562416828e-14
18.600000000000016,2.6331850213079126e-14
18.700000000000017,2.8318646635829138e-14
18.800000000000015,3.045295547665238e-14
18.900000000000016,3.27455459495476e-14
19.000000000000014,3.5207959703184714e-14
19.100000000000016,3.7852565203870205e-14
19.200000000000017,4.0692615872900464e-14
19.300000000000015,4.3742312232165316e-14
19.400000000000016,4.701686832863799e-14
19.500000000000018,5.053258272626972e-14
19.600000000000016,5.430691437283905e-14
19.700000000000017,5.835856366953378e-14
19.80000000000002,6.270755909263396e-14
19.900000000000016,6.737534973955691e-14
20.000000000000018,7.238490419596979e-14
20.100000000000016,7.776081614662199e-14
20.200000000000017,8.35294171801874e-14
20.30000000000002,8.971889726779217e-14
20.400000000000016,9.635943342616814e-14
20.500000000000018,1.0348332710962629e-13
20.600000000000016,1.1112515091041092e-13
20.700000000000017,1.193219051845778e-13
20.80000000000002,1.2811318526056653e-13
20.900000000000016,1.3754135993011028e-13
21.000000000000018,1.4765176196634124e-13
21.10000000000002,1.584928914620024e-13
21.200000000000017,1.7011663283171262e-13
21.30000000000002,1.8257848637655464e-13
21.40000000000002,1.9593781536686722e-13
21.500000000000018,2.1025810966047808e-13
21.60000000000002,2.2560726693869862e-13
21.700000000000017,2.420578927115693e-13
21.80000000000002,2.596876203174001e-13
21.90000000000002,2.7857945221965294e-13
22.000000000000018,2.988221239871494e-13
22.10000000000002,3.20510492431712e-13
22.200000000000017,3.437459494707193e-13
22.30000000000002,3.686368633815113e-13
22.40000000000002,3.9529904921986973e-13
22.500000000000018,4.2385627028676677e-13
22.60000000000002,4.5444077264643293e-13
22.70000000000002,4.871938548247357e-13
22.80000000000002,5.222664749509061e-13
22.90000000000002,5.598198977474627e-13
23.00000000000002,6.000263839239905e-13
23.10000000000002,6.430699246903769e-13
23.20000000000002,6.891470242746515e-13
23.30000000000002,7.384675335105042e-13
23.40000000000002,7.91255537750624e-13
23.50000000000002,8.477503025641824e-13
23.60000000000002,9.082072808917987e-13
23.70000000000002,9.728991855587006e-13
23.80000000000002,1.0421171312884281e-12
23.90000000000002,1.1161718506152398e-12
24.00000000000002,1.1953949883647364e-12
24.10000000000002,1.2801404796599944e-12
24.20000000000002,1.3707860167150458e-12
24.300000000000022,1.4677346100009326e-12
24.40000000000002,1.5714162497115909e-12
24.50000000000002,1.6822896738202227e-12
24.600000000000023,1.8008442494002038e-12
24.70000000000002,1.9276019742929923e-12
24.800000000000022,2.0631196066357842e-12
24.90000000000002,2.2079909302191004e-12
25.00000000000002,2.362849164128746e-12
25.100000000000023,2.5283695256378784e-12
25.20000000000002,2.705271955859199e-12
25.300000000000022,2.8943240182402946e-12
25.40000000000002,3.0963439805944313e-12
25.50000000000002,3.3122040920030298e-12
25.600000000000023,3.5428340666066537e-12
25.70000000000002,3.7892247870245434e-12
25.800000000000022,4.0524322409043705e-12
25.900000000000023,4.333581704912664e-12
26.00000000000002,4.633872191332199e-12
26.100000000000023,4.954581173334365e-12
26.200000000000024,5.297069605954686e-12
26.300000000000022,5.662787260808974e-12
26.400000000000023,6.0532783936593804e-12
26.50000000000002,6.470187765072461e-12
26.600000000000023,6.915267035605736e-12
26.700000000000024,7.390381558229517e-12
26.800000000000022,7.89751759202442e-12
26.900000000000023,8.438789962613585e-12
27.00000000000002,9.016450196283138e-12
27.100000000000023,9.632895156323763e-12
27.200000000000024,1.0290676211801008e-11
27.300000000000022,1.099250897072242e-11
27.400000000000023,1.174128361144034e-11
27.500000000000025,1.2540075848097854e-11
27.600000000000023,1.3392158568007325e-11
27.700000000000024,1.430101418105402e-11
27.800000000000026,1.5270347723538138e-11
27.900000000000023,1.6304100761323054e-11
28.000000000000025,1.740646613975312e-11
28.100000000000023,1.8581903630534415e-11
28.200000000000024,1.9835156528670046e-11
28.300000000000026,2.1171269255583883e-11
28.400000000000023,2.2595606027792905e-11
28.500000000000025,2.4113870653888038e-11
28.600000000000023,2.5732127526163272e-11
28.700000000000024,2.7456823877034338e-11
28.800000000000026,2.929481337436506e-11
28.900000000000023,3.125338113405089e-11
29.000000000000025,3.334027023265008e-11
29.100000000000026,3.556370980754362e-11
29.200000000000024,3.7932444837058106e-11
29.300000000000026,4.0455767698204997e-11
29.400000000000027,4.314355160518888e-11
29.500000000000025,4.6006286037654444e-11
29.600000000000026,4.905511427375271e-11
29.700000000000024,5.230187314955931e-11
29.800000000000026,5.5759135173191155e-11
29.900000000000027,5.94402531291286e-11
30.000000000000025,6.335940731581304e-11
30.100000000000026,6.753165556755518e-11
30.200000000000024,7.197298622017849e-11
30.300000000000026,7.670037418867421e-11
30.400000000000027,8.173184033445355e-11
30.500000000000025,8.708651430960796e-11
30.600000000000026,9.278470107591995e-11
30.700000000000028,9.884795130726423e-11
30.800000000000026,1.0529913589549385e-10
30.900000000000027,1.1216252479201909e-10
31.00000000000003,1.1946387042994593e-10
31.100000000000026,1.2723049598510104e-10
31.200000000000028,1.3549138874829345e-10
31.300000000000026,1.442772988960518e-10
31.400000000000027,1.5362084396268408e-10
31.50000000000003,1.6355661933289945e-10
31.600000000000026,1.7412131509159483e-10
31.700000000000028,1.8535383958553987e-10
31.800000000000026,1.9729545007087622e-10
31.900000000000027,2.099898908404932e-10
32.00000000000003,2.2348353924647906e-10
32.10000000000002,2.3782556005519783e-10
32.20000000000003,2.530680685959164e-10
32.300000000000026,2.692663031885674e-10
32.40000000000003,2.8647880736217903e-10
32.50000000000003,3.0476762240265447e-10
32.60000000000003,3.241984907973535e-10
32.70000000000003,3.4484107117387153e-10
32.800000000000026,3.667691653621753e-10
32.90000000000003,3.900609582424788e-10
33.00000000000003,4.1479927107608304e-10
33.10000000000003,4.410718290532796e-10
33.20000000000003,4.689715438308276e-10
33.300000000000026,4.985968118721068e-10
33.40000000000003,5.300518294456719e-10
33.50000000000003,5.634469251823988e-10
33.60000000000003,5.988989111387017e-10
33.70000000000003,6.365314533622338e-10
33.800000000000026,6.764754630084762e-10
33.90000000000003,7.188695091109106e-10
34.00000000000003,7.638602541643655e-10
34.10000000000003,8.116029137412279e-10
34.20000000000003,8.622617414228409e-10
34.30000000000003,9.160105403943998e-10
34.40000000000003,9.730332031209838e-10
34.50000000000003,1.0335242805947458e-09
34.60000000000003,1.0976895827195512e-09
34.70000000000003,1.1657468114792856e-09
34.80000000000003,1.2379262286197284e-09
34.90000000000003,1.3144713596618905e-09
35.00000000000003,1.395639736156855e-09
35.10000000000003,1.4817036781886132e-09
35.20000000000003,1.572951119233052e-09
35.30000000000003,1.6696864755869855e-09
35.400000000000034,1.7722315626931015e-09
35.50000000000003,1.880926560802722e-09
35.60000000000003,1.996131032540852e-09
35.70000000000003,2.118224995066423e-09
35.80000000000003,2.2476100496543132e-09
35.900000000000034,2.384710571667e-09
36.00000000000003,2.52997496403065e-09
36.10000000000003,2.6838769774850676e-09
36.20000000000003,2.8469171010383183e-09
36.30000000000003,3.0196240262265223e-09
36.400000000000034,3.202556188956451e-09
36.50000000000003,3.396303392893841e-09
36.60000000000003,3.601488518555309e-09
36.70000000000003,3.8187693224646276e-09
36.80000000000003,4.048840330947261e-09
36.900000000000034,4.292434833359985e-09
37.00000000000003,4.550326979785607e-09
37.10000000000003,4.823333988466267e-09
37.20000000000003,5.112318468505013e-09
37.30000000000003,5.418190863631414e-09
37.400000000000034,5.741912023107364e-09
37.500000000000036,6.084495906140411e-09
37.60000000000003,6.447012426477734e-09
37.70000000000003,6.83059044417434e-09
37.80000000000003,7.236420911861151e-09
37.900000000000034,7.665760183190143e-09
38.000000000000036,8.11993349149739e-09
38.10000000000003,8.600338607106121e-09
38.20000000000003,9.108449682092214e-09
38.30000000000003,9.645821291749497e-09
38.400000000000034,1.0214092682429656e-08
38.500000000000036,1.0814992235884578e-08
38.60000000000004,1.1450342160714976e-08
38.70000000000003,1.2122063422025892e-08
38.80000000000003,1.2832180920909048e-08
38.900000000000034,1.358282893590908e-08
39.000000000000036,1.437625683920377e-08
39.10000000000004,1.5214835100810478e-08
39.20000000000003,1.61010615947524e-08
39.30000000000003,1.703756822176188e-08
39.400000000000034,1.8027127863764135e-08
39.500000000000036,1.9072661686093136e-08
39.60000000000004,2.0177246804115646e-08
39.70000000000003,2.134412433170587e-08
39.80000000000003,2.257670782981138e-08
39.900000000000034,2.3878592174172927e-08
40.000000000000036,2.525356286213952e-08
40.10000000000004,2.6705605779409514e-08
40.20000000000003,2.8238917448480747e-08
40.30000000000003,2.9857915781573193e-08
40.400000000000034,3.156725136180296e-08
40.500000000000036,3.337181927746943e-08
40.60000000000004,3.5276771535413346e-08
40.70000000000004,3.728753008057506e-08
40.80000000000003,3.9409800450085974e-08
40.900000000000034,4.164958609148735e-08
41.000000000000036,4.4013203375977246e-08
41.10000000000004,4.650729733896081e-08
41.20000000000004,4.9138858181597506e-08
41.30000000000003,5.191523856852332e-08
41.400000000000034,5.484417175847069e-08
41.500000000000036,5.7933790606111876e-08
41.60000000000004,6.119264747513596e-08
41.70000000000004,6.462973510429839e-08
41.80000000000004,6.825450847000871e-08
41.900000000000034,7.207690769090558e-08
42.000000000000036,7.610738202182495e-08
42.10000000000004,8.035691498662753e-08
42.20000000000004,8.483705070146224e-08
42.30000000000004,8.955992144227283e-08
42.400000000000034,9.453827651264001e-08
42.500000000000036,9.978551247045119e-08
42.60000000000004,1.053157047743908e-07
42.70000000000004,1.1114364091381121e-07
42.80000000000004,1.1728485508825735e-07
42.900000000000034,1.2375566450570867e-07
43.000000000000036,1.3057320737149782e-07
43.10000000000004,1.3775548264291133e-07
43.20000000000004,1.4532139162760146e-07
43.30000000000004,1.5329078150721944e-07
43.400000000000034,1.6168449087104542e-07
43.500000000000036,1.7052439734794645e-07
43.60000000000004,1.7983346742862844e-07
43.70000000000004,1.8963580857395515e-07
43.80000000000004,1.9995672370907142e-07
43.90000000000004,2.1082276820714515e-07
44.000000000000036,2.2226180947079452e-07
44.10000000000004,2.343030892237148e-07
44.20000000000004,2.4697728862956255e-07
44.30000000000004,2.60316596359963e-07
44.40000000000004,2.743547797383946e-07
44.500000000000036,2.891272590918529e-07
44.60000000000004,3.046711854475168e-07
44.70000000000004,3.210255217171437e-07
44.80000000000004,3.382311275176356e-07
44.90000000000004,3.563308477821777e-07
45.00000000000004,3.7536960532244125e-07
45.10000000000004,3.953944975087788e-07
45.20000000000004,4.1645489724194615e-07
45.30000000000004,4.3860255839667425e-07
45.40000000000004,4.6189172592460716e-07
45.50000000000004,4.863792508114096e-07
45.60000000000004,5.121247100904866e-07
45.70000000000004,5.391905321237251e-07
45.80000000000004,5.676421273677144e-07
45.90000000000004,5.975480248525632e-07
46.00000000000004,6.289800146090067e-07
46.10000000000004,6.620132962887386e-07
46.20000000000004,6.967266342323072e-07
46.30000000000004,7.332025192484898e-07
46.40000000000004,7.715273373794462e-07
46.50000000000004,8.117915459360576e-07
46.60000000000004,8.540898570988556e-07
46.70000000000004,8.9852142939124e-07
46.80000000000004,9.451900673427726e-07
46.90000000000004,9.942044296729819e-07
47.00000000000004,1.0456782463378087e-06
47.100000000000044,1.0997305447941047e-06
47.20000000000004,1.1564858858505803e-06
47.30000000000004,1.2160746094873743e-06
47.40000000000004,1.2786330910404359e-06
47.50000000000004,1.3443040081617095e-06
47.600000000000044,1.4132366189810604e-06
47.70000000000004,1.4855870519115302e-06
47.80000000000004,1.5615186075556964e-06
47.90000000000004,1.6412020731873953e-06
48.00000000000004,1.7248160503005338e-06
48.100000000000044,1.8125472957342255e-06
48.200000000000045,1.9045910769020039e-06
48.30000000000004,2.0011515416716864e-06
48.40000000000004,2.1024421034621856e-06
48.50000000000004,2.208685842143486e-06
48.600000000000044,2.3201159213471536e-06
48.700000000000045,2.4369760228159635e-06
48.80000000000004,2.5595207984435836e-06
48.90000000000004,2.6880163406780303e-06
49.00000000000004,2.82274067198626e-06
49.100000000000044,2.963984254101637e-06
49.200000000000045,3.1120505178009546e-06
49.30000000000004,3.267256413983771e-06
49.40000000000004,3.429932986853373e-06
49.50000000000004,3.600425970026089e-06
49.600000000000044,3.7790964064241897e-06
49.700000000000045,3.966321292836793e-06
49.80000000000004,4.162494250062946e-06
49.90000000000004,4.368026219582589e-06
50.00000000000004,4.583346187732381e-06
50.100000000000044,4.808901938396841e-06
50.200000000000045,5.045160835258657e-06
50.30000000000005,5.292610634686923e-06
50.40000000000004,5.5517603303781306e-06
50.50000000000004,5.823141030901466e-06
50.600000000000044,6.1073068713377315e-06
50.700000000000045,6.404835960240819e-06
50.80000000000005,6.7163313631903655e-06
50.90000000000004,7.04242212424551e-06
51.00000000000004,7.3837643266529115e-06
51.100000000000044,7.741042194204588e-06
51.200000000000045,8.114969234687518e-06
51.30000000000005,8.506289426912051e-06
51.40000000000005,8.915778452853983e-06
51.50000000000004,9.344244976494211e-06
51.600000000000044,9.792531970989412e-06
51.700000000000045,1.0261518095859077e-05
51.80000000000005,1.075211912592704e-05
51.90000000000005,1.1265289433809684e-05
52.00000000000004,1.1802023527799031e-05
52.100000000000044,1.2363357647045814e-05
52.200000000000045,1.2950371416006559e-05
52.30000000000005,1.3564189560179113e-05
52.40000000000005,1.420598368521219e-05
52.50000000000004,1.4876974121538636e-05
52.600000000000044,1.5578431836747434e-05
52.700000000000045,1.6311680417974002e-05
52.80000000000005,1.7078098126660282e-05
52.90000000000005,1.7879120028102894e-05
53.00000000000004,1.871624019828129e-05
53.100000000000044,1.9591014010531236e-05
53.200000000000045,2.0505060504703215e-05
53.30000000000005,2.1460064841524783e-05
53.40000000000005,2.245778084496279e-05
53.50000000000005,2.3500033635463798e-05
53.600000000000044,2.458872235703337e-05
53.700000000000045,2.5725823001200554e-05
53.80000000000005,2.6913391330998942e-05
53.90000000000005,2.815356590818753e-05
54.00000000000005,2.9448571227022975e-05
54.100000000000044,3.080072095798823e-05
54.200000000000045,3.221242130498047e-05
54.30000000000005,3.368617447955296e-05
54.40000000000005,3.522458229591146e-05
54.50000000000005,3.6830349890462094e-05
54.60000000000005,3.850628956981457e-05
54.700000000000045,4.025532479124812e-05
54.80000000000005,4.208049427976027e-05
54.90000000000005,4.398495628592242e-05
55.00000000000005,4.597199298888537e-05
55.10000000000005,4.804501504899107e-05
55.200000000000045,5.020756631456206e-05
55.30000000000005,5.246332868756453e-05
55.40000000000005,5.481612715295815e-05
55.50000000000005,5.72699349766766e-05
55.60000000000005,5.982887907730441e-05
55.700000000000045,6.24972455766485e-05
55.80000000000005,6.52794855345357e-05
55.90000000000005,6.81802208732971e-05
56.00000000000005,7.120425049754593e-05
56.10000000000005,7.435655661498577e-05
56.200000000000045,7.764231126413685e-05
56.30000000000005,8.106688305500539e-05
56.40000000000005,8.46358441288717e-05
56.50000000000005,8.835497734352756e-05
56.60000000000005,9.223028369043305e-05
56.70000000000005,9.626798995043215e-05
56.80000000000005,0.00010047455659481295
56.90000000000005,0.00010485668593866824
57.00000000000005,0.00010942133055366066
57.10000000000005,0.00011417570194748149
57.20000000000005,0.00011912727951743832
57.30000000000005,0.00012428381978579666
57.40000000000005,0.00012965336592465955
57.50000000000005,0.0001352442575783456
57.60000000000005,0.00014106514099141755
57.70000000000005,0.00014712497945067388
57.800000000000054,0.00015343306404961017
57.90000000000005,0.00015999902478404268
58.00000000000005,0.00016683284198776887
58.10000000000005,0.0001739448581173291
58.20000000000005,0.00018134578989513343
58.300000000000054,0.00018904674082040156
58.40000000000005,0.00019705921405756773
58.50000000000005,0.00020539512571199976
58.60000000000005,0.00021406681850307573
58.70000000000005,0.00022308707584487987
58.800000000000054,0.0002324691363449607
58.90000000000005,0.0002422267087318327
59.00000000000005,0.0002523739872220764
59.10000000000005,0.00026292566733812926
59.20000000000005,0.0002738969621880632
59.300000000000054,0.00028530361921885326
59.40000000000005,0.00029716193745486465
59.50000000000005,0.00030948878523350145
59.60000000000005,0.00032230161845017013
59.70000000000005,0.0003356184993249476
59.800000000000054,0.00034945811570354606
59.900000000000055,0.0003638398009054007
60.00000000000005,0.0003787835541319243
60.10000000000005,0.00039431006144820073
60.20000000000005,0.0004104407173516023
60.300000000000054,0.00042719764694106087
60.400000000000055,0.0004446037287009275
60.50000000000005,0.00046268261791359216
60.60000000000005,0.00048145877071526405
60.70000000000005,0.0005009574688095199
60.800000000000054,0.0005212048448534844
60.900000000000055,0.0005422279085316975
61.00000000000006,0.0005640545733329844
61.10000000000005,0.0005867136840458213
61.20000000000005,0.0006102350449879724
61.300000000000054,0.0006346494489863335
61.400000000000055,0.0006599887071231918
61.50000000000006,0.0006862856792652927
61.60000000000005,0.0007135743053923412
61.70000000000005,0.0007418896377417804
61.800000000000054,0.0007712678737868816
61.900000000000055,0.0008017463900654326
62.00000000000006,0.0008333637768764686
62.10000000000005,0.0008661598738627456
62.20000000000005,0.0009001758064968154
62.300000000000054,0.0009354540234887732
62.400000000000055,0.0009720383351339725
62.50000000000006,0.0010099739526191428
62.60000000000005,0.001049307528305568
62.70000000000005,0.0010900871970081591
62.800000000000054,0.0011323626182894006
62.900000000000055,0.0011761850197873852
63.00000000000006,0.001221607241597246
63.10000000000006,0.0012686837817254917
63.20000000000005,0.001317470842636934
63.300000000000054,0.0013680263789139508
63.400000000000055,0.0014204101460480625
63.50000000000006,0.0014746837503839029
63.60000000000006,0.0015309107002357426
63.70000000000005,0.001589156458196926
63.800000000000054,0.0016494884946626092
63.900000000000055,0.001711976342586327
64.00000000000006,0.0017766916534909826
64.10000000000005,0.0018437082547550076
64.20000000000006,0.001913102208194386
64.30000000000005,0.001984951869961347
64.40000000000006,0.00205933795178071
64.50000000000006,0.0021363435835445705
64.60000000000005,0.0022160543772865157
64.70000000000006,0.002298558492556078
64.80000000000005,0.0023839467032143987
64.90000000000006,0.002472312465672225
65.00000000000006,0.002563751988590784
65.10000000000005,0.002658364304066712
65.20000000000006,0.0027562513403215985
65.30000000000005,0.002857517995916895
65.40000000000006,0.0029622722155150023
65.50000000000006,0.0030706250672067033
65.60000000000005,0.0031826908214256954
65.70000000000006,0.0032985870314702023
65.80000000000005,0.0034184346156518482
65.90000000000006,0.0035423579410918406
66.00000000000006,0.0036704849091838358
66.10000000000005,0.0038029470427434404
66.20000000000006,0.0039398795748632085
66.30000000000005,0.004081421539492232
66.40000000000006,0.004227715863759379
66.50000000000006,0.004378909462057935
66.60000000000005,0.004535153331910516
66.70000000000006,0.0046966026516313325
66.80000000000005,0.004863416879803479
66.90000000000006,0.005035759856588439
67.00000000000006,0.0052137999068837294
67.10000000000007,0.0053977099453455845
67.20000000000006,0.005587667583291528
67.30000000000005,0.0057838552374986744
67.40000000000006,0.005986460240911857
67.50000000000006,0.006195674955275739
67.60000000000007,0.006411696885704717
67.70000000000006,0.006634728797202863
67.80000000000005,0.006864978833146782
67.90000000000006,0.007102660635742353
68.00000000000006,0.007347993468466402
68.10000000000007,0.007601202340503733
68.20000000000006,0.007862518133188076
68.30000000000005,0.008132177728456405
68.40000000000006,0.008410424139323571
68.50000000000006,0.008697506642384285
68.60000000000007,0.008993680912348947
68.70000000000006,0.009299209158617145
68.80000000000005,0.009614360263894152
68.90000000000006,0.009939409924852526
69.00000000000006,0.010274640794840847
69.10000000000007,0.010620342628641387
69.20000000000006,0.010976812429274941
69.30000000000005,0.011344354596853205
69.40000000000006,0.011723281079474596
69.50000000000006,0.012113911526160422
69.60000000000007,0.01251657344182685
69.70000000000006,0.01293160234428483
69.80000000000007,0.013359341923262038
69.90000000000006,0.013800144201435932
70.00000000000006,0.014254369697469136
70.10000000000007,0.014722387591033595
70.20000000000006,0.015204575889810838
70.30000000000007,0.015701321598453426
70.40000000000006,0.016213020889489883
70.50000000000006,0.016740079276156325
70.60000000000007,0.017282911787133388
70.70000000000006,0.017841943143167237
70.80000000000007,0.018417607935552225
70.90000000000006,0.019010350806447716
71.00000000000006,0.019620626631004574
71.10000000000007,0.020248900701270122
71.20000000000006,0.020895648911841695
71.30000000000007,0.021561357947236483
71.40000000000006,0.02224652547094075
71.50000000000006,0.022951660316104152
71.60000000000007,0.02367728267783763
71.70000000000006,0.024423924307074872
71.80000000000007,0.02519212870595468
71.90000000000006,0.025982451324676328
72.00000000000006,0.02679545975978279
72.10000000000007,0.027631733953819754
72.20000000000006,0.028491866396318073
72.30000000000007,0.029376462326046245
72.40000000000006,0.0302861399344731
72.50000000000006,0.0312215305703837
72.60000000000007,0.03218327894558388
72.70000000000006,0.03317204334162891
72.80000000000007,0.0341884958175113
72.90000000000006,0.03523332241823327
73.00000000000006,0.036307223384195945
73.10000000000007,0.03741091336132645
73.20000000000006,0.038545121611865706
73.30000000000007,0.03971059222573801
73.40000000000006,0.040908084332415044
73.50000000000007,0.04213837231319218
73.60000000000007,0.04340224601378325
73.70000000000006,0.044700510957146375
73.80000000000007,0.04603398855644146
73.90000000000006,0.047403516328023594
74.00000000000007,0.04880994810437247
74.10000000000007,0.05025415424684996
74.20000000000006,0.05173702185818404
74.30000000000007,0.053259454994564845
74.40000000000006,0.05482237487724104
74.50000000000007,0.056426720103503136
74.60000000000007,0.05807344685692939
74.70000000000006,0.05976352911677776
74.80000000000007,0.06149795886639431
74.90000000000006,0.06327774630051038
75.00000000000007,0.06510392003130064
75.10000000000007,0.06697752729306031
75.20000000000006,0.06889963414537226
75.30000000000007,0.07087132567461502
75.40000000000006,0.07289370619367187
75.50000000000007,0.07496789943969563
75.60000000000007,0.07709504876977137
75.70000000000006,0.07927631735433349
75.80000000000007,0.08151288836817183
75.90000000000006,0.08380596517887126
76.00000000000007,0.08615677153252312
76.10000000000007,0.08856655173653774
76.20000000000007,0.09103657083939605
76.30000000000007,0.0935681148071597
76.40000000000006,0.09616249069657415
76.50000000000007,0.09882102682457884
76.60000000000007,0.10154507293404623
76.70000000000007,0.10433600035557067
76.80000000000007,0.10719520216510887
76.90000000000006,0.1101240933372976
77.00000000000007,0.11312411089424135
77.10000000000007,0.11619671404958479
77.20000000000007,0.11934338434766978
77.30000000000007,0.12256562579757233
77.40000000000006,0.12586496500182423
77.50000000000007,0.129242951279606
77.60000000000007,0.1327011567842055
77.70000000000007,0.13624117661453772
77.80000000000007,0.1398646289205004
77.90000000000006,0.14357315500196463
78.00000000000007,0.14736841940117168
78.10000000000007,0.1512521099883202
78.20000000000007,0.1552259380401301
78.30000000000007,0.15929163831114207
78.40000000000006,0.16345096909754933
78.50000000000007,0.16770571229331602
78.60000000000007,0.1720576734383625
78.70000000000007,0.17650868175858886
78.80000000000007,0.18106059019749748
78.90000000000006,0.18571527543919208
79.00000000000007,0.19047463792250746
79.10000000000007,0.19534060184604135
79.20000000000007,0.2003151151638559
79.30000000000007,0.20540014957159902
79.40000000000006,0.21059770048282342
79.50000000000007,0.21590978699525085
79.60000000000007,0.2213384518467488
79.70000000000007,0.226885761360787
79.80000000000007,0.2325538053811157
79.90000000000008,0.23834469719545187
80.00000000000007,0.24426057344790575
80.10000000000007,0.2503035940399357
80.20000000000007,0.2564759420195718
80.30000000000007,0.2627798234586793
80.40000000000008,0.2692174673180298
80.50000000000007,0.2757911252999268
80.60000000000007,0.28250307168817457
80.70000000000007,0.2893556031751329
80.80000000000007,0.2963510386756368
80.90000000000008,0.3034917191275572
81.00000000000007,0.3107800072787532
81.10000000000007,0.3182182874602137
81.20000000000007,0.3258089653451437
81.30000000000007,0.3335544676937785
81.40000000000008,0.3414572420837203
81.50000000000007,0.34951975662555196
81.60000000000007,0.35774449966354627
81.70000000000007,0.36613397946123455
81.80000000000007,0.37469072387163627
81.90000000000008,0.3834172799919592
82.00000000000007,0.39231621380254145
82.10000000000007,0.40139010978987444
82.20000000000007,0.41064157055348716
82.30000000000007,0.42007321639651474
82.40000000000008,0.42968768489978554
82.50000000000007,0.4394876304792139
82.60000000000008,0.4494757239263721
82.70000000000007,0.4596546519320277
82.80000000000007,0.4700271165925314
82.90000000000008,0.48059583489886526
83.00000000000007,0.4913635382082152
83.10000000000008,0.5023329716979447
83.20000000000007,0.5135068938017894
83.30000000000007,0.5248880756281992
83.40000000000008,0.5364793003606595
83.50000000000007,0.548283362639896
83.60000000000008,0.5603030679278744
83.70000000000007,0.5725412318534522
83.80000000000007,0.5850006795396413
83.90000000000008,0.597684244912362
84.00000000000007,0.6105947699906222
84.10000000000008,0.6237351041580834
84.20000000000007,0.6371081034159038
84.30000000000007,0.6507166296168744
84.40000000000008,0.6645635496807553
84.50000000000007,0.6786517347908099
84.60000000000008,0.6929840595715328
84.70000000000007,0.7075634012475172
84.80000000000007,0.7223926387835206
84.90000000000008,0.7374746520056958
85.00000000000007,0.7528123207040254
85.10000000000008,0.7684085237160158
85.20000000000007,0.7842661379916476
85.30000000000007,0.800388037639699
85.40000000000008,0.8167770929554553
85.50000000000007,0.833436169429912
85.60000000000008,0.850368126740579
85.70000000000007,0.8675758177239395
85.80000000000007,0.8850620873297435
85.90000000000008,0.902829771557211
86.00000000000007,0.9208816963733064
86.10000000000008,0.9392206766132671
86.20000000000007,0.9578495148634837
86.30000000000008,0.9767710003270023
86.40000000000008,0.9959879076717506
86.50000000000007,1.0155029958617792
86.60000000000008,1.035319006971674
86.70000000000007,1.0554386649844005
86.80000000000008,1.0758646745728513
86.90000000000008,1.0965997198652995
87.00000000000007,1.1176464631951042
87.10000000000008,1.1390075438349077
87.20000000000007,1.1606855767156299
87.30000000000008,1.1826831511306388
87.40000000000008,1.2050028294253319
87.50000000000007,1.227647145672579
87.60000000000008,1.2506186043343086
87.70000000000007,1.2739196789096494
87.80000000000008,1.2975528105700376
87.90000000000008,1.3215204067816355
88.00000000000007,1.3458248399155623
88.10000000000008,1.3704684458462977
88.20000000000007,1.3954535225387361
88.30000000000008,1.420782328624405
88.40000000000008,1.4464570819672111
88.50000000000007,1.4724799582193469
88.60000000000008,1.4988530893677494
88.70000000000007,1.5255785622716866
88.80000000000008,1.5526584171920323
88.90000000000008,1.5800946463126981
89.00000000000009,1.6078891922549003
89.10000000000008,1.6360439465847123
89.20000000000007,1.6645607483146299
89.30000000000008,1.693441382399643
89.40000000000008,1.722687578228485
89.50000000000009,1.7523010081107298
89.60000000000008,1.7822832857602795
89.70000000000007,1.8126359647760364
89.80000000000008,1.8433605371203168
89.90000000000008,1.8744584315957418
90.00000000000009,1.905931012321352
90.10000000000008,1.9377795772085336
90.20000000000007,1.9700053564376292
90.30000000000008,2.0026095109358444
90.40000000000008,2.0355931308572472
90.50000000000009,2.0689572340656635
90.60000000000008,2.1027027646211227
90.70000000000007,2.13683059127077
90.80000000000008,2.1713415059449264
90.90000000000008,2.2062362222591307
91.00000000000009,2.241515374023036
91.10000000000008,2.277179513756843
91.20000000000007,2.313229111216266
91.30000000000008,2.3496645519267196
91.40000000000008,2.3864861357276435
91.50000000000009,2.423694075327857
91.60000000000008,2.4612884948726728
91.70000000000007,2.4992694285238057
91.80000000000008,2.5376368190528065
91.90000000000008,2.5763905164489533
92.00000000000009,2.615530276542555
92.10000000000008,2.6550557596444015
92.20000000000007,2.694966529202429
92.30000000000008,2.735262050476365
92.40000000000008,2.7759416892313094
92.50000000000009,2.8170047104512044
92.60000000000008,2.8584502770729725
92.70000000000009,2.900277448742406
92.80000000000008,2.9424851805925334
92.90000000000008,2.9850723220455526
93.00000000000009,3.0280376156391133
93.10000000000008,3.071379695877894
93.20000000000009,3.115097088111474
93.30000000000008,3.159188207439239
93.40000000000008,3.2036513576434267
93.50000000000009,3.2484847301510533
93.60000000000008,3.2936864030256934
93.70000000000009,3.339254339990075
93.80000000000008,3.3851863894802188
93.90000000000008,3.4314802837322143
94.00000000000009,3.4781336379023524
94.10000000000008,3.5251439492215417
94.20000000000009,3.572508596184981
94.30000000000008,3.620224837777738
94.40000000000008,3.6682898127373313
94.50000000000009,3.7167005388539756
94.60000000000008,3.7654539123093835
94.70000000000009,3.814546707055044
94.80000000000008,3.863975574230601
94.90000000000008,3.913737041623344
95.00000000000009,3.9638275131694494
95.10000000000008,4.014243268497782
95.20000000000009,4.064980462517144
95.30000000000008,4.116035125047491
95.40000000000009,4.16740316049611
95.50000000000009,4.2190803475792436
95.60000000000008,4.271062339090067
95.70000000000009,4.323344661713553
95.80000000000008,4.3759227158889535
95.90000000000009,4.428791775720619
96.00000000000009,4.48194698893761
96.10000000000008,4.535383376902947
96.20000000000009,4.589095834672877
96.30000000000008,4.643079131106852
96.40000000000009,4.697327909028784
96.50000000000009,4.75183668543999
96.60000000000008,4.806599851784491
96.70000000000009,4.861611674267016
96.80000000000008,4.916866294224222
96.90000000000009,4.9723577285496345
97.00000000000009,5.028079870172564
97.10000000000008,5.084026488591575
97.20000000000009,5.140191230462706
97.30000000000008,5.196567620242845
97.40000000000009,5.253149060888632
97.50000000000009,5.309928834611006
97.60000000000008,5.366900103685841
97.70000000000009,5.424055911320749
97.80000000000008,5.48138918257828
97.90000000000009,5.538892725355803
98.00000000000009,5.5965592314219705
98.10000000000008,5.6543812775101525
98.20000000000009,5.712351326468679
98.30000000000008,5.770461728468056
98.40000000000009,5.828704722265208
98.50000000000009,5.887072436524579
98.60000000000008,5.94555689119624
98.70000000000009,6.004149998950757
98.80000000000008,6.062843566670764
98.90000000000009,6.121629296999198
99.00000000000009,6.180498789943805
99.1000000000001,6.239443544537951
99.20000000000009,6.298454960557262
99.30000000000008,6.357524340292039
99.40000000000009,6.416642890374955
99.50000000000009,6.475801723663757
99.6000000000001,6.534991861178701
99.70000000000009,6.594204234094071
99.80000000000008,6.653429685783621
99.90000000000009,6.7126589739192255
100.00000000000009,6.771882772622323
100.1000000000001,6.831091674667698
100.20000000000009,6.890276193738789
100.30000000000008,6.949426766734179
100.40000000000009,7.008533756124422
100.50000000000009,7.06758745235857
100.6000000000001,7.126578076319812
100.70000000000009,7.185495781829252
100.80000000000008,7.244330658197283
100.90000000000009,7.303072732821561
101.00000000000009,7.361711973830802
101.1000000000001,7.420238292773608
101.20000000000009,7.478641547351213
101.30000000000008,7.5369115441934325
101.40000000000009,7.595038041676681
101.50000000000009,7.6530107527830955
101.6000000000001,7.710819347999819
101.70000000000009,7.768453458257204
101.8000000000001,7.825902677905054
101.90000000000009,7.883156567725554
102.00000000000009,7.940204657981969
102.1000000000001,7.997036451501723
102.20000000000009,8.053641426792762
102.3000000000001,8.11000904119201
102.40000000000009,8.166128734044467
102.50000000000009,8.221989929911919
102.6000000000001,8.277582041809726
102.70000000000009,8.332894474470427
102.8000000000001,8.387916627632901
102.90000000000009,8.442637899355486
103.00000000000009,8.497047689351874
103.1000000000001,8.551135402348194
103.20000000000009,8.604890451459855
103.3000000000001,8.658302261586801
103.40000000000009,8.71136027282548
103.50000000000009,8.76405394389624
103.6000000000001,8.816372755584437
103.70000000000009,8.868306214193794
103.8000000000001,8.919843855010509
103.90000000000009,8.970975245776383
104.00000000000009,9.021689990169554
104.1000000000001,9.071977731291074
104.20000000000009,9.121828155155805
104.3000000000001,9.17123099418603
104.40000000000009,9.220176030706018
104.50000000000009,9.268653100436035
104.6000000000001,9.31665209598407
104.70000000000009,9.36416297033357
104.8000000000001,9.411175740325664
104.90000000000009,9.45768049013399
105.00000000000009,9.503667374730657
105.1000000000001,9.549126623341488
105.20000000000009,9.59404854288893
105.3000000000001,9.638423521420979
105.40000000000009,9.682242031524325
105.5000000000001,9.725494633720157
105.6000000000001,9.768171979840803
105.70000000000009,9.810264816385661
105.8000000000001,9.85176398785464
105.90000000000009,9.892660440057432
106.0000000000001,9.932945223397068
106.1000000000001,9.972609496125925
106.20000000000009,10.011644527572676
106.3000000000001,10.050041701338438
106.40000000000009,10.087792518460526
106.5000000000001,10.124888600542231
106.6000000000001,10.161321692846887
106.70000000000009,10.1970836673548
106.8000000000001,10.232166525781306
106.90000000000009,10.266562402554456
107.0000000000001,10.300263567750823
107.1000000000001,10.333262429987778
107.20000000000009,10.365551539270864
107.3000000000001,10.397123589794665
107.40000000000009,10.427971422695721
107.5000000000001,10.458088028756112
107.6000000000001,10.487466551056157
107.70000000000009,10.516100287574941
107.8000000000001,10.54398269373722
107.90000000000009,10.571107384905341
108.0000000000001,10.597468138814945
108.1000000000001,10.623058897953007
108.2000000000001,10.647873771877087
108.3000000000001,10.671907039474421
108.40000000000009,10.695153151159756
108.5000000000001,10.717606731010651
108.6000000000001,10.739262578839137
108.7000000000001,10.760115672198644
108.8000000000001,10.780161168325048
108.90000000000009,10.799394406010846
109.0000000000001,10.81781090741141
109.1000000000001,10.835406379782341
109.2000000000001,10.852176717147016
109.3000000000001,10.868118001893356
109.40000000000009,10.88322650629902
109.5000000000001,10.897498693984131
109.6000000000001,10.910931221290781
109.7000000000001,10.923520938588544
109.8000000000001,10.93526489150528
109.90000000000009,10.946160322082585
110.0000000000001,10.956204669855214
110.1000000000001,10.965395572853907
110.2000000000001,10.97373086853108
110.3000000000001,10.981208594608844
110.40000000000009,10.987826989848916
110.5000000000001,10.993584494743969
110.6000000000001,10.99847975213007
110.7000000000001,11.002511607719855
110.8000000000001,11.00567911055614
110.90000000000009,11.007981513385737
111.0000000000001,11.00941827295326
111.1000000000001,11.009989050214752
111.2000000000001,11.009518538087157
111.3000000000001,11.00769300283923
111.40000000000009,11.00450685912717
111.5000000000001,10.999961288614939
111.6000000000001,10.994057976750245
111.7000000000001,10.98679911172301
111.8000000000001,10.978187383113598
111.9000000000001,10.968225980231944
112.0000000000001,10.956918590149094
112.1000000000001,10.944269395422745
112.2000000000001,10.930283071518854
112.3000000000001,10.914964783931492
112.4000000000001,10.898320185003408
112.5000000000001,10.880355410450106
112.6000000000001,10.861077075590346
112.7000000000001,10.840492271286392
112.8000000000001,10.818608559597436
112.9000000000001,10.795433969149943
113.0000000000001,10.770976990228919
113.1000000000001,10.74524656959423
113.2000000000001,10.718252105026489
113.3000000000001,10.690003439607107
113.4000000000001,10.66051085573738
113.5000000000001,10.629785068901759
113.6000000000001,10.5978372211805
113.7000000000001,10.564678874517288
113.8000000000001,10.530322003747495
113.9000000000001,10.49477898939289
114.0000000000001,10.458062610229003
114.1000000000001,10.420186035631248
114.2000000000001,10.381162817706317
114.3000000000001,10.341006883215389
114.4000000000001,10.299732525295862
114.5000000000001,10.257354394988576
114.60000000000011,10.213887492577415
114.7000000000001,10.169347158748621
114.8000000000001,10.123749065576941
114.9000000000001,10.077109207346131
115.0000000000001,10.029443891211306
115.10000000000011,9.98076972771067
115.2000000000001,9.931103621134529
115.3000000000001,9.880462759759155
115.4000000000001,9.828864605953596
115.5000000000001,9.776326886167288
115.60000000000011,9.722867580806415
115.7000000000001,9.66850491400729
115.8000000000001,9.613257343314626
115.9000000000001,9.557143549273066
116.0000000000001,9.500182424940068
116.10000000000011,9.442393065328268
116.2000000000001,9.38379475678575
116.3000000000001,9.324406966322213
116.4000000000001,9.264249330889445
116.5000000000001,9.203341646624237
116.60000000000011,9.141703858061872
116.7000000000001,9.079356047328519
116.8000000000001,9.016318423320442
116.9000000000001,8.95261131087833
117.0000000000001,8.88825513996467
117.10000000000011,8.82327043485208
117.2000000000001,8.757677803330726
117.3000000000001,8.691497925942402
117.4000000000001,8.624751545249262
117.5000000000001,8.557459455144777
117.60000000000011,8.489642490214417
117.7000000000001,8.421321515153764
117.8000000000001,8.352517414251157
117.9000000000001,8.283251080942335
118.0000000000001,8.21354340744418
118.10000000000011,8.143415274474394
118.2000000000001,8.072887541064334
118.30000000000011,8.001981034471338
118.4000000000001,7.930716540197549
118.5000000000001,7.859114792121327
118.60000000000011,7.787196462747816
118.7000000000001,7.714982153584708
118.80000000000011,7.642492385649071
118.9000000000001,7.5697475901113105
119.0000000000001,7.496768099081607
119.10000000000011,7.423574136544514
119.2000000000001,7.350185809446952
119.30000000000011,7.276623098944544
119.4000000000001,7.202905851811497
119.5000000000001,7.12905377201844
119.60000000000011,7.055086412482993
119.7000000000001,6.981023166997339
119.80000000000011,6.906883262336807
119.9000000000001,6.83268575055368
120.0000000000001,6.758449501459666
120.10000000000011,6.684193195300836
120.2000000000001,6.609935315628242
120.30000000000011,6.535694142367277
120.4000000000001,6.461487745088948
120.5000000000001,6.387333976485458
120.60000000000011,6.313250466052918
120.7000000000001,6.239254613983341
120.80000000000011,6.165363585267961
120.9000000000001,6.091594304014007
121.00000000000011,6.017963447976314
121.10000000000011,5.944487443305584
121.2000000000001,5.871182459514274
121.30000000000011,5.798064404661411
121.4000000000001,5.7251489207571655
121.50000000000011,5.652451379387704
121.60000000000011,5.579986877561083
121.7000000000001,5.507770233774198
121.80000000000011,5.4358159843010405
121.9000000000001,5.364138379702164
122.00000000000011,5.292751381554898
122.10000000000011,5.221668659404121
122.2000000000001,5.150903587932615
122.30000000000011,5.080469244350425
122.4000000000001,5.0103784060021
122.50000000000011,4.940643548190529
122.60000000000011,4.871276842216263
122.7000000000001,4.802290153630486
122.80000000000011,4.73369504070023
122.9000000000001,4.6655027530838264
123.00000000000011,4.597724230714566
123.10000000000011,4.5303701028906
123.2000000000001,4.463450687568519
123.30000000000011,4.39697599085842
123.4000000000001,4.330955706717753
123.50000000000011,4.26539921684118
123.60000000000011,4.200315590743822
123.7000000000001,4.135713586034639
123.80000000000011,4.071601648877139
123.9000000000001,4.007987914634065
124.00000000000011,3.944880208692724
124.10000000000011,3.8822860474677285
124.2000000000001,3.8202126395774068
124.30000000000011,3.7586668871904925
124.4000000000001,3.6976553875392915
124.50000000000011,3.6371844345955022
124.60000000000011,3.577260020905026
124.70000000000012,3.517887839577571
124.80000000000011,3.45907328642734
124.9000000000001,3.400821462260471
125.00000000000011,3.343137175305308
125.10000000000011,3.2860249437812734
125.20000000000012,3.229488998601997
125.30000000000011,3.1735332862086847
125.4000000000001,3.1181614715291257
125.50000000000011,3.06337694105825
125.60000000000011,3.0091828060557506
125.70000000000012,2.955581905856309
125.80000000000011,2.9025768112882138
125.9000000000001,2.850169828195698
126.00000000000011,2.7983630010607534
126.10000000000011,2.7471581167199046
126.20000000000012,2.696556708171414
126.30000000000011,2.6465600584686633
126.4000000000001,2.5971692046950534
126.50000000000011,2.548384942016179
126.60000000000011,2.500207827804803
126.70000000000012,2.452638185834155
126.80000000000011,2.405676110535379
126.9000000000001,2.359321471314572
127.00000000000011,2.313573916925287
127.10000000000011,2.2684328798921443
127.20000000000012,2.2238975809812667
127.30000000000011,2.179967033713501
127.40000000000012,2.136640048916072
127.50000000000011,2.0939152393087883
127.60000000000011,2.051791024120534
127.70000000000012,2.010265633732232
127.80000000000011,1.9693371143422598
127.90000000000012,1.929003332650384
128.0000000000001,1.8892619805565587
128.1000000000001,1.8501105798706423
128.2000000000001,1.8115464870295184
128.30000000000013,1.7735668978178833
128.40000000000012,1.7361688520892757
128.5000000000001,1.6993492384837041
128.6000000000001,1.6631047991386827
128.7000000000001,1.6274321343902232
128.80000000000013,1.5923277074605686
128.90000000000012,1.5577878491295816
129.0000000000001,1.5238087623865575
129.1000000000001,1.4903865270596555
129.2000000000001,1.4575171044199073
129.30000000000013,1.425196341757018
129.40000000000012,1.3934199769242595
129.5000000000001,1.3621836428496914
129.6000000000001,1.3314828720112963
129.7000000000001,1.3013131008734418
129.80000000000013,1.2716696742823086
129.90000000000012,1.2425478498180458
130.0000000000001,1.2139428021012943
130.1000000000001,1.185849627052148
130.2000000000001,1.1582633460993756
130.30000000000013,1.1311789103380163
130.40000000000012,1.1045912046335256
130.5000000000001,1.0784950516705993
130.6000000000001,1.0528852159451378
130.7000000000001,1.0277564076976657
130.80000000000013,1.003103286786729
130.90000000000012,0.9789204665009013
131.0000000000001,0.9552025173079545
131.1000000000001,0.9319439705401052
131.2000000000001,0.9091393220140619
131.30000000000013,0.8867830355848388
131.40000000000012,0.8648695466323786
131.5000000000001,0.8433932654799744
131.6000000000001,0.8223485807437907
131.7000000000001,0.8017298626126383
131.80000000000013,0.7815314660573631
131.90000000000012,0.7617477339692826
132.0000000000001,0.742373000227064
132.1000000000001,0.7234015926917122
132.2000000000001,0.7048278361292144
132.30000000000013,0.6866460550605624
132.40000000000012,0.6688505765389491
132.5000000000001,0.651435732853903
132.6000000000001,0.6343958641623572
132.70000000000013,0.6177253210465493
132.80000000000013,0.6014184669988374
132.90000000000012,0.5854696808334473
133.0000000000001,0.5698733590254067
133.1000000000001,0.5546239179767973
133.20000000000013,0.539715796210623
133.30000000000013,0.5251434564926334
133.40000000000012,0.5109013878814184
133.5000000000001,0.49698410770728196
133.6000000000001,0.4833861634803064
133.70000000000013,0.47010213472815715
133.80000000000013,0.4571266347642106
133.90000000000012,0.4444543123865626
134.0000000000001,0.4320798535086513
134.1000000000001,0.4199979827221293
134.20000000000013,0.4082034647927414
134.30000000000013,0.3966911060899935
134.40000000000012,0.38545575595136955
134.5000000000001,0.374492307982003
134.6000000000001,0.36379570129062067
134.70000000000013,0.35336092166268
134.80000000000013,0.34318300267163987
134.90000000000012,0.33325702672927854
135.0000000000001,0.32357812607609154
135.1000000000001,0.3141414837127363
135.20000000000013,0.3049423342735527
135.30000000000013,0.29597596484322325
135.40000000000012,0.28723771571759243
135.5000000000001,0.27872298110977417
135.6000000000001,0.2704272098026057
135.70000000000013,0.2623459057485626
135.80000000000013,0.25447462861827025
135.90000000000012,0.24680899429870273
136.0000000000001,0.23934467534225654
136.1000000000001,0.23207740136780822
136.20000000000013,0.22500295941492382
136.30000000000013,0.21811719425238593
136.40000000000012,0.21141600864216936
136.5000000000001,0.20489536356007304
136.6000000000001,0.19855127837414105
136.70000000000013,0.1923798309820498
136.80000000000013,0.18637715790863674
136.90000000000012,0.18053945436470517
137.0000000000001,0.17486297426830158
137.1000000000001,0.1693440302295948
137.20000000000013,0.16397899350051648
137.30000000000013,0.15876429389031535
137.40000000000012,0.15369641964814013
137.5000000000001,0.14877191731381023
137.6000000000001,0.14398739153787427
137.70000000000013,0.1393395048720737
137.80000000000013,0.13482497753132042
137.90000000000012,0.13044058712825807
138.0000000000001,0.12618316838151178
138.1000000000001,0.12204961279867178
138.20000000000013,0.11803686833507149
138.30000000000013,0.11414193902940362
138.40000000000012,0.11036188461718154
138.5000000000001,0.10669382012308119
138.60000000000014,0.1031349154331365
138.70000000000013,0.0996823948477829
138.80000000000013,0.0963335366166947
138.90000000000012,0.09308567245638205
139.0000000000001,0.0899361870514623
139.10000000000014,0.08688251754052317
139.20000000000013,0.08392215298747542
139.30000000000013,0.08105263383925988
139.40000000000012,0.0782715513707828
139.5000000000001,0.07557654711790883
139.60000000000014,0.0729653122993364
139.70000000000013,0.07043558722816129
139.80000000000013,0.06798516071390377
139.90000000000012,0.06561186945577667
