1.0,68.02914742525864
1.1,68.26881333721609
1.2000000000000002,68.50999766664178
1.3000000000000003,68.75271175605063
1.4000000000000004,68.99696703138686
1.5000000000000004,69.24277500234949
1.6000000000000005,69.49014726270912
1.7000000000000006,69.73909549061493
1.8000000000000007,69.989631448892
1.9000000000000008,70.2417669853281
2.000000000000001,70.49551403294984
2.100000000000001,70.75088461028746
2.200000000000001,71.00789082162797
2.300000000000001,71.2665448572562
2.4000000000000012,71.5268589936831
2.5000000000000013,71.78884559386069
2.6000000000000014,72.05251710738365
2.7000000000000015,72.31788607067628
2.8000000000000016,72.58496510716505
2.9000000000000017,72.85376692743554
3.0000000000000018,73.12430432937339
3.100000000000002,73.39659019828899
3.200000000000002,73.67063750702468
3.300000000000002,73.94645931604447
3.400000000000002,74.22406877350505
3.500000000000002,74.5034791153079
3.6000000000000023,74.78470366513149
3.7000000000000024,75.06775583444306
3.8000000000000025,75.35264912248923
3.9000000000000026,75.63939711626443
4.000000000000003,75.92801349045698
4.100000000000003,76.21851200737137
4.200000000000003,76.5109065168264
4.3000000000000025,76.80521095602812
4.400000000000003,77.10143934941705
4.5000000000000036,77.39960580848815
4.600000000000003,77.69972453158348
4.700000000000003,78.00180980365614
4.800000000000003,78.30587599600452
4.900000000000004,78.61193756597615
5.0000000000000036,78.92000905664011
5.100000000000003,79.23010509642693
5.200000000000004,79.5422403987348
5.300000000000004,79.85642976150147
5.400000000000004,80.17268806674032
5.5000000000000036,80.49103028003955
5.600000000000004,80.81147145002384
5.700000000000005,81.13402670777648
5.800000000000004,81.45871126622156
5.900000000000004,81.78554041946455
6.000000000000004,82.11452954209
6.100000000000005,82.44569408841559
6.200000000000005,82.77904959170039
6.300000000000004,83.11461166330676
6.400000000000005,83.45239599181407
6.500000000000005,83.79241834208287
6.600000000000005,84.13469455426844
6.700000000000005,84.47924054278153
6.800000000000005,84.82607229519566
6.900000000000006,85.17520587109861
7.000000000000005,85.52665740088706
7.100000000000005,85.88044308450269
7.2000000000000055,86.23657919010782
7.300000000000006,86.59508205269917
7.400000000000006,86.955968072658
7.500000000000005,87.31925371423452
7.600000000000006,87.6849555039655
7.700000000000006,88.05309002902221
7.800000000000006,88.42367393548798
7.900000000000006,88.79672392656232
8.000000000000007,89.17225676069053
8.100000000000007,89.55028924961626
8.200000000000006,89.93083825635523
8.300000000000006,90.31392069308787
8.400000000000006,90.699553518969
8.500000000000007,91.08775373785187
8.600000000000007,91.47853839592506
8.700000000000006,91.8719245792592
8.800000000000008,92.26792941126196
8.900000000000007,92.66657005003825
9.000000000000007,93.06786368565369
9.100000000000007,93.47182753729896
9.200000000000006,93.87847885035194
9.300000000000008,94.28783489333594
9.400000000000007,94.6999129547707
9.500000000000007,95.11473033991403
9.600000000000009,95.53230436739108
9.700000000000008,95.95265236570873
9.800000000000008,96.3757916696521
9.900000000000007,96.80173961656075
10.000000000000007,97.23051354248118
10.100000000000009,97.66213077819305
10.200000000000008,98.09660864510603
10.300000000000008,98.53396445102443
10.40000000000001,98.97421548577634
10.500000000000009,99.41737901670395
10.600000000000009,99.86347228401277
10.700000000000008,100.31251249597524
10.800000000000008,100.7645168239868
10.90000000000001,101.21950239747007
11.000000000000009,101.6774862986242
11.100000000000009,102.1384855570165
11.20000000000001,102.60251714401159
11.30000000000001,103.06959796703613
11.40000000000001,103.5397448636746
11.500000000000009,104.01297459559252
11.600000000000009,104.48930384228446
11.70000000000001,104.96874919464184
11.80000000000001,105.45132714833795
11.90000000000001,105.93705409702585
12.00000000000001,106.42594632534568
12.10000000000001,106.91802000173722
12.20000000000001,107.41329117105421
12.30000000000001,107.91177574697655
12.40000000000001,108.41348950421616
12.50000000000001,108.91844807051282
12.60000000000001,109.4266669184162
12.70000000000001,109.93816135684965
12.800000000000011,110.45294652245207
12.900000000000011,110.97103737069398
13.00000000000001,111.49244866676315
13.10000000000001,112.01719497621691
13.20000000000001,112.54529065539529
13.300000000000011,113.07674984159313
13.400000000000011,113.61158644298513
13.50000000000001,114.14981412830116
13.600000000000012,114.69144631624704
13.700000000000012,115.23649616466714
13.800000000000011,115.7849765594445
13.900000000000011,116.33690010313474
14.00000000000001,116.89227910332964
14.100000000000012,117.4511255607467
14.200000000000012,118.01345115704027
14.300000000000011,118.57926724233081
14.400000000000013,119.14858482244877
14.500000000000012,119.72141454588835
14.600000000000012,120.29776669046863
14.700000000000012,120.87765114969763
14.800000000000011,121.46107741883617
14.900000000000013,122.04805458065786
15.000000000000012,122.63859129090206
15.100000000000012,123.23269576341644
15.200000000000014,123.83037575498625
15.300000000000013,124.43163854984665
15.400000000000013,125.03649094387616
15.500000000000012,125.6449392284675
15.600000000000012,126.25698917407402
15.700000000000014,126.87264601342893
15.800000000000013,127.49191442443482
15.900000000000013,128.11479851272222
16.000000000000014,128.74130179387416
16.100000000000016,129.37142717531623
16.200000000000014,130.0051769378698
16.30000000000001,130.64255271696763
16.400000000000013,131.28355548353096
16.500000000000014,131.92818552450703
16.600000000000016,132.57644242306688
16.700000000000014,133.22832503846325
16.800000000000015,133.8838314855489
16.900000000000013,134.54295911395522
17.000000000000014,135.205704486933
17.100000000000016,135.87206335985564
17.200000000000014,136.54203065838695
17.300000000000015,137.21560045631512
17.400000000000013,137.8927659530555
17.500000000000014,138.57351945082493
17.600000000000016,139.25785233149088
17.700000000000014,139.945755033099
17.800000000000015,140.63721702608342
17.900000000000016,141.33222678916457
18.000000000000014,142.0307717849395
18.100000000000016,142.73283843517106
18.200000000000017,143.43841209578125
18.300000000000015,144.14747703155703
18.400000000000016,144.86001639057525
18.500000000000014,145.57601217835486
18.600000000000016,146.2954452317461
18.700000000000017,147.01829519256515
18.800000000000015,147.74454048098525
18.900000000000016,148.4741582686952
19.000000000000014,149.20712445183614
19.100000000000016,149.94341362373052
19.200000000000017,150.68299904741514
19.300000000000015,151.42585262799335
19.400000000000016,152.17194488482085
19.500000000000018,152.92124492354108
19.600000000000016,153.6737204079869
19.700000000000017,154.4293375319661
19.80000000000002,155.18806099094934
19.900000000000016,155.94985395367993
20.000000000000018,156.71467803372622
20.100000000000016,157.48249326099724
20.200000000000017,158.25325805324533
20.30000000000002,159.02692918757825
20.400000000000016,159.8034617720055
20.500000000000018,160.58280921704514
20.600000000000016,161.36492320741652
20.700000000000017,162.14975367384864
20.80000000000002,162.9372487650311
20.900000000000016,163.72735481973882
21.000000000000018,164.5200163391622
21.10000000000002,165.3151759594734
21.200000000000017,166.1127744246638
21.30000000000002,166.9127505596873
21.40000000000002,167.71504124394417
21.500000000000018,168.5195813851433
21.60000000000002,169.32630389358184
21.700000000000017,170.13513965687943
21.80000000000002,170.94601751521026
21.90000000000002,171.7588642370729
22.000000000000018,172.57360449564132
22.10000000000002,173.39016084574138
22.200000000000017,174.20845370149775
22.30000000000002,175.02840131469793
22.40000000000002,175.8499197539201
22.500000000000018,176.67292288447408
22.60000000000002,177.4973223492047
22.70000000000002,178.3230275502074
22.80000000000002,179.149945631509
22.90000000000002,179.97798146276514
23.00000000000002,180.80703762402746
23.10000000000002,181.6370143916361
23.20000000000002,182.46780972529123
23.30000000000002,183.29931925635998
23.40000000000002,184.13143627747542
23.50000000000002,184.96405173348384
23.60000000000002,185.79705421379944
23.70000000000002,186.63032994622307
23.80000000000002,187.46376279228386
23.90000000000002,188.29723424416403
24.00000000000002,189.1306234232636
24.10000000000002,189.9638070804659
24.20000000000002,190.7966595981628
24.300000000000022,191.62905299409826
24.40000000000002,192.4608569270897
24.50000000000002,193.29193870468606
24.600000000000023,194.12216329281975
24.70000000000002,194.95139332751202
24.800000000000022,195.77948912868698
24.90000000000002,196.60630871615183
25.00000000000002,197.43170782779825
25.100000000000023,198.2555399400788
25.20000000000002,199.07765629081212
25.300000000000022,199.89790590436817
25.40000000000002,200.71613561928356
25.50000000000002,201.53219011835543
25.600000000000023,202.34591196126107
25.70000000000002,203.15714161974668
25.800000000000022,203.96571751542885
25.900000000000023,204.7714760602477
26.00000000000002,205.57425169961002
26.100000000000023,206.37387695825683
26.200000000000024,207.17018248888687
26.300000000000022,207.96299712356546
26.400000000000023,208.7521479279442
26.50000000000002,209.53746025831296
26.600000000000023,210.31875782150408
26.700000000000024,211.09586273766186
26.800000000000022,211.86859560589002
26.900000000000023,212.63677557278265
27.00000000000002,213.40022040384122
27.100000000000023,214.1587465577766
27.200000000000024,214.91216926368833
27.300000000000022,215.66030260111097
27.400000000000023,216.4029595829101
27.500000000000025,217.13995224100836
27.600000000000023,217.87109171491304
27.700000000000024,218.59618834301563
27.800000000000026,219.31505175662465
27.900000000000023,220.0274909766897
28.000000000000025,220.73331451316872
28.100000000000023,221.4323304669838
28.200000000000024,222.12434663450654
28.300000000000026,222.8091706145066
28.400000000000023,223.48660991749293
28.500000000000025,224.156472077369
28.600000000000023,224.81856476532025
28.700000000000024,225.47269590584278
28.800000000000026,226.1186737948196
28.900000000000023,226.75630721954232
29.000000000000025,227.3854055805716
29.100000000000026,228.00577901532378
29.200000000000024,228.61723852326497
29.300000000000026,229.21959609258803
29.400000000000027,229.8126648282443
29.500000000000025,230.39625908119285
29.600000000000026,230.97019457872918
29.700000000000024,231.5342885557465
29.800000000000026,232.0883598867807
29.900000000000027,232.63222921868268
30.000000000000025,233.16571910376092
30.100000000000026,233.68865413322882
30.200000000000024,234.2008610707908
30.300000000000026,234.702168986196
30.400000000000027,235.19240938858468
30.500000000000025,235.67141635945114
30.600000000000026,236.1390266850425
30.700000000000028,236.59507998801044
30.800000000000026,237.03941885813344
30.900000000000027,237.47188898192195
31.00000000000003,237.8923392709197
31.100000000000026,238.30062198851456
31.200000000000028,238.6965928750685
31.300000000000026,239.08011127118067
31.400000000000027,239.45104023889394
31.50000000000003,239.80924668065896
31.600000000000026,240.15460145587002
31.700000000000028,240.48697949478859
31.800000000000026,240.806259909673
31.900000000000027,241.1123261029356
32.00000000000003,241.40506587215145
32.10000000000002,241.6843715117455
32.20000000000003,241.95013991119157
32.300000000000026,242.20227264955764
32.40000000000003,242.4406760862396
32.50000000000003,242.6652614477293
32.60000000000003,242.87594491026877
32.70000000000003,243.07264767824944
32.800000000000026,243.25529605821984
32.90000000000003,243.42382152837473
33.00000000000003,243.57816080340268
33.10000000000003,243.7182558945796
33.20000000000003,243.8440541650018
33.300000000000026,243.95550837986087
33.40000000000003,244.05257675167113
33.50000000000003,244.1352229803688
33.60000000000003,244.20341628821217
33.70000000000003,244.25713144941878
33.800000000000026,244.29634881448717
33.90000000000003,244.32105432916035
34.00000000000003,244.3312395479945
34.10000000000003,244.31657164733383
34.20000000000003,244.2667371089138
34.30000000000003,244.18178536208472
34.40000000000003,244.0617986728224
34.50000000000003,243.90689195126916
34.60000000000003,243.71721248346867
34.70000000000003,243.49293958845988
34.80000000000003,243.2342842022174
34.90000000000003,242.9414883902329
35.00000000000003,242.6148247908294
35.10000000000003,242.25459599158216
35.20000000000003,241.8611338414871
35.30000000000003,241.43479870176427
35.400000000000034,240.97597863841392
35.50000000000003,240.48508855985193
35.60000000000003,239.96256930313592
35.70000000000003,239.40888667245986
35.80000000000003,238.82453043373513
35.900000000000034,238.21001326919236
36.00000000000003,237.56586969603362
36.10000000000003,236.89265495323198
36.20000000000003,236.19094386062287
36.30000000000003,235.4613296544512
36.400000000000034,234.70442280353933
36.50000000000003,233.92084981021685
36.60000000000003,233.11125200010684
36.70000000000003,232.27628430480144
36.80000000000003,231.41661404136977
36.900000000000034,230.5329196925443
37.00000000000003,229.62588969130695
37.10000000000003,228.696221213465
37.20000000000003,227.74461898165654
37.30000000000003,226.77179408406352
37.400000000000034,225.7784628109407
37.500000000000036,224.7653455118851
37.60000000000003,223.73316547658385
37.70000000000003,222.68264784158188
37.80000000000003,221.61451852541293
37.900000000000034,220.529503194233
38.000000000000036,219.42832625989254
38.10000000000003,218.3117099121777
38.20000000000003,217.18037318674848
38.30000000000003,216.03503107009948
38.400000000000034,214.87639364266875
38.500000000000036,213.7051652610304
38.60000000000004,212.52204377991276
38.70000000000003,211.32771981460533
38.80000000000003,210.12287604413822
38.900000000000034,208.9081865554527
39.000000000000036,207.68431622861726
39.10000000000004,206.45192016299487
39.20000000000003,205.2116431441217
39.30000000000003,203.9641191509233
39.400000000000034,202.70997090277285
39.500000000000036,201.4498094457744
39.60000000000004,200.18423377755516
39.70000000000003,198.9138305097494
39.80000000000003,197.63917356727103
39.900000000000034,196.3608239233965
40.000000000000036,195.07932936960583
40.10000000000004,193.79522431907478
40.20000000000003,192.50902964265703
40.30000000000003,191.22125253615167
40.400000000000034,189.93238641761917
40.500000000000036,188.6429108534759
40.60000000000004,187.35329151208225
40.70000000000004,186.0639801435215
40.80000000000003,184.77541458426026
40.900000000000034,183.48801878537952
41.000000000000036,182.20220286306943
41.10000000000004,180.9183631700881
41.20000000000004,179.63688238689937
41.30000000000003,178.35812963122223
41.400000000000034,177.08246058474398
41.500000000000036,175.81021763577664
41.60000000000004,174.54173003666105
41.70000000000004,173.27731407475596
41.80000000000004,172.01727325588004
41.900000000000034,170.76189849911134
42.000000000000036,169.51146834188265
42.10000000000004,168.26624915435283
42.20000000000004,167.02649536206715
42.30000000000004,165.79244967596563
42.400000000000034,164.56434332883362
42.500000000000036,163.34239631733143
42.60000000000004,162.12681764878164
42.70000000000004,160.9178055919299
42.80000000000004,159.71554793093856
42.900000000000034,158.52022222191138
43.000000000000036,157.3319960512859
43.10000000000004,156.15102729547138
43.20000000000004,154.97746438114524
43.30000000000004,153.81144654566023
43.400000000000034,152.65310409705037
43.500000000000036,151.50255867315795
43.60000000000004,150.35992349943993
43.70000000000004,149.2253036450424
43.80000000000004,148.09879627676648
43.90000000000004,146.98049091057752
44.000000000000036,145.8704696603401
44.10000000000004,144.7688074834886
44.20000000000004,143.6755724233722
44.30000000000004,142.59082584803522
44.40000000000004,141.51462268522184
44.500000000000036,140.44701165341584
44.60000000000004,139.38803548874762
44.70000000000004,138.33773116762376
44.80000000000004,137.29613012495093
44.90000000000004,136.2632584678478
45.00000000000004,135.23913718475396
45.10000000000004,134.2237823498621
45.20000000000004,133.21720532281492
45.30000000000004,132.21941294362296
45.40000000000004,131.23040772277204
45.50000000000004,130.25018802650223
45.60000000000004,129.27874825725232
45.70000000000004,128.31607902927183
45.80000000000004,127.36216733941721
45.90000000000004,126.41699673315229
46.00000000000004,125.48054746578597
46.10000000000004,124.55279665898505
46.20000000000004,123.63371845260833
46.30000000000004,122.72328415191402
46.40000000000004,121.82146237019728
46.50000000000004,120.92821916692179
46.60000000000004,120.0435181814115
46.70000000000004,119.16732076217431
46.80000000000004,118.29958609193287
46.90000000000004,117.4402713084393
47.00000000000004,116.58933162115548
47.100000000000044,115.74672042388093
47.20000000000004,114.91238940341367
47.30000000000004,114.08628864432926
47.40000000000004,113.2683667299672
47.50000000000004,112.45857083971119
47.600000000000044,111.6568468426538
47.70000000000004,110.86313938773438
47.80000000000004,110.07739199043976
47.90000000000004,109.2995471161583
48.00000000000004,108.52954626027532
48.100000000000044,107.7673300251001
48.200000000000045,107.0128381937121
48.30000000000004,106.2660098008146
48.40000000000004,105.52678320068205
48.50000000000004,104.79509613228768
48.600000000000044,104.0708857816955
48.700000000000045,103.35408884180029
48.80000000000004,102.64464156949869
48.90000000000004,101.94247984037091
49.00000000000004,101.24753920095436
49.100000000000044,100.5597549186857
49.200000000000045,99.87906202958881
49.30000000000004,99.20539538378357
49.40000000000004,98.53868968888825
49.50000000000004,97.8788795513886
49.600000000000044,97.22589951604222
49.700000000000045,96.5796841033881
49.80000000000004,95.94016784542745
49.90000000000004,95.30728531954102
50.00000000000004,94.68097118070698
50.100000000000044,94.06116019208069
50.200000000000045,93.44778725399672
50.30000000000005,92.84078743145173
50.40000000000004,92.24009598012522
50.50000000000004,91.64564837099321
50.600000000000044,91.05738031358898
50.700000000000045,90.47522777796249
50.80000000000005,89.89912701538941
50.90000000000004,89.32901457787867
51.00000000000004,88.76482733652601
51.100000000000044,88.20650249875999
51.200000000000045,87.65397762452412
51.30000000000005,87.10719064143939
51.40000000000005,86.56607985898799
51.50000000000004,86.03058398175953
51.600000000000044,85.50064212179765
51.700000000000045,84.97619381008613
51.80000000000005,84.45717900720982
51.90000000000005,83.9435381132262
52.00000000000004,83.43521197678146
52.100000000000044,82.93214190350366
52.200000000000045,82.43426966370528
52.30000000000005,81.94153749942485
52.40000000000005,81.45388813083778
52.50000000000004,80.97126476206445
52.600000000000044,80.49361108640288
52.700000000000045,80.02087129101277
52.80000000000005,79.55299006107559
52.90000000000005,79.08991258345579
53.00000000000004,78.63158454988621
53.100000000000044,78.17795215970057
53.200000000000045,77.72896212213482
53.30000000000005,77.28456165821811
53.40000000000005,76.84469850227359
53.50000000000005,76.40932090304854
53.600000000000044,75.97837762449224
53.700000000000045,75.55181794619939
53.80000000000005,75.1295916635366
53.90000000000005,74.71164908746806
54.00000000000005,74.29794104409633
54.100000000000044,73.88841887393343
54.200000000000045,73.48303443091689
54.30000000000005,73.08174008118456
54.40000000000005,72.68448870162185
54.50000000000005,72.29123367819375
54.60000000000005,71.90192890407457
54.700000000000045,71.51652877758679
54.80000000000005,71.13498819996022
54.90000000000005,70.75726257292293
55.00000000000005,70.38330779613348
55.10000000000005,70.01308026446493
55.200000000000045,69.64653686515004
55.30000000000005,69.28363497479643
55.40000000000005,68.92433245628096
55.50000000000005,68.56858765553105
55.60000000000005,68.21635939820109
55.700000000000045,67.86760698625181
55.80000000000005,67.52229019443931
55.90000000000005,67.18036926672114
56.00000000000005,66.84180491258589
56.10000000000005,66.50655830331233
56.200000000000045,66.17459106816459
56.30000000000005,65.84586529052861
56.40000000000005,65.52034350399583
56.50000000000005,65.19798868839896
56.60000000000005,64.8787642658048
56.70000000000005,64.56263409646905
56.80000000000005,64.24956247475755
56.90000000000005,63.939514125037945
57.00000000000005,63.63245419754638
57.10000000000005,63.32834826423249
57.20000000000005,63.027162314586874
57.30000000000005,62.728862751454145
57.40000000000005,62.43341638683506
57.50000000000005,62.14079043768105
57.60000000000005,61.85095252168364
57.70000000000005,61.56387065306207
57.800000000000054,61.27951323835151
57.90000000000005,60.997849072194526
58.00000000000005,60.718847333137944
58.10000000000005,60.44247757943795
58.20000000000005,60.1687097448748
58.300000000000054,59.897514134579765
58.40000000000005,59.62886142087582
58.50000000000005,59.362722639134105
58.60000000000005,59.09906918364784
58.70000000000005,58.83787280352499
58.800000000000054,58.579105598601515
58.90000000000005,58.32274001537648
59.00000000000005,58.06874884297011
59.10000000000005,57.81710520910643
59.20000000000005,57.56778257612136
59.300000000000054,57.32075473699719
59.40000000000005,57.07599581142489
59.50000000000005,56.83348024189466
59.60000000000005,56.59318278981597
59.70000000000005,56.35507853166769
59.800000000000054,56.11914285517899
59.900000000000055,55.88535145554191
60.00000000000005,55.65368033165598
60.10000000000005,55.424105782405576
60.20000000000005,55.19660440297052
60.300000000000054,54.9711530811704
60.400000000000055,54.74772899384291
60.50000000000005,54.52630960325686
60.60000000000005,54.306872653559836
60.70000000000005,54.0893961672612
60.800000000000054,53.8738584417503
60.900000000000055,53.66023804585049
61.00000000000006,53.448513816408834
61.10000000000005,53.238664854921936
61.20000000000005,53.030670524197774
61.300000000000054,52.82451044505383
61.400000000000055,52.620164493051576
61.50000000000006,52.417612795267274
61.60000000000005,52.216835727099124
61.70000000000005,52.017813909110885
61.800000000000054,51.82052820391192
61.900000000000055,51.62495971307354
62.00000000000006,51.431089774081585
62.10000000000005,51.23889995732536
62.20000000000005,51.0483720631226
62.300000000000054,50.85948811878062
62.400000000000055,50.672230375693175
62.50000000000006,50.486581306473255
62.60000000000005,50.30252360212148
62.70000000000005,50.12004016922994
62.800000000000054,49.93911412722137
62.900000000000055,49.75972880562344
63.00000000000006,49.58186774137796
63.10000000000006,49.40551467618485
63.20000000000005,49.23065355388064
63.300000000000054,49.057268517851156
63.400000000000055,48.88534390847845
63.50000000000006,48.71486426062151
63.60000000000006,48.54581430113055
63.70000000000005,48.378178946394655
63.800000000000054,48.21194329992258
63.900000000000055,48.047092649956454
64.00000000000006,47.88361246711794
64.10000000000005,47.721488402086905
64.20000000000006,47.56070628331199
64.30000000000005,47.40125211475313
64.40000000000006,47.243112073655475
64.50000000000006,47.08627250835471
64.60000000000005,46.930719936113185
64.70000000000006,46.776441040986796
64.80000000000005,46.62342267172244
64.90000000000006,46.47165183968524
65.00000000000006,46.32111571681606
65.10000000000005,46.1718016336182
65.20000000000006,46.02369707717358
65.30000000000005,45.87678968918788
65.40000000000006,45.731067264064265
65.50000000000006,45.586517747005786
65.60000000000005,45.44312923214557
65.70000000000006,45.30088996070516
65.80000000000005,45.15978831918028
65.90000000000006,45.019812837553786
66.00000000000006,44.880952187535854
66.10000000000005,44.74319518083064
66.20000000000006,44.60653076742943
66.30000000000005,44.47094803393013
66.40000000000006,44.336436201882194
66.50000000000006,44.20298462615767
66.60000000000005,44.0705827933471
66.70000000000006,43.93922032018067
66.80000000000005,43.80888695197416
66.90000000000006,43.67957256109921
67.00000000000006,43.551267145477965
67.10000000000007,43.423960827101524
67.20000000000006,43.29764385057222
67.30000000000005,43.17230658166912
67.40000000000006,43.04793950593681
67.50000000000006,42.924533227297104
67.60000000000007,42.80207846668314
67.70000000000006,42.68056606069614
67.80000000000005,42.55998696028399
67.90000000000006,42.440332229441864
68.00000000000006,42.32159304393443
68.10000000000007,42.20376069003922
68.20000000000006,42.08682656331132
68.30000000000005,41.97078216736875
68.40000000000006,41.85561911269849
68.50000000000006,41.74132911548291
68.60000000000007,41.627903996446136
68.70000000000006,41.515335679720565
68.80000000000005,41.403616191732695
68.90000000000006,41.292737660108564
69.00000000000006,41.18269231259826
69.10000000000007,41.07347247601935
69.20000000000006,40.96507057521901
69.30000000000005,40.85747913205459
69.40000000000006,40.75069076439239
69.50000000000006,40.64469818512451
69.60000000000007,40.53949420120333
69.70000000000006,40.435071712693684
69.80000000000007,40.33142371184217
69.90000000000006,40.22854328216378
70.00000000000006,40.12642359754514
70.10000000000007,40.02504486763338
70.20000000000006,39.92438739114479
70.30000000000007,39.82444460918964
70.40000000000006,39.72521005070959
70.50000000000006,39.62667733166199
70.60000000000007,39.52884015421965
70.70000000000006,39.43169230598617
70.80000000000007,39.33522765922593
70.90000000000006,39.23944017010942
71.00000000000006,39.14432387797285
71.10000000000007,39.04987290459245
71.20000000000006,38.95608145347289
71.30000000000007,38.86294380914978
71.40000000000006,38.77045433650596
71.50000000000006,38.67860748010138
71.60000000000007,38.58739776351635
71.70000000000006,38.49681978870814
71.80000000000007,38.40686823538023
71.90000000000006,38.31753786036471
72.00000000000006,38.228823497016876
72.10000000000007,38.14072005462239
72.20000000000006,38.05322251781652
72.30000000000007,37.966325946015225
72.40000000000006,37.88002547285808
72.50000000000006,37.79431630566255
72.60000000000007,37.70919372488967
72.70000000000006,37.62465308362077
72.80000000000007,37.54068980704498
72.90000000000006,37.457299391957534
73.00000000000006,37.37447740626838
73.10000000000007,37.292219488521
73.20000000000006,37.210521347421434
73.30000000000007,37.129378761376806
73.40000000000006,37.04878757804366
73.50000000000007,36.968743713885516
73.60000000000007,36.88924315373963
73.70000000000006,36.81028195039262
73.80000000000007,36.73185622416484
73.90000000000006,36.653962162503205
74.00000000000007,36.57659601958225
74.10000000000007,36.49975411591326
74.20000000000006,36.42343283796116
74.30000000000007,36.34762863776896
74.40000000000006,36.27233803258973
74.50000000000007,36.197557604525315
74.60000000000007,36.12328400017244
74.70000000000006,36.049513930274955
74.80000000000007,35.976244169382916
74.90000000000006,35.90347155551764
75.00000000000007,35.83119298984272
75.10000000000007,35.75940543634083
75.20000000000006,35.68810592149593
75.30000000000007,35.61729153398075
75.40000000000006,35.546959424349225
75.50000000000007,35.477106804733666
75.60000000000007,35.407730948546515
75.70000000000006,35.338829190186175
75.80000000000007,35.270398924747
75.90000000000006,35.20243760773299
76.00000000000007,35.134942754774855
76.10000000000007,35.06791194135053
76.20000000000007,35.00134280250849
76.30000000000007,34.93523303259383
76.40000000000006,34.86958038497686
76.50000000000007,34.80438267178384
76.60000000000007,34.7396377636297
76.70000000000007,34.67534358935235
76.80000000000007,34.61149813574846
76.90000000000006,34.54809944731035
77.00000000000007,34.48514562596374
77.10000000000007,34.42263483080609
77.20000000000007,34.36056527784528
77.30000000000007,34.29893523973827
77.40000000000006,34.2377430455296
77.50000000000007,34.17698708038928
77.60000000000007,34.11666578535008
77.70000000000007,34.05677765704343
77.80000000000007,33.99732124743433
77.90000000000006,33.93829516355429
78.00000000000007,33.879698067232596
78.10000000000007,33.82152867482522
78.20000000000007,33.763785756941296
78.30000000000007,33.70646813816681
78.40000000000006,33.64957469678518
78.50000000000007,33.59310436449451
78.60000000000007,33.537056126121215
78.70000000000007,33.48142901932963
78.80000000000007,33.42622213432746
78.90000000000006,33.371434613566656
79.00000000000007,33.31706565143951
79.10000000000007,33.26311449396965
79.20000000000007,33.20958043849756
79.30000000000007,33.15646283336048
79.40000000000006,33.103761077566304
79.50000000000007,33.05147462046117
79.60000000000007,32.99960296139058
79.70000000000007,32.94814564935344
79.80000000000007,32.89710228264927
79.90000000000008,32.846472508517635
80.00000000000007,32.796256022770116
80.10000000000007,32.74645256941409
80.20000000000007,32.697061940268284
80.30000000000007,32.648083974569744
80.40000000000008,32.59951855857188
80.50000000000007,32.5513656251334
80.60000000000007,32.50362515329775
80.70000000000007,32.45629716786287
80.80000000000007,32.40938173894109
80.90000000000008,32.36287898150842
81.00000000000007,32.31678905494368
81.10000000000007,32.27111216255656
81.20000000000007,32.22584855110471
81.30000000000007,32.180998510299546
81.40000000000008,32.136562372300276
81.50000000000007,32.09254051119631
81.60000000000007,32.048933342477355
81.70000000000007,32.00574132249127
81.80000000000007,31.96296494788929
81.90000000000008,31.92060475505841
82.00000000000007,31.878661319540683
82.10000000000007,31.837135255439208
82.20000000000007,31.7960272148106
82.30000000000007,31.755337887043687
82.40000000000008,31.715067998224207
82.50000000000007,31.675218310485374
82.60000000000008,31.635789621344003
82.70000000000007,31.596782763022073
82.80000000000007,31.55819860175349
82.90000000000008,31.52003803707585
83.00000000000007,31.482302001107165
83.10000000000008,31.444991457807085
83.20000000000007,31.40810740222281
83.30000000000007,31.371650859719193
83.40000000000008,31.335622885193168
83.50000000000007,31.30002456227217
83.60000000000008,31.264857002496452
83.70000000000007,31.23012134448527
83.80000000000007,31.195818753086655
83.90000000000008,31.161950418510806
84.00000000000007,31.128517555446916
84.10000000000008,31.095521402163364
84.20000000000007,31.06296321959121
84.30000000000007,31.03084429039089
84.40000000000008,30.99916591800203
84.50000000000007,30.967929425676424
84.60000000000008,30.937136155493967
84.70000000000007,30.906787467361703
84.80000000000007,30.87688473799579
84.90000000000008,30.847429359886476
85.00000000000007,30.818422740246085
85.10000000000008,30.789866299939916
85.20000000000007,30.761761472400288
85.30000000000007,30.734109702523476
85.40000000000008,30.706912445549875
85.50000000000007,30.68017116592726
85.60000000000008,30.65388733615724
85.70000000000007,30.628062435625104
85.80000000000007,30.602697949412985
85.90000000000008,30.577795367096563
86.00000000000007,30.553356181525427
86.10000000000008,30.52938188758715
86.20000000000007,30.505873980955325
86.30000000000008,30.48283395682164
86.40000000000008,30.460263308612213
86.50000000000007,30.438163526688367
86.60000000000008,30.416536097032044
86.70000000000007,30.395382499916053
86.80000000000008,30.37470420855943
86.90000000000008,30.354502687768107
87.00000000000007,30.334779392561178
87.10000000000008,30.315535766783015
87.20000000000007,30.296773241701533
87.30000000000008,30.278493234592926
87.40000000000008,30.260697147313124
87.50000000000007,30.24338636485639
87.60000000000008,30.22656225390134
87.70000000000007,30.210226161344767
87.80000000000008,30.194379412823636
87.90000000000008,30.179023311225684
88.00000000000007,30.164159135188935
88.10000000000008,30.149788137590676
88.20000000000007,30.1359115440262
88.30000000000008,30.122530551277876
88.40000000000008,30.10964632577494
88.50000000000007,30.097260002044514
88.60000000000008,30.08537268115432
88.70000000000007,30.073985429147662
88.80000000000008,30.063099275471135
88.90000000000008,30.052715211395576
89.00000000000009,30.042834188430938
89.10000000000008,30.03345711673549
89.20000000000007,30.024584863520055
89.30000000000008,30.01621825144776
89.40000000000008,30.008358057030065
89.50000000000009,30.001005009019508
89.60000000000008,29.994159786799933
89.70000000000007,29.98782301877484
89.80000000000008,29.981995280754397
89.90000000000008,29.976677094342
90.00000000000009,29.971868925320827
90.10000000000008,29.967571182041322
90.20000000000007,29.963784213810086
90.30000000000008,29.96050830928114
90.40000000000008,29.957743694850066
90.50000000000009,29.955490533051993
90.60000000000008,29.953748920963946
90.70000000000007,29.952518888612587
90.80000000000008,29.95180039738792
90.90000000000008,29.951593338463816
91.00000000000009,29.951897531226262
91.10000000000008,29.95271272170993
91.20000000000007,29.954038581044113
91.30000000000008,29.955874703908677
91.40000000000008,29.958220607000957
91.50000000000009,29.961075727514448
91.60000000000008,29.964439421630054
91.70000000000007,29.968310963020866
91.80000000000008,29.972689541371256
91.90000000000008,29.97757426091116
92.00000000000009,29.982964138966523
92.10000000000008,29.988858104526592
92.20000000000007,29.995254996829193
92.30000000000008,30.002153563964647
92.40000000000008,30.009552461499396
92.50000000000009,30.017450251120152
92.60000000000008,30.025845399299428
92.70000000000009,30.03473627598352
92.80000000000008,30.044121153303607
92.90000000000008,30.053998204311092
93.00000000000009,30.064365501737996
93.10000000000008,30.075221016783217
93.20000000000009,30.086562617925786
93.30000000000008,30.098388069765782
93.40000000000008,30.11069503189401
93.50000000000009,30.12348105779116
93.60000000000008,30.136743593757494
93.70000000000009,30.150479977873886
93.80000000000008,30.164687438995053
93.90000000000008,30.179363095775994
94.00000000000009,30.194503955732397
94.10000000000008,30.21010691433589
94.20000000000009,30.22616875414511
94.30000000000008,30.242686143973295
94.40000000000008,30.25965563809339
94.50000000000009,30.27707367548139
94.60000000000008,30.294936579098813
94.70000000000009,30.313240555215142
94.80000000000008,30.33198169277097
94.90000000000008,30.351155962782705
95.00000000000009,30.370759217789637
95.10000000000008,30.39078719134403
95.20000000000009,30.4112354975452
95.30000000000008,30.432099630618048
95.40000000000009,30.453374964537076
95.50000000000009,30.475056752696354
95.60000000000008,30.497140127626288
95.70000000000009,30.519620100757837
95.80000000000008,30.542491562234744
95.90000000000009,30.565749280774646
96.00000000000009,30.58938790357943
96.10000000000008,30.613401956295647
96.20000000000009,30.637785843025494
96.30000000000008,30.662533846388897
96.40000000000009,30.68764012763733
96.50000000000009,30.713098726819794
96.60000000000008,30.738903563001564
96.70000000000009,30.76504843453611
96.80000000000008,30.791527019390642
96.90000000000009,30.81833287552581
97.00000000000009,30.84545944132983
97.10000000000008,30.872900036107502
97.20000000000009,30.900647860624517
97.30000000000008,30.928695997707212
97.40000000000009,30.957037412898337
97.50000000000009,30.985664955168836
97.60000000000008,31.01457135768611
97.70000000000009,31.043749238638867
97.80000000000008,31.07319110211874
97.90000000000009,31.10288933905897
98.00000000000009,31.132836228230047
98.10000000000008,31.16302393729275
98.20000000000009,31.19344452390829
98.30000000000008,31.22408993690589
98.40000000000009,31.254952017507637
98.50000000000009,31.28602250061069
98.60000000000008,31.317293016126754
98.70000000000009,31.348755090378724
98.80000000000008,31.38040014755436
98.90000000000009,31.41221951121699
99.00000000000009,31.444204405872796
99.1000000000001,31.476345958594802
99.20000000000009,31.508635200703
99.30000000000008,31.541063069500552
99.40000000000009,31.57362041006568
99.50000000000009,31.606297977098816
99.6000000000001,31.639086436824854
99.70000000000009,31.671976368949835
99.80000000000008,31.70495826867177
99.90000000000009,31.738022548745104
100.00000000000009,31.77115954159822
100.1000000000001,31.804359501503598
100.20000000000009,31.837612606799862
100.30000000000008,31.87090896216521
100.40000000000009,31.90423860094156
100.50000000000009,31.93759148750871
100.6000000000001,31.970957519707802
100.70000000000009,32.00432653131337
100.80000000000008,32.03768829455311
100.90000000000009,32.07103252267464
101.00000000000009,32.10434887255839
101.1000000000001,32.13762694737571
101.20000000000009,32.17085629929121
101.30000000000008,32.20402643220865
101.40000000000009,32.237126804559054
101.50000000000009,32.27014683213032
101.6000000000001,32.30307589093715
101.70000000000009,32.33590332013024
101.8000000000001,32.36861842494379
101.90000000000009,32.40121047967983
102.00000000000009,32.433668730728755
102.1000000000001,32.465982399624366
102.20000000000009,32.498140686132515
102.3000000000001,32.53013277137204
102.40000000000009,32.561947820966665
102.50000000000009,32.59357498822668
102.6000000000001,32.62500341735902
102.70000000000009,32.65622224670433
102.8000000000001,32.68722061199991
102.90000000000009,32.71798764966675
103.00000000000009,32.74851250011969
103.1000000000001,32.77878431109891
103.20000000000009,32.80879224102151
103.3000000000001,32.83852546235158
103.40000000000009,32.86797316498745
103.50000000000009,32.89712455966428
103.6000000000001,32.92596888137088
103.70000000000009,32.95449539277884
103.8000000000001,32.98269338768267
103.90000000000009,33.01055219444919
104.00000000000009,33.03806117947468
104.1000000000001,33.065209750648194
104.20000000000009,33.091987360819346
104.3000000000001,33.11838351126897
104.40000000000009,33.14438775518109
104.50000000000009,33.16998970111435
104.6000000000001,33.19517901647153
104.70000000000009,33.21994543096518
104.8000000000001,33.244278740078016
104.90000000000009,33.26816880851602
105.00000000000009,33.291605573652994
105.1000000000001,33.31457904896446
105.20000000000009,33.33707932744956
105.3000000000001,33.35909658503907
105.40000000000009,33.38062108398782
105.5000000000001,33.40164317625005
105.6000000000001,33.42215330683571
105.70000000000009,33.44214201714627
105.8000000000001,33.461599948288196
105.90000000000009,33.48051784436251
106.0000000000001,33.49888655572873
106.1000000000001,33.51669704224153
106.20000000000009,33.53394037645841
106.3000000000001,33.550607746816866
106.40000000000009,33.56669046077927
106.5000000000001,33.58217994794394
106.6000000000001,33.59706776312072
106.70000000000009,33.61134558936956
106.8000000000001,33.62500524100044
106.90000000000009,33.638038666532964
107.0000000000001,33.650437951614435
107.1000000000001,33.66219532189446
107.20000000000009,33.673303145854746
107.3000000000001,33.683753937592705
107.40000000000009,33.693540359557176
107.5000000000001,33.70265522523499
107.6000000000001,33.71109150178685
107.70000000000009,33.718842312631125
107.8000000000001,33.72590093997424
107.90000000000009,33.73226082728621
108.0000000000001,33.737915581720145
108.1000000000001,33.742858976474196
108.2000000000001,33.747084953094884
108.3000000000001,33.75058762372046
108.40000000000009,33.75336127326307
108.5000000000001,33.75540036152863
108.6000000000001,33.75669952527319
108.7000000000001,33.75725358019461
108.8000000000001,33.75705752285865
108.90000000000009,33.756106532558235
109.0000000000001,33.75439597310498
109.1000000000001,33.75192139455192
109.2000000000001,33.74867853484665
109.3000000000001,33.74466332141371
109.40000000000009,33.739871872665674
109.5000000000001,33.73430049944177
109.6000000000001,33.727945706373546
109.7000000000001,33.720804193176534
109.8000000000001,33.71287285586749
109.90000000000009,33.704148787906306
110.0000000000001,33.69462928126211
110.1000000000001,33.684311827402794
110.2000000000001,33.67319411820763
110.3000000000001,33.66127404680232
110.40000000000009,33.64854970831604
110.5000000000001,33.63501940056008
110.6000000000001,33.620681624627686
110.7000000000001,33.60553508541476
110.8000000000001,33.589578692061124
110.90000000000009,33.572811558312154
111.0000000000001,33.55523300280039
111.1000000000001,33.53684254924731
111.2000000000001,33.51746475420085
111.3000000000001,33.496785748414624
111.40000000000009,33.47479981187193
111.5000000000001,33.45150799239454
111.6000000000001,33.42691184240735
111.7000000000001,33.40101341788555
111.8000000000001,33.373815276991714
111.9000000000001,33.345320478403856
112.0000000000001,33.31553257933611
112.1000000000001,33.2844556332534
112.2000000000001,33.25209418728238
112.3000000000001,33.2184532793207
112.4000000000001,33.183538434847065
112.5000000000001,33.147355663435
112.6000000000001,33.10991145497301
112.7000000000001,33.071212775594745
112.8000000000001,33.031267063322346
112.9000000000001,32.99008222342686
113.0000000000001,32.94766662350967
113.1000000000001,32.90402908830907
113.2000000000001,32.859178894236564
113.3000000000001,32.81312576364735
113.4000000000001,32.76587985885
113.5000000000001,32.71745177586044
113.6000000000001,32.66785253790531
113.7000000000001,32.61709358868056
113.8000000000001,32.5651867853706
113.9000000000001,32.51214439143415
114.0000000000001,32.45797906916275
114.1000000000001,32.40270387201815
114.2000000000001,32.34633223675509
114.3000000000001,32.288877975335964
114.4000000000001,32.2303552666441
114.5000000000001,32.17077864800267
114.60000000000011,32.110163006505985
114.7000000000001,32.04852357017066
114.8000000000001,31.985875898913743
114.9000000000001,31.922235875365164
115.0000000000001,31.857619695522253
115.10000000000011,31.79204385925363
115.2000000000001,31.72552516066053
115.3000000000001,31.658080678303048
115.4000000000001,31.58972776529939
115.5000000000001,31.520484039306066
115.60000000000011,31.45036737238688
115.7000000000001,31.379395880779008
115.8000000000001,31.307587914564124
115.9000000000001,31.2349620472528
116.0000000000001,31.16153706529036
116.10000000000011,31.087331957492328
116.2000000000001,31.012365904417816
116.3000000000001,30.936658267688934
116.4000000000001,30.860228579264565
116.5000000000001,30.783096530676666
116.60000000000011,30.705281962237216
116.7000000000001,30.626804852224176
116.8000000000001,30.547685306054305
116.9000000000001,30.46794354545119
117.0000000000001,30.38759989761643
117.10000000000011,30.306674784411783
117.2000000000001,30.22518871156056
117.3000000000001,30.14316225787568
117.4000000000001,30.060616064522502
117.5000000000001,29.977570824323955
117.60000000000011,29.89404727111543
117.7000000000001,29.810066169157206
117.8000000000001,29.72564830261149
117.9000000000001,29.640814465091484
118.0000000000001,29.55558544928969
118.10000000000011,29.46998203669215
118.2000000000001,29.384024987385956
118.30000000000011,29.297735029966308
118.4000000000001,29.211132851550165
118.5000000000001,29.124239087902502
118.60000000000011,29.037074313681835
118.7000000000001,28.94965903281099
118.80000000000011,28.862013668979017
118.9000000000001,28.77415855628028
119.0000000000001,28.686113929996125
119.10000000000011,28.597899917524742
119.2000000000001,28.509536529464498
119.30000000000011,28.42104365085568
119.4000000000001,28.332441032585866
119.5000000000001,28.243748282963267
119.60000000000011,28.154984859462918
119.7000000000001,28.06617006064989
119.80000000000011,27.9773230182836
119.9000000000001,27.888462689607422
120.0000000000001,27.799607849826973
120.10000000000011,27.71077708478098
120.2000000000001,27.621988783807833
120.30000000000011,27.533261132811013
120.4000000000001,27.44461210752641
120.5000000000001,27.356059466994072
120.60000000000011,27.26762074723709
120.7000000000001,27.17931325514989
120.80000000000011,27.09115406259782
120.9000000000001,27.003160000730343
121.00000000000011,26.91534765450904
121.10000000000011,26.82773335745238
121.2000000000001,26.74033318659812
121.30000000000011,26.65316295768474
121.4000000000001,26.56623822055265
121.50000000000011,26.47957425476575
121.60000000000011,26.39318606545408
121.7000000000001,26.307088379377568
121.80000000000011,26.221295641211164
121.9000000000001,26.1358220100512
122.00000000000011,26.050681356142594
122.10000000000011,25.96588725782661
122.2000000000001,25.881452998708284
122.30000000000011,25.797391565042933
122.4000000000001,25.713715643340517
122.50000000000011,25.63043761818672
122.60000000000011,25.54756957027952
122.7000000000001,25.4651232746795
122.80000000000011,25.383110199272366
122.9000000000001,25.301541503441896
123.00000000000011,25.220428036950967
123.10000000000011,25.139780339029024
123.2000000000001,25.059608637663164
123.30000000000011,24.979922849090826
123.4000000000001,24.900732577491276
123.50000000000011,24.822047114873133
123.60000000000011,24.743875441155367
123.7000000000001,24.66622622443844
123.80000000000011,24.589107821462843
123.9000000000001,24.512528278251644
124.00000000000011,24.43649533093372
124.10000000000011,24.36101640674444
124.2000000000001,24.286098625200083
124.30000000000011,24.21174879944254
124.4000000000001,24.137973437750567
124.50000000000011,24.064778745213722
124.60000000000011,23.99217062556533
124.70000000000012,23.920154683170253
124.80000000000011,23.84873622516387
124.9000000000001,23.777920263737748
125.00000000000011,23.70771151856824
125.10000000000011,23.63811441938372
125.20000000000012,23.569133108666087
125.30000000000011,23.50077144448258
125.4000000000001,23.433033003443235
125.50000000000011,23.365921083779966
125.60000000000011,23.299438708542723
125.70000000000012,23.233588628908272
125.80000000000011,23.16837332759747
125.9000000000001,23.103795022396227
126.00000000000011,23.039855669775992
126.10000000000011,22.976556968609287
126.20000000000012,22.91390036397562
126.30000000000011,22.851887051053716
126.4000000000001,22.790517979095174
126.50000000000011,22.729793855475542
126.60000000000011,22.669715149818174
126.70000000000012,22.610282098186445
126.80000000000011,22.551494707340165
126.9000000000001,22.49335275905159
127.00000000000011,22.435855814476962
127.10000000000011,22.379003218579165
127.20000000000012,22.322794104597236
127.30000000000011,22.26722739855873
127.40000000000012,22.21230182383048
127.50000000000011,22.158015905703998
127.60000000000011,22.10436797601117
127.70000000000012,22.051356177766447
127.80000000000011,21.998978469831545
127.90000000000012,21.947232631598652
128.0000000000001,21.89611626768854
128.1000000000001,21.845626812659663
128.2000000000001,21.795761535724626
128.30000000000013,21.746517545470386
128.40000000000012,21.697891794578727
128.5000000000001,21.649881084543324
128.6000000000001,21.60248207038029
128.7000000000001,21.555691265328658
128.80000000000013,21.509505045537658
128.90000000000012,21.463919654737694
129.0000000000001,21.41893120889171
129.1000000000001,21.374535700824254
129.2000000000001,21.330729004825134
129.30000000000013,21.287506881224864
129.40000000000012,21.244864980939273
129.5000000000001,21.202798849980404
129.6000000000001,21.16130393393141
129.7000000000001,21.120375582382778
129.80000000000013,21.080009053327505
129.90000000000012,21.040199517513116
130.0000000000001,21.00094206274796
130.1000000000001,20.962231698160053
130.2000000000001,20.92406335840616
130.30000000000013,20.886431907829284
130.40000000000012,20.84933214456273
130.5000000000001,20.812758804578877
130.6000000000001,20.77670656568106
130.7000000000001,20.74117005143702
130.80000000000013,20.70614383505225
130.90000000000012,20.671622443182052
131.0000000000001,20.637600359680725
131.1000000000001,20.604072029286883
131.2000000000001,20.571031861243558
131.30000000000013,20.538474232852124
131.40000000000012,20.506393492959038
131.5000000000001,20.47478396537437
131.6000000000001,20.4436399522215
131.7000000000001,20.412955737217025
131.80000000000013,20.382725588880383
131.90000000000012,20.352943763672442
132.0000000000001,20.323604509062633
132.1000000000001,20.29470206652414
132.2000000000001,20.266230674456843
132.30000000000013,20.23818457103755
132.40000000000012,20.21055799699754
132.5000000000001,20.18334519832695
132.6000000000001,20.15654042890619
132.70000000000013,20.13013795306415
132.80000000000013,20.10413204806339
132.90000000000012,20.07851700651223
133.0000000000001,20.05328713870405
133.1000000000001,20.02843677488396
133.20000000000013,20.003960267443055
133.30000000000013,19.97985199304067
133.40000000000012,19.956106354654878
133.5000000000001,19.932717783561838
133.6000000000001,19.90968074124431
133.70000000000013,19.88698972122992
133.80000000000013,19.864639250859796
133.90000000000012,19.84262389298804
134.0000000000001,19.820938247612887
134.1000000000001,19.799576953440084
134.20000000000013,19.778534689379306
134.30000000000013,19.757806175974377
134.40000000000012,19.73738617676802
134.5000000000001,19.717269499602118
134.6000000000001,19.69745099785422
134.70000000000013,19.677925571611276
134.80000000000013,19.658688168781513
134.90000000000012,19.63973378614535
135.0000000000001,19.62105747034641
135.1000000000001,19.602654318823618
135.20000000000013,19.58451948068534
135.30000000000013,19.566648157526707
135.40000000000012,19.54903560419107
135.5000000000001,19.531677129476797
135.6000000000001,19.514568096790406
135.70000000000013,19.49770392474713
135.80000000000013,19.481080087720176
135.90000000000012,19.46469211633957
136.0000000000001,19.448535597941984
136.1000000000001,19.43260617697248
136.20000000000013,19.41689955533947
136.30000000000013,19.40141149272396
136.40000000000012,19.386137806844275
136.5000000000001,19.371074373677427
136.6000000000001,19.35621712763831
136.70000000000013,19.341562061717827
136.80000000000013,19.32710522758121
136.90000000000012,19.312842735627573
137.0000000000001,19.298770755011994
137.1000000000001,19.28488551363117
137.20000000000013,19.271183298073847
137.30000000000013,19.257660453537188
137.40000000000012,19.244313383710143
137.5000000000001,19.23113855062504
137.6000000000001,19.218132474478455
137.70000000000013,19.2052917334225
137.80000000000013,19.192612963327615
137.90000000000012,19.18009285751798
138.0000000000001,19.167728166480575
138.1000000000001,19.15551569754902
138.20000000000013,19.14345231456318
138.30000000000013,19.131534937505656
138.40000000000012,19.119760542116065
138.5000000000001,19.10812615948426
138.60000000000014,19.09662887562337
138.70000000000013,19.085265831023726
138.80000000000013,19.074034220188533
138.90000000000012,19.06293129115237
139.0000000000001,19.0519543449833
139.10000000000014,19.04110073526964
139.20000000000013,19.03036786759217
139.30000000000013,19.01975319898272
139.40000000000012,19.00925423737
139.5000000000001,18.99886854101348
139.60000000000014,18.988593717926125
139.70000000000013,18.97842742528689
139.80000000000013,18.96836736884359
139.90000000000012,18.95841130230712
