434.96573146368024,17.712845792571876
435.06573146368027,17.74351930801786
435.1657314636803,17.774122851183265
435.2657314636803,17.804655877145933
435.36573146368033,17.83511784151202
435.46573146368036,17.865508200432
435.5657314636804,17.895826410616674
435.6657314636804,17.926071929353192
435.7657314636804,17.95624421452107
435.86573146368045,17.986342724608225
435.96573146368047,18.016366918727012
436.0657314636805,18.04631625663026
436.1657314636805,18.076190198727335
436.26573146368054,18.105988206100168
436.36573146368056,18.135709740519335
436.4657314636806,18.165354264460085
436.5657314636806,18.194921241118422
436.66573146368063,18.224410134427156
436.76573146368065,18.253820409071963
436.8657314636807,18.28315153050745
436.9657314636807,18.312402964973213
437.0657314636807,18.341574179509887
437.16573146368074,18.370664641975225
437.26573146368077,18.399673821060123
437.3657314636808,18.4286011863047
437.4657314636808,18.457446208114316
437.56573146368083,18.48620835777564
437.66573146368086,18.514887107472678
437.7657314636809,18.543481930302786
437.8657314636809,18.571992300292713
437.9657314636809,18.600417692414624
438.06573146368095,18.628757582602088
438.16573146368097,18.657011447766084
438.265731463681,18.685178765811006
438.365731463681,18.713259015650614
438.46573146368104,18.741251677224035
438.56573146368106,18.7691562315117
438.6657314636811,18.7969721605513
438.7657314636811,18.824698947453705
438.86573146368113,18.852336076418904
438.96573146368115,18.87988303275189
439.0657314636812,18.907339302878565
439.1657314636812,18.934704374361605
439.2657314636812,18.96197773591632
439.36573146368124,18.989158877426508
439.46573146368127,19.01624728996025
439.5657314636813,19.043242465785756
439.6657314636813,19.07014389838711
439.76573146368133,19.09695108248006
439.86573146368136,19.12366351402777
439.9657314636814,19.150280690256526
440.0657314636814,19.17680210967146
440.1657314636814,19.203227272072205
440.26573146368145,19.229555678568584
440.36573146368147,19.255786831596225
440.4657314636815,19.281920234932176
440.5657314636815,19.307955393710486
440.66573146368154,19.333891814437777
440.76573146368156,19.35972900500876
440.8657314636816,19.385466474721746
440.9657314636816,19.411103734294134
441.06573146368163,19.436640295877847
441.16573146368165,19.462075673074754
441.2657314636817,19.48740938095207
441.3657314636817,19.5126409360577
441.4657314636817,19.537769856435578
441.56573146368174,19.56279566164096
441.66573146368177,19.587717872755686
441.7657314636818,19.61253601240341
441.8657314636818,19.637249604764808
441.96573146368183,19.661858175592716
442.06573146368186,19.686361252227286
442.1657314636819,19.710758363611035
442.2657314636819,19.735049040303956
442.3657314636819,19.759232814498475
442.46573146368195,19.78330922003447
442.56573146368197,19.8072777924142
442.665731463682,19.831138068817197
442.765731463682,19.854889588115125
442.86573146368204,19.87853189088662
442.96573146368206,19.90206451943205
443.0657314636821,19.925487017788257
443.1657314636821,19.94879893174324
443.26573146368213,19.971999808850835
443.36573146368215,19.99508919844528
443.4657314636822,20.01806665165582
443.5657314636822,20.040931721421174
443.6657314636822,20.063683962504065
443.76573146368224,20.08632293150559
443.86573146368227,20.108848186879612
443.9657314636823,20.131259288947128
444.0657314636823,20.153555799910478
444.16573146368233,20.17573728386764
444.26573146368236,20.197803306826373
444.3657314636824,20.21975343671836
444.4657314636824,20.241587243413285
444.5657314636824,20.263304298732873
444.66573146368245,20.28490417646484
444.76573146368247,20.306386452376838
444.8657314636825,20.32775070423031
444.9657314636825,20.348996511794315
445.06573146368254,20.370123456859268
445.16573146368256,20.391131123250666
445.2657314636826,20.412019096842727
445.3657314636826,20.432786965571964
445.46573146368263,20.453434319450754
445.56573146368265,20.473960750580765
445.6657314636827,20.49436585316642
445.7657314636827,20.514649223528227
445.8657314636827,20.534810460116066
445.96573146368274,20.554849163522455
446.06573146368277,20.5747649364957
446.1657314636828,20.59455738395303
446.2657314636828,20.614226112993624
446.36573146368283,20.63377073291161
446.46573146368286,20.653190855209
446.5657314636829,20.672486093608526
446.6657314636829,20.691656064066464
446.7657314636829,20.710700384785337
446.86573146368295,20.729618676226593
446.96573146368297,20.748410561123208
447.065731463683,20.7670756644922
447.165731463683,20.785613613647104
447.26573146368304,20.80402403821036
447.36573146368306,20.822306570125647
447.4657314636831,20.84046084367012
447.5657314636831,20.85848649546662
447.66573146368313,20.876383164495774
447.76573146368315,20.89415049210804
447.8657314636832,20.91178812203569
447.9657314636832,20.929295700404694
448.0657314636832,20.94667287574656
448.16573146368324,20.96391929901008
448.26573146368327,20.98103462357302
448.3657314636833,20.998018505253718
448.4657314636833,21.01487060232261
448.56573146368333,21.03159057551369
448.66573146368336,21.0481780880359
448.7657314636834,21.064632805584413
448.8657314636834,21.08095439635187
448.9657314636834,21.09714253103952
449.06573146368345,21.113196882868298
449.16573146368347,21.129117127589804
449.2657314636835,21.14490294349723
449.3657314636835,21.160554011436165
449.46573146368354,21.17607001481539
449.56573146368356,21.191450639617493
449.6657314636836,21.2066955744095
449.7657314636836,21.22180451035337
449.86573146368363,21.236777141216407
449.96573146368365,21.251613163381627
450.0657314636837,21.26631227585799
450.1657314636837,21.2808741802906
450.2657314636837,21.295298580970773
450.36573146368374,21.309585184846057
450.46573146368377,21.323733701530152
450.5657314636838,21.337743843312747
450.6657314636838,21.351615325169256
450.76573146368384,21.365347864770495
450.86573146368386,21.378941182492255
450.9657314636839,21.392395001424777
451.0657314636839,21.405709047382175
451.1657314636839,21.418883048911727
451.26573146368395,21.43191673730311
451.36573146368397,21.444809846597522
451.465731463684,21.45756211359674
451.565731463684,21.47017327787207
451.66573146368404,21.482643081773197
451.76573146368406,21.494971270436977
451.8657314636841,21.507157591796094
451.9657314636841,21.51920179658768
452.06573146368413,21.53110363836178
452.16573146368415,21.542862873489785
452.2657314636842,21.55447926117271
452.3657314636842,21.565952563449443
452.4657314636842,21.57728254520485
452.56573146368424,21.58846897417781
452.66573146368427,21.599511620969157
452.7657314636843,21.6104102590495
452.8657314636843,21.621164664766994
452.96573146368434,21.631774617354967
453.06573146368436,21.642239898939476
453.1657314636844,21.65256029454678
453.2657314636844,21.66273559211068
453.3657314636844,21.67276558247979
453.46573146368445,21.6826500594247
453.5657314636845,21.692388819645046
453.6657314636845,21.701981662776475
453.7657314636845,21.711428391397515
453.86573146368454,21.72072881103635
453.96573146368456,21.729882730177486
454.0657314636846,21.738889960268327
454.1657314636846,21.747750315725657
454.26573146368463,21.756463613941996
454.36573146368465,21.76502967529188
454.4657314636847,21.773448323138034
454.5657314636847,21.781719383837448
454.6657314636847,21.789842686747324
454.76573146368474,21.797818064230977
454.86573146368477,21.805645351663564
454.9657314636848,21.81332438743778
455.0657314636848,21.820855012969403
455.16573146368484,21.828237072702745
455.26573146368486,21.835470414116024
455.3657314636849,21.842554887726607
455.4657314636849,21.849490347096154
455.5657314636849,21.85627664883568
455.66573146368495,21.862913652610484
455.765731463685,21.869401221144965
455.865731463685,21.87573922022741
455.965731463685,21.88192751871455
456.06573146368504,21.88796598853615
456.16573146368506,21.893854504699373
456.2657314636851,21.899592945293136
456.3657314636851,21.90518119149228
456.46573146368513,21.910619127561688
456.56573146368515,21.915906640860285
456.6657314636852,21.921043621844913
456.7657314636852,21.92602996407412
456.8657314636852,21.93086556421185
456.96573146368524,21.935550322030977
457.06573146368527,21.9400841404168
457.1657314636853,21.94446692537039
457.2657314636853,21.948698586011826
457.36573146368534,21.952779034583354
457.46573146368536,21.956708186452403
457.5657314636854,21.960485960114525
457.6657314636854,21.9641122771962
457.7657314636854,21.967587062457557
457.86573146368545,21.970910243794968
457.9657314636855,21.974081752243546
458.0657314636855,21.97710152197953
458.1657314636855,21.979969490322567
458.26573146368554,21.982685597737856
458.36573146368556,21.985249787838242
458.4657314636856,21.98766200738615
458.5657314636856,21.98992220629542
458.66573146368563,21.992030337633057
458.76573146368565,21.993986357620845
458.8657314636857,21.995790225636856
458.9657314636857,21.997441904216878
459.0657314636857,21.99894135905568
459.16573146368574,22.00028855900824
459.26573146368577,22.00148347609078
459.3657314636858,22.002526085481765
459.4657314636858,22.003416365522753
459.56573146368584,22.004154297719143
459.66573146368586,22.004739866740813
459.7657314636859,22.005173060422663
459.8657314636859,22.00545386976502
459.9657314636859,22.005582288933965
460.06573146368595,22.005558315261517
460.165731463686,22.00538194924575
460.265731463686,22.005053194550747
460.365731463686,22.004572058006495
460.46573146368604,22.003938549608648
460.56573146368606,22.00315268251816
460.6657314636861,22.00221447306085
460.7657314636861,22.00112394072684
460.86573146368613,21.999881108169852
460.96573146368615,21.99848600120645
461.0657314636862,21.996938648815153
461.1657314636862,21.99523908313539
461.2657314636862,21.993387339466434
461.36573146368625,21.99138345626616
461.46573146368627,21.9892274751497
461.5657314636863,21.98691944088803
461.6657314636863,21.984459401406408
461.76573146368634,21.981847407782706
461.86573146368636,21.97908351424566
461.9657314636864,21.976167778172975
462.0657314636864,21.973100260089367
462.1657314636864,21.969881023664435
462.26573146368645,21.96651013571048
462.3657314636865,21.962987666180194
462.4657314636865,21.959313688164226
462.5657314636865,21.955488277888676
462.66573146368654,21.951511514712447
462.76573146368656,21.947383481124483
462.8657314636866,21.943104262740956
462.9657314636866,21.93867394830228
463.06573146368663,21.934092629670044
463.16573146368665,21.929360401823857
463.2657314636867,21.924477362858035
463.3657314636867,21.919443613978245
463.4657314636867,21.91425925949799
463.56573146368675,21.908924406835
463.66573146368677,21.903439166507546
463.7657314636868,21.897803652130605
463.8657314636868,21.892017980411943
463.96573146368684,21.88608227114809
464.06573146368686,21.8799966472202
464.1657314636869,21.873761234589818
464.2657314636869,21.86737616229453
464.3657314636869,21.86084156244351
464.46573146368695,21.854157570212973
464.565731463687,21.847324323841516
464.665731463687,21.840341964625324
464.765731463687,21.833210636913353
464.86573146368704,21.825930488102305
464.96573146368706,21.81850166863158
465.0657314636871,21.810924331978086
465.1657314636871,21.803198634650958
465.26573146368713,21.79532473618616
465.36573146368715,21.787302799141017
465.4657314636872,21.77913298908859
465.5657314636872,21.77081547461201
465.6657314636872,21.76235042729866
465.76573146368725,21.753738021734286
465.86573146368727,21.744978435496996
465.9657314636873,21.736071849151145
466.0657314636873,21.727018446241154
466.16573146368734,21.717818413285187
466.26573146368736,21.708471939768753
466.3657314636874,21.69897921813821
466.4657314636874,21.689340443794134
466.5657314636874,21.67955581508466
466.66573146368745,21.669625533298635
466.7657314636875,21.659549802658752
466.8657314636875,21.649328830314516
466.9657314636875,21.63896282633518
467.06573146368754,21.628452003702527
467.16573146368756,21.61779657830359
467.2657314636876,21.60699676892325
467.3657314636876,21.596052797236762
467.46573146368763,21.58496488780216
467.56573146368765,21.573733268052585
467.6657314636877,21.562358168288515
467.7657314636877,21.550839821669886
467.8657314636877,21.539178464208124
467.96573146368775,21.527374334758107
468.06573146368777,21.515427675009988
468.1657314636878,21.503338729480955
468.2657314636878,21.4911077455069
468.36573146368784,21.478734973233973
468.46573146368786,21.466220665610066
468.5657314636879,21.453565078376194
468.6657314636879,21.44076847005778
468.7657314636879,21.427831101955846
468.86573146368795,21.414753238138157
468.965731463688,21.401535145430195
469.065731463688,21.38817709340611
469.165731463688,21.374679354379555
469.26573146368804,21.36104220339444
469.36573146368806,21.347265918215584
469.4657314636881,21.33335077931929
469.5657314636881,21.319297069883824
469.66573146368813,21.305105075779835
469.76573146368816,21.290775085560625
469.8657314636882,21.276307390452416
469.9657314636882,21.26170228434446
470.0657314636882,21.246960063779092
470.16573146368825,21.232081027941714
470.26573146368827,21.217065478650667
470.3657314636883,21.201913720347026
470.4657314636883,21.186626060084315
470.56573146368834,21.171202807518156
470.66573146368836,21.155644274895792
470.7657314636884,21.139950777045573
470.8657314636884,21.12412263136634
470.9657314636884,21.108160157816716
471.06573146368845,21.092063678904342
471.1657314636885,21.07583351967502
471.2657314636885,21.05947000770177
471.3657314636885,21.042973473073822
471.46573146368854,21.026344248385513
471.56573146368856,21.009582668725134
471.6657314636886,20.992689071663648
471.7657314636886,20.975663797243406
471.86573146368863,20.958507187966706
471.96573146368866,20.941219588784335
472.0657314636887,20.92380134708401
472.1657314636887,20.906252812678744
472.2657314636887,20.888574337795163
472.36573146368875,20.870766277061687
472.46573146368877,20.852828987496736
472.5657314636888,20.834762828496753
472.6657314636888,20.81656816182425
472.76573146368884,20.79824535159571
472.86573146368886,20.77979476426948
472.9657314636889,20.761216768633528
473.0657314636889,20.742511735793205
473.1657314636889,20.723680039158854
473.26573146368895,20.704722054433446
473.365731463689,20.685638159600042
473.465731463689,20.666428734909275
473.565731463689,20.647094162866733
473.66573146368904,20.62763482822025
473.76573146368906,20.608051117947173
473.8657314636891,20.588343421241557
473.9657314636891,20.56851212950126
474.06573146368913,20.54855763631501
474.16573146368916,20.528480337449402
474.2657314636892,20.508280630835813
474.3657314636892,20.487958916557286
474.4657314636892,20.467515596835337
474.56573146368925,20.44695107601667
474.66573146368927,20.426265760559907
474.7657314636893,20.405460059022168
474.8657314636893,20.384534382045665
474.96573146368934,20.363489142344203
475.06573146368936,20.342324754689624
475.1657314636894,20.321041635898197
475.2657314636894,20.299640204816964
475.36573146368943,20.27812088231001
475.46573146368945,20.256484091244687
475.5657314636895,20.23473025647779
475.6657314636895,20.21285980484166
475.7657314636895,20.190873165130256
475.86573146368954,20.168770768085157
475.96573146368956,20.146553046381523
476.0657314636896,20.124220434613996
476.1657314636896,20.10177336928255
476.26573146368963,20.079212288778304
476.36573146368966,20.056537633369274
476.4657314636897,20.033749845186062
476.5657314636897,20.010849368207534
476.6657314636897,19.98783664824641
476.76573146368975,19.96471213293485
476.86573146368977,19.94147627170993
476.9657314636898,19.91812951579916
477.0657314636898,19.89467231820586
477.16573146368984,19.87110513369458
477.26573146368986,19.847428418776406
477.3657314636899,19.823642631694273
477.4657314636899,19.799748232408202
477.56573146368993,19.77574568258052
477.66573146368995,19.751635445561025
477.76573146369,19.727417986372092
477.86573146369,19.703093771693798
477.96573146369,19.678663269848943
478.06573146369004,19.65412695078806
478.16573146369007,19.62948528607441
478.2657314636901,19.60473874886888
478.3657314636901,19.57988781391492
478.46573146369013,19.554932957523373
478.56573146369016,19.529874657557325
478.6657314636902,19.50471339341689
478.7657314636902,19.47944964602396
478.8657314636902,19.45408389780695
478.96573146369025,19.428616632685475
479.06573146369027,19.403048336055022
479.1657314636903,19.377379494771578
479.2657314636903,19.351610597136222
479.36573146369034,19.325742132879718
479.46573146369036,19.299774593147028
479.5657314636904,19.273708470481854
479.6657314636904,19.2475442588111
479.76573146369043,19.221282453429346
479.86573146369045,19.19492355098328
479.9657314636905,19.168468049456095
480.0657314636905,19.141916448151875
480.1657314636905,19.11526924767996
480.26573146369054,19.088526949939286
480.36573146369057,19.061690058102666
480.4657314636906,19.034759076601112
480.5657314636906,19.00773451110809
480.66573146369063,18.98061686852376
480.76573146369066,18.95340665695922
480.8657314636907,18.9261043857207
480.9657314636907,18.898710565293747
481.0657314636907,18.87122570732742
481.16573146369075,18.84365032461841
481.26573146369077,18.815984931095194
481.3657314636908,18.78823004180217
481.4657314636908,18.760386172883727
481.56573146369084,18.732453841568365
481.66573146369086,18.70443356615276
481.7657314636909,18.67632586598582
481.8657314636909,18.648131261452757
481.96573146369093,18.61985027395911
482.06573146369095,18.591483425914756
482.165731463691,18.563031240717965
482.265731463691,18.534494242739385
482.365731463691,18.505872957306032
482.46573146369104,18.477167910685296
482.56573146369107,18.448379630068914
482.6657314636911,18.419508643556938
482.7657314636911,18.39055548014172
482.86573146369113,18.361520669691853
482.96573146369116,18.33240474293614
483.0657314636912,18.30320823144755
483.1657314636912,18.273931667627146
483.2657314636912,18.24457558468806
483.36573146369125,18.2151405166394
483.46573146369127,18.18562699827023
483.5657314636913,18.15603556513347
483.6657314636913,18.12636675352987
483.76573146369134,18.09662110049192
483.86573146369136,18.066799143767813
483.9657314636914,18.03690142180538
484.0657314636914,18.006928473736025
484.16573146369143,17.976880839358678
484.26573146369145,17.946759059123753
484.3657314636915,17.91656367411709
484.4657314636915,17.88629522604392
484.5657314636915,17.85595425721283
484.66573146369154,17.82554131051974
484.76573146369157,17.79505692943187
484.8657314636916,17.76450165797172
484.9657314636916,17.733876040701094
485.06573146369163,17.703180622705066
485.16573146369166,17.67241594957601
485.2657314636917,17.641582567397627
485.3657314636917,17.610681022728958
485.4657314636917,17.579711862588454
485.56573146369175,17.548675634438
485.66573146369177,17.51757288616701
485.7657314636918,17.486404166076504
485.8657314636918,17.45517002286319
485.96573146369184,17.423871005603587
486.06573146369186,17.392507663738144
486.1657314636919,17.36108054705539
486.2657314636919,17.32959020567608
486.36573146369193,17.298037190037377
486.46573146369195,17.26642205087704
486.565731463692,17.23474533921764
486.665731463692,17.203007606350788
486.765731463692,17.17120940382138
486.86573146369204,17.13935128341187
486.96573146369207,17.10743379712656
487.0657314636921,17.075457497175922
487.1657314636921,17.04342293596091
487.26573146369213,17.011330666057322
487.36573146369216,16.979181240200205
487.4657314636922,16.946975211268224
487.5657314636922,16.914713132268105
487.6657314636922,16.882395556319096
487.76573146369225,16.850023036637435
487.86573146369227,16.817596126520847
487.9657314636923,16.785115379333103
488.0657314636923,16.752581348488548
488.16573146369234,16.71999458743671
488.26573146369236,16.6873556496469
488.3657314636924,16.65466508859288
488.4657314636924,16.621923457737502
488.56573146369243,16.589131310517452
488.66573146369245,16.55628920032796
488.7657314636925,16.52339768050757
488.8657314636925,16.49045730432296
488.9657314636925,16.457468624953734
489.06573146369254,16.424432195477344
489.16573146369257,16.391348568853925
489.2657314636926,16.358218297911286
489.3657314636926,16.32504193532984
489.46573146369263,16.291820033627623
489.56573146369266,16.25855314514533
489.6657314636927,16.2252418220314
489.7657314636927,16.191886616227116
489.8657314636927,16.15848807945176
489.96573146369275,16.125046763187807
490.06573146369277,16.091563218666156
490.1657314636928,16.05803799685138
490.2657314636928,16.024471648427046
490.36573146369284,15.990864723781069
490.46573146369286,15.957217772991081
490.5657314636929,15.92353134580987
490.6657314636929,15.889805991650855
490.76573146369293,15.856042259573591
490.86573146369295,15.822240698269333
490.965731463693,15.788401856046631
491.065731463693,15.75452628081697
491.165731463693,15.72061452008047
491.26573146369304,15.686667120911606
491.36573146369307,15.652684629944993
491.4657314636931,15.618667593361204
491.5657314636931,15.584616556872652
491.66573146369313,15.550532065709493
491.76573146369316,15.516414664605604
491.8657314636932,15.482264897784583
491.9657314636932,15.44808330894582
492.0657314636932,15.413870441250603
492.16573146369325,15.37962683730827
492.26573146369327,15.345353039162429
492.3657314636933,15.311049588277207
492.4657314636933,15.276717025523563
492.56573146369334,15.242355891165657
492.66573146369336,15.207966724847234
492.7657314636934,15.173550065578127
492.8657314636934,15.139106451720739
492.96573146369343,15.104636420976636
493.06573146369345,15.070140510373147
493.1657314636935,15.035619256250065
493.2657314636935,15.001073194246358
493.3657314636935,14.966502859286958
493.46573146369354,14.931908785569606
493.56573146369357,14.897291506551745
493.6657314636936,14.862651554937472
493.7657314636936,14.827989462664537
493.86573146369363,14.79330576089142
493.96573146369366,14.758600979984443
494.0657314636937,14.72387564950495
494.1657314636937,14.68913029819655
494.2657314636937,14.654365453972403
494.36573146369375,14.619581643902578
494.46573146369377,14.58477939420146
494.5657314636938,14.549959230215237
494.6657314636938,14.515121676409406
494.76573146369384,14.480267256356393
494.86573146369386,14.445396492723187
494.9657314636939,14.410509907259057
495.0657314636939,14.375608020783329
495.16573146369393,14.340691353173224
495.26573146369395,14.305760423351751
495.365731463694,14.270815749275668
495.465731463694,14.23585784792351
495.565731463694,14.200887235283677
495.66573146369404,14.165904426342571
495.76573146369407,14.130909935072829
495.8657314636941,14.095904274421573
495.9657314636941,14.060887956298785
496.06573146369414,14.025861491565689
496.16573146369416,13.99082539002323
496.2657314636942,13.955780160400616
496.3657314636942,13.920726310343913
496.4657314636942,13.885664346404715
496.56573146369425,13.850594774028885
496.66573146369427,13.815518097545349
496.7657314636943,13.780434820154968
496.8657314636943,13.745345443919474
496.96573146369434,13.71025046975047
497.06573146369436,13.675150397398506
497.1657314636944,13.640045725442208
497.2657314636944,13.604936951277498
497.36573146369443,13.569824571106857
497.46573146369445,13.534709079928678
497.5657314636945,13.499590971526672
497.6657314636945,13.464470738459367
497.7657314636945,13.429348872049635
497.86573146369454,13.394225862374338
497.96573146369457,13.359102198254002
498.0657314636946,13.323978367242598
498.1657314636946,13.288854855617357
498.26573146369464,13.25373214836869
498.36573146369466,13.218610729190152
498.4657314636947,13.183491080468496
498.5657314636947,13.148373683273785
498.6657314636947,13.113259017349593
498.76573146369475,13.078147561103249
498.8657314636948,13.043039791596188
498.9657314636948,13.007936184534351
499.0657314636948,12.97283721425866
499.16573146369484,12.937743353735575
499.26573146369486,12.902655074547724
499.3657314636949,12.867572846884583
499.4657314636949,12.832497139533267
499.56573146369493,12.797428419869364
499.66573146369495,12.762367153847862
499.765731463695,12.727313805994129
499.865731463695,12.692268839394995
499.965731463695,12.657232715689872
500.06573146369504,12.622205895062002
500.16573146369507,12.587188836229705
500.2657314636951,12.552181996437781
500.3657314636951,12.517185831448932
500.46573146369514,12.482200795535277
500.56573146369516,12.447227341469942
500.6657314636952,12.412265920518726
500.7657314636952,12.377316982431848
500.8657314636952,12.342380975435754
500.96573146369525,12.307458346225006
501.0657314636953,12.272549539954266
501.1657314636953,12.23765500023032
501.2657314636953,12.202775169104212
501.36573146369534,12.16791048706343
501.46573146369536,12.133061393024192
501.5657314636954,12.098228324323772
501.6657314636954,12.063411716712942
501.76573146369543,12.028612004348473
501.86573146369545,11.993829619785705
501.9657314636955,11.959064993971207
502.0657314636955,11.92431855623551
502.1657314636955,11.88959073428591
502.26573146369554,11.854881954199358
502.36573146369557,11.820192640415428
502.4657314636956,11.785523215729336
502.5657314636956,11.750874101285092
502.66573146369564,11.716245716568654
502.76573146369566,11.681638479401228
502.8657314636957,11.647052805932613
502.9657314636957,11.61248911063462
503.0657314636957,11.57794780629457
503.16573146369575,11.543429304008901
503.2657314636958,11.508934013176795
503.3657314636958,11.474462341493933
503.4657314636958,11.440014694946308
503.56573146369584,11.405591477804117
503.66573146369586,11.371193092615718
503.7657314636959,11.336819940201693
503.8657314636959,11.30247241964896
503.96573146369593,11.268150928304992
504.06573146369595,11.233855861772074
504.165731463696,11.19958761390168
504.265731463696,11.165346576788895
504.365731463696,11.13113314076694
504.46573146369605,11.096947694401752
504.56573146369607,11.062790624486661
504.6657314636961,11.02866231603713
504.7657314636961,10.994563152285576
504.86573146369614,10.960493514676283
504.96573146369616,10.92645378286037
505.0657314636962,10.892444334690852
505.1657314636962,10.85846554621777
505.2657314636962,10.824517791683407
505.36573146369625,10.790601443517573
505.4657314636963,10.756716872332976
505.5657314636963,10.722864446920656
505.6657314636963,10.689044534245518
505.76573146369634,10.655257499441918
505.86573146369636,10.621503705809344
505.9657314636964,10.587783514808173
506.0657314636964,10.554097286055487
506.16573146369643,10.520445377320991
506.26573146369645,10.486828144522992
506.3657314636965,10.453245941724456
506.4657314636965,10.419699121129147
506.5657314636965,10.386188033077845
506.66573146369655,10.352713026044622
506.76573146369657,10.319274446633225
506.8657314636966,10.285872639573501
506.9657314636966,10.252507947717934
507.06573146369664,10.219180712038225
507.16573146369666,10.185891271621971
507.2657314636967,10.152639963669406
507.3657314636967,10.119427123490233
507.4657314636967,10.08625308450051
507.56573146369675,10.053118178219638
507.6657314636968,10.020022734267394
507.7657314636968,9.986967080361074
507.8657314636968,9.953951542312675
507.96573146369684,9.920976444026186
508.06573146369686,9.888042107494925
508.1657314636969,9.85514885279898
508.2657314636969,9.822296998102686
508.36573146369693,9.789486859652222
508.46573146369695,9.756718751773242
508.565731463697,9.723992986868609
508.665731463697,9.691309875416188
508.765731463697,9.658669725966712
508.86573146369705,9.626072845141742
508.96573146369707,9.593519537631659
509.0657314636971,9.561010106193782
509.1657314636971,9.528544851650517
509.26573146369714,9.496124072887602
509.36573146369716,9.463748066852414
509.4657314636972,9.431417128552349
509.5657314636972,9.399131551053296
509.6657314636972,9.36689162547814
509.76573146369725,9.33469764100538
509.8657314636973,9.302549884867798
509.9657314636973,9.270448642351202
510.0657314636973,9.23839419679324
510.16573146369734,9.206386829582296
510.26573146369736,9.174426820156443
510.3657314636974,9.142514446002464
510.4657314636974,9.11064998265497
510.56573146369743,9.078833703695562
510.66573146369745,9.047065880752072
510.7657314636975,9.015346783497877
510.8657314636975,8.983676679651278
510.9657314636975,8.952055834974958
511.06573146369755,8.920484513275495
511.16573146369757,8.888962976402956
511.2657314636976,8.857491484250561
511.3657314636976,8.826070294754402
511.46573146369764,8.794699663893244
511.56573146369766,8.763379845688396
511.6657314636977,8.732111092203635
511.7657314636977,8.70089365354521
511.8657314636977,8.669727777861915
511.96573146369775,8.638613711345226
512.0657314636978,8.607551698229477
512.1657314636977,8.576541980792245
512.2657314636979,8.545584799354403
512.3657314636978,8.514680392280983
512.4657314636979,8.483828995981096
512.5657314636978,8.453030844909033
512.665731463698,8.422286171564306
512.7657314636979,8.391595206492866
512.865731463698,8.360958178287294
512.9657314636979,8.330375313588132
513.0657314636981,8.299846837084205
513.165731463698,8.269372971514096
513.2657314636981,8.238953937666583
513.365731463698,8.208589954382237
513.4657314636981,8.178281238553998
513.5657314636981,8.1480280051289
513.6657314636982,8.117830467108764
513.7657314636981,8.087688835552052
513.8657314636982,8.057603319574689
513.9657314636981,8.027574126352038
514.0657314636983,7.997601461119844
514.1657314636982,7.9676855271763385
514.2657314636983,7.9378265258833
514.3657314636982,7.908024656668276
514.4657314636984,7.878280117025786
514.5657314636983,7.84859310251964
514.6657314636984,7.81896380678427
514.7657314636983,7.789392421527176
514.8657314636985,7.759879136530374
514.9657314636984,7.730424139652945
515.0657314636985,7.701027616832621
515.1657314636984,7.671689752088443
515.2657314636986,7.64241072752246
515.3657314636985,7.613190723322511
515.4657314636986,7.58402991776403
515.5657314636985,7.554928487212952
515.6657314636986,7.52588660612763
515.7657314636986,7.496904447061847
515.8657314636987,7.467982180666847
515.9657314636986,7.439119975694473
516.0657314636987,7.410317998999297
516.1657314636986,7.381576415541869
516.2657314636988,7.352895388390964
516.3657314636987,7.324275078726929
516.4657314636988,7.295715645844053
516.5657314636987,7.267217247154017
516.6657314636989,7.238780038188365
516.7657314636988,7.210404172602063
516.8657314636989,7.1820898021760895
516.9657314636988,7.153837076821086
517.065731463699,7.1256461445800525
517.1657314636989,7.0975171516321085
517.265731463699,7.069450242295292
517.3657314636989,7.041445559030419
517.4657314636991,7.013503242443985
517.565731463699,6.985623431292131
517.6657314636991,6.957806262483642
517.765731463699,6.930051871084012
517.8657314636991,6.902360390318545
517.9657314636991,6.874731951576519
518.0657314636992,6.84716668441438
518.1657314636991,6.819664716560009
518.2657314636992,6.7922261739160135
518.3657314636991,6.764851180564078
518.4657314636993,6.7375398587683675
518.5657314636992,6.710292328979971
518.6657314636993,6.683108709840387
518.7657314636992,6.655989118186056
518.8657314636994,6.628933669051967
518.9657314636993,6.601942475676257
519.0657314636994,6.575015649503908
519.1657314636993,6.548153300191453
519.2657314636995,6.521355535610748
519.3657314636994,6.494622461853775
519.4657314636995,6.4679541832364995
519.5657314636994,6.441350802303761
519.6657314636996,6.414812419833214
519.7657314636995,6.388339134840307
519.8657314636996,6.3619310445823185
519.9657314636995,6.335588244563405
520.0657314636996,6.309310828538724
520.1657314636996,6.28309888851957
520.2657314636997,6.25695251477758
520.3657314636996,6.2308717958499535
520.4657314636997,6.20485681854373
520.5657314636996,6.178907667941088
520.6657314636998,6.153024427403718
520.7657314636997,6.127207178578189
520.8657314636998,6.101456001400397
520.9657314636997,6.075770974101004
521.0657314636999,6.050152173209987
521.1657314636998,6.0245996735621326
521.2657314636999,5.999113548301658
521.3657314636998,5.973693868887794
521.4657314637,5.9483407050994686
521.5657314636999,5.923054125040972
521.6657314637,5.897834195146708
521.7657314636999,5.8726809801869235
521.8657314637001,5.847594543272541
521.9657314637,5.822574945860953
522.0657314637001,5.797622247760925
522.1657314637,5.772736507138457
522.2657314637001,5.747917780521755
522.3657314637001,5.72316612280716
522.4657314637002,5.698481587264185
522.5657314637001,5.673864225541507
522.6657314637002,5.64931408767208
522.7657314637001,5.624831222079167
522.8657314637003,5.600415675581542
522.9657314637002,5.576067493399573
523.0657314637003,5.551786719160487
523.1657314637002,5.527573394904509
523.2657314637004,5.503427561090194
523.3657314637003,5.47934925660063
523.4657314637004,5.45533851874881
523.5657314637003,5.431395383283913
523.6657314637005,5.407519884396727
523.7657314637004,5.383712054725981
523.8657314637005,5.359971925363829
523.9657314637004,5.336299525862238
524.0657314637006,5.312694884238523
524.1657314637005,5.289158026981791
524.2657314637006,5.265688979058527
524.3657314637005,5.242287763919095
524.4657314637006,5.218954403503366
524.5657314637006,5.195688918247278
524.6657314637007,5.1724913270885144
524.7657314637006,5.149361647473107
524.8657314637007,5.126299895361169
524.9657314637006,5.103306085233535
525.0657314637008,5.080380230097564
525.1657314637007,5.057522341493798
525.2657314637008,5.034732429501826
525.3657314637007,5.0120105027469934
525.4657314637009,4.989356568406291
525.5657314637008,4.9667706322151215
525.6657314637009,4.9442526984732345
525.7657314637008,4.921802770051522
525.865731463701,4.899420848398007
525.9657314637009,4.8771069335446695
526.065731463701,4.85486102411348
526.1657314637009,4.83268311732327
526.2657314637011,4.81057320899579
526.365731463701,4.788531293562635
526.4657314637011,4.766557364071327
526.565731463701,4.744651412192271
526.6657314637011,4.722813428224899
526.7657314637011,4.701043401104634
526.8657314637012,4.6793413184090795
526.9657314637011,4.657707166365022
527.0657314637012,4.636140929854636
527.1657314637011,4.614642592422538
527.2657314637013,4.593212136282019
527.3657314637012,4.571849542322116
527.4657314637013,4.550554790113887
527.5657314637012,4.529327857917507
527.6657314637014,4.508168722688577
527.7657314637013,4.487077360085239
527.8657314637014,4.466053744474524
527.9657314637013,4.4450978489394775
528.0657314637015,4.424209645285549
528.1657314637014,4.403389104047734
528.2657314637015,4.382636194496989
528.3657314637014,4.361950884647407
528.4657314637016,4.341333141262638
528.5657314637015,4.320782929863094
528.6657314637016,4.300300214732404
528.7657314637015,4.279884958924625
528.8657314637016,4.259537124270718
528.9657314637016,4.239256671385789
529.0657314637017,4.219043559675575
529.1657314637016,4.198897747343709
529.2657314637017,4.178819191398224
529.3657314637016,4.158807847658823
529.4657314637018,4.138863670763416
529.5657314637017,4.118986614175403
529.6657314637018,4.0991766301902155
529.7657314637017,4.079433669942621
529.8657314637019,4.059757683413288
529.9657314637018,4.04014861943608
530.0657314637019,4.020606425704655
530.1657314637018,4.0011310487797696
530.265731463702,3.981722434095874
530.3657314637019,3.962380525968438
530.465731463702,3.943105267600566
530.5657314637019,3.923896601090309
530.6657314637021,3.9047544674373036
530.765731463702,3.8856788065500982
530.8657314637021,3.8666695572527843
530.965731463702,3.8477266572923354
531.0657314637021,3.8288500433452506
531.1657314637021,3.810039651024891
531.2657314637022,3.7912954148881353
531.3657314637021,3.772617268442716
531.4657314637022,3.7540051441538793
531.5657314637021,3.735458973451729
531.6657314637023,3.716978686737885
531.7657314637022,3.698564213392828
531.8657314637023,3.680215481782567
531.9657314637022,3.6619324192659786
532.0657314637024,3.643714952201474
532.1657314637023,3.6255630059543424
532.2657314637024,3.6074765049034174
532.3657314637023,3.5894553724484126
532.4657314637025,3.571499531016597
532.5657314637024,3.553608902070118
532.6657314637025,3.535783406112677
532.7657314637024,3.5180229626968504
532.8657314637026,3.5003274904307617
532.9657314637025,3.482696906985394
533.0657314637026,3.4651311291012603
533.1657314637025,3.4476300725957105
533.2657314637027,3.4301936523695926
533.3657314637026,3.41282178241455
533.4657314637027,3.395514375819684
533.5657314637026,3.378271344778837
533.6657314637027,3.3610926005972463
533.7657314637027,3.3439780536988226
533.8657314637028,3.3269276136327917
533.9657314637027,3.309941189080955
534.0657314637028,3.2930186878643353
534.1657314637027,3.2761600169504184
534.2657314637029,3.259365082459785
534.3657314637028,3.2426337896733437
534.4657314637029,3.2259660430389485
534.5657314637028,3.2093617461786206
534.665731463703,3.1928208018951496
534.7657314637029,3.1763431121793015
534.865731463703,3.1599285782164084
534.9657314637029,3.143577100393557
535.0657314637031,3.127288578306165
535.165731463703,3.111062910765151
535.2657314637031,3.0948999958034964
535.365731463703,3.0787997306834005
535.4657314637032,3.0627620119028216
535.5657314637031,3.0467867352026063
535.6657314637032,3.0308737955730316
535.7657314637031,3.0150230872608965
535.8657314637032,2.999234503776048
535.9657314637032,2.983507937898466
536.0657314637033,2.967843281684752
536.1657314637032,2.952240426475202
536.2657314637033,2.9366992629002717
536.3657314637032,2.9212196808876243
536.4657314637034,2.9058015696685846
536.5657314637033,2.89044481778515
536.6657314637034,2.875149313096428
536.7657314637033,2.8599149427856263
536.8657314637035,2.844741593366465
536.9657314637034,2.829629150690133
537.0657314637035,2.814577499951689
537.1657314637034,2.7995865256969856
537.2657314637036,2.784656111829044
537.3657314637035,2.769786141614955
537.4657314637036,2.7549764976922253
537.5657314637035,2.7402270620756526
537.6657314637037,2.7255377161636405
537.7657314637036,2.710908340745052
537.8657314637037,2.6963388160054973
537.9657314637036,2.6818290215341434
538.0657314637037,2.667378836329996
538.1657314637037,2.6529881388086665
538.2657314637038,2.6386568068086187
538.3657314637037,2.624384717597919
538.4657314637038,2.610171747880445
538.5657314637037,2.596017773802608
538.6657314637039,2.581922670959526
538.7657314637038,2.567886314401721
538.8657314637039,2.5539085786412556
538.9657314637038,2.539989337658393
539.065731463704,2.526128464907716
539.1657314637039,2.5123258333247405
539.265731463704,2.4985813153320047
539.3657314637039,2.484894782845651
539.4657314637041,2.4712661072814823
539.565731463704,2.457695159561504
539.6657314637041,2.4441818101199506
539.765731463704,2.4307259289097884
539.8657314637042,2.4173273854087123
539.9657314637041,2.403986048625608
540.0657314637042,2.390701787106515
540.1657314637041,2.377474468941052
540.2657314637042,2.3643039617683463
540.3657314637042,2.351190132783413
540.4657314637043,2.338132848743058
540.5657314637042,2.3251319759722127
540.6657314637043,2.312187380369805
540.7657314637042,2.2992989274150504
540.8657314637044,2.286466482173282
540.9657314637043,2.2736899093022167
541.0657314637044,2.260969073057731
541.1657314637043,2.2483038373000936
541.2657314637045,2.2356940654997026
541.3657314637044,2.2231396207432783
541.4657314637045,2.2106403657395624
541.5657314637044,2.1981961628254614
541.6657314637046,2.1858068739717145
541.7657314637045,2.173472360788992
541.8657314637046,2.1611924845335246
541.9657314637045,2.14896710611316
542.0657314637047,2.136796086092944
542.1657314637046,2.1246792847011418
542.2657314637047,2.1126165618347814
542.3657314637046,2.10060777706562
542.4657314637047,2.0886527896456535
542.5657314637047,2.076751458513039
542.6657314637048,2.0649036422975597
542.7657314637047,2.053109199326502
542.8657314637048,2.041367987630084
542.9657314637047,2.029679864947281
543.0657314637049,2.018044688731213
543.1657314637048,2.00646231615493
543.2657314637049,1.9949326041167459
543.3657314637048,1.9834554092459857
543.465731463705,1.972030587908279
543.5657314637049,1.9606579962112491
543.665731463705,1.9493374900097746
543.7657314637049,1.9380689249116252
543.8657314637051,1.9268521562826784
543.965731463705,1.9156870392525112
544.0657314637051,1.9045734287195728
544.165731463705,1.8935111793567285
544.2657314637052,1.8825001456163812
544.3657314637051,1.8715401817359765
544.4657314637052,1.8606311417430723
544.5657314637051,1.8497728794608013
544.6657314637052,1.8389652485128896
544.7657314637052,1.8282081023290713
544.8657314637053,1.8175012941500677
544.9657314637052,1.8068446770329443
545.0657314637053,1.7962381038560498
545.1657314637052,1.7856814273243176
545.2657314637054,1.775174499974167
545.3657314637053,1.7647171741787504
545.4657314637054,1.754309302152806
545.5657314637053,1.743950735957858
545.6657314637055,1.7336413275070204
545.7657314637054,1.7233809285701502
545.8657314637055,1.7131693907786019
545.9657314637054,1.7030065656303288
546.0657314637056,1.6928923044945925
546.1657314637055,1.6828264586170143
546.2657314637056,1.6728088791242337
546.3657314637055,1.662839417028911
546.4657314637057,1.6529179232343398
546.5657314637056,1.6430442485393948
546.6657314637057,1.6332182436430964
546.7657314637056,1.6234397591495129
546.8657314637057,1.6137086455722696
546.9657314637057,1.604024753339404
547.0657314637058,1.5943879327978248
547.1657314637057,1.5847980342181156
547.2657314637058,1.5752549077989468
547.3657314637057,1.5657584036718242
547.4657314637059,1.556308371905457
547.5657314637058,1.5469046625104488
547.6657314637059,1.5375471254436204
547.7657314637058,1.5282356106126493
547.865731463706,1.5189699678803406
547.9657314637059,1.5097500470692164
548.065731463706,1.500575697965736
548.1657314637059,1.491446770324835
548.2657314637061,1.4823631138740954
548.365731463706,1.4733245783182285
548.4657314637061,1.4643310133432028
548.565731463706,1.4553822686206694
548.6657314637062,1.4464781938120415
548.7657314637061,1.4376186385728675
548.8657314637062,1.4288034525568603
548.9657314637061,1.4200324854202184
549.0657314637062,1.411305586825605
549.1657314637062,1.4026226064464176
549.2657314637063,1.3939833939707167
549.3657314637062,1.3853877991054404
549.4657314637063,1.3768356715802874
549.5657314637062,1.368326861151876
549.6657314637064,1.3598612176075773
549.7657314637063,1.3514385907696245
549.8657314637064,1.3430588304988922
549.9657314637063,1.3347217866989531
550.0657314637065,1.3264273093198111
550.1657314637064,1.318175248361903
550.2657314637065,1.3099654538797796
550.3657314637064,1.3017977759860595
550.4657314637066,1.2936720648550555
550.5657314637065,1.2855881707266774
550.6657314637066,1.2775459439100092
550.7657314637065,1.2695452347871583
550.8657314637067,1.2615858938167848
550.9657314637066,1.2536677715378917
551.0657314637067,1.2457907185733137
551.1657314637066,1.2379545856334493
551.2657314637067,1.2301592235196968
551.3657314637067,1.22240448312814
551.4657314637068,1.2146902154529315
551.5657314637067,1.2070162715899266
551.6657314637068,1.1993825027400142
551.7657314637067,1.191788760212704
551.8657314637069,1.1842348954294002
551.9657314637068,1.17672075992694
552.0657314637069,1.1692462053608232
552.1657314637068,1.1618110835086874
552.265731463707,1.1544152462734967
552.3657314637069,1.1470585456869609
552.465731463707,1.1397408339126736
552.5657314637069,1.132461963249486
552.6657314637071,1.1252217861345857
552.765731463707,1.1180201551468265
552.8657314637071,1.110856923009757
552.965731463707,1.1037319425948926
553.0657314637072,1.0966450669247
553.1657314637071,1.08959614917582
553.2657314637072,1.0825850426819974
553.3657314637071,1.0756116009372534
553.4657314637072,1.0686756775987678
553.5657314637072,1.0617771264900013
553.6657314637073,1.0549158016035283
553.7657314637072,1.0480915571041027
553.8657314637073,1.041304247331452
553.9657314637072,1.0345537268032838
554.0657314637074,1.027839850218033
554.1657314637073,1.0211624724578203
554.2657314637074,1.0145214485911498
554.3657314637073,1.0079166338758148
554.4657314637075,1.0013478837615495
554.5657314637074,0.9948150538928843
554.6657314637075,0.9883180001117481
554.7657314637074,0.9818565784602735
554.8657314637076,0.9754306451833523
554.9657314637075,0.9690400567313905
555.0657314637076,0.9626846697628146
555.1657314637075,0.9563643411467799
555.2657314637077,0.950078927965626
555.3657314637076,0.9438282875175357
555.4657314637077,0.9376122773189453
555.5657314637076,0.9314307551071545
555.6657314637077,0.925283578842686
555.7657314637077,0.9191706067118496
555.8657314637078,0.9130916971290552
555.9657314637077,0.9070467087393239
556.0657314637078,0.9010355004205574
556.1657314637077,0.8950579312860014
556.2657314637079,0.8891138606864676
556.3657314637078,0.8832031482127474
556.4657314637079,0.8773256536977873
556.5657314637078,0.871481237219058
556.665731463708,0.8656697591006818
556.7657314637079,0.8598910799157513
556.865731463708,0.8541450604884145
556.9657314637079,0.8484315618961452
557.0657314637081,0.8427504454717827
557.165731463708,0.8371015728057534
557.2657314637081,0.8314848057480657
557.365731463708,0.8259000064104857
557.4657314637082,0.8203470371684878
557.5657314637081,0.8148257606633794
557.6657314637082,0.8093360398042116
557.7657314637081,0.8038777377698569
557.8657314637082,0.7984507180108706
557.9657314637082,0.7930548442515283
558.0657314637083,0.7876899804916396
558.1657314637082,0.7823559910085415
558.2657314637083,0.777052740358868
558.3657314637082,0.7717800933804938
558.4657314637084,0.7665379151942682
558.5657314637083,0.7613260712059073
558.6657314637084,0.756144427107686
