434.96573146368024,146.7038083948462
435.06573146368027,146.87292753835985
435.1657314636803,147.0419390067703
435.2657314636803,147.21083778782236
435.36573146368033,147.3796188916847
435.46573146368036,147.54827735206192
435.5657314636804,147.7168082273058
435.6657314636804,147.8852066015237
435.7657314636804,148.05346758568544
435.86573146368045,148.2215863187269
435.96573146368047,148.38955796865105
436.0657314636805,148.557377733625
436.1657314636805,148.7250408430741
436.26573146368054,148.89254255877105
436.36573146368056,149.05987817592117
436.4657314636806,149.22704302424256
436.5657314636806,149.39403246904124
436.66573146368063,149.5608419122804
436.76573146368065,149.72746679364423
436.8657314636807,149.89390259159504
436.9657314636807,150.06014482442413
437.0657314636807,150.22618905129542
437.16573146368074,150.39203087328173
437.26573146368077,150.55766593439375
437.3657314636808,150.72308992260065
437.4657314636808,150.88829857084227
437.56573146368083,151.05328765803293
437.66573146368086,151.21805301005583
437.7657314636809,151.38259050074822
437.8657314636809,151.54689605287672
437.9657314636809,151.71096563910282
438.06573146368095,151.8747952829375
438.16573146368097,152.03838105968538
438.265731463681,152.20171909737797
438.365731463681,152.36480557769502
438.46573146368104,152.5276367368746
438.56573146368106,152.6902088666108
438.6657314636811,152.85251831493923
438.7657314636811,153.01456148710986
438.86573146368113,153.17633484644676
438.96573146368115,153.3378349151944
439.0657314636812,153.49905827535088
439.1657314636812,153.66000156948652
439.2657314636812,153.82066150154898
439.36573146368124,153.98103483765328
439.46573146368127,154.14111840685757
439.5657314636813,154.30090910192337
439.6657314636813,154.4604038800609
439.76573146368133,154.6195997636587
439.86573146368136,154.77849384099702
439.9657314636814,154.93708326694582
440.0657314636814,155.0953652636458
440.1657314636814,155.25333712117282
440.26573146368145,155.41099619818604
440.36573146368147,155.56833992255815
440.4657314636815,155.72536579198885
440.5657314636815,155.88207137460057
440.66573146368154,156.03845430951634
440.76573146368156,156.1945123074198
440.8657314636816,156.35024315109683
440.9657314636816,156.50564469595895
441.06573146368163,156.66071487054796
441.16573146368165,156.81545167702185
441.2657314636817,156.96985319162184
441.3657314636817,157.12391756511977
441.4657314636817,157.27764302324712
441.56573146368174,157.43102786710335
441.66573146368177,157.58407047354552
441.7657314636818,157.73676929555768
441.8657314636818,157.88912286260037
441.96573146368183,158.04112978094008
442.06573146368186,158.19278873395854
442.1657314636819,158.3440984824415
442.2657314636819,158.4950578648474
442.3657314636819,158.64566579755493
442.46573146368195,158.79592127509056
442.56573146368197,158.94582337033503
442.665731463682,159.0953712347087
442.765731463682,159.24456409833667
442.86573146368204,159.39340127019221
442.96573146368206,159.5418821382197
443.0657314636821,159.69000616943612
443.1657314636821,159.83777291001144
443.26573146368213,159.98518198532793
443.36573146368215,160.13223310001823
443.4657314636822,160.27892603798205
443.5657314636822,160.42526066238162
443.6657314636822,160.57123691561594
443.76573146368224,160.71685481927378
443.86573146368227,160.8621144740651
443.9657314636823,161.0070160597317
444.0657314636823,161.151559834936
444.16573146368233,161.2957461371293
444.26573146368236,161.43957538239812
444.3657314636824,161.58304806529003
444.4657314636824,161.72616475861793
444.5657314636824,161.8689261132436
444.66573146368245,162.01133285783993
444.76573146368247,162.1533857986327
444.8657314636825,162.29508581912123
444.9657314636825,162.43643387977812
445.06573146368254,162.57743101772894
445.16573146368256,162.71807834641075
445.2657314636826,162.8583770552106
445.3657314636826,162.99832840908357
445.46573146368263,163.1379337481505
445.56573146368265,163.27719448727584
445.6657314636827,163.4161121156256
445.7657314636827,163.55468819620535
445.8657314636827,163.69292436537864
445.96573146368274,163.83082233236604
446.06573146368277,163.96838387872472
446.1657314636828,164.10561085780915
446.2657314636828,164.24250519421253
446.36573146368283,164.37906888318952
446.46573146368286,164.51530399006066
446.5657314636829,164.6512126495981
446.6657314636829,164.78679706539322
446.7657314636829,164.92205950920635
446.86573146368295,165.05700232029858
446.96573146368297,165.19162790474624
447.065731463683,165.32593873473803
447.165731463683,165.45993734785475
447.26573146368304,165.59362634633277
447.36573146368306,165.72700839631028
447.4657314636831,165.86008622705782
447.5657314636831,165.99286263019206
447.66573146368313,166.12534045887435
447.76573146368315,166.25752262699348
447.8657314636832,166.38941210833278
447.9657314636832,166.52101193572292
448.0657314636832,166.65232520017943
448.16573146368324,166.78335505002582
448.26573146368327,166.91410469000283
448.3657314636833,167.04457738036348
448.4657314636833,167.17477643595464
448.56573146368333,167.30470522528555
448.66573146368336,167.43436716958303
448.7657314636834,167.56376574183415
448.8657314636834,167.6929044658167
448.9657314636834,167.8217869151174
449.06573146368345,167.95041671213852
449.16573146368347,168.07879752709323
449.2657314636835,168.20693307698951
449.3657314636835,168.33482712460375
449.46573146368354,168.46248347744364
449.56573146368356,168.58990598670124
449.6657314636836,168.71709854619593
449.7657314636836,168.8440650913086
449.86573146368363,168.97080959790594
449.96573146368365,169.09733608125686
450.0657314636837,169.22364859494002
450.1657314636837,169.34975122974333
450.2657314636837,169.47564811255629
450.36573146368374,169.60134340525434
450.46573146368377,169.72684130357658
450.5657314636838,169.852146035997
450.6657314636838,169.97726186258933
450.76573146368384,170.10219307388564
450.86573146368386,170.22694398973
450.9657314636839,170.35151895812635
451.0657314636839,170.4759223540822
451.1657314636839,170.60015857844706
451.26573146368395,170.72423205674738
451.36573146368397,170.8481472380173
451.465731463684,170.97190859362632
451.565731463684,171.0955206161037
451.66573146368404,171.21898781796006
451.76573146368406,171.34231473050693
451.8657314636841,171.46550590267407
451.9657314636841,171.5885658998253
452.06573146368413,171.7114993025729
452.16573146368415,171.834310705591
452.2657314636842,171.9570047164288
452.3657314636842,172.07958595432302
452.4657314636842,172.20205904901087
452.56573146368424,172.3244286395431
452.66573146368427,172.44669937309826
452.7657314636843,172.56887590379773
452.8657314636843,172.6909628915225
452.96573146368434,172.81296500073142
453.06573146368436,172.93488689928208
453.1657314636844,173.05673325725368
453.2657314636844,173.17850874577314
453.3657314636844,173.3002180358439
453.46573146368445,173.42186579717864
453.5657314636845,173.54345669703537
453.6657314636845,173.66499539905794
453.7657314636845,173.7864865621207
453.86573146368454,173.90793483917815
453.96573146368456,174.02934487611932
454.0657314636846,174.1507213106278
454.1657314636846,174.27206877104715
454.26573146368463,174.39339187525235
454.36573146368465,174.51469522952755
454.4657314636847,174.63598342745016
454.5657314636847,174.75726104878197
454.6657314636847,174.87853265836705
454.76573146368474,174.9998028050374
454.86573146368477,175.12107602052578
454.9657314636848,175.24235681838687
455.0657314636848,175.36364969292634
455.16573146368484,175.48495911813836
455.26573146368486,175.60628954665194
455.3657314636849,175.727645408686
455.4657314636849,175.84903111101363
455.5657314636849,175.9704510359362
455.66573146368495,176.09190954026627
455.765731463685,176.21341095432123
455.865731463685,176.33495958092658
455.965731463685,176.45655969442967
456.06573146368504,176.57821553972377
456.16573146368506,176.69993133128338
456.2657314636851,176.82171125220992
456.3657314636851,176.94355945328905
456.46573146368513,177.065480052059
456.56573146368515,177.18747713189066
456.6657314636852,177.30955474107918
456.7657314636852,177.43171689194776
456.8657314636852,177.55396755996324
456.96573146368524,177.67631068286403
457.06573146368527,177.79875015980048
457.1657314636853,177.92128985048777
457.2657314636853,178.04393357437152
457.36573146368534,178.16668510980617
457.46573146368536,178.28954819324645
457.5657314636854,178.412526518452
457.6657314636854,178.5356237357051
457.7657314636854,178.65884345104183
457.86573146368545,178.7821892254969
457.9657314636855,178.90566457436165
458.0657314636855,179.02927296645626
458.1657314636855,179.1530178234155
458.26573146368554,179.27690251898824
458.36573146368556,179.4009303783513
458.4657314636856,179.525104677437
458.5657314636856,179.64942864227532
458.66573146368563,179.77390544834958
458.76573146368565,179.89853821996712
458.8657314636857,180.023330029644
458.9657314636857,180.14828389750394
459.0657314636857,180.27340279069196
459.16573146368574,180.3986896228025
459.26573146368577,180.52414725332181
459.3657314636858,180.6497784870853
459.4657314636858,180.77558607374908
459.56573146368584,180.90157270727636
459.66573146368586,181.0277410254384
459.7657314636859,181.15409360933
459.8657314636859,181.28063298289993
459.9657314636859,181.4073616124956
460.06573146368595,181.5342819064227
460.165731463686,181.6613962145193
460.265731463686,181.78870682774453
460.365731463686,181.9162159777821
460.46573146368604,182.04392583665808
460.56573146368606,182.1718385163735
460.6657314636861,182.2999560685512
460.7657314636861,182.4282804840974
460.86573146368613,182.55681369287748
460.96573146368615,182.68555756340638
461.0657314636862,182.81451390255302
461.1657314636862,182.9436844552593
461.2657314636862,183.0730709042731
461.36573146368625,183.20267486989553
461.46573146368627,183.33249790974227
461.5657314636863,183.46254151851883
461.6657314636863,183.59280712780964
461.76573146368634,183.7232961058814
461.86573146368636,183.8540097574996
461.9657314636864,183.98494932375925
462.0657314636864,184.11611598192877
462.1657314636864,184.24751084530766
462.26573146368645,184.37913496309727
462.3657314636865,184.5109893202851
462.4657314636865,184.64307483754206
462.5657314636865,184.77539237113288
462.66573146368654,184.90794271283957
462.76573146368656,185.04072658989736
462.8657314636866,185.17374466494374
462.9657314636866,185.30699753597975
463.06573146368663,185.44048573634393
463.16573146368665,185.57420973469857
463.2657314636867,185.70816993502788
463.3657314636867,185.84236667664874
463.4657314636867,185.97680023423277
463.56573146368675,186.11147081784048
463.66573146368677,186.24637857296733
463.7657314636868,186.38152358060063
463.8657314636868,186.51690585728824
463.96573146368684,186.65252535521836
464.06573146368686,186.78838196231038
464.1657314636869,186.92447550231668
464.2657314636869,187.06080573493472
464.3657314636869,187.19737235593055
464.46573146368695,187.33417499727182
464.565731463687,187.4712132272718
464.665731463687,187.60848655074295
464.765731463687,187.74599440916091
464.86573146368704,187.8837361808378
464.96573146368706,188.0217111811054
465.0657314636871,188.15991866250775
465.1657314636871,188.298357815003
465.26573146368713,188.43702776617437
465.36573146368715,188.57592758144995
465.4657314636872,188.71505626433142
465.5657314636872,188.8544127566314
465.6657314636872,188.99399593871908
465.76573146368725,189.13380462977392
465.86573146368727,189.27383758804822
465.9657314636873,189.4140935111365
466.0657314636873,189.55457103625366
466.16573146368734,189.6952687405199
466.26573146368736,189.83618514125362
466.3657314636874,189.97731869627108
466.4657314636874,190.1186678041936
466.5657314636874,190.26023080476122
466.66573146368745,190.40200597915327
466.7657314636875,190.54399155031533
466.8657314636875,190.68618568329293
466.9657314636875,190.82858648557095
467.06573146368754,190.9711920074194
467.16573146368756,191.11400024224486
467.2657314636876,191.25700912694782
467.3657314636876,191.40021654228516
467.46573146368763,191.5436203132386
467.56573146368765,191.68721820938754
467.6657314636877,191.8310079452878
467.7657314636877,191.97498718085444
467.8657314636877,192.11915352174958
467.96573146368775,192.2635045197752
468.06573146368777,192.4080376732694
468.1657314636878,192.55275042750753
468.2657314636878,192.69764017510738
468.36573146368784,192.8427042564379
468.46573146368786,192.9879399600319
468.5657314636879,193.1333445230023
468.6657314636879,193.27891513146187
468.7657314636879,193.42464892094617
468.86573146368795,193.5705429768396
468.965731463688,193.71659433480448
469.065731463688,193.86279998121327
469.165731463688,194.00915685358277
469.26573146368804,194.1556618410117
469.36573146368806,194.30231178462006
469.4657314636881,194.4491034779913
469.5657314636881,194.59603366761604
469.66573146368813,194.7430990533384
469.76573146368816,194.8902962888039
469.8657314636882,195.03762198190896
469.9657314636882,195.18507269525242
470.0657314636882,195.33264494658823
470.16573146368825,195.4803352092796
470.26573146368827,195.62813991275468
470.3657314636883,195.7760554429627
470.4657314636883,195.9240781428319
470.56573146368834,196.07220431272782
470.66573146368836,196.22043021091258
470.7657314636884,196.36875205400497
470.8657314636884,196.51716601744073
470.9657314636884,196.6656682359336
471.06573146368845,196.81425480393682
471.1657314636885,196.9629217761045
471.2657314636885,197.11166516775359
471.3657314636885,197.26048095532542
471.46573146368854,197.4093650768479
471.56573146368856,197.5583134323968
471.6657314636886,197.70732188455753
471.7657314636886,197.85638625888623
471.86573146368863,198.0055023443706
471.96573146368866,198.15466589389013
472.0657314636887,198.3038726246761
472.1657314636887,198.45311821877078
472.2657314636887,198.602398323486
472.36573146368875,198.7517085518606
472.46573146368877,198.90104448311786
472.5657314636888,199.0504016631213
472.6657314636888,199.1997756048297
472.76573146368884,199.34916178875153
472.86573146368886,199.4985556633975
472.9657314636889,199.64795264573291
473.0657314636889,199.7973481216282
473.1657314636889,199.94673744630802
473.26573146368895,200.09611594480003
473.365731463689,200.2454789123815
473.465731463689,200.3948216150244
473.565731463689,200.54413928984007
473.66573146368904,200.6934271455214
473.76573146368906,200.84268036278388
473.8657314636891,200.99189409480545
473.9657314636891,201.14106346766414
474.06573146368913,201.29018358077462
474.16573146368916,201.43924950732298
474.2657314636892,201.58825629469965
474.3657314636892,201.73719896493105
474.4657314636892,201.88607251510894
474.56573146368925,202.03487191781892
474.66573146368927,202.18359212156616
474.7657314636893,202.33222805120022
474.8657314636893,202.48077460833764
474.96573146368934,202.62922667178287
475.06573146368936,202.77757909794758
475.1657314636894,202.92582672126764
475.2657314636894,203.07396435461914
475.36573146368943,203.2219867897316
475.46573146368945,203.3698887976003
475.5657314636895,203.51766512889623
475.6657314636895,203.6653105143742
475.7657314636895,203.81281966527956
475.86573146368954,203.9601872737527
475.96573146368956,204.10740801323203
476.0657314636896,204.254476538855
476.1657314636896,204.40138748785722
476.26573146368963,204.5481354799703
476.36573146368966,204.69471511781728
476.4657314636897,204.84112098730697
476.5657314636897,204.98734765802567
476.6657314636897,205.13338968362848
476.76573146368975,205.2792416022275
476.86573146368977,205.42489793677947
476.9657314636898,205.5703531954709
477.0657314636898,205.71560187210235
477.16573146368984,205.8606384464705
477.26573146368986,206.0054573847488
477.3657314636899,206.15005313986683
477.4657314636899,206.2944201518876
477.56573146368993,206.4385528483839
477.66573146368995,206.58244564481276
477.76573146369,206.72609294488876
477.86573146369,206.86948914095547
477.96573146369,207.0126286143563
478.06573146369004,207.15550573580293
478.16573146369007,207.29811486574346
478.2657314636901,207.4404503547284
478.3657314636901,207.58250654377622
478.46573146369013,207.72427776473688
478.56573146369016,207.8657583406548
478.6657314636902,208.00694258613032
478.7657314636902,208.1478248076802
478.8657314636902,208.2883993040969
478.96573146369025,208.42866036680715
479.06573146369027,208.56860228022913
479.1657314636903,208.70821932212885
479.2657314636903,208.8475057639758
479.36573146369034,208.98645587129727
479.46573146369036,209.12506390403234
479.5657314636904,209.26332411688452
479.6657314636904,209.40123075967432
479.76573146369043,209.5387780776902
479.86573146369045,209.67596031203982
479.9657314636905,209.81277169999981
480.0657314636905,209.94920647536537
480.1657314636905,210.0852588687992
480.26573146369054,210.22092310817993
480.36573146369057,210.3561934189501
480.4657314636906,210.4910640244634
480.5657314636906,210.6255291463321
480.66573146369063,210.7595830047734
480.76573146369066,210.8932198189559
480.8657314636907,211.02643380734582
480.9657314636907,211.1592191880527
481.0657314636907,211.29157017917493
481.16573146369075,211.42348099914528
481.26573146369077,211.55494586707619
481.3657314636908,211.6859590031047
481.4657314636908,211.81651462873805
481.56573146369084,211.94660696719825
481.66573146369086,212.0762302437675
481.7657314636909,212.20537868613297
481.8657314636909,212.3340465247323
481.96573146369093,212.4622279930988
482.06573146369095,212.5899173282067
482.165731463691,212.71710877081688
482.265731463691,212.84379656582263
482.365731463691,212.9699749625956
482.46573146369104,213.09563821533214
482.56573146369107,213.22078058339991
482.6657314636911,213.34539633168436
482.7657314636911,213.4694797309366
482.86573146369113,213.59302505812036
482.96573146369116,213.71602659676017
483.0657314636912,213.83847863728994
483.1657314636912,213.96037547740139
483.2657314636912,214.0817114223937
483.36573146369125,214.2024807855231
483.46573146369127,214.32267788835304
483.5657314636913,214.44229706110508
483.6657314636913,214.56133264301036
483.76573146369134,214.67977898266122
483.86573146369136,214.7976304383638
483.9657314636914,214.91488137849115
484.0657314636914,215.03152618183668
484.16573146369143,215.14755923796855
484.26573146369145,215.26297494758467
484.3657314636915,215.377767722868
484.4657314636915,215.4919319878427
484.5657314636915,215.60546217873127
484.66573146369154,215.71835274431174
484.76573146369157,215.83059814627592
484.8657314636916,215.9421928595881
484.9657314636916,216.05313137284475
485.06573146369163,216.16340818863455
485.16573146369166,216.27301782389907
485.2657314636917,216.3819548102947
485.3657314636917,216.49021369455443
485.4657314636917,216.5977890388508
485.56573146369175,216.7046754211596
485.66573146369177,216.81086743562372
485.7657314636918,216.9163596929182
485.8657314636918,217.02114682061568
485.96573146369184,217.12522346355235
486.06573146369186,217.22858428419488
486.1657314636919,217.33122396300746
486.2657314636919,217.43313719882008
486.36573146369193,217.5343187091965
486.46573146369195,217.6347632308039
486.565731463692,217.73446551978225
486.665731463692,217.83342035211416
486.765731463692,217.93162252399594
486.86573146369204,218.0290668522086
486.96573146369207,218.12574817448916
487.0657314636921,218.2216613499033
487.1657314636921,218.31680125921707
487.26573146369213,218.41116280527035
487.36573146369216,218.5047409133495
487.4657314636922,218.5975305315614
487.5657314636922,218.6895266312069
487.6657314636922,218.780724207155
487.76573146369225,218.87111827821735
487.86573146369227,218.96070388752253
487.9657314636923,219.049476102891
488.0657314636923,219.13743001720957
488.16573146369234,219.22456074880682
488.26573146369236,219.31086344182762
488.3657314636924,219.3963332666085
488.4657314636924,219.48096542005237
488.56573146369243,219.5647551260035
488.66573146369245,219.6476976356223
488.7657314636925,219.72978822776008
488.8657314636925,219.81102220933337
488.9657314636925,219.89139491569824
489.06573146369254,219.97090171102406
489.16573146369257,220.04953798866694
489.2657314636926,220.12729917154365
489.3657314636926,220.20418071250322
489.46573146369263,220.2801780947002
489.56573146369266,220.35528683196577
489.6657314636927,220.42950246917923
489.7657314636927,220.50282058263804
489.8657314636927,220.57523678042799
489.96573146369275,220.64674670279186
490.06573146369277,220.7173460224979
490.1657314636928,220.78703044520705
490.2657314636928,220.85579570983913
490.36573146369284,220.9236375889384
490.46573146369286,220.99055188903782
490.5657314636929,221.05653445102251
490.6657314636929,221.12158115049147
490.76573146369293,221.18568789811854
490.86573146369295,221.24885064001194
490.965731463693,221.31106535807254
491.065731463693,221.37232807035048
491.165731463693,221.4326348314005
491.26573146369304,221.4919817326355
491.36573146369307,221.55036490267906
491.4657314636931,221.6077805077153
491.5657314636931,221.6642247518381
491.66573146369313,221.71969387739756
491.76573146369316,221.77418416534533
491.8657314636932,221.82769193557738
491.9657314636932,221.88021354727516
492.0657314636932,221.93174539924456
492.16573146369325,221.98228393025283
492.26573146369327,222.0318256193629
492.3657314636933,222.08036698626591
492.4657314636933,222.12790459161118
492.56573146369334,222.17443503733358
492.66573146369336,222.21995496697878
492.7657314636934,222.26446106602543
492.8657314636934,222.30795006220552
492.96573146369343,222.35041872582093
493.06573146369345,222.39186387005833
493.1657314636935,222.4322823513006
493.2657314636935,222.47167106943516
493.3657314636935,222.51002696816022
493.46573146369354,222.54734703528686
493.56573146369357,222.58362830303906
493.6657314636936,222.6188678483495
493.7657314636936,222.6530627931533
493.86573146369363,222.68621030467722
493.96573146369366,222.71830759572623
494.0657314636937,222.74935192496673
494.1657314636937,222.7793405972057
494.2657314636937,222.80827096366653
494.36573146369375,222.83614042226117
494.46573146369377,222.86294641785895
494.5657314636938,222.88868644255075
494.6657314636938,222.91335803591033
494.76573146369384,222.93695878525074
494.86573146369386,222.9594863258776
494.9657314636939,222.9809383413379
495.0657314636939,223.00131256366473
495.16573146369393,223.02060677361794
495.26573146369395,223.03881880092052
495.365731463694,223.05594652449065
495.465731463694,223.07198787266935
495.565731463694,223.08694082344397
495.66573146369404,223.10080340466698
495.76573146369407,223.1135736942701
495.8657314636941,223.12524982047427
495.9657314636941,223.13582996199443
496.06573146369414,223.14531234824022
496.16573146369416,223.15369525951127
496.2657314636942,223.16097702718832
496.3657314636942,223.16715603391867
496.4657314636942,223.17223071379766
496.56573146369425,223.1761995525443
496.66573146369427,223.17906108767266
496.7657314636943,223.1808139086575
496.8657314636943,223.18145665709523
496.96573146369434,223.18098802685932
497.06573146369436,223.1794067642512
497.1657314636944,223.17671166814478
497.2657314636944,223.1729015901268
497.36573146369443,223.16797543463127
497.46573146369445,223.16193215906827
497.5657314636945,223.15477077394786
497.6657314636945,223.1464903429984
497.7657314636945,223.13708998327894
497.86573146369454,223.12656886528634
497.96573146369457,223.1149262130574
498.0657314636946,223.10216130426392
498.1657314636946,223.08827347030342
498.26573146369464,223.0732620963841
498.36573146369466,223.05712662160272
498.4657314636947,223.0398665390187
498.5657314636947,223.02148139572068
498.6657314636947,223.0019707928887
498.76573146369475,222.9813343858491
498.8657314636948,222.95957188412507
498.9657314636948,222.93668305148032
499.0657314636948,222.91266770595684
499.16573146369484,222.8875257199075
499.26573146369486,222.86125702002158
499.3657314636949,222.83386158734584
499.4657314636949,222.8053394572977
499.56573146369493,222.77569071967434
499.66573146369495,222.74491551865447
499.765731463695,222.71301405279434
499.865731463695,222.6799865750184
499.965731463695,222.6458333926032
500.06573146369504,222.60955848894724
500.16573146369507,222.56781763144636
500.2657314636951,222.52034202741493
500.3657314636951,222.46713509275708
500.46573146369514,222.40820163553406
500.56573146369516,222.34354785326383
500.6657314636952,222.27318132938086
500.7657314636952,222.1971110288598
500.8657314636952,222.1153472930086
500.96573146369525,222.0279018334354
501.0657314636953,221.93478772519808
501.1657314636953,221.8360193991424
501.2657314636953,221.73161263343775
501.36573146369534,221.62158454432074
501.46573146369536,221.5059535760554
501.5657314636954,221.38473949012263
501.6657314636954,221.2579633536502
501.76573146369543,221.12564752709585
501.86573146369545,220.98781565119725
501.9657314636955,220.8444926332038
502.0657314636955,220.69570463240387
502.1657314636955,220.54147904496477
502.26573146369554,220.38184448810028
502.36573146369557,220.21683078358484
502.4657314636956,220.04646894062967
502.5657314636956,219.87079113814139
502.66573146369564,219.6898307063803
502.76573146369566,219.50362210803848
502.8657314636957,219.31220091875787
502.9657314636957,219.11560380710716
503.0657314636957,218.91386851404064
503.16573146369575,218.7070338318576
503.2657314636958,218.49513958268568
503.3657314636958,218.27822659650923
503.4657314636958,218.0563366887647
503.56573146369584,217.82951263752574
503.66573146369586,217.59779816030073
503.7657314636959,217.36123789046496
503.8657314636959,217.11987735335077
503.96573146369593,216.87376294201943
504.06573146369595,216.6229418927361
504.165731463696,216.367462260173
504.265731463696,216.10737289236312
504.365731463696,215.8427234054273
504.46573146369605,215.57356415809858
504.56573146369607,215.29994622606677
504.6657314636961,215.02192137616572
504.7657314636961,214.73954204042678
504.86573146369614,214.4528612900205
504.96573146369616,214.16193280910943
505.0657314636962,213.8668108686345
505.1657314636962,213.56755030005576
505.2657314636962,213.2642064690712
505.36573146369625,212.95683524933276
505.4657314636963,212.64549299618272
505.5657314636963,212.33023652042937
505.6657314636963,212.01112306218369
505.76573146369634,211.6882102647764
505.86573146369636,211.36155614877464
505.9657314636964,211.0312190861178
506.0657314636964,210.69725777439174
506.16573146369643,210.35973121125744
506.26573146369645,210.01869866905486
506.3657314636965,209.67421966959625
506.4657314636965,209.3263539591681
506.5657314636965,208.97516148375553
506.66573146369655,208.6207023645071
506.76573146369657,208.26303687345313
506.8657314636966,207.9022254094936
506.9657314636966,207.5383284746684
507.06573146369664,207.1714066507243
507.16573146369666,206.80152057599088
507.2657314636967,206.42873092257804
507.3657314636967,206.0530983739065
507.4657314636967,205.67468360258272
507.56573146369675,205.2935472486285
507.6657314636968,204.9097498980754
507.7657314636968,204.52335206193322
507.8657314636968,204.13441415554155
507.96573146369684,203.74299647831236
508.06573146369686,203.3491591938713
508.1657314636969,202.95296231060513
508.2657314636969,202.55446566262157
508.36573146369693,202.15372889112695
508.46573146369695,201.75081142622867
508.565731463697,201.34577246916535
508.665731463697,200.93867097497053
508.765731463697,200.5295656355733
508.86573146369705,200.1185148633383
508.96573146369707,199.70557677504956
509.0657314636971,199.290809176339
509.1657314636971,198.8742695465619
509.26573146369714,198.45601502412092
509.36573146369716,198.03610239223934
509.4657314636972,197.61458806518368
509.5657314636972,197.191528074936
509.6657314636972,196.7669780583155
509.76573146369725,196.3409932445478
509.8657314636973,195.91362844328233
509.9657314636973,195.48493803305382
510.0657314636973,195.05497595018758
510.16573146369734,194.6237956781461
510.26573146369736,194.191450237313
510.3657314636974,193.75799217521273
510.4657314636974,193.3234735571614
510.56573146369743,192.8879459573461
510.66573146369745,192.45146045032755
510.7657314636975,192.01406760296305
510.8657314636975,191.57581746674424
510.9657314636975,191.13675957054483
511.06573146369755,190.69694291377436
511.16573146369757,190.25641595993147
511.2657314636976,189.8152266305517
511.3657314636976,189.3734222995443
511.46573146369764,188.93104978791177
511.56573146369766,188.4881553588467
511.6657314636977,188.04478471319908
511.7657314636977,187.60098298530784
511.8657314636977,187.15679473919062
511.96573146369775,186.71226396508462
512.0657314636978,186.26743407633148
512.1657314636977,185.82234790660232
512.2657314636979,185.377047707447
512.3657314636978,184.93157514617852
512.4657314636979,184.4859713040595
512.5657314636978,184.04027667481387
512.665731463698,183.5945311634249
512.7657314636979,183.14877408524478
512.865731463698,182.70304416537522
512.9657314636979,182.25737953834536
513.0657314636981,181.81181774804662
513.165731463698,181.36639574794953
513.2657314636981,180.92114990156315
513.365731463698,180.476115983162
513.4657314636981,180.03132917874098
513.5657314636981,179.58682408722296
513.6657314636982,179.14263472188037
513.7657314636981,178.69879451199472
513.8657314636982,178.2553363047159
513.9657314636981,177.81229236714523
514.0657314636983,177.36969438860388
514.1657314636982,176.92757348311167
514.2657314636983,176.4859601920366
514.3657314636982,176.0448844869415
514.4657314636984,175.60437577258787
514.5657314636983,175.16446289012293
514.6657314636984,174.72517412041088
514.7657314636983,174.28653718753455
514.8657314636985,173.84857926242773
514.9657314636984,173.41132696666548
515.0657314636985,172.97480637637278
515.1657314636984,172.53904302627802
515.2657314636986,172.1040619138737
515.3657314636985,171.66988750370916
515.4657314636986,171.23654373177914
515.5657314636985,170.80405401003313
515.6657314636986,170.37244123096835
515.7657314636986,169.94172777233328
515.8657314636987,169.51193550190368
515.9657314636986,169.08308578235818
516.0657314636987,168.65519947621664
516.1657314636986,168.22829695086696
516.2657314636988,167.80239808364536
516.3657314636987,167.37752226699536
516.4657314636988,166.95368841367033
516.5657314636987,166.53091496200568
516.6657314636989,166.10921988122556
516.7657314636988,165.6886206768105
516.8657314636989,165.26913439589066
516.9657314636988,164.85077763269203
517.065731463699,164.43356653399974
517.1657314636989,164.01751680466657
517.265731463699,163.60264371313116
517.3657314636989,163.18896209697334
517.4657314636991,162.7764863684727
517.565731463699,162.36523052019632
517.6657314636991,161.95520813058388
517.765731463699,161.54643236955496
517.8657314636991,161.13891600410687
517.9657314636991,160.7326714039294
518.0657314636992,160.32771054700345
518.1657314636991,159.92404502521106
518.2657314636992,159.52168604992397
518.3657314636991,159.12064445759785
518.4657314636993,158.72093071534022
518.5657314636992,158.32255492647877
518.6657314636993,157.92552683609892
518.7657314636992,157.5298558365771
518.8657314636994,157.13555097307858
518.9657314636993,156.74262094904728
519.0657314636994,156.3510741316557
519.1657314636993,155.96091855724302
519.2657314636995,155.57216193670973
519.3657314636994,155.1848116608968
519.4657314636995,154.79887480591816
519.5657314636994,154.41435813847409
519.6657314636996,154.0312681211152
519.7657314636995,153.64961091748455
519.8657314636996,153.26939239750703
519.9657314636995,152.89061814255462
520.0657314636996,152.51329345055663
520.1657314636996,152.13742334108295
520.2657314636997,151.76301256037047
520.3657314636996,151.39006558632008
520.4657314636997,151.01858663343546
520.5657314636996,150.64857965772978
520.6657314636998,150.28004836157317
520.7657314636997,149.91299619850628
520.8657314636998,149.54742637799302
520.9657314636997,149.18334187013807
521.0657314636999,148.82074541034217
521.1657314636998,148.45963950392138
521.2657314636999,148.1000264306627
521.3657314636998,147.74190824934269
521.4657314637,147.3852868021819
521.5657314636999,147.03016371926105
521.6657314637,146.67654042287262
521.7657314636999,146.32441813183357
521.8657314637001,145.97379786573282
521.9657314637,145.62468044913925
522.0657314637001,145.27706651574454
522.1657314637,144.93095651246588
522.2657314637001,144.58635070348316
522.3657314637001,144.24324917423624
522.4657314637002,143.9016518353564
522.5657314637001,143.56155842655764
522.6657314637002,143.22296852046253
522.7657314637001,142.88588152638778
522.8657314637003,142.55029669406457
522.9657314637002,142.2162131173186
523.0657314637003,141.8836297376854
523.1657314637002,141.55254534798553
523.2657314637004,141.22295859583537
523.3657314637003,140.89486798711803
523.4657314637004,140.56827188939064
523.5657314637003,140.24316853525187
523.6657314637005,139.91955602564622
523.7657314637004,139.5974323331298
523.8657314637005,139.2767953050727
523.9657314637004,138.9576426668235
524.0657314637006,138.63997202481153
524.1657314637005,138.32378086961148
524.2657314637006,138.00906657894657
524.3657314637005,137.6958264206549
524.4657314637006,137.38405755559498
524.5657314637006,137.07375704051518
524.6657314637007,136.7649218308633
524.7657314637006,136.45754878356064
524.8657314637007,136.15163465971753
524.9657314637006,135.84717612731333
525.0657314637008,135.5441697638196
525.1657314637007,135.2426120587884
525.2657314637008,134.9424994163843
525.3657314637007,134.64382815788258
525.4657314637009,134.34659452411256
525.5657314637008,134.05079467786754
525.6657314637009,133.75642470626062
525.7657314637008,133.46348062304867
525.865731463701,133.17195837090287
525.9657314637009,132.88185382364827
526.065731463701,132.59316278845102
526.1657314637009,132.30588100797556
526.2657314637011,132.0200041624905
526.365731463701,131.73552787194535
526.4657314637011,131.45244769799706
526.565731463701,131.1707591460084
526.6657314637011,130.890457666997
526.7657314637011,130.6115386595573
526.8657314637012,130.3339974717343
526.9657314637011,130.057829402871
527.0657314637012,129.78302970540875
527.1657314637011,129.5095935866624
527.2657314637013,129.237516210549
527.3657314637012,128.96679269929257
527.4657314637013,128.69741813508364
527.5657314637012,128.4293875617152
527.6657314637014,128.16269598617492
527.7657314637013,127.89733838021458
527.8657314637014,127.63330968187685
527.9657314637013,127.37060479699998
528.0657314637015,127.10921860068126
528.1657314637014,126.8491459387188
528.2657314637015,126.59038162901349
528.3657314637014,126.33292046295
528.4657314637016,126.07675720673893
528.5657314637015,125.82188660273897
528.6657314637016,125.56830337074106
528.7657314637015,125.31600220923363
528.8657314637016,125.06497779663064
528.9657314637016,124.81522479248147
529.0657314637017,124.56673783864485
529.1657314637016,124.31951156044528
529.2657314637017,124.07354056779431
529.3657314637016,123.82881945629543
529.4657314637018,123.58534280831454
529.5657314637017,123.34310519403473
529.6657314637018,123.10210117247783
529.7657314637017,122.86232529251086
529.8657314637019,122.62377209382014
529.9657314637018,122.38643610787105
530.0657314637019,122.15031185883647
530.1657314637018,121.91539386451143
530.265731463702,121.68167663719727
530.3657314637019,121.44915468457305
530.465731463702,121.21782251053685
530.5657314637019,120.98767461603535
530.6657314637021,120.75870549986405
530.765731463702,120.53090965945626
530.8657314637021,120.30428159164393
530.965731463702,120.0788157934074
531.0657314637021,119.85450676259816
531.1657314637021,119.63134899865113
531.2657314637022,119.40933700327042
531.3657314637021,119.18846528110561
531.4657314637022,118.96872834040207
531.5657314637021,118.7501206936423
531.6657314637023,118.53263685816228
531.7657314637022,118.31627135675924
531.8657314637023,118.10101871827524
531.9657314637022,117.88687347817259
532.0657314637024,117.67383017908601
532.1657314637023,117.46188337136708
532.2657314637024,117.25102761360586
532.3657314637023,117.04125747314569
532.4657314637025,116.8325675265757
532.5657314637024,116.62495236021681
532.6657314637025,116.4184065705864
532.7657314637024,116.21292476485667
532.8657314637026,116.00850156129249
532.9657314637025,115.80513158968336
533.0657314637026,115.6028094917553
533.1657314637025,115.4015299215777
533.2657314637027,115.20128754595024
533.3657314637026,115.00207704478535
533.4657314637027,114.80389311147164
533.5657314637026,114.60673045323279
533.6657314637027,114.41058379146821
533.7657314637027,114.21544786208966
533.8657314637028,114.02131741584003
533.9657314637027,113.8281872186084
534.0657314637028,113.63605205172806
534.1657314637027,113.44490671227086
534.2657314637029,113.2547460133253
534.3657314637028,113.06556478427117
534.4657314637029,112.87735787103834
534.5657314637028,112.69012013636274
534.665731463703,112.50384646002662
534.7657314637029,112.31853173909657
534.865731463703,112.13417088814613
534.9657314637029,111.95075883947666
535.0657314637031,111.76829054332309
535.165731463703,111.58676096805823
535.2657314637031,111.40616510038254
535.365731463703,111.22649794551262
535.4657314637032,111.04775452735558
535.5657314637031,110.86992988868258
535.6657314637032,110.69301909128838
535.7657314637031,110.51701721615055
535.8657314637032,110.3419193635751
535.9657314637032,110.16772065334173
536.0657314637033,109.99441622483627
536.1657314637032,109.8220012371828
536.2657314637033,109.65047086936322
536.3657314637032,109.47982032033693
536.4657314637034,109.3100448091482
536.5657314637033,109.14113957503398
536.6657314637034,108.97309987751964
536.7657314637033,108.8059209965154
536.8657314637035,108.63959823240094
536.9657314637034,108.47412690611117
537.0657314637035,108.30950235921017
537.1657314637034,108.14571995396668
537.2657314637036,107.98277507341807
537.3657314637035,107.82066312143596
537.4657314637036,107.65937952278068
537.5657314637035,107.49891972315754
537.6657314637037,107.3392791892623
537.7657314637036,107.18045340882837
537.8657314637037,107.02243789066387
537.9657314637036,106.86522816469031
538.0657314637037,106.70881978197147
538.1657314637037,106.55320831474407
538.2657314637038,106.39838935643886
538.3657314637037,106.24435852170376
538.4657314637038,106.0911114464175
538.5657314637037,105.93864378770556
538.6657314637039,105.78695122394687
538.7657314637038,105.63602945478286
538.8657314637039,105.4858742011176
538.9657314637038,105.33648120512028
539.065731463704,105.18784623021918
539.1657314637039,105.03996506109797
539.265731463704,104.89283350368376
539.3657314637039,104.74644738513751
539.4657314637041,104.60080255383667
539.565731463704,104.45589487935996
539.6657314637041,104.3117202524647
539.765731463704,104.1682745850665
539.8657314637042,104.0255538102115
539.9657314637041,103.8835538820513
540.0657314637042,103.74227077581033
540.1657314637041,103.6017004877562
540.2657314637042,103.46183903516281
540.3657314637042,103.32268245627615
540.4657314637043,103.18422681027323
540.5657314637042,103.04646817722394
540.6657314637043,102.90940265804596
540.7657314637042,102.77302637446277
540.8657314637044,102.63733546895492
540.9657314637043,102.50232610471437
541.0657314637044,102.3679944655923
541.1657314637043,102.23433675605014
541.2657314637045,102.10134920110411
541.3657314637044,101.96902804627298
541.4657314637045,101.83736955751971
541.5657314637044,101.7063700211962
541.6657314637046,101.57602574398203
541.7657314637045,101.44633305282652
541.8657314637046,101.31728829488486
541.9657314637045,101.1888878374575
542.0657314637047,101.06112806792376
542.1657314637046,100.93400539367899
542.2657314637047,100.80751624206582
542.3657314637046,100.68165706030905
542.4657314637047,100.5564243154448
542.5657314637047,100.43181449425333
542.6657314637048,100.30782410318625
542.7657314637047,100.18444966829738
542.8657314637048,100.0616877351682
542.9657314637047,99.93953486883694
543.0657314637049,99.81798765372231
543.1657314637048,99.69704269355096
543.2657314637049,99.57669661127979
543.3657314637048,99.45694604902182
543.465731463705,99.33778766796712
543.5657314637049,99.21921814830736
543.665731463705,99.1012341891554
543.7657314637049,98.98383250846862
543.8657314637051,98.8670098429674
543.965731463705,98.75076294805731
544.0657314637051,98.6350885977465
544.165731463705,98.51998358456692
544.2657314637052,98.40544471949075
544.3657314637051,98.29146883185078
544.4657314637052,98.17805276925594
544.5657314637051,98.06519339751085
544.6657314637052,97.95288760053073
544.7657314637052,97.84113228026008
544.8657314637053,97.7299243565871
544.9657314637052,97.6192607672617
545.0657314637053,97.50913846780922
545.1657314637052,97.39955443144818
545.2657314637054,97.29050564900336
545.3657314637053,97.18198912882303
545.4657314637054,97.07400189669181
545.5657314637053,96.96654099574738
545.6657314637055,96.85960348639315
545.7657314637054,96.75318644621456
545.8657314637055,96.64728696989154
545.9657314637054,96.54190216911462
546.0657314637056,96.43702917249713
546.1657314637055,96.33266512549123
546.2657314637056,96.22880719029992
546.3657314637055,96.12545254579298
546.4657314637057,96.022598387419
546.5657314637056,95.92024192712117
546.6657314637057,95.81838039324937
546.7657314637056,95.71701103047597
546.8657314637057,95.61613109970799
546.9657314637057,95.51573787800285
547.0657314637058,95.41582865848078
547.1657314637057,95.31640075024067
547.2657314637058,95.21745147827252
547.3657314637057,95.11897818337353
547.4657314637059,95.02097822206079
547.5657314637058,94.92344896648748
547.6657314637059,94.82638780435585
547.7657314637058,94.72979213883369
547.865731463706,94.63365938846752
547.9657314637059,94.5379869870994
548.065731463706,94.4427723837805
548.1657314637059,94.34801304268804
548.2657314637061,94.25370644303938
548.365731463706,94.15985007900935
548.4657314637061,94.06644145964452
548.565731463706,93.97347810878114
548.6657314637062,93.8809575649597
548.7657314637061,93.7888773813433
548.8657314637062,93.6972351256327
548.9657314637061,93.60602837998516
549.0657314637062,93.51525474092988
549.1657314637062,93.4249118192873
549.2657314637063,93.33499724008527
549.3657314637062,93.24550864247848
549.4657314637063,93.15644367966544
549.5657314637062,93.06780001880838
549.6657314637064,92.97957534095065
549.7657314637063,92.89176734093728
549.8657314637064,92.80437372733293
549.9657314637063,92.71739222234298
550.0657314637065,92.63082056173208
550.1657314637064,92.54465649474585
550.2657314637065,92.45889778402993
550.3657314637064,92.37354220555243
550.4657314637066,92.28858754852344
550.5657314637065,92.20403161531824
550.6657314637066,92.11987222139736
550.7657314637065,92.03610719523037
550.8657314637067,91.95273437821672
550.9657314637066,91.86975162461003
551.0657314637067,91.78715680143972
551.1657314637066,91.70494778843587
551.2657314637067,91.62312247795147
551.3657314637067,91.54167877488807
551.4657314637068,91.46061459661865
551.5657314637067,91.37992787291391
551.6657314637068,91.29961654586587
551.7657314637067,91.21967856981485
551.8657314637069,91.14011191127372
551.9657314637068,91.06091454885558
552.0657314637069,90.98208447319878
552.1657314637068,90.90361968689518
552.265731463707,90.825518204416
552.3657314637069,90.74777805204073
552.465731463707,90.67039726778364
552.5657314637069,90.59337390132347
552.6657314637071,90.51670601393064
552.765731463707,90.4403916783977
552.8657314637071,90.36442897896714
552.965731463707,90.28881601126267
553.0657314637072,90.21355088221769
553.1657314637071,90.13863171000733
553.2657314637072,90.06405662397773
553.3657314637071,89.98982376457852
553.4657314637072,89.91593128329313
553.5657314637072,89.84237734257191
553.6657314637073,89.76916011576307
553.7657314637072,89.69627778704665
553.8657314637073,89.62372855136611
553.9657314637072,89.55151061436305
554.0657314637074,89.4796221923096
554.1657314637073,89.40806151204377
554.2657314637074,89.33682681090258
554.3657314637073,89.26591633665817
554.4657314637075,89.19532834745169
554.5657314637074,89.12506111173012
554.6657314637075,89.05511290818082
554.7657314637074,88.98548202566913
554.8657314637076,88.91616676317368
554.9657314637075,88.84716542972463
555.0657314637076,88.77847634433978
555.1657314637075,88.71009783596352
555.2657314637077,88.64202824340363
555.3657314637076,88.57426591527094
555.4657314637077,88.50680920991692
555.5657314637076,88.43965649537401
555.6657314637077,88.3728061492939
555.7657314637077,88.30625655888858
555.8657314637078,88.24000612086945
555.9657314637077,88.17405324138892
556.0657314637078,88.1083963359803
556.1657314637077,88.04303382950012
556.2657314637079,87.97796415606871
556.3657314637078,87.91318575901322
556.4657314637079,87.84869709080888
556.5657314637078,87.7844966130228
556.665731463708,87.72058279625581
556.7657314637079,87.65695412008706
556.865731463708,87.5936090730165
556.9657314637079,87.53054615241014
557.0657314637081,87.4677638644433
557.165731463708,87.40526072404649
557.2657314637081,87.34303525484937
557.365731463708,87.28108598912729
557.4657314637082,87.21941146774596
557.5657314637081,87.15801024010867
557.6657314637082,87.09688086410152
557.7657314637081,87.03602190604147
557.8657314637082,86.97543194062219
557.9657314637082,86.91510955086267
558.0657314637083,86.85505332805386
558.1657314637082,86.79526187170786
558.2657314637083,86.7357337895053
558.3657314637082,86.67646769724507
558.4657314637084,86.61746221879241
558.5657314637083,86.55871598602931
558.6657314637084,86.50022763880324
