434.96573146368024,52.785152483135604
435.06573146368027,52.88729572279091
435.1657314636803,52.989676942143504
435.2657314636803,53.09229660779503
435.36573146368033,53.19515518568633
435.46573146368036,53.29825314107716
435.5657314636804,53.40159093852549
435.6657314636804,53.50516904186669
435.7657314636804,53.608987914192575
435.86573146368045,53.713048017830054
435.96573146368047,53.817349814319776
436.0657314636805,53.92189376439435
436.1657314636805,54.026680327956534
436.26573146368054,54.1317099640571
436.36573146368056,54.23698313087251
436.4657314636806,54.342500285682334
436.5657314636806,54.44826188484653
436.66573146368063,54.55426838378242
436.76573146368065,54.66052023694144
436.8657314636807,54.76701789778573
436.9657314636807,54.87376181876443
437.0657314636807,54.980752451289796
437.16573146368074,55.087990245712966
437.26573146368077,55.195475651299716
437.3657314636808,55.30320911620572
437.4657314636808,55.41119108745177
437.56573146368083,55.519422010898666
437.66573146368086,55.62790233122188
437.7657314636809,55.736632491885935
437.8657314636809,55.845612935118666
437.9657314636809,55.95484410188511
438.06573146368095,56.064326431861204
438.16573146368097,56.17406036340719
438.265731463681,56.28404633354085
438.365731463681,56.39428477791042
438.46573146368104,56.50477613076724
438.56573146368106,56.61552082493822
438.6657314636811,56.726519291798006
438.7657314636811,56.837771961240854
438.86573146368113,56.94927926165232
438.96573146368115,57.06104161988059
439.0657314636812,57.17305946120765
439.1657314636812,57.28533320932011
439.2657314636812,57.39786328627983
439.36573146368124,57.510650112494154
439.46573146368127,57.62369410668608
439.5657314636813,57.7369956858639
439.6657314636813,57.850555265290815
439.76573146368133,57.9643732584541
439.86573146368136,58.078450077034
439.9657314636814,58.19278613087251
440.0657314636814,58.30738182794169
440.1657314636814,58.42223757431178
440.26573146368145,58.53735377411899
440.36573146368147,58.65273082953308
440.4657314636815,58.76836914072457
440.5657314636815,58.884269105831706
440.66573146368154,59.0004311209271
440.76573146368156,59.11685557998412
440.8657314636816,59.23354287484297
440.9657314636816,59.350493395176414
441.06573146368163,59.467707528455335
441.16573146368165,59.58518565991383
441.2657314636817,59.70292817251418
441.3657314636817,59.82093544691127
441.4657314636817,59.93920786141705
441.56573146368174,60.05774579196435
441.66573146368177,60.17654961207059
441.7657314636818,60.295619692801075
441.8657314636818,60.41495640273214
441.96573146368183,60.53456010791368
442.06573146368186,60.65443117183171
442.1657314636819,60.77456995537039
442.2657314636819,60.89497681677379
442.3657314636819,61.0156521116073
442.46573146368195,61.1365961927188
442.56573146368197,61.257809410199464
442.665731463682,61.379292111344135
442.765731463682,61.501044640611624
442.86573146368204,61.62306733958438
442.96573146368206,61.745360546928055
443.0657314636821,61.86792459835061
443.1657314636821,61.99075982656123
443.26573146368213,62.11386656122863
443.36573146368215,62.23724512893938
443.4657314636822,62.360895853155625
443.5657314636822,62.48481905417254
443.6657314636822,62.609015049075495
443.76573146368224,62.7334841516968
443.86573146368227,62.85822667257219
443.9657314636823,62.983242918896835
444.0657314636823,63.10853319448116
444.16573146368233,63.2340977997062
444.26573146368236,63.3599370314786
444.3657314636824,63.4860511831854
444.4657314636824,63.61244054464827
444.5657314636824,63.73910540207753
444.66573146368245,63.86604603802573
444.76573146368247,63.99326273134098
444.8657314636825,64.12075575711977
444.9657314636825,64.24852538665954
445.06573146368254,64.37657188741085
445.16573146368256,64.50489552292922
445.2657314636826,64.63349655282647
445.3657314636826,64.76237523272192
445.46573146368263,64.891531814193
445.56573146368265,65.02096654472558
445.6657314636827,65.15067966766401
445.7657314636827,65.28067142216067
445.8657314636827,65.41094204312506
445.96573146368274,65.54149176117289
446.06573146368277,65.6723208025743
446.1657314636828,65.80342938920205
446.2657314636828,65.93481773847921
446.36573146368283,66.06648606332644
446.46573146368286,66.19843457210897
446.5657314636829,66.33066346858315
446.6657314636829,66.46317295184258
446.7657314636829,66.59596321626391
446.86573146368295,66.72903445145225
446.96573146368297,66.86238684218611
447.065731463683,66.99602056836217
447.165731463683,67.12993580493927
447.26573146368304,67.26413272188245
447.36573146368306,67.39861148410627
447.4657314636831,67.53337225141794
447.5657314636831,67.66841517845991
447.66573146368313,67.80374041465211
447.76573146368315,67.93934810413393
447.8657314636832,68.07523838570552
447.9657314636832,68.21141139276895
448.0657314636832,68.34786725326887
448.16573146368324,68.48460608963278
448.26573146368327,68.62162801871081
448.3657314636833,68.7589331517153
448.4657314636833,68.89652159415978
448.56573146368333,69.03439344579768
448.66573146368336,69.17254880056052
448.7657314636834,69.31098774649585
448.8657314636834,69.44971036570458
448.9657314636834,69.58871673427811
449.06573146368345,69.7280069222349
449.16573146368347,69.86758099345677
449.2657314636835,70.00743900562465
449.3657314636835,70.14758101015403
449.46573146368354,70.28800705212994
449.56573146368356,70.42871717024157
449.6657314636836,70.56971139671641
449.7657314636836,70.71098975725415
449.86573146368363,70.85255227095986
449.96573146368365,70.99439895027713
450.0657314636837,71.13652980092056
450.1657314636837,71.27894482180781
450.2657314636837,71.4216440049915
450.36573146368374,71.56462733559046
450.46573146368377,71.70789479172055
450.5657314636838,71.85144634442536
450.6657314636838,71.99528195760614
450.76573146368384,72.13940158795158
450.86573146368386,72.28380518486706
450.9657314636839,72.42849269040352
451.0657314636839,72.57346403918594
451.1657314636839,72.71871915834137
451.26573146368395,72.86425796742665
451.36573146368397,73.01008037835558
451.465731463684,73.15618629532574
451.565731463684,73.30257561474504
451.66573146368404,73.44924822515763
451.76573146368406,73.59620400716958
451.8657314636841,73.74344283337409
451.9657314636841,73.89096456827632
452.06573146368413,74.0387690682178
452.16573146368415,74.18685618130043
452.2657314636842,74.33522574731013
452.3657314636842,74.48387759764006
452.4657314636842,74.63281155521342
452.56573146368424,74.78202743440588
452.66573146368427,74.93152504096761
452.7657314636843,75.08130417194498
452.8657314636843,75.23136461560173
452.96573146368434,75.38170615133987
453.06573146368436,75.53232854962012
453.1657314636844,75.68323157188202
453.2657314636844,75.83441497046367
453.3657314636844,75.98587848852092
453.46573146368445,76.13762185994645
453.5657314636845,76.2896448092882
453.6657314636845,76.44194705166764
453.7657314636845,76.59452829269749
453.86573146368454,76.74738822839922
453.96573146368456,76.90052654512006
454.0657314636846,77.05394291944971
454.1657314636846,77.20763701813661
454.26573146368463,77.36160849800402
454.36573146368465,77.51585700586546
454.4657314636847,77.67038217844008
454.5657314636847,77.82518364226745
454.6657314636847,77.98026101362213
454.76573146368474,78.13561389842788
454.86573146368477,78.2912418921714
454.9657314636848,78.44714457981596
455.0657314636848,78.60332153571437
455.16573146368484,78.75977232352197
455.26573146368486,78.91649649610896
455.3657314636849,79.07349359547267
455.4657314636849,79.23076315264927
455.5657314636849,79.38830468762538
455.66573146368495,79.54611770924912
455.765731463685,79.70420171514107
455.865731463685,79.86255619160481
455.965731463685,80.02118061353714
456.06573146368504,80.18007444433799
456.16573146368506,80.33923713582018
456.2657314636851,80.49866812811861
456.3657314636851,80.65836684959942
456.46573146368513,80.81833271676877
456.56573146368515,80.97856513418128
456.6657314636852,81.13906349434828
456.7657314636852,81.29982717764577
456.8657314636852,81.46085555222203
456.96573146368524,81.62214797390516
457.06573146368527,81.78370378611014
457.1657314636853,81.94552231974582
457.2657314636853,82.10760289312151
457.36573146368534,82.26994481185352
457.46573146368536,82.43254736877128
457.5657314636854,82.59540984382338
457.6657314636854,82.75853150398328
457.7657314636854,82.92191160315484
457.86573146368545,83.08554938207773
457.9657314636855,83.24944406823246
458.0657314636855,83.41359487574542
458.1657314636855,83.57800100529354
458.26573146368554,83.74266164400893
458.36573146368556,83.90757596538323
458.4657314636856,84.07274312917181
458.5657314636856,84.23816228129793
458.66573146368563,84.40383255375657
458.76573146368565,84.56975306451821
458.8657314636857,84.73592291743249
458.9657314636857,84.90234120213171
459.0657314636857,85.06900699393412
459.16573146368574,85.23591935374735
459.26573146368577,85.40307732797137
459.3657314636858,85.57047994840174
459.4657314636858,85.73812623213243
459.56573146368584,85.9060151814588
459.66573146368586,86.0741457837804
459.7657314636859,86.24251701150368
459.8657314636859,86.41112782194479
459.9657314636859,86.57997715723212
460.06573146368595,86.74906394420904
460.165731463686,86.9183870943364
460.265731463686,87.08794550359515
460.365731463686,87.25773805238894
460.46573146368604,87.42776360544671
460.56573146368606,87.59802101172518
460.6657314636861,87.7685091043116
460.7657314636861,87.93922670032632
460.86573146368613,88.11017260082552
460.96573146368615,88.28134559070396
461.0657314636862,88.45274443859782
461.1657314636862,88.62436789678759
461.2657314636862,88.796214701101
461.36573146368625,88.9682835708162
461.46573146368627,89.14057320856494
461.5657314636863,89.31308230023592
461.6657314636863,89.48580951487813
461.76573146368634,89.65875350460465
461.86573146368636,89.83191290449629
461.9657314636864,90.00528633250556
462.0657314636864,90.17887238936088
462.1657314636864,90.35266965847082
462.26573146368645,90.52667670582865
462.3657314636865,90.70089207991718
462.4657314636865,90.8753143116137
462.5657314636865,91.04994191409524
462.66573146368654,91.22477338274413
462.76573146368656,91.39980719505375
462.8657314636866,91.57504181053469
462.9657314636866,91.75047567062106
463.06573146368663,91.92610719857728
463.16573146368665,92.10193479940513
463.2657314636867,92.27795685975107
463.3657314636867,92.4541717478142
463.4657314636867,92.63057781325419
463.56573146368675,92.80717338709995
463.66573146368677,92.98395678165862
463.7657314636868,93.16092629042483
463.8657314636868,93.33808018799063
463.96573146368684,93.51541672995572
464.06573146368686,93.69293415283828
464.1657314636869,93.87063067398611
464.2657314636869,94.04850449148843
464.3657314636869,94.22655378408821
464.46573146368695,94.4047767110949
464.565731463687,94.58317141229789
464.665731463687,94.76173600788034
464.765731463687,94.94046859833388
464.86573146368704,95.11936726437361
464.96573146368706,95.298430066854
465.0657314636871,95.47765504668514
465.1657314636871,95.65704022475003
465.26573146368713,95.8365836018222
465.36573146368715,96.01628315848419
465.4657314636872,96.19613685504676
465.5657314636872,96.37614263146882
465.6657314636872,96.55629840727805
465.76573146368725,96.73660208149231
465.86573146368727,96.91705153254203
465.9657314636873,97.09764461819307
466.0657314636873,97.27837917547075
466.16573146368734,97.45925302058447
466.26573146368736,97.64026394885337
466.3657314636874,97.82140973463287
466.4657314636874,98.00268813124195
466.5657314636874,98.18409687089164
466.66573146368745,98.3656336646142
466.7657314636875,98.54729620219337
466.8657314636875,98.72908215209574
466.9657314636875,98.910989161403
467.06573146368754,99.09301485574514
467.16573146368756,99.27515683923491
467.2657314636876,99.4574126944033
467.3657314636876,99.63977998213598
467.46573146368763,99.82225624161103
467.56573146368765,100.00483899023779
467.6657314636877,100.18752572359678
467.7657314636877,100.37031391538088
467.8657314636877,100.5532010173377
467.96573146368775,100.73618445921326
468.06573146368777,100.9192616486968
468.1657314636878,101.10242997136687
468.2657314636878,101.28568679063889
468.36573146368784,101.4690294477139
468.46573146368786,101.65245526152854
468.5657314636879,101.83596152870679
468.6657314636879,102.01954552351256
468.7657314636879,102.20320449780426
468.86573146368795,102.38693568099033
468.965731463688,102.57073627998656
469.065731463688,102.75460347917476
469.165731463688,102.93853444036293
469.26573146368804,103.12252630274702
469.36573146368806,103.30657618287428
469.4657314636881,103.49068117460801
469.5657314636881,103.67483834909423
469.66573146368813,103.8590447547296
469.76573146368816,104.04329741713143
469.8657314636882,104.22759333910889
469.9657314636882,104.41192950063642
470.0657314636882,104.59630285882842
470.16573146368825,104.78071034791606
470.26573146368827,104.96514887922567
470.3657314636883,105.14961534115886
470.4657314636883,105.3341065991748
470.56573146368834,105.51861949577395
470.66573146368836,105.70315085048396
470.7657314636884,105.88769745984739
470.8657314636884,106.07225609741128
470.9657314636884,106.25682351371874
471.06573146368845,106.4413964363026
471.1657314636885,106.62597156968091
471.2657314636885,106.81054559535458
471.3657314636885,106.99511517180703
471.46573146368854,107.17967693450589
471.56573146368856,107.36422749590689
471.6657314636886,107.54876344545988
471.7657314636886,107.7332813496168
471.86573146368863,107.91777775184217
471.96573146368866,108.10224917262549
472.0657314636887,108.28669210949603
472.1657314636887,108.47110303703978
472.2657314636887,108.65547840691885
472.36573146368875,108.83981464789292
472.46573146368877,109.02410816584323
472.5657314636888,109.2083553437988
472.6657314636888,109.39255254196519
472.76573146368884,109.5766960977554
472.86573146368886,109.7607823258235
472.9657314636889,109.94480751810046
473.0657314636889,110.12876794383263
473.1657314636889,110.31265984962259
473.26573146368895,110.49647945947267
473.365731463689,110.68022297483091
473.465731463689,110.86388657463958
473.565731463689,111.04746641538647
473.66573146368904,111.23095863115849
473.76573146368906,111.41435933369826
473.8657314636891,111.59766461246316
473.9657314636891,111.7808705346871
474.06573146368913,111.96397314544501
474.16573146368916,112.14696846772017
474.2657314636892,112.3298525024741
474.3657314636892,112.51262122871941
474.4657314636892,112.6952706035954
474.56573146368925,112.87779656244645
474.66573146368927,113.06019501890326
474.7657314636893,113.24246186496707
474.8657314636893,113.4245929710966
474.96573146368934,113.60658418629806
475.06573146368936,113.78843133821798
475.1657314636894,113.97013023323902
475.2657314636894,114.15167665657889
475.36573146368943,114.333066372392
475.46573146368945,114.51429512387439
475.5657314636895,114.69535863337155
475.6657314636895,114.87625260248926
475.7657314636895,115.05697271220771
475.86573146368954,115.23751462299835
475.96573146368956,115.41787397494437
476.0657314636896,115.59804638786368
476.1657314636896,115.77802746143561
476.26573146368963,115.95781277533045
476.36573146368966,116.13739788934215
476.4657314636897,116.3167783435245
476.5657314636897,116.4959496583301
476.6657314636897,116.67490733475304
476.76573146368975,116.85364685447438
476.86573146368977,117.03216368001118
476.9657314636898,117.2104532548687
477.0657314636898,117.38851100369584
477.16573146368984,117.56633233244403
477.26573146368986,117.74391262852926
477.3657314636899,117.92124726099753
477.4657314636899,118.09833158069368
477.56573146368993,118.27516092043344
477.66573146368995,118.45173059517893
477.76573146369,118.62803590221765
477.86573146369,118.80407212134453
477.96573146369,118.97983451504774
478.06573146369004,119.15531832869762
478.16573146369007,119.3305187907392
478.2657314636901,119.50543111288802
478.3657314636901,119.68005049032958
478.46573146369013,119.85437210192183
478.56573146369016,120.0283911104016
478.6657314636902,120.2021026625941
478.7657314636902,120.37550188962598
478.8657314636902,120.548583907142
478.96573146369025,120.72134381552489
479.06573146369027,120.89377670011892
479.1657314636903,121.06587763145679
479.2657314636903,121.23764166549002
479.36573146369034,121.40906384382292
479.46573146369036,121.5801391939499
479.5657314636904,121.75086272949628
479.6657314636904,121.92122945046259
479.76573146369043,122.09123434347244
479.86573146369045,122.2608723820237
479.9657314636905,122.43013852674326
480.0657314636905,122.59902772564517
480.1657314636905,122.76753491439237
480.26573146369054,122.93565501656174
480.36573146369057,123.10338294391278
480.4657314636906,123.27071359665942
480.5657314636906,123.4376418637458
480.66573146369063,123.60416262312482
480.76573146369066,123.77027074204068
480.8657314636907,123.93596107731457
480.9657314636907,124.10122847563386
481.0657314636907,124.26606777384454
481.16573146369075,124.43047379924725
481.26573146369077,124.59444136989657
481.3657314636908,124.75796529490366
481.4657314636908,124.92104037474235
481.56573146369084,125.0836614015584
481.66573146369086,125.24582315948231
481.7657314636909,125.40752042494518
481.8657314636909,125.56874796699802
481.96573146369093,125.72950054763434
482.06573146369095,125.88977292211588
482.165731463691,126.04955983930162
482.265731463691,126.2088560419801
482.365731463691,126.36765626720477
482.46573146369104,126.5259552466326
482.56573146369107,126.68374770686592
482.6657314636911,126.84102836979706
482.7657314636911,126.99779195295662
482.86573146369113,127.15403316986425
482.96573146369116,127.30974673038288
483.0657314636912,127.46492734107584
483.1657314636912,127.61956970556685
483.2657314636912,127.77366852490321
483.36573146369125,127.9272184979218
483.46573146369127,128.0802143216179
483.5657314636913,128.232650691517
483.6657314636913,128.38452230204948
483.76573146369134,128.53582384692814
483.86573146369136,128.68655001952806
483.9657314636914,128.83669551327
484.0657314636914,128.9862550220057
484.16573146369143,129.13522324040633
484.26573146369145,129.28359486435357
484.3657314636915,129.4313645913329
484.4657314636915,129.57852712082988
484.5657314636915,129.72507715472864
484.66573146369154,129.8710093977131
484.76573146369157,130.01631855767033
484.8657314636916,130.16099934609656
484.9657314636916,130.3050464785053
485.06573146369163,130.448454674838
485.16573146369166,130.5912186598767
485.2657314636917,130.73333316365918
485.3657314636917,130.874792921896
485.4657314636917,131.01559267638976
485.56573146369175,131.1557271754565
485.66573146369177,131.29519117434893
485.7657314636918,131.4339794356819
485.8657314636918,131.57208672985942
485.96573146369184,131.70950783550387
486.06573146369186,131.84623753988683
486.1657314636919,131.98227063936162
486.2657314636919,132.11760193979782
486.36573146369193,132.25222625701699
486.46573146369195,132.3861384172304
486.565731463692,132.51933325747808
486.665731463692,132.65180562606926
486.765731463692,132.78355038302445
486.86573146369204,132.91456240051872
486.96573146369207,133.04483656332616
487.0657314636921,133.17436776926593
487.1657314636921,133.3031509296491
487.26573146369213,133.43118096972682
487.36573146369216,133.5584528291394
487.4657314636922,133.68496146236657
487.5657314636922,133.81070183917834
487.6657314636922,133.93566894508697
487.76573146369225,134.0598577817997
487.86573146369227,134.18326336767208
487.9657314636923,134.30588073816196
488.0657314636923,134.4277049462841
488.16573146369234,134.54873106306553
488.26573146369236,134.6689541780007
488.3657314636924,134.78836939950781
488.4657314636924,134.90697185538494
488.56573146369243,135.02475669326634
488.66573146369245,135.14171908107934
488.7657314636925,135.25785420750103
488.8657314636925,135.37315728241475
488.9657314636925,135.48762353736714
489.06573146369254,135.60124822602447
489.16573146369257,135.71402662462896
489.2657314636926,135.82595403245512
489.3657314636926,135.9370257722651
489.46573146369263,136.0472371907643
489.56573146369266,136.15658365905594
489.6657314636927,136.26506057309544
489.7657314636927,136.37266335414375
489.8657314636927,136.47938744922038
489.96573146369275,136.5852283315552
490.06573146369277,136.6901815010397
490.1657314636928,136.79424248467708
490.2657314636928,136.8974068370313
490.36573146369284,136.99967014067514
490.46573146369286,137.10102800663682
490.5657314636929,137.20147607484571
490.6657314636929,137.3010100145762
490.76573146369293,137.39962552489058
490.86573146369295,137.49731833508008
490.965731463693,137.5940842051046
491.065731463693,137.68991892603037
491.165731463693,137.78481832046631
491.26573146369304,137.87877824299815
491.36573146369307,137.97179458062087
491.4657314636931,138.06386325316913
491.5657314636931,138.15498021374552
491.66573146369313,138.24514144914667
491.76573146369316,138.33434298028723
491.8657314636932,138.42258086262143
491.9657314636932,138.50985118656223
492.0657314636932,138.59615007789813
492.16573146369325,138.6814736982072
492.26573146369327,138.76581824526886
492.3657314636933,138.84917995347234
492.4657314636933,138.93155509422294
492.56573146369334,139.0129399763452
492.66573146369336,139.09333094648298
492.7657314636934,139.17272438949666
492.8657314636934,139.2511167288573
492.96573146369343,139.32850442703744
493.06573146369345,139.40488398589866
493.1657314636935,139.4802519470761
493.2657314636935,139.5546048923591
493.3657314636935,139.62793944406866
493.46573146369354,139.7002522654313
493.56573146369357,139.7715400609493
493.6657314636936,139.84179957676693
493.7657314636936,139.91102760103342
493.86573146369363,139.97922096426157
493.96573146369366,140.04637653968268
494.0657314636937,140.1124912435975
494.1657314636937,140.17756203572296
494.2657314636937,140.24158591953469
494.36573146369375,140.30455994260575
494.46573146369377,140.3664811969404
494.5657314636938,140.4273468193042
494.6657314636938,140.4871539915491
494.76573146369384,140.54589994093433
494.86573146369386,140.60358194044284
494.9657314636939,140.66019730909267
495.0657314636939,140.71574341224428
495.16573146369393,140.7702176619023
495.26573146369395,140.82361751701328
495.365731463694,140.87594048375794
495.465731463694,140.92718411583877
495.565731463694,140.97734601476262
495.66573146369404,141.0264238301181
495.76573146369407,141.07441525984783
495.8657314636941,141.12131805051567
495.9657314636941,141.16712999756862
496.06573146369414,141.21184894559337
496.16573146369416,141.25547278856754
496.2657314636942,141.29799947010557
496.3657314636942,141.3394269836989
496.4657314636942,141.37975337295106
496.56573146369425,141.41897673180677
496.66573146369427,141.45709520477567
496.7657314636943,141.49410698715036
496.8657314636943,141.53001032521863
496.96573146369434,141.5648035164699
497.06573146369436,141.59848490979624
497.1657314636944,141.6310529056869
497.2657314636944,141.66250595641748
497.36573146369443,141.69284256623303
497.46573146369445,141.722061291525
497.5657314636945,141.75016074100242
497.6657314636945,141.77713957585684
497.7657314636945,141.80299650992137
497.86573146369454,141.82773030982332
497.96573146369457,141.85133979513117
498.0657314636946,141.87382383849476
498.1657314636946,141.89518136577956
498.26573146369464,141.91541135619505
498.36573146369466,141.9345128424159
498.4657314636947,141.95248491069788
498.5657314636947,141.96932670098673
498.6657314636947,141.985037407021
498.76573146369475,141.99961627642833
498.8657314636948,142.01306261081555
498.9657314636948,142.02537576585223
499.0657314636948,142.0365551513477
499.16573146369484,142.04660023132186
499.26573146369486,142.05551052406926
499.3657314636949,142.06328560221706
499.4657314636949,142.06992509277586
499.56573146369493,142.07542867718485
499.66573146369495,142.07979609134975
499.765731463695,142.08302712567445
499.865731463695,142.08512162508643
499.965731463695,142.08607948905515
500.06573146369504,142.08490429339622
500.16573146369507,142.07825139817996
500.2657314636951,142.0658516036858
500.3657314636951,142.04770791910607
500.46573146369514,142.0238247461454
500.56573146369516,141.994207876352
500.6657314636952,141.95886448760842
500.7657314636952,141.91780313978617
500.8657314636952,141.87103376956873
500.96573146369525,141.81856768444868
501.0657314636953,141.7604175559062
501.1657314636953,141.69659741177617
501.2657314636953,141.62712262781247
501.36573146369534,141.5520099184594
501.46573146369536,141.4712773268396
501.5657314636954,141.38494421397073
501.6657314636954,141.2930312472219
501.76573146369543,141.1955603880232
501.86573146369545,141.09255487884184
501.9657314636955,140.98403922943896
502.0657314636955,140.8700392024222
502.1657314636955,140.7505817981102
502.26573146369554,140.6256952387248
502.36573146369557,140.49540895192848
502.4657314636956,140.3597535537245
502.5657314636956,140.21876083073832
502.66573146369564,140.07246372189877
502.76573146369566,139.9208962995385
502.8657314636957,139.7640937499338
502.9657314636957,139.6020923533035
503.0657314636957,139.43492946328863
503.16573146369575,139.26264348593298
503.2657314636958,139.0852738581871
503.3657314636958,138.9028610259564
503.4657314636958,138.7154464217168
503.56573146369584,138.5230724417191
503.66573146369586,138.32578242280564
503.7657314636959,138.1236206188614
503.8657314636959,137.91663217692266
503.96573146369593,137.7048631129668
504.06573146369595,137.4883602874053
504.165731463696,137.2671713803045
504.265731463696,137.0413448663561
504.365731463696,136.81092998962157
504.46573146369605,136.57597673807288
504.56573146369607,136.3365358179533
504.6657314636961,136.09265862798074
504.7657314636961,135.84439723341671
504.86573146369614,135.59180434002366
504.96573146369616,135.33493326793266
505.0657314636962,135.0738379254446
505.1657314636962,134.80857278278563
505.2657314636962,134.5391928458399
505.36573146369625,134.26575362987987
505.4657314636963,133.98831113331613
505.5657314636963,133.70692181148667
505.6657314636963,133.42164255050662
505.76573146369634,133.1325306411982
505.86573146369636,132.83964375312004
505.9657314636964,132.54303990871554
506.0657314636964,132.24277745759886
506.16573146369643,131.93891505099586
506.26573146369645,131.63151161635926
506.3657314636965,131.32062633217373
506.4657314636965,131.00631860296838
506.5657314636965,130.68864803455276
506.66573146369655,130.3676744094918
506.76573146369657,130.04345766283495
506.8657314636966,129.71605785811406
506.9657314636966,129.38553516362373
507.06573146369664,129.0519498289981
507.16573146369666,128.7153621620962
507.2657314636967,128.37583250620898
507.3657314636967,128.03342121759874
507.4657314636967,127.68818864338313
507.56573146369675,127.34019509977341
507.6657314636968,126.98950085067727
507.7657314636968,126.63616608667587
507.8657314636968,126.28025090438317
507.96573146369684,125.9218152861966
508.06573146369686,125.56091908044617
508.1657314636969,125.1976219819492
508.2657314636969,124.83198351297749
508.36573146369693,124.46406300464251
508.46573146369695,124.09391957870427
508.565731463697,123.72161212980862
508.665731463697,123.34719930815743
508.765731463697,122.97073950261546
508.86573146369705,122.592290824257
508.96573146369707,122.21191109035546
509.0657314636971,121.82965780881774
509.1657314636971,121.44558816306572
509.26573146369714,121.0597589973656
509.36573146369716,120.67222680260663
509.4657314636972,120.28304770252876
509.5657314636972,119.8922774404004
509.6657314636972,119.49997136614458
509.76573146369725,119.10618442391339
509.8657314636973,118.71097114010938
509.9657314636973,118.31438561185197
510.0657314636973,117.91648149588707
510.16573146369734,117.51731199793744
510.26573146369736,117.11692986249105
510.3657314636974,116.71538736302436
510.4657314636974,116.31273629265709
510.56573146369743,115.90902795523489
510.66573146369745,115.50431315683572
510.7657314636975,115.0986421976958
510.8657314636975,114.69206486455067
510.9657314636975,114.28463042338609
511.06573146369755,113.8763876125945
511.16573146369757,113.46738463653112
511.2657314636976,113.05766915946438
511.3657314636976,112.64728829991529
511.46573146369764,112.23628862537934
511.56573146369766,111.82471614742568
511.6657314636977,111.4126163171663
511.7657314636977,111.00003402108999
511.8657314636977,110.58701357725371
511.96573146369775,110.17359873182527
512.0657314636978,109.75983265597006
512.1657314636977,109.34575794307719
512.2657314636979,108.93141660631086
512.3657314636978,108.51685007649543
512.4657314636979,108.10209920030353
512.5657314636978,107.68720423876856
512.665731463698,107.2722048660841
512.7657314636979,106.85714016871371
512.865731463698,106.44204864477317
512.9657314636979,106.02696820370824
513.0657314636981,105.61193616623075
513.165731463698,105.19698926453528
513.2657314636981,104.78216364275957
513.365731463698,104.3674948577111
513.4657314636981,103.95301787982267
513.5657314636981,103.53876709435976
513.6657314636982,103.12477630284222
513.7657314636981,102.7110787247036
513.8657314636982,102.29770699915031
513.9657314636981,101.88469318724412
514.0657314636983,101.47206877417068
514.1657314636982,101.05986467171712
514.2657314636983,100.6481112209217
514.3657314636982,100.2368381949192
514.4657314636984,99.82607480194443
514.5657314636983,99.415849688518
514.6657314636984,99.00619094277724
514.7657314636983,98.59712609797603
514.8657314636985,98.18868213611691
514.9657314636984,97.78088549173934
515.0657314636985,97.37376205582778
515.1657314636984,96.9673371798633
515.2657314636986,96.56163567998328
515.3657314636985,96.1566818412722
515.4657314636986,95.75249942214909
515.5657314636985,95.34911165887452
515.6657314636986,94.9465412701427
515.7657314636986,94.54481046178235
515.8657314636987,94.14394093153149
515.9657314636986,93.74395387391053
516.0657314636987,93.34486998515894
516.1657314636986,92.9467094682597
516.2657314636988,92.54949203801766
516.3657314636987,92.15323692621587
516.4657314636988,91.75796288681619
516.5657314636987,91.36368820122868
516.6657314636989,90.97043068361634
516.7657314636988,90.57820768625952
516.8657314636989,90.18703610494732
516.9657314636988,89.79693238442032
517.065731463699,89.40791252383194
517.1657314636989,89.01999208225344
517.265731463699,88.6331861841898
517.3657314636989,88.24750952513168
517.4657314636991,87.86297637711131
517.565731463699,87.47960059428699
517.6657314636991,87.09739561852516
517.765731463699,86.71637448500428
517.8657314636991,86.33654982780993
517.9657314636991,85.95793388554547
518.0657314636992,85.58053850692818
518.1657314636991,85.2043751563951
518.2657314636992,84.82945491968871
518.3657314636991,84.45578850944707
518.4657314636993,84.08338627076864
518.5657314636992,83.71225818677651
518.6657314636993,83.34241388415269
518.7657314636992,82.97386263866714
518.8657314636994,82.60661338067234
518.9657314636993,82.24067470058854
519.0657314636994,81.8760548543505
519.1657314636993,81.5127617688409
519.2657314636995,81.15080304728167
519.3657314636994,80.79018597460833
519.4657314636995,80.43091752279902
519.5657314636994,80.07300435618308
519.6657314636996,79.71645283670142
519.7657314636995,79.36126902914367
519.8657314636996,79.00745870633403
519.9657314636995,78.65502735429129
520.0657314636996,78.30398017733546
520.1657314636996,77.9543221031658
520.2657314636997,77.60605778788334
520.3657314636996,77.25919162098288
520.4657314636997,76.91372773028743
520.5657314636996,76.56966998685009
520.6657314636998,76.227022009797
520.7657314636997,75.88578717113589
520.8657314636998,75.5459686005043
520.9657314636997,75.20756918988195
521.0657314636999,74.87059159824166
521.1657314636998,74.53503825616302
521.2657314636999,74.20091137038374
521.3657314636998,73.86821292831264
521.4657314637,73.53694470247962
521.5657314636999,73.20710825494619
521.6657314637,72.87870494165254
521.7657314636999,72.55173591672452
521.8657314637001,72.2262021367164
521.9657314637,71.90210436481327
522.0657314637001,71.57944317496899
522.1657314637,71.25821895600306
522.2657314637001,70.93843191563316
522.3657314637001,70.6200820844663
522.4657314637002,70.30316931992552
522.5657314637001,69.98769331013513
522.6657314637002,69.67365357774167
522.7657314637001,69.36104948369338
522.8657314637003,69.0498802309555
522.9657314637002,68.74014486818423
523.0657314637003,68.431842293337
523.1657314637002,68.12497125724137
523.2657314637004,67.81953036710065
523.3657314637003,67.51551808995877
523.4657314637004,67.2129327561021
523.5657314637003,66.9117725624208
523.6657314637005,66.61203557570785
523.7657314637004,66.31371973591833
523.8657314637005,66.01682285936656
523.9657314637004,65.72134264188414
524.0657314637006,65.42727666191685
524.1657314637005,65.13462238358268
524.2657314637006,64.84337715966973
524.3657314637005,64.55353823459575
524.4657314637006,64.2651027473084
524.5657314637006,63.978067734148
524.6657314637007,63.69243013165152
524.7657314637006,63.4081867793201
524.8657314637007,63.12533442232879
524.9657314637006,62.84386971420013
525.0657314637008,62.563789219421366
525.1657314637007,62.28508941602616
525.2657314637008,62.00776669812082
525.3657314637007,61.731817378375915
525.4657314637009,61.4572376904635
525.5657314637008,61.18402379146044
525.6657314637009,60.91217176419841
525.7657314637008,60.641677619580996
525.865731463701,60.37253729884832
525.9657314637009,60.10474667580968
526.065731463701,59.83830155902497
526.1657314637009,59.57319769395484
526.2657314637011,59.30943076506065
526.365731463701,59.04699639787424
526.4657314637011,58.785890161018486
526.565731463701,58.52610756819858
526.6657314637011,58.267644080145175
526.7657314637011,58.01049510652912
526.8657314637012,57.75465600782936
526.9657314637011,57.50012209717305
527.0657314637012,57.246888642130024
527.1657314637011,56.99495086648059
527.2657314637013,56.7443039519384
527.3657314637012,56.494943039847776
527.4657314637013,56.246863232837285
527.5657314637012,56.00005959644834
527.6657314637014,55.75452716072142
527.7657314637013,55.51026092175817
527.8657314637014,55.26725584324192
527.9657314637013,55.025506857935305
528.0657314637015,54.78500886913725
528.1657314637014,54.54575675211775
528.2657314637015,54.30774535551325
528.3657314637014,54.07096950270068
528.4657314637016,53.83542399313301
528.5657314637015,53.60110360365437
528.6657314637016,53.36800308977765
528.7657314637015,53.136117186942585
528.8657314637016,52.905440611737326
528.9657314637016,52.67596806310111
529.0657314637017,52.44769422349168
529.1657314637016,52.22061376003445
529.2657314637017,51.99472132563737
529.3657314637016,51.770011560088385
529.4657314637018,51.54647909111952
529.5657314637017,51.324118535454375
529.6657314637018,51.102924499823054
529.7657314637017,50.88289158196138
529.8657314637019,50.66401437157845
529.9657314637018,50.44628745130906
530.0657314637019,50.229705397635584
530.1657314637018,50.014262781795324
530.265731463702,49.7999541706581
530.3657314637019,49.58677412759025
530.465731463702,49.37471721328949
530.5657314637019,49.16377798660695
530.6657314637021,48.95395100534102
530.765731463702,48.745230827018794
530.8657314637021,48.53761200965038
530.965731463702,48.33108911247136
531.0657314637021,48.12565669665879
531.1657314637021,47.92130932603621
531.2657314637022,47.71804156775281
531.3657314637021,47.51584799295225
531.4657314637022,47.31472317741643
531.5657314637021,47.114661702199456
531.6657314637023,46.91565815423727
531.7657314637022,46.71770712694822
531.8657314637023,46.520803220809796
531.9657314637022,46.32494104392691
532.0657314637024,46.13011521257724
532.1657314637023,45.93632035174835
532.2657314637024,45.743551095652755
532.3657314637023,45.55180208823529
532.4657314637025,45.361067983658955
532.5657314637024,45.17134344678365
532.6657314637025,44.98262315362409
532.7657314637024,44.79490179180097
532.8657314637026,44.60817406097193
532.9657314637025,44.42243467325649
533.0657314637026,44.23767835364105
533.1657314637025,44.05389984037847
533.2657314637027,43.87109388536842
533.3657314637026,43.689255254532476
533.4657314637027,43.5083787281709
533.5657314637026,43.32845910131424
533.6657314637027,43.149491184057375
533.7657314637027,42.97146980188883
533.8657314637028,42.79438979600287
533.9657314637027,42.61824602360741
534.0657314637028,42.44303335821526
534.1657314637027,42.268746689931405
534.2657314637029,42.09538092572422
534.3657314637028,41.922930989693164
534.4657314637029,41.7513918233207
534.5657314637028,41.58075838572123
534.665731463703,41.411025653874646
534.7657314637029,41.2421886228572
534.865731463703,41.07424230605752
534.9657314637029,40.90718173539026
535.0657314637031,40.74100196149532
535.165731463703,40.57569805393495
535.2657314637031,40.41126510137696
535.365731463703,40.24769821177608
535.4657314637032,40.08499251254182
535.5657314637031,39.92314315070472
535.6657314637032,39.76214529306961
535.7657314637031,39.60199412636752
535.8657314637032,39.44268485739485
535.9657314637032,39.284212713151625
536.0657314637033,39.12657294096728
536.1657314637032,38.969760808625836
536.2657314637033,38.81377160447894
536.3657314637032,38.65860063755856
536.4657314637034,38.50424323767785
536.5657314637033,38.35069475553194
536.6657314637034,38.197950562787305
536.7657314637033,38.04600605217109
536.8657314637035,37.894856637549466
536.9657314637034,37.74449775400626
537.0657314637035,37.59492485791072
537.1657314637034,37.4461334269858
537.2657314637036,37.298118960366075
537.3657314637035,37.150876978656136
537.4657314637036,37.004403023978995
537.5657314637035,36.85869266002525
537.6657314637037,36.713741472092366
537.7657314637036,36.56954506712503
537.8657314637037,36.42609907374584
537.9657314637036,36.283399142287244
538.0657314637037,36.14144094481413
538.1657314637037,36.00022017514768
538.2657314637038,35.859732548880295
538.3657314637037,35.71997380339189
538.4657314637038,35.58093969785741
538.5657314637037,35.44262601325599
538.6657314637039,35.30502855237153
538.7657314637038,35.16814313979501
538.8657314637039,35.03196562191848
538.9657314637038,34.89649186693097
539.065731463704,34.761717764806214
539.1657314637039,34.627639227292434
539.265731463704,34.49425218789423
539.3657314637039,34.36155260185653
539.4657314637041,34.22953644614098
539.565731463704,34.098199719404384
539.6657314637041,33.96753844196983
539.765731463704,33.83754865580005
539.8657314637042,33.70822642446352
539.9657314637041,33.579567833102956
540.0657314637042,33.451568988396836
540.1657314637041,33.32422601852319
540.2657314637042,33.19753507311678
540.3657314637042,33.071492323228654
540.4657314637043,32.94609396127904
540.5657314637042,32.82133620101291
540.6657314637043,32.697215277449075
540.7657314637042,32.57372744683181
540.8657314637044,32.450868986576346
540.9657314637043,32.32863619521697
541.0657314637044,32.20702539234902
541.1657314637043,32.08603291857366
541.2657314637045,31.965655135436727
541.3657314637044,31.84588842537032
541.4657314637045,31.726729191628642
541.5657314637044,31.608173858226735
541.6657314637046,31.490218869873456
541.7657314637045,31.37286069190748
541.8657314637046,31.25609581022775
541.9657314637045,31.139920731226898
542.0657314637047,31.02433198171922
542.1657314637046,30.90932610887181
542.2657314637047,30.794899680130296
542.3657314637046,30.68104928314772
542.4657314637047,30.567771525708224
542.5657314637047,30.455063035653907
542.6657314637048,30.34292046080663
542.7657314637047,30.231340468892935
542.8657314637048,30.120319747464094
542.9657314637047,30.00985500381935
543.0657314637049,29.899942964924318
543.1657314637048,29.790580377332603
543.2657314637049,29.681764007102814
543.3657314637048,29.57349063971865
543.465731463705,29.465757080004543
543.5657314637049,29.358560152044554
543.665731463705,29.251896699096676
543.7657314637049,29.14576358351052
543.8657314637051,29.040157686640608
543.965731463705,28.93507590876292
544.0657314637051,28.830515168987162
544.165731463705,28.726472405172437
544.2657314637052,28.622944573838538
544.3657314637051,28.51992865008079
544.4657314637052,28.417421627480593
544.5657314637051,28.31542051801942
544.6657314637052,28.21392235198877
544.7657314637052,28.112924177903427
544.8657314637053,28.012423062410853
544.9657314637052,27.9124160902039
545.0657314637053,27.812900363929607
545.1657314637052,27.7138730041015
545.2657314637054,27.615331149007986
545.3657314637053,27.517271954624157
545.4657314637054,27.419692594519905
545.5657314637053,27.322590259771403
545.6657314637055,27.225962158868942
545.7657314637054,27.129805517628107
545.8657314637055,27.034117579097472
545.9657314637054,26.938895603469625
546.0657314637056,26.844136867988635
546.1657314637055,26.74983866686102
546.2657314637056,26.655998311163174
546.3657314637055,26.5626131287522
546.4657314637057,26.469680464173393
546.5657314637056,26.3771976785711
546.6657314637057,26.285162149596154
546.7657314637056,26.193571271316866
546.8657314637057,26.102422454126614
546.9657314637057,26.01171312465482
547.0657314637058,25.92144072567477
547.1657314637057,25.8316027160148
547.2657314637058,25.742196570466213
547.3657314637057,25.65321977969473
547.4657314637059,25.564669850148725
547.5657314637058,25.47654430397077
547.6657314637059,25.388840678906288
547.7657314637058,25.30155652821541
547.865731463706,25.214689420581834
547.9657314637059,25.12823694002513
548.065731463706,25.04219668580995
548.1657314637059,24.95656627235865
548.2657314637061,24.871343329160965
548.365731463706,24.78652550068703
548.4657314637061,24.702110446297446
548.565731463706,24.618095840156794
548.6657314637062,24.53447937114418
548.7657314637061,24.45125874276712
548.8657314637062,24.368431673072713
548.9657314637061,24.28599589456197
549.0657314637062,24.20394915410145
549.1657314637062,24.122289212838222
549.2657314637063,24.041013846112016
549.3657314637062,23.960120843370646
549.4657314637063,23.879608008082872
549.5657314637062,23.799473157654354
549.6657314637064,23.719714123341017
549.7657314637063,23.64032875016571
549.8657314637064,23.56131489683219
549.9657314637063,23.482670435642284
550.0657314637065,23.404393252410614
550.1657314637064,23.326481246382375
550.2657314637065,23.248932330148662
550.3657314637064,23.171744429564946
550.4657314637066,23.094915483667044
550.5657314637065,23.01844344459029
550.6657314637066,22.942326277486142
550.7657314637065,22.86656196044206
550.8657314637067,22.791148484398843
550.9657314637066,22.716083853071108
551.0657314637067,22.641366082865428
551.1657314637066,22.566993202801488
551.2657314637067,22.492963254430887
551.3657314637067,22.419274291759084
551.4657314637068,22.34592438116492
551.5657314637067,22.27291160132322
551.6657314637068,22.20023404312514
551.7657314637067,22.127889809601463
551.8657314637069,22.05587701584367
551.9657314637068,21.984193788928017
552.0657314637069,21.912838267837362
552.1657314637068,21.84180860338593
552.265731463707,21.77110295814197
552.3657314637069,21.700719506353263
552.465731463707,21.630656433870474
552.5657314637069,21.560911938073513
552.6657314637071,21.49148422779562
552.765731463707,21.422371523250444
552.8657314637071,21.35357205595698
552.965731463707,21.285084068667377
553.0657314637072,21.21690581529262
553.1657314637071,21.149035560831166
553.2657314637072,21.081471581295393
553.3657314637071,21.014212163640945
553.4657314637072,20.94725560569405
553.5657314637072,20.880600216081614
553.6657314637073,20.81424431415926
553.7657314637072,20.748186229942267
553.8657314637073,20.682424304034395
553.9657314637072,20.61695688755952
554.0657314637074,20.551782342091332
554.1657314637073,20.48689903958572
554.2657314637074,20.4223053623112
554.3657314637073,20.35799970278213
554.4657314637075,20.293980463689934
554.5657314637074,20.230246057837036
554.6657314637075,20.16679490806888
554.7657314637074,20.10362544720867
554.8657314637076,20.040736117990143
554.9657314637075,19.97812537299306
555.0657314637076,19.91579167457679
555.1657314637075,19.853733494816577
555.2657314637077,19.79194931543784
555.3657314637076,19.730437627753254
555.4657314637077,19.66919693259783
555.5657314637076,19.60822574026671
555.6657314637077,19.54752257045106
555.7657314637077,19.487085952176596
555.8657314637078,19.426914423740254
555.9657314637077,19.367006532649466
556.0657314637078,19.307360835559606
556.1657314637077,19.247975898213994
556.2657314637079,19.18885029538211
556.3657314637078,19.129982610800347
556.4657314637079,19.07137143711097
556.5657314637078,19.01301537580362
556.665731463708,18.95491303715502
556.7657314637079,18.8970630401712
556.865731463708,18.839464012527976
556.9657314637079,18.78211459051389
557.0657314637081,18.72501341897141
557.165731463708,18.668159151240626
557.2657314637081,18.6115504491012
557.365731463708,18.5551859827167
557.4657314637082,18.499064430577373
557.5657314637081,18.443184479445183
557.6657314637082,18.38754482429721
557.7657314637081,18.332144168271512
557.8657314637082,18.276981222611226
557.9657314637082,18.222054706611047
558.0657314637083,18.16736334756212
558.1657314637082,18.112905880699234
558.2657314637083,18.058681049146337
558.3657314637082,18.004687603864483
558.4657314637084,17.95092430359805
558.5657314637083,17.897389914823325
558.6657314637084,17.84408321169547
