514.0238816738818,0.45228460644326873
514.1238816738818,0.45239555754472294
514.2238816738818,0.4525070738747962
514.3238816738818,0.4526191592609349
514.4238816738819,0.45273181756288244
514.5238816738819,0.45284505267300573
514.6238816738819,0.45295886851662487
514.7238816738819,0.453073269052347
514.8238816738819,0.4531882582724042
514.923881673882,0.453303840202995
515.023881673882,0.45342001890463024
515.123881673882,0.4535367984724828
515.223881673882,0.45365418303674193
515.323881673882,0.45377217676297116
515.4238816738821,0.45389078385247084
515.5238816738821,0.45401000854264506
515.6238816738821,0.4541298551073727
515.7238816738821,0.4542503278573832
515.8238816738822,0.4543714311406365
515.9238816738822,0.45449316934270784
516.0238816738822,0.45461554688717704
516.1238816738822,0.45473856823602254
516.2238816738823,0.4548622378900201
516.3238816738823,0.45498656038914637
516.4238816738823,0.45511154031298723
516.5238816738823,0.45523718228115145
516.6238816738824,0.455363490953689
516.7238816738824,0.4554904710315143
516.8238816738824,0.4556181272568353
516.9238816738824,0.4557464644135871
517.0238816738824,0.4558754873278714
517.1238816738825,0.45600520086840063
517.2238816738825,0.45613560994694846
517.3238816738825,0.45626671951880526
517.4238816738825,0.4563985345832389
517.5238816738826,0.4565310601839622
517.6238816738826,0.4566643014096051
517.7238816738826,0.45679826339419327
517.8238816738826,0.45693295131763245
517.9238816738826,0.457068370406199
518.0238816738827,0.4572045259330363
518.1238816738827,0.45734142321865734
518.2238816738827,0.4574790676314539
518.3238816738827,0.45761746458821173
518.4238816738828,0.4577566195546324
518.5238816738828,0.4578965380458615
518.6238816738828,0.45803722562702365
518.7238816738828,0.4581786879137642
518.8238816738829,0.4583209305727979
518.9238816738829,0.458463959322464
519.0238816738829,0.45860777993328883
519.1238816738829,0.45875239822855574
519.2238816738829,0.45889782008488145
519.323881673883,0.45904405143280047
519.423881673883,0.4591910982573566
519.523881673883,0.45933896659870216
519.623881673883,0.45948766255270485
519.723881673883,0.45963719227156213
519.8238816738831,0.4597875619644239
519.9238816738831,0.45993877789802284
520.0238816738831,0.46009084639731307
520.1238816738831,0.4602437738461169
520.2238816738832,0.46039756668778015
520.3238816738832,0.46055223142583557
520.4238816738832,0.4607077746246754
520.5238816738832,0.4608642029102321
520.6238816738833,0.46102152297066845
520.7238816738833,0.4611797415570762
520.8238816738833,0.4613388654841841
520.9238816738833,0.4614989016310753
521.0238816738834,0.46165985694191386
521.1238816738834,0.46182173842668084
521.2238816738834,0.4619845531619204
521.3238816738834,0.46214830829149534
521.4238816738834,0.4623130110273529
521.5238816738835,0.46247866865030035
521.6238816738835,0.4626452885107914
521.7238816738835,0.46281287802972243
521.8238816738835,0.46298144469923974
521.9238816738836,0.46315099608355736
522.0238816738836,0.463321539819786
522.1238816738836,0.46349308361877267
522.2238816738836,0.46366563526595195
522.3238816738836,0.4638392026222085
522.4238816738837,0.46401379362475126
522.5238816738837,0.46418941628799926
522.6238816738837,0.46436607870447955
522.7238816738837,0.46454378904573723
522.8238816738838,0.4647225555632579
522.9238816738838,0.46490238658940225
523.0238816738838,0.46508329053835384
523.1238816738838,0.46526527590707956
523.2238816738839,0.46544835127630324
523.3238816738839,0.4656325253114925
523.4238816738839,0.4658178067638592
523.5238816738839,0.4660042044713736
523.623881673884,0.4661917273597925
523.723881673884,0.46638038444370133
523.823881673884,0.4665701848275713
523.923881673884,0.46676113770683003
524.023881673884,0.46695325236894814
524.1238816738841,0.4671465381945402
524.2238816738841,0.46734100465848144
524.3238816738841,0.4675366613310397
524.4238816738841,0.46773351787902323
524.5238816738841,0.4679315840669449
524.6238816738842,0.4681308697582022
524.7238816738842,0.46833138491627413
524.8238816738842,0.46853313960593507
524.9238816738842,0.4687361439944853
525.0238816738843,0.4689404083529993
525.1238816738843,0.46914594305759166
525.2238816738843,0.46935275859070064
525.3238816738843,0.4695608655423904
525.4238816738844,0.46977027461167153
525.5238816738844,0.4699809966078404
525.6238816738844,0.4701930424518377
525.7238816738844,0.47040642317762654
525.8238816738844,0.47062114993359017
525.9238816738845,0.47083723398394967
526.0238816738845,0.47105468671020256
526.1238816738845,0.4712735196125816
526.2238816738845,0.4714937443115351
526.3238816738846,0.4717153725492285
526.4238816738846,0.47193841619106763
526.5238816738846,0.4721628872272444
526.6238816738846,0.47238879777430504
526.7238816738846,0.4726161600767408
526.8238816738847,0.4728449865086024
526.9238816738847,0.47307528957513817
527.0238816738847,0.4733070819144559
527.1238816738847,0.47354037629920925
527.2238816738848,0.47377518563830956
527.3238816738848,0.47401152297866206
527.4238816738848,0.47424940150692874
527.5238816738848,0.47448883455131663
527.6238816738849,0.4747298355833933
527.7238816738849,0.47497241821992886
527.8238816738849,0.475216596224766
527.9238816738849,0.47546238351071746
528.023881673885,0.4757097941414927
528.123881673885,0.47595884233365265
528.223881673885,0.47620954245859465
528.323881673885,0.4764619090445668
528.423881673885,0.47671595677871337
528.5238816738851,0.4769717005091504
528.6238816738851,0.4772291552470736
528.7238816738851,0.4774883361688979
528.8238816738851,0.47774925861842976
528.9238816738851,0.47801193810907255
529.0238816738852,0.4782763903260659
529.1238816738852,0.4785426311287592
529.2238816738852,0.4788106765529205
529.3238816738852,0.47908054281308
529.4238816738853,0.47935224630491113
529.5238816738853,0.47962580360764745
529.6238816738853,0.4799012314865372
529.7238816738853,0.48017854689533623
529.8238816738854,0.4804577669788399
529.9238816738854,0.48073890907545397
530.0238816738854,0.481021990719806
530.1238816738854,0.481307029645398
530.2238816738854,0.4815940437873001
530.3238816738855,0.48188305128488707
530.4238816738855,0.48217407048461813
530.5238816738855,0.4824671199428603
530.6238816738855,0.48276221842875666
530.7238816738856,0.4830593849271404
530.8238816738856,0.48335863864149475
530.9238816738856,0.4836599989969608
531.0238816738856,0.48396348564339287
531.1238816738856,0.4842691184584628
531.2238816738857,0.4845769175508145
531.3238816738857,0.484886903263269
531.4238816738857,0.48519909617608115
531.5238816738857,0.48551351711024915
531.6238816738858,0.4858301871308775
531.7238816738858,0.4861491275505946
531.8238816738858,0.4864703599330261
531.9238816738858,0.48679390609632467
532.0238816738859,0.4871197881167576
532.1238816738859,0.48744802833235323
532.2238816738859,0.4877786493466071
532.3238816738859,0.4881116740322491
532.423881673886,0.4884471255350731
532.523881673886,0.48878502727782897
532.623881673886,0.48912540296418056
532.723881673886,0.48946827658272773
532.823881673886,0.48981367241109675
532.9238816738861,0.490161615020098
533.0238816738861,0.4905121292779536
533.1238816738861,0.4908652403545959
533.2238816738861,0.49122097372603807
533.3238816738861,0.49157935517881807
533.4238816738862,0.49194041081451817
533.5238816738862,0.4923041670543604
533.6238816738862,0.49267065064388016
533.7238816738862,0.4930398886576791
533.8238816738863,0.4934119085042592
533.9238816738863,0.4937867379309391
534.0238816738863,0.49416440502885484
534.1238816738863,0.49454493823804613
534.2238816738864,0.49492836635263043
534.3238816738864,0.49531471852606557
534.4238816738864,0.49570402427650423
534.5238816738864,0.49609631349224015
534.6238816738864,0.4964916164372497
534.7238816738865,0.4968899637568294
534.8238816738865,0.49729138648333204
534.9238816738865,0.4976959160420026
535.0238816738865,0.49810358425691736
535.1238816738866,0.49851442335702645
535.2238816738866,0.49892846598230345
535.3238816738866,0.4993457451900031
535.4238816738866,0.4997662944610301
535.5238816738866,0.5001901477064209
535.6238816738867,0.5006173392739403
535.7238816738867,0.5010479039547964
535.8238816738867,0.5014818769904751
535.9238816738867,0.5019192940796968
536.0238816738868,0.5023601913854989
536.1238816738868,0.502804605542445
536.2238816738868,0.5032525736639646
536.3238816738868,0.5037041333498256
536.4238816738869,0.5041593226937424
536.5238816738869,0.5046181802911224
536.6238816738869,0.5050807452469531
536.7238816738869,0.505547057183835
536.823881673887,0.5060171562501592
536.923881673887,0.5064910831284383
537.023881673887,0.5069688790437877
537.123881673887,0.5074505857725657
537.223881673887,0.5079362456511728
537.3238816738871,0.5084259015850139
537.4238816738871,0.5089195970576281
537.5238816738871,0.5094173761399883
537.6238816738871,0.5099192834999747
537.7238816738871,0.5104253644120267
537.8238816738872,0.5109356647669752
537.9238816738872,0.5114502310820608
538.0238816738872,0.5119691105111417
538.1238816738872,0.5124923508550947
538.2238816738873,0.5130200005724137
538.3238816738873,0.51355210879001
538.4238816738873,0.5140887253142197
538.5238816738873,0.5146299006420212
538.6238816738874,0.5151756859724681
538.7238816738874,0.5157261332183429
538.8238816738874,0.5162812950180351
538.9238816738874,0.516841224747649
539.0238816738874,0.5174059765333481
539.1238816738875,0.5179756052639373
539.2238816738875,0.5185501666036928
539.3238816738875,0.5191297170054424
539.4238816738875,0.5197143137239022
539.5238816738876,0.5203040148292758
539.6238816738876,0.520898879221122
539.7238816738876,0.5214989666424975
539.8238816738876,0.5221043376943788
539.9238816738876,0.5227150538503725
540.0238816738877,0.523331177471718
540.1238816738877,0.5239527718225913
540.2238816738877,0.5245799010857151
540.3238816738877,0.5252126303782836
540.4238816738878,0.5258510257682079
540.5238816738878,0.5264951542906914
540.6238816738878,0.5271450839651398
540.7238816738878,0.527800883812417
540.8238816738879,0.5284626238724519
540.9238816738879,0.5291303752222062
541.0238816738879,0.5298042099940108
541.1238816738879,0.5304842013942799
541.223881673888,0.5311704237226111
541.323881673888,0.5318629523912819
541.423881673888,0.5325618639451493
541.523881673888,0.5332672360819658
541.623881673888,0.5339791476731192
541.7238816738881,0.5346976787848057
541.8238816738881,0.53542291069965
541.9238816738881,0.5361549259387791
542.0238816738881,0.5368938082843645
542.1238816738881,0.5376396428026406
542.2238816738882,0.5383925158674143
542.3238816738882,0.5391525151840744
542.4238816738882,0.5399197298141161
542.5238816738882,0.5406942502001911
542.6238816738883,0.5414761681916973
542.7238816738883,0.5422655770709202
542.8238816738883,0.5430625715797415
542.9238816738883,0.5438672479469278
543.0238816738884,0.5446797039160132
543.1238816738884,0.5455000387737919
543.2238816738884,0.5463283533794367
543.3238816738884,0.5471647501942556
543.4238816738884,0.5480093333121073
543.5238816738885,0.5488622084904893
543.6238816738885,0.5497234831823156
543.7238816738885,0.5505932665684037
543.8238816738885,0.5514716695906865
543.9238816738886,0.5523588049861692
544.0238816738886,0.5532547873216506
544.1238816738886,0.5541597330292272
544.2238816738886,0.5550737604426013
544.3238816738886,0.5559969898342136
544.4238816738887,0.5569295434532231
544.5238816738887,0.5578715455643533
544.6238816738887,0.5588231224876314
544.7238816738887,0.5597844026390415
544.8238816738888,0.5607555165721155
544.9238816738888,0.5617365970204897
545.0238816738888,0.5627277789414488
545.1238816738888,0.5637291995604862
545.2238816738889,0.5647409984169078
545.3238816738889,0.5657633174105064
545.4238816738889,0.5667963008493355
545.5238816738889,0.5678400954986129
545.623881673889,0.5688948506307858
545.723881673889,0.5699607180767863
545.823881673889,0.571037852278512
545.923881673889,0.5721264103425658
546.023881673889,0.573226552095288
546.1238816738891,0.5743384401391158
546.2238816738891,0.5754622399103115
546.3238816738891,0.5765981197380918
546.4238816738891,0.577746250905201
546.5238816738892,0.5789068077099682
546.6238816738892,0.5800799675298887
546.7238816738892,0.5812659108867754
546.8238816738892,0.582464821513522
546.9238816738892,0.5836768864225256
547.0238816738893,0.5849022959758166
547.1238816738893,0.5861412439569426
547.2238816738893,0.58739392764466
547.3238816738893,0.5886605478884832
547.4238816738894,0.5899413091861465
547.5238816738894,0.5912364197630342
547.6238816738894,0.5925460916536368
547.7238816738894,0.5938705407850924
547.8238816738894,0.5952099870628748
547.9238816738895,0.5965646544586938
548.0238816738895,0.5979347711006697
548.1238816738895,0.5993205693658543
548.2238816738895,0.6007222859751649
548.3238816738896,0.6021401620908069
548.4238816738896,0.6035744434162591
548.5238816738896,0.6050253802988992
548.6238816738896,0.6064932278353492
548.7238816738897,0.6079782459796272
548.8238816738897,0.6094806996541884
548.9238816738897,0.6110008588639448
549.0238816738897,0.6125389988133595
549.1238816738897,0.6140954000267056
549.2238816738898,0.6156703484715943
549.3238816738898,0.6172641356858699
549.4238816738898,0.6188770589079817
549.5238816738898,0.6205094212109404
549.6238816738899,0.6221615316399737
549.7238816738899,0.6238337053539993
549.8238816738899,0.6255262637710379
549.9238816738899,0.6272395347176924
550.02388167389,0.628973852582825
550.12388167389,0.6307295584755692
550.22388167389,0.6325070003878172
550.32388167389,0.6343065333613293
550.42388167389,0.6361285196596191
550.5238816738901,0.6379733289447703
550.6238816738901,0.6398413384593491
550.7238816738901,0.6417329332135837
550.8238816738901,0.6436485061779862
550.9238816738902,0.6455884584815992
551.0238816738902,0.6475531996160595
551.1238816738902,0.6495431476456751
551.2238816738902,0.6515587294237191
551.3238816738902,0.653600380815157
551.4238816738903,0.6556685469260262
551.5238816738903,0.6577636823396985
551.6238816738903,0.6598862513602648
551.7238816738903,0.6620367282632909
551.8238816738904,0.6642155975542021
551.9238816738904,0.6664233542345663
552.0238816738904,0.6686605040765541
552.1238816738904,0.6709275639058676
552.2238816738904,0.6732250618934401
552.3238816738905,0.6755535378562212
552.4238816738905,0.677913543567376
552.5238816738905,0.6803056430762374
552.6238816738905,0.6827304130383697
552.7238816738906,0.68518844305611
552.8238816738906,0.6876803360299757
552.9238816738906,0.6902067085213361
553.0238816738906,0.6927681911267694
553.1238816738907,0.695365428864538
553.2238816738907,0.697999081573638
553.3238816738907,0.7006698243258949
553.4238816738907,0.7033783478516
553.5238816738907,0.7061253589792013
553.6238816738908,0.7089115810895859
553.7238816738908,0.7117377545855148
553.8238816738908,0.7146046373767921
553.9238816738908,0.7175130053817809
554.0238816738909,0.7204636530458999
554.1238816738909,0.7234573938777673
554.2238816738909,0.7264950610036836
554.3238816738909,0.7295775077411787
554.423881673891,0.7327056081923808
554.523881673891,0.735880257857995
554.623881673891,0.7391023742727212
554.723881673891,0.7423728976629708
554.823881673891,0.7456927916277871
554.9238816738911,0.7490630438439121
555.0238816738911,0.752484666795985
555.1238816738911,0.7559586985329052
555.2238816738911,0.7594862034514377
555.3238816738912,0.7630682731081917
555.4238816738912,0.7667060270611498
555.5238816738912,0.770400613741989
555.6238816738912,0.7741532113604821
555.7238816738912,0.7779650288423393
555.8238816738913,0.7818373068019022
555.9238816738913,0.7857713185511832
556.0238816738913,0.789768371146798
556.1238816738913,0.7938298064764271
556.2238816738914,0.7979570023865111
556.3238816738914,0.8021513738529699
556.4238816738914,0.8064143741968197
556.5238816738914,0.8107474963466572
556.6238816738914,0.8151522741500689
556.7238816738915,0.8196302837361262
556.8238816738915,0.8241831449312349
556.9238816738915,0.8288125227307153
557.0238816738915,0.8335201288286027
557.1238816738916,0.8383077232082892
557.2238816738916,0.8431771157967463
557.3238816738916,0.8481301681852105
557.4238816738916,0.8531687954193533
557.5238816738917,0.8582949678621052
557.6238816738917,0.8635107131324684
557.7238816738917,0.8688181181238037
557.8238816738917,0.8742193311052724
557.9238816738917,0.8797165639102734
558.0238816738918,0.8853120942159299
558.1238816738918,0.8910082679178665
558.2238816738918,0.8968075016047383
558.3238816738918,0.9027122851371991
558.4238816738919,0.9087251843362196
558.5238816738919,0.914848843785929
558.6238816738919,0.9210859897563984
558.7238816738919,0.9274394332520671
558.823881673892,0.9339120731917909
558.923881673892,0.940506899726796
559.023881673892,0.947226997703137
559.123881673892,0.9540755502755819
559.223881673892,0.961055842680197
559.3238816738921,0.9681712661732681
559.4238816738921,0.9754253221445666
559.5238816738921,0.9828216264133691
559.6238816738921,0.9903639137160574
559.7238816738922,0.9980560423945468
559.8238816738922,1.0059019992952565
559.9238816738922,1.0139059048887935
560.0238816738922,1.022072018621016
560.1238816738922,1.0304047445066593
560.2238816738923,1.0389086369772205
560.3238816738923,1.0475884069953614
560.4238816738923,1.0564489284486496
560.5238816738923,1.0654952448360462
560.6238816738924,1.074732576261157
560.7238816738924,1.0841663267468764
560.8238816738924,1.093802091886706
560.9238816738924,1.1036456668486694
561.0238816738924,1.1137030547484152
561.1238816738925,1.1239804754087743
561.2238816738925,1.1344843745237152
561.3238816738925,1.1452214332453239
561.4238816738925,1.1561985782131163
561.5238816738926,1.1674229920456598
561.6238816738926,1.1789021243151376
561.7238816738926,1.1906437030261254
561.8238816738926,1.2026557466204424
561.9238816738927,1.2149465765305063
562.0238816738927,1.2275248303041082
562.1238816738927,1.2403994753239664
562.2238816738927,1.2535798231457385
562.3238816738927,1.2670755444784152
562.4238816738928,1.2808966848310976
562.5238816738928,1.2950536808501099
562.6238816738928,1.309557377370115
562.7238816738928,1.3244190452024345
562.8238816738929,1.33965039968299
562.9238816738929,1.3552636200012196
563.0238816738929,1.3712713693298473
563.1238816738929,1.3876868157735047
563.223881673893,1.4045236541517787
563.323881673893,1.4217961286292735
563.423881673893,1.4395190562015678
563.523881673893,1.4577078510414783
563.623881673893,1.4763785497046102
563.7238816738931,1.4955478371867246
563.8238816738931,1.5152330738177548
563.9238816738931,1.5354523229682173
564.0238816738931,1.5562243795330637
564.1238816738932,1.577568799145497
564.2238816738932,1.5995059280586306
564.3238816738932,1.6220569336158508
564.4238816738932,1.6452438352109753
564.5238816738932,1.6690895356164333
564.6238816738933,1.6936178525313055
564.7238816738933,1.7188535501706457
564.8238816738933,1.7448223706825876
564.9238816738933,1.7715510651396762
565.0238816738934,1.7990674238050204
565.1238816738934,1.8274003053215273
565.2238816738934,1.8565796644128014
565.3238816738934,1.886636577616426
565.4238816738934,1.9176032664933222
565.5238816738935,1.9495131176695852
565.6238816738935,1.9824006989685978
565.7238816738935,2.0163017707799487
565.8238816738935,2.0512532916865833
565.9238816738936,2.0872934172311837
566.0238816738936,2.1244614905456976
566.1238816738936,2.162798023392684
566.2238816738936,2.2023446659723596
566.3238816738937,2.2431441636334686
566.4238816738937,2.2852402983881728
566.5238816738937,2.328677812869957
566.6238816738937,2.373502314088439
566.7238816738937,2.419760154025526
566.8238816738938,2.4674982837841464
566.9238816738938,2.5167640776447513
567.0238816738938,2.5676051230083745
567.1238816738938,2.6200689718119285
567.2238816738939,2.674202848597047
567.3238816738939,2.730053310005907
567.4238816738939,2.787665850076669
567.5238816738939,2.847084445331162
567.623881673894,2.9083510333062597
567.723881673894,2.97150491790069
567.823881673894,3.036582094718958
567.923881673894,3.1036144895284616
568.023881673894,3.172629103046508
568.1238816738941,3.2436470555904844
568.2238816738941,3.316682525715332
568.3238816738941,3.391741577894332
568.4238816738941,3.4688208756476078
568.5238816738942,3.547906278370469
568.6238816738942,3.6289713225494022
568.7238816738942,3.7119755911686303
568.8238816738942,3.7968629789942527
568.9238816738942,3.8835598661574595
569.0238816738943,3.971973218107917
569.1238816738943,4.061988636609898
569.2238816738943,4.153468394002869
569.3238816738943,4.2462494913830415
569.4238816738944,4.340141790545929
569.5238816738944,4.434926279230646
569.6238816738944,4.53035353907974
569.7238816738944,4.626142495299947
569.8238816738944,4.72197953566552
569.9238816738945,4.817518093491925
570.0238816738945,4.912378793640043
570.1238816738945,5.006150261506933
570.2238816738945,5.0983906912894765
570.3238816738946,5.188630260571756
570.4238816738946,5.276374462616262
570.5238816738946,5.36110840501607
570.6238816738946,5.4423020933611665
570.7238816738947,5.519416681582505
570.8238816738947,5.591911627599252
570.9238816738947,5.659252645464828
571.0238816738947,5.7209202957765655
571.1238816738947,5.776419007737311
571.2238816738948,5.825286282487083
571.3238816738948,5.867101791942043
571.4238816738948,5.901496064049792
571.5238816738948,5.928158437235296
571.6238816738949,5.946843976083432
571.7238816738949,5.957379067913666
571.8238816738949,5.957902712879127
571.9238816738949,5.906776075292003
572.023881673895,5.790198766289241
572.123881673895,5.616925720624973
572.223881673895,5.398874565228101
572.323881673895,5.14926631058833
572.423881673895,4.880944095562252
572.5238816738951,4.605176855385303
572.6238816738951,4.331031896845869
572.7238816738951,4.065233196603576
572.8238816738951,3.8123473006522834
572.9238816738952,3.575138586673008
573.0238816738952,3.3549739341015687
573.1238816738952,3.152203235470327
573.2238816738952,2.9664804728550704
573.3238816738952,2.7970155649624022
573.4238816738953,2.6427612884953007
573.5238816738953,2.502545706033933
573.6238816738953,2.375161938840728
573.7238816738953,2.259426161057637
573.8238816738954,2.1542128130556
573.9238816738954,2.0584740163191855
574.0238816738954,1.9712483761843025
574.1238816738954,1.8916629007727428
574.2238816738954,1.818930646119536
574.3238816738955,1.752345871821447
574.4238816738955,1.691277898709123
574.5238816738955,1.6351644436024446
574.6238816738955,1.5835049190483117
574.7238816738956,1.5358539913160092
574.8238816738956,1.4918155603406829
574.9238816738956,1.4510372407561438
575.0238816738956,1.4132053693819029
575.1238816738957,1.3780405315112492
575.2238816738957,1.34529357914042
575.3238816738957,1.3147421041148388
575.4238816738957,1.2861873248051596
575.5238816738957,1.2594513441813504
575.6238816738958,1.2343747385741932
575.7238816738958,1.2108144390455382
575.8238816738958,1.1886418705141881
575.9238816738958,1.1677413172135105
576.0238816738959,1.1480084864514444
576.1238816738959,1.1293492458651024
576.2238816738959,1.1116785123374247
576.3238816738959,1.0949192734406066
576.423881673896,1.079001724684349
576.523881673896,1.0638625079859296
576.623881673896,1.0494440386617272
576.723881673896,1.0356939098884428
576.823881673896,1.0225643650205716
576.9238816738961,1.0100118294021314
577.0238816738961,0.997996494397471
577.1238816738961,0.9864819473086159
577.2238816738961,0.9754348416635747
577.3238816738962,0.9648246030677926
577.4238816738962,0.9546231664240954
577.5238816738962,0.9448047408577249
577.6238816738962,0.935345599143606
577.7238816738962,0.9262238888324121
577.8238816738963,0.9174194626186915
577.9238816738963,0.9089137257954925
578.0238816738963,0.9006894989017946
578.1238816738963,0.8927308938969827
578.2238816738964,0.8850232023951967
578.3238816738964,0.8775527946656287
578.4238816738964,0.8703070282561208
578.5238816738964,0.8632741652296907
578.6238816738964,0.8564432971194148
578.7238816738965,0.8498042768085812
578.8238816738965,0.8433476566320945
578.9238816738965,0.8370646320733777
579.0238816738965,0.8309469904998612
579.1238816738966,0.8249870644408112
579.2238816738966,0.8191776889647293
579.3238816738966,0.8135121627608124
579.4238816738966,0.8079842125707215
579.5238816738967,0.802587960653895
579.6238816738967,0.7973178950024229
579.7238816738967,0.792168842050589
579.8238816738967,0.7871359416500416
579.9238816738967,0.7822146241045513
580.0238816738968,0.7774005890787998
580.1238816738968,0.7726897862139142
580.2238816738968,0.7680783972987659
580.3238816738968,0.7635628198606397
580.4238816738969,0.7591396520519159
580.5238816738969,0.7548056787211017
580.6238816738969,0.7505578585670247
580.7238816738969,0.7463933122844151
580.823881673897,0.7423093116175575
580.923881673897,0.7383032692463078
581.023881673897,0.7343727294356162
581.123881673897,0.7305153593858855
581.223881673897,0.726728941227065
581.3238816738971,0.7230113646044161
581.4238816738971,0.7193606198084477
581.5238816738971,0.7157747914056343
581.6238816738971,0.71225205233027
581.7238816738972,0.708790658401196
581.8238816738972,0.7053889432302116
581.9238816738972,0.7020453134917728
582.0238816738972,0.6987582445261202
582.1238816738972,0.6955262762502825
582.2238816738973,0.6923480093535128
582.3238816738973,0.6892221017556222
582.4238816738973,0.6861472653084307
582.5238816738973,0.6831222627221455
582.6238816738974,0.6801459046999323
582.7238816738974,0.6772170472652856
582.8238816738974,0.6743345892680103
582.9238816738974,0.67149747005575
583.0238816738974,0.6687046672990163
583.1238816738975,0.6659551949586076
583.2238816738975,0.6632481013851648
583.3238816738975,0.6605824675414017
583.4238816738975,0.6579574053382653
583.5238816738976,0.6553720560769503
583.6238816738976,0.6528255889893012
583.7238816738976,0.6503171998696946
583.8238816738976,0.6478461097920158
583.9238816738977,0.6454115639058138
584.0238816738977,0.6430128303061621
584.1238816738977,0.6406491989721529
584.2238816738977,0.638319980769327
584.3238816738977,0.6360245065116827
584.4238816738978,0.6337621260792269
584.5238816738978,0.6315322075873203
584.6238816738978,0.6293341366043441
584.7238816738978,0.6271673154144589
584.8238816738979,0.6250311623224621
584.9238816738979,0.622925110997963
585.0238816738979,0.6208486098562884
585.1238816738979,0.618801121473719
585.223881673898,0.6167821220348231
585.323881673898,0.6147911008098108
585.423881673898,0.6128275596599788
585.523881673898,0.6108910125694473
585.623881673898,0.6089809852015176
585.7238816738981,0.6070970144780931
585.8238816738981,0.6052386481807153
585.9238816738981,0.603405444571862
586.0238816738981,0.6015969720352508
586.1238816738982,0.5998128087339759
586.2238816738982,0.5980525422853835
586.3238816738982,0.596315769451667
586.4238816738982,0.5946020958452317
586.5238816738982,0.5929111356479406
586.6238816738983,0.5912425113434144
586.7238816738983,0.5895958534616119
586.8238816738983,0.58797080033497
586.9238816738983,0.5863669978654266
587.0238816738984,0.5847840993017013
587.1238816738984,0.5832217650262389
587.2238816738984,0.5816796623512707
587.3238816738984,0.5801574653234758
587.4238816738984,0.5786548545367618
587.5238816738985,0.5771715169527148
587.6238816738985,0.5757071457282964
587.7238816738985,0.5742614400503928
587.8238816738985,0.5728341049768471
587.9238816738986,0.5714248512836273
588.0238816738986,0.5700333953178061
588.1238816738986,0.5686594588560473
588.2238816738986,0.5673027689683148
588.3238816738987,0.5659630578865342
588.4238816738987,0.5646400628779582
588.5238816738987,0.5633335261229968
588.6238816738987,0.5620431945972945
588.7238816738987,0.5607688199578426
588.8238816738988,0.5595101584329334
588.9238816738988,0.5582669707157712
589.0238816738988,0.5570390218615673
589.1238816738988,0.555826081187956
589.2238816738989,0.554627922178579
589.3238816738989,0.5534443223896931
589.4238816738989,0.5522750633596645
589.5238816738989,0.5511199305212233
589.623881673899,0.5499787131163568
589.723881673899,0.548851204113725
589.823881673899,0.547737200128495
589.923881673899,0.5466365013444882
590.023881673899,0.5455489114385479
590.1238816738991,0.5444742375070339
590.2238816738991,0.5434122899943596
590.3238816738991,0.5423628826234895
590.4238816738991,0.5413258323283209
590.5238816738992,0.5403009591878765
590.6238816738992,0.5392880863622389
590.7238816738992,0.5382870400301618
590.8238816738992,0.5372976493282945
590.9238816738992,0.5363197462919631
591.0238816738993,0.5353531657974504
591.1238816738993,0.5343977455057212
591.2238816738993,0.5334533258075441
591.3238816738993,0.5325197497699606
591.4238816738994,0.5315968630840547
591.5238816738994,0.530684514013981
591.6238816738994,0.5297825533472093
591.7238816738994,0.528890834345945
591.8238816738995,0.5280092126996886
591.9238816738995,0.5271375464788981
592.0238816738995,0.5262756960897184
592.1238816738995,0.5254235242297464
592.2238816738995,0.5245808958447999
592.3238816738996,0.5237476780866588
592.4238816738996,0.5229237402717514
592.5238816738996,0.5221089538407567
592.6238816738996,0.5213031923190978
592.7238816738997,0.5205063312782985
592.8238816738997,0.5197182482981808
592.9238816738997,0.5189388229298797
593.0238816738997,0.5181679366596504
593.1238816738997,0.5174054728734501
593.2238816738998,0.516651316822269
593.3238816738998,0.515905355588195
593.4238816738998,0.5151674780511892
593.5238816738998,0.5144375748565553
593.6238816738999,0.5137155383830848
593.7238816738999,0.5130012627118603
593.8238816738999,0.5122946435957003
593.9238816738999,0.5115955784292302
594.0238816739,0.5109039662195618
594.1238816739,0.510219707557569
594.2238816739,0.5095427045897433
594.3238816739,0.5088728609906155
594.4238816739,0.5082100819357298
594.5238816739001,0.5075542740751582
594.6238816739001,0.5069053455075403
594.7238816739001,0.5062632057546387
594.8238816739001,0.505627765736396
594.9238816739002,0.5049989377464825
595.0238816739002,0.5043766354283239
595.1238816739002,0.5037607737515969
595.2238816739002,0.5031512689891826
595.3238816739002,0.5025480386945688
595.4238816739003,0.5019510016796876
595.5238816739003,0.5013600779931833
595.6238816739003,0.5007751888990964
595.7238816739003,0.5001962568559586
595.8238816739004,0.4996232054962869
595.9238816739004,0.4990559596064695
596.0238816739004,0.49849444510703494
596.1238816739004,0.4979385890332959
596.2238816739005,0.49738831951635976
596.3238816739005,0.4968435657644977
596.4238816739005,0.4963042580448661
596.5238816739005,0.495770327665571
596.6238816739005,0.49524170695806913
596.7238816739006,0.4947183292598993
596.8238816739006,0.4942001288977358
596.9238816739006,0.4936870411707582
597.0238816739006,0.4931790023343303
597.1238816739007,0.49267594958398264
597.2238816739007,0.4921778210396909
597.3238816739007,0.4916845557304463
597.4238816739007,0.4911960935791098
597.5238816739007,0.49071237538754586
597.6238816739008,0.49023334282202913
597.7238816739008,0.48975893839891943
597.8238816739008,0.4892891054705987
597.9238816739008,0.48882378821166506
598.0238816739009,0.48836293160537947
598.1238816739009,0.48790648143035864
598.2238816739009,0.48745438424750986
598.3238816739009,0.48700658738720376
598.423881673901,0.4865630389366786
598.523881673901,0.4861236877276732
598.623881673901,0.4856884833242829
598.723881673901,0.4852573760110339
598.823881673901,0.4848303167811736
598.9238816739011,0.4844072573251701
599.0238816739011,0.4839881500194185
599.1238816739011,0.48357294791514926
599.2238816739011,0.4831616047275356
599.3238816739012,0.48275407482499433
599.4238816739012,0.48235031321867794
599.5238816739012,0.48195027555215375
599.6238816739012,0.4815539180912662
599.7238816739012,0.4811611977141788
599.8238816739013,0.4807720719015931
599.9238816739013,0.4803864987271399
600.0238816739013,0.48000443684794036
600.1238816739013,0.47962584549533377
600.2238816739014,0.47925068446576785
600.3238816739014,0.47887891411185013
600.4238816739014,0.4785104953335551
600.5238816739014,0.47814538956958663
600.6238816739015,0.47778355878889056
600.7238816739015,0.47742496548231594
600.8238816739015,0.4770695726544218
600.9238816739015,0.4767173438154261
601.0238816739015,0.47636824297329516
601.1238816739016,0.47602223462597015
601.2238816739016,0.47567928375372837
601.3238816739016,0.47533935581167663
601.4238816739016,0.4750024167223746
601.5238816739017,0.4746684328685851
601.6238816739017,0.47433737108614965
601.7238816739017,0.4740091986569862
601.8238816739017,0.47368388330220745
601.9238816739017,0.47336139317535686
602.0238816739018,0.4730416968557611
602.1238816739018,0.47272476334199515
602.2238816739018,0.47241056204546
602.3238816739018,0.4720990627840693
602.4238816739019,0.47179023577604345
602.5238816739019,0.47148405163380924
602.6238816739019,0.47118048135800317
602.7238816739019,0.47087949633157605
602.823881673902,0.4705810683139977
602.923881673902,0.47028516943555926
603.023881673902,0.46999177219177174
603.123881673902,0.4697008494378587
603.223881673902,0.4694123743833421
603.3238816739021,0.46912632058671816
603.4238816739021,0.4688426619502234
603.5238816739021,0.46856137271468756
603.6238816739021,0.46828242745447307
603.7238816739022,0.4680058010724986
603.8238816739022,0.4677314687953458
603.9238816739022,0.46745940616844694
604.0238816739022,0.4671895890513537
604.1238816739022,0.4669219936130827
604.2238816739023,0.4666565963275394
604.3238816739023,0.46639337396901753
604.4238816739023,0.46613230360777214
604.5238816739023,0.4658733626056664
604.6238816739024,0.4656165286118894
604.7238816739024,0.46536177955874497
604.8238816739024,0.4651090936575089
604.9238816739024,0.46485844939435483
605.0238816739025,0.46460982552634583
605.1238816739025,0.46436320107749246
605.2238816739025,0.4641185553348742
605.3238816739025,0.4638758678448249
605.4238816739025,0.46363511840917915
605.5238816739026,0.4633962870815808
605.6238816739026,0.4631593541638505
605.7238816739026,0.4629243002024121
605.8238816739026,0.46269110598477714
605.9238816739027,0.46245975253608557
606.0238816739027,0.46223022111570267
606.1238816739027,0.4620024932138703
606.2238816739027,0.4617765505484122
606.3238816739027,0.46155237506149177
606.4238816739028,0.4613299489164221
606.5238816739028,0.4611092544945266
606.6238816739028,0.4608902743920504
606.7238816739028,0.46067299141711976
606.8238816739029,0.4604573885867513
606.9238816739029,0.46024344912390736
607.0238816739029,0.46003115645459897
607.1238816739029,0.4598204942050344
607.223881673903,0.4596114461988125
607.323881673903,0.4594039964541607
607.423881673903,0.4591981291812165
607.523881673903,0.45899382877935124
607.623881673903,0.45879107983453676
607.7238816739031,0.45858986711675237
607.8238816739031,0.45839017557743317
607.9238816739031,0.4581919903469579
608.0238816739031,0.457995296732176
608.1238816739032,0.4578000802139733
608.2238816739032,0.4576063264448756
608.3238816739032,0.45741402124668923
608.4238816739032,0.4572231506081786
608.5238816739032,0.4570337006827791
608.6238816739033,0.4568456577863461
608.7238816739033,0.4566590083949381
608.8238816739033,0.4564737391426342
608.9238816739033,0.45628983681938523
609.0238816739034,0.4561072883688978
609.1238816739034,0.4559260808865508
609.2238816739034,0.45574620161734386
609.3238816739034,0.455567637953877
609.4238816739035,0.4553903774343615
609.5238816739035,0.45521440774066024
609.6238816739035,0.455039716696359
609.7238816739035,0.45486629226486613
609.8238816739035,0.45469412254754127
609.9238816739036,0.45452319578185274
610.0238816739036,0.4543535003395623
610.1238816739036,0.45418502472493755
610.2238816739036,0.4540177575729912
610.3238816739037,0.45385168764774697
610.4238816739037,0.4536868038405311
610.5238816739037,0.45352309516829015
610.6238816739037,0.4533605507719332
610.7238816739037,0.45319915991469956
610.8238816739038,0.4530389119805501
610.9238816739038,0.4528797964725832
611.0238816739038,0.45272180301147413
611.1238816739038,0.45256492133393694
611.2238816739039,0.4524091412912101
611.3238816739039,0.452254452847564
611.4238816739039,0.45210084607883044
611.5238816739039,0.45194831117095424
611.623881673904,0.4517968384185657
611.723881673904,0.45164641822357443
611.823881673904,0.4514970410937836
611.923881673904,0.4513486976415244
612.023881673904,0.4512013785823111
612.1238816739041,0.4510550747335148
612.2238816739041,0.45090977701305723
612.3238816739041,0.4507654764381236
612.4238816739041,0.4506221641238934
612.5238816739042,0.4504798312822906
612.6238816739042,0.45033846922075144
612.7238816739042,0.4501980693410099
612.8238816739042,0.4500586231379012
612.9238816739042,0.449920122198182
613.0238816739043,0.4497825581993683
613.1238816739043,0.44964592290858907
613.2238816739043,0.44951020818145737
613.3238816739043,0.4493754059609569
613.4238816739044,0.44924150827634474
613.5238816739044,0.4491085072420698
613.6238816739044,0.4489763950567067
613.7238816739044,0.4488451640019048
613.8238816739045,0.4487148064413518
613.9238816739045,0.44858531481975294
614.0238816739045,0.4484566816618237
614.1238816739045,0.4483288995712972
614.2238816739045,0.44820196122994577
614.3238816739046,0.448075859396616
614.4238816739046,0.44795058690627737
614.5238816739046,0.4478261366690847
614.6238816739046,0.44770250166945313
614.7238816739047,0.4475796749651464
614.8238816739047,0.4474576496863779
614.9238816739047,0.44733641903492427
615.0238816739047,0.4472159762832512
615.1238816739047,0.4470963147736516
615.2238816739048,0.44697742791739536
615.3238816739048,0.4468593091938916
615.4238816739048,0.44674195214986173
615.5238816739048,0.44662535039852475
615.6238816739049,0.44650949761879277
615.7238816739049,0.44639438755447897
615.8238816739049,0.44628001401351497
615.9238816739049,0.44616637086718036
616.023881673905,0.4460534520493417
616.123881673905,0.4459412515557025
616.223881673905,0.4458297634430635
616.323881673905,0.4457189818285927
616.423881673905,0.44560890088910554
616.5238816739051,0.44549951486035505
616.6238816739051,0.4453908180363312
616.7238816739051,0.4452828047685703
616.8238816739051,0.44517546946547326
616.9238816739052,0.44506880659163345
617.0238816739052,0.4449628106671732
617.1238816739052,0.44485747626708994
617.2238816739052,0.4447527980206103
617.3238816739052,0.4446487706105535
617.4238816739053,0.44454538877270316
617.5238816739053,0.44444264729518723
617.6238816739053,0.4443405410178665
617.7238816739053,0.44423906483173153
617.8238816739054,0.44413821367830664
617.9238816739054,0.4440379825490631
618.0238816739054,0.4439383664848393
618.1238816739054,0.4438393605752687
618.2238816739055,0.44374095995821555
618.3238816739055,0.4436431598192181
618.4238816739055,0.4435459553909389
618.5238816739055,0.44344934195262276
618.6238816739055,0.4433533148295612
618.7238816739056,0.4432578693925648
618.8238816739056,0.4431630010574416
618.9238816739056,0.443068705284483
619.0238816739056,0.4429749775779561
619.1238816739057,0.44288181348560257
619.2238816739057,0.44278920859814425
619.3238816739057,0.4426971585487952
619.4238816739057,0.4426056590127799
619.5238816739057,0.4425147057068578
619.6238816739058,0.4424242943888543
619.7238816739058,0.44233442085719704
619.8238816739058,0.44224508095045933
619.9238816739058,0.4421562705469083
620.0238816739059,0.4420679855640596
620.1238816739059,0.4419802219582375
620.2238816739059,0.44189297572414116
620.3238816739059,0.4418062428944155
620.423881673906,0.44172001953922835
620.523881673906,0.44163430176585294
620.623881673906,0.44154908571825535
620.723881673906,0.44146436757668733
620.823881673906,0.4413801435572846
620.9238816739061,0.4412964099116701
621.0238816739061,0.44121316292656165
621.1238816739061,0.4411303989233858
621.2238816739061,0.4410481142578956
621.3238816739062,0.4409663053197934
621.4238816739062,0.44088496853235853
621.5238816739062,0.4408041003520798
621.6238816739062,0.4407236972682922
621.7238816739062,0.4406437558028185
621.8238816739063,0.4405642725096153
621.9238816739063,0.44048524397442324
622.0238816739063,0.440406666814422
622.1238816739063,0.44032853767788915
622.2238816739064,0.4402508532438638
622.3238816739064,0.4401736102218137
622.4238816739064,0.4400968053513072
622.5238816739064,0.44002043540168867
622.6238816739065,0.4399444971717585
622.7238816739065,0.4398689874894566
622.8238816739065,0.4397939032115499
622.9238816739065,0.4397192412233239
623.0238816739065,0.439644998438278
623.1238816739066,0.43957117179782396
623.2238816739066,0.4394977582709892
623.3238816739066,0.4394247548541225
623.4238816739066,0.43935215857060433
623.5238816739067,0.43927996647055995
623.6238816739067,0.43920817563057635
623.7238816739067,0.43913678315342286
623.8238816739067,0.4390657861677745
623.9238816739067,0.4389951818279394
624.0238816739068,0.4389249673135891
624.1238816739068,0.4388551398294921
624.2238816739068,0.4387856966052509
624.3238816739068,0.43871663489504187
624.4238816739069,0.43864795197735873
624.5238816739069,0.43857964515475845
624.6238816739069,0.43851171175361076
624.7238816739069,0.4384441491238505
624.823881673907,0.4383769546387328
624.923881673907,0.4383101256945914
625.023881673907,0.4382436597105994
625.123881673907,0.43817755412853393
625.223881673907,0.43811180641254194
625.3238816739071,0.4380464140489104
625.4238816739071,0.4379813745458385
625.5238816739071,0.4379166854332121
625.6238816739071,0.43785234426238195
625.7238816739072,0.43778834860594346
625.8238816739072,0.43772469605751985
625.9238816739072,0.4376613842315473
626.0238816739072,0.43759841076306294
626.1238816739072,0.4375357733074953
626.2238816739073,0.43747346954045707
626.3238816739073,0.43741149715754035
626.4238816739073,0.4373498538741145
626.5238816739073,0.4372885374251259
626.6238816739074,0.4372275455649005
626.7238816739074,0.4371668760669485
626.8238816739074,0.43710652672377104
626.9238816739074,0.4370464953466697
627.0238816739075,0.4369867797655576
627.1238816739075,0.43692737782877306
627.2238816739075,0.4368682874028954
627.3238816739075,0.4368095063725626
627.4238816739075,0.4367510326402914
627.5238816739076,0.43669286412629926
627.6238816739076,0.4366349987683283
627.7238816739076,0.43657743452147146
627.8238816739076,0.43652016935800075
627.9238816739077,0.43646320126719684
628.0238816739077,0.4364065282551815
628.1238816739077,0.43635014834475105
628.2238816739077,0.4362940595752125
628.3238816739077,0.43623826000222105
628.4238816739078,0.43618274769761944
628.5238816739078,0.4361275207492794
628.6238816739078,0.43607257726094495
628.7238816739078,0.43601791535207673
628.8238816739079,0.43596353315769915
628.9238816739079,0.43590942882824857
629.0238816739079,0.43585560052942324
629.1238816739079,0.43580204644203513
629.223881673908,0.4357487647618635
629.323881673908,0.43569575369950975
629.423881673908,0.435643011480254
629.523881673908,0.43559053634391387
629.623881673908,0.43553832654470365
629.7238816739081,0.43548638035109627
629.8238816739081,0.435434696045686
629.9238816739081,0.4353832719250531
630.0238816739081,0.4353321062996296
630.1238816739082,0.43528119749356686
630.2238816739082,0.4352305438446048
630.3238816739082,0.4351801437039417
630.4238816739082,0.4351299954361066
630.5238816739082,0.4350800974188322
630.6238816739083,0.43503044804292956
630.7238816739083,0.43498104571216434
630.8238816739083,0.43493188884313366
630.9238816739083,0.43488297586514535
631.0238816739084,0.43483430522009764
631.1238816739084,0.4347858753623607
631.2238816739084,0.43473768475865915
631.3238816739084,0.4346897318879561
631.4238816739085,0.4346420152413384
631.5238816739085,0.43459453332190273
631.6238816739085,0.4345472846446437
631.7238816739085,0.4345002677363425
631.8238816739085,0.43445348113545695
631.9238816739086,0.4344069233920131
632.0238816739086,0.4343605930674973
632.1238816739086,0.43431448873474987
632.2238816739086,0.43426860897786024
632.3238816739087,0.43422295239206227
632.4238816739087,0.4341775175836317
632.5238816739087,0.4341323031697841
632.6238816739087,0.434087307778574
632.7238816739087,0.4340425300487954
632.8238816739088,0.43399796862988277
632.9238816739088,0.4339536221818138
633.0238816739088,0.4339094893750127
633.1238816739088,0.43386556889025457
633.2238816739089,0.433821859418571
633.3238816739089,0.4337783596611564
633.4238816739089,0.4337350683292759
633.5238816739089,0.4336919841441731
633.623881673909,0.4336491058369802
633.723881673909,0.4336064321486279
633.823881673909,0.43356396182975687
633.923881673909,0.43352169364063026
634.023881673909,0.4334796263510463
634.1238816739091,0.4334377587402529
634.2238816739091,0.4333960895968626
634.3238816739091,0.433354617718768
634.4238816739091,0.43331334191305904
634.5238816739092,0.4332722609959404
634.6238816739092,0.43323137379265003
634.7238816739092,0.4331906791373784
634.8238816739092,0.4331501758731888
634.9238816739092,0.4331098628519383
635.0238816739093,0.43306973893419953
635.1238816739093,0.4330298029891833
635.2238816739093,0.4329900538946622
635.3238816739093,0.4329504905368947
635.4238816739094,0.43291111181055014
635.5238816739094,0.4328719166186345
635.6238816739094,0.43283290387241713
635.7238816739094,0.4327940724913578
635.8238816739095,0.4327554214030349
635.9238816739095,0.4327169495430743
636.0238816739095,0.4326786558550786
636.1238816739095,0.4326405392905576
636.2238816739095,0.43260259880885926
636.3238816739096,0.4325648333771012
636.4238816739096,0.43252724197010317
636.5238816739096,0.43248982357031995
636.6238816739096,0.43245257716777546
636.7238816739097,0.43241550175999655
636.8238816739097,0.43237859635194853
636.9238816739097,0.43234185995597085
637.0238816739097,0.4323052915917132
637.1238816739098,0.4322688902860728
637.2238816739098,0.43223265507313186
637.3238816739098,0.432196584994096
637.4238816739098,0.43216067909723316
637.5238816739098,0.43212493643781286
637.6238816739099,0.4320893560780466
637.7238816739099,0.4320539370870286
637.8238816739099,0.43201867854067677
637.9238816739099,0.43198357952167504
638.02388167391,0.4319486391194156
638.12388167391,0.43191385642994207
638.22388167391,0.43187923055589283
638.32388167391,0.43184476060644583
638.42388167391,0.4318104456972626
638.5238816739101,0.43177628495043413
638.6238816739101,0.43174227749442645
638.7238816739101,0.43170842246402685
638.8238816739101,0.4316747190002912
638.9238816739102,0.43164116625049104
639.0238816739102,0.4316077633680616
639.1238816739102,0.4315745095125504
639.2238816739102,0.431541403849566
639.3238816739103,0.43150844555072776
639.4238816739103,0.4314756337936155
639.5238816739103,0.43144296776172014
639.6238816739103,0.4314104466443947
639.7238816739103,0.43137806963680564
639.8238816739104,0.4313458359398846
639.9238816739104,0.43131374476028134
640.0238816739104,0.4312817953103158
640.1238816739104,0.431249986807932
640.2238816739105,0.4312183184766516
640.3238816739105,0.431186789545528
640.4238816739105,0.4311553992491013
640.5238816739105,0.431124146827353
640.6238816739105,0.43109303152566175
640.7238816739106,0.4310620525947595
640.8238816739106,0.43103120929068733
640.9238816739106,0.431000500874753
641.0238816739106,0.43096992661348743
641.1238816739107,0.43093948577860286
641.2238816739107,0.4309091776469508
641.3238816739107,0.43087900150048036
641.4238816739107,0.4308489566261971
641.5238816739108,0.43081904231612245
641.6238816739108,0.43078925786725314
641.7238816739108,0.43075960258152146
641.8238816739108,0.43073007576575545
641.9238816739108,0.4307006767316398
642.0238816739109,0.43067140479567706
642.1238816739109,0.4306422592791491
642.2238816739109,0.430613239508079
642.3238816739109,0.4305843448131934
642.423881673911,0.4305555745298851
642.523881673911,0.43052692799817593
642.623881673911,0.4304984045626803
642.723881673911,0.43047000357256865
642.823881673911,0.4304417243815318
642.9238816739111,0.4304135663477448
643.0238816739111,0.43038552883383235
643.1238816739111,0.43035761120683313
643.2238816739111,0.4303298128381656
643.3238816739112,0.43030213310359366
643.4238816739112,0.4302745713831926
643.5238816739112,0.43024712706131524
643.6238816739112,0.43021979952655914
643.7238816739113,0.430192588171733
643.8238816739113,0.43016549239382423
643.9238816739113,0.43013851159396665
644.0238816739113,0.430111645177408
644.1238816739113,0.43008489255347865
644.2238816739114,0.4300582531355596
644.3238816739114,0.4300317263410517
644.4238816739114,0.43000531159134436
644.5238816739114,0.4299790083117852
644.6238816739115,0.42995281593164975
644.7238816739115,0.42992673388411096
644.8238816739115,0.42990076160621
644.9238816739115,0.4298748985388264
645.0238816739115,0.4298491441266489
645.1238816739116,0.4298234978181465
645.2238816739116,0.4297979590655399
645.3238816739116,0.42977252732477295
645.4238816739116,0.4297472020554845
645.5238816739117,0.4297219827209805
645.6238816739117,0.42969686878820657
645.7238816739117,0.42967185972772043
645.8238816739117,0.4296469550136647
645.9238816739118,0.42962215412374033
646.0238816739118,0.42959745653917975
646.1238816739118,0.4295728617447205
646.2238816739118,0.4295483692285792
646.3238816739118,0.42952397848242574
646.4238816739119,0.42949968900135727
646.5238816739119,0.4294755002838732
646.6238816739119,0.42945141183184987
646.7238816739119,0.4294274231505154
646.823881673912,0.42940353374842544
646.923881673912,0.4293797431374381
647.023881673912,0.4293560508326902
647.123881673912,0.4293324563525729
647.223881673912,0.42930895921870804
647.3238816739121,0.4292855589559246
647.4238816739121,0.429262255092235
647.5238816739121,0.4292390471588122
647.6238816739121,0.4292159346899669
647.7238816739122,0.42919291722312436
647.8238816739122,0.4291699942988021
647.9238816739122,0.42914716546058773
648.0238816739122,0.4291244302551164
648.1238816739123,0.4291017882320493
648.2238816739123,0.4290792389440518
648.3238816739123,0.4290567819467717
648.4238816739123,0.4290344167988183
648.5238816739123,0.42901214306174096
648.6238816739124,0.4289899603000083
648.7238816739124,0.4289678680809873
648.8238816739124,0.4289458659749231
648.9238816739124,0.4289239535549182
649.0238816739125,0.4289021303969126
649.1238816739125,0.42888039607966355
649.2238816739125,0.42885875018472597
649.3238816739125,0.42883719229643263
649.4238816739125,0.42881572200187484
649.5238816739126,0.42879433889088314
649.6238816739126,0.428773042556008
649.7238816739126,0.42875183259250127
649.8238816739126,0.42873070859829704
649.9238816739127,0.4287096701739933
650.0238816739127,0.42868871692283356
650.1238816739127,0.4286678484506884
650.2238816739127,0.42864706436603756
650.3238816739128,0.4286263642799519
650.4238816739128,0.4286057478060758
650.5238816739128,0.4285852145606095
650.6238816739128,0.4285647641622917
650.7238816739128,0.4285443962323823
650.8238816739129,0.42852411039464505
650.9238816739129,0.42850390627533114
651.0238816739129,0.4284837835031619
651.1238816739129,0.4284637417093124
651.223881673913,0.4284437805273949
651.323881673913,0.42842389959344257
651.423881673913,0.4284040985458932
651.523881673913,0.42838437702557325
651.623881673913,0.428364734675682
651.7238816739131,0.4283451711417756
651.8238816739131,0.4283256860717518
651.9238816739131,0.4283062791158342
652.0238816739131,0.428286949926557
652.1238816739132,0.4282676981587501
652.2238816739132,0.42824852346952363
652.3238816739132,0.42822942551825344
652.4238816739132,0.42821040396656607
652.5238816739133,0.42819145847832435
652.6238816739133,0.4281725887196128
652.7238816739133,0.4281537943587233
652.8238816739133,0.42813507506614096
652.9238816739133,0.42811643051452986
653.0238816739134,0.42809786037871933
653.1238816739134,0.42807936433568994
653.2238816739134,0.4280609420645599
653.3238816739134,0.4280425932465716
653.4238816739135,0.42802431756507797
653.5238816739135,0.4280061147055293
653.6238816739135,0.42798798435546
653.7238816739135,0.4279699262044757
653.8238816739135,0.4279519399442401
653.9238816739136,0.42793402526846225
654.0238816739136,0.42791618187288394
654.1238816739136,0.4278984094552671
654.2238816739136,0.42788070771538117
654.3238816739137,0.42786307635499105
654.4238816739137,0.42784551507784474
654.5238816739137,0.4278280235896613
654.6238816739137,0.4278106015981188
654.7238816739138,0.4277932488128425
654.8238816739138,0.42777596494539305
654.9238816739138,0.42775874970925515
655.0238816739138,0.4277416028198256
655.1238816739138,0.4277245239944021
655.2238816739139,0.4277075129521721
655.3238816739139,0.42769056941420136
655.4238816739139,0.42767369310342296
655.5238816739139,0.42765688374462657
655.623881673914,0.42764014106444714
655.723881673914,0.42762346479135455
655.823881673914,0.4276068546556429
655.923881673914,0.4275903103894198
656.023881673914,0.42757383172659613
656.1238816739141,0.4275574184028757
656.2238816739141,0.4275410701557448
656.3238816739141,0.42752478672446254
656.4238816739141,0.4275085678500504
656.5238816739142,0.42749241327528276
656.6238816739142,0.42747632274467656
656.7238816739142,0.4274602960044822
656.8238816739142,0.4274443328026734
656.9238816739143,0.4274284328889382
657.0238816739143,0.42741259601466924
657.1238816739143,0.42739682193295453
657.2238816739143,0.42738111039856835
657.3238816739143,0.42736546116796204
657.4238816739144,0.42734987399925517
657.5238816739144,0.4273343486522265
657.6238816739144,0.4273188848883052
657.7238816739144,0.4273034824705622
657.8238816739145,0.4272881411637017
657.9238816739145,0.42727286073405224
658.0238816739145,0.4272576409495589
658.1238816739145,0.42724248157977457
658.2238816739145,0.42722738239585184
658.3238816739146,0.4272123431705348
658.4238816739146,0.42719736367815125
658.5238816739146,0.42718244369460456
658.6238816739146,0.4271675829973659
658.7238816739147,0.4271527813654665
658.8238816739147,0.42713803857949006
658.9238816739147,0.42712335442156507
659.0238816739147,0.42710872867535743
659.1238816739148,0.4270941611260632
659.2238816739148,0.4270796515604011
659.3238816739148,0.4270651997666055
659.4238816739148,0.42705080553441926
659.5238816739148,0.4270364686550868
659.6238816739149,0.42702218892134725
659.7238816739149,0.42700796612742736
659.8238816739149,0.42699380006903526
659.9238816739149,0.4269796905433534
660.023881673915,0.4269656373490323
660.123881673915,0.426951640286184
660.223881673915,0.4269376991563758
660.323881673915,0.4269238137626239
660.423881673915,0.42690998390938745
660.5238816739151,0.4268962094025622
660.6238816739151,0.42688249004947476
660.7238816739151,0.42686882565887674
660.8238816739151,0.42685521604093885
660.9238816739152,0.42684166100724524
661.0238816739152,0.42682816037078797
661.1238816739152,0.4268147139459615
661.2238816739152,0.42680132154855716
661.3238816739153,0.42678798299575815
661.4238816739153,0.42677469810613394
661.5238816739153,0.42676146669963555
661.6238816739153,0.4267482885975901
661.7238816739153,0.4267351636226963
661.8238816739154,0.42672209159901936
661.9238816739154,0.4267090723519863
662.0238816739154,0.42669610570838146
662.1238816739154,0.4266831914963417
662.2238816739155,0.42667032954535233
662.3238816739155,0.4266575196862424
662.4238816739155,0.4266447617511806
662.5238816739155,0.4266320555736712
662.6238816739155,0.42661940098854995
662.7238816739156,0.42660679783198013
662.8238816739156,0.42659424594144874
662.9238816739156,0.4265817451557627
663.0238816739156,0.42656929531504517
663.1238816739157,0.4265568962607324
663.2238816739157,0.42654454783556967
663.3238816739157,0.4265322498836086
663.4238816739157,0.4265200022502034
663.5238816739158,0.42650780478200834
663.6238816739158,0.4264956573269741
663.7238816739158,0.42648355973434543
663.8238816739158,0.42647151185465804
663.9238816739158,0.42645951353973605
664.0238816739159,0.42644756464268957
664.1238816739159,0.42643566501791186
664.2238816739159,0.4264238145210775
664.3238816739159,0.4264120130091399
664.423881673916,0.426400260340329
664.523881673916,0.42638855637414974
664.623881673916,0.42637690097138
664.723881673916,0.4263652939940686
664.823881673916,0.4263537353055342
664.9238816739161,0.42634222477036343
665.0238816739161,0.4263307622544096
665.1238816739161,0.42631934762479134
665.2238816739161,0.4263079807498919
665.3238816739162,0.4262966614993576
665.4238816739162,0.42628538974409735
665.5238816739162,0.42627416535628193
665.6238816739162,0.42626298820934305
665.7238816739163,0.42625185817797345
665.8238816739163,0.42624077513812597
665.9238816739163,0.4262297389670138
666.0238816739163,0.4262187495431104
666.1238816739163,0.4262078067461494
666.2238816739164,0.42619691045712504
666.3238816739164,0.4261860605582925
666.4238816739164,0.42617525693316854
666.5238816739164,0.42616449946653195
666.6238816739165,0.4261537880444249
666.7238816739165,0.42614312255415326
666.8238816739165,0.42613250288428856
666.9238816739165,0.42612192892466866
667.0238816739165,0.4261114005663997
667.1238816739166,0.42610091770185743
667.2238816739166,0.4260904802246895
667.3238816739166,0.42608008802981684
667.4238816739166,0.42606974101343653
667.5238816739167,0.42605943907302357
667.6238816739167,0.42604918210733395
667.7238816739167,0.42603897001640695
667.8238816739167,0.42602880270156823
667.9238816739168,0.4260186800654331
668.0238816739168,0.4260086020119095
668.1238816739168,0.4259985684462018
668.2238816739168,0.4259885792748143
668.3238816739168,0.4259786344055552
668.4238816739169,0.42596873374754085
668.5238816739169,0.42595887721119974
668.6238816739169,0.42594906470827737
668.7238816739169,0.42593929615184084
668.823881673917,0.4259295714562839
668.923881673917,0.4259198905373321
669.023881673917,0.4259102533120483
669.123881673917,0.4259006596988382
669.223881673917,0.4258911096174565
669.3238816739171,0.42588160298901284
669.4238816739171,0.42587213973597815
669.5238816739171,0.4258627197821917
669.6238816739171,0.42585334305286743
669.7238816739172,0.4258440094746017
669.8238816739172,0.42583471897538044
669.9238816739172,0.4258254714845867
670.0238816739172,0.4258162669330092
670.1238816739173,0.4258071052528499
670.2238816739173,0.42579798637773325
670.3238816739173,0.4257889102427145
670.4238816739173,0.4257798767842891
670.5238816739173,0.42577088594040224
670.6238816739174,0.42576193765045856
670.7238816739174,0.42575303185533203
670.8238816739174,0.4257441684973768
670.9238816739174,0.4257353475204374
671.0238816739175,0.4257265688698603
671.1238816739175,0.42571783249250505
671.2238816739175,0.4257091383367562
671.3238816739175,0.42570048635253527
671.4238816739175,0.42569187649131324
671.5238816739176,0.4256833087061237
671.6238816739176,0.42567478295157557
671.7238816739176,0.42566629918386717
671.8238816739176,0.4256578573608
671.9238816739177,0.42564945744179306
672.0238816739177,0.42564109938789796
672.1238816739177,0.4256327831618138
672.2238816739177,0.42562450872790303
672.3238816739178,0.42561627605220737
672.4238816739178,0.42560808510246445
672.5238816739178,0.42559993584812467
672.6238816739178,0.4255918282603686
672.7238816739178,0.425583762312125
672.8238816739179,0.42557573797808895
672.9238816739179,0.42556775523474083
673.0238816739179,0.4255598140603655
673.1238816739179,0.42555191443507245
673.223881673918,0.42554405634081555
673.323881673918,0.4255362397614145
673.423881673918,0.4255284646825759
673.523881673918,0.425520731091915
673.623881673918,0.42551303897897874
673.7238816739181,0.42550538833526813
673.8238816739181,0.4254977791542623
673.9238816739181,0.4254902114314425
674.0238816739181,0.4254826851643169
674.1238816739182,0.42547520035244607
674.2238816739182,0.4254677569974689
674.3238816739182,0.42546035510312913
674.4238816739182,0.42545299467530284
674.5238816739183,0.42544567572202635
674.6238816739183,0.42543839825352453
674.7238816739183,0.4254311622822405
674.8238816739183,0.4254239678228651
674.9238816739183,0.42541681489236816
675.0238816739184,0.42540970351002927
675.1238816739184,0.4254026336974703
675.2238816739184,0.42539560547868793
675.3238816739184,0.42538861888008767
675.4238816739185,0.42538167393051796
675.5238816739185,0.42537477066130525
675.6238816739185,0.42536790910629024
675.7238816739185,0.42536108930186456
675.8238816739185,0.4253543112870083
675.9238816739186,0.42534757510332843
676.0238816739186,0.4253408807950985
676.1238816739186,0.42533422840929824
676.2238816739186,0.42532761799565527
676.3238816739187,0.4253210496066865
676.4238816739187,0.42531452329774155
676.5238816739187,0.42530803912704634
676.6238816739187,0.42530159715574806
676.7238816739188,0.4252951974479608
676.8238816739188,0.4252888400708124
676.9238816739188,0.42528252509449255
677.0238816739188,0.42527625259230106
677.1238816739188,0.4252700226406983
677.2238816739189,0.4252638353193557
677.3238816739189,0.42525769071120806
677.4238816739189,0.4252515889025067
677.5238816739189,0.42524552998287346
677.623881673919,0.42523951404535637
677.723881673919,0.42523354118648604
677.823881673919,0.4252276115063335
677.923881673919,0.4252217251085691
678.023881673919,0.42521588210052275
678.1238816739191,0.42521008259324516
678.2238816739191,0.42520432670157077
678.3238816739191,0.42519861454418145
678.4238816739191,0.425192946243672
678.5238816739192,0.4251873219266166
678.6238816739192,0.42518174172363693
678.7238816739192,0.4251762057694712
678.8238816739192,0.4251707142030453
678.9238816739193,0.4251652671675446
679.0238816739193,0.4251598648104877
679.1238816739193,0.4251545072838014
679.2238816739193,0.42514919474389745
679.3238816739193,0.42514392735175044
679.4238816739194,0.4251387052729774
679.5238816739194,0.4251335286779191
679.6238816739194,0.4251283977417228
679.7238816739194,0.4251233126444265
679.8238816739195,0.42511827357104504
679.9238816739195,0.42511328071165794
680.0238816739195,0.42510833426149863
680.1238816739195,0.4251034344210455
680.2238816739195,0.4250985813961149
680.3238816739196,0.4250937753979557
680.4238816739196,0.4250890166433456
680.5238816739196,0.4250843053546898
680.6238816739196,0.4250796417601206
680.7238816739197,0.4250750260935996
680.8238816739197,0.4250704585950218
680.9238816739197,0.4250659395103211
681.0238816739197,0.4250614690915786
681.1238816739198,0.42505704759713175
681.2238816739198,0.4250526752916869
681.3238816739198,0.4250483524464328
681.4238816739198,0.4250440793391566
681.5238816739198,0.4250398562543622
681.6238816739199,0.4250356834833904
681.7238816739199,0.42503156132454123
681.8238816739199,0.42502749008319884
681.9238816739199,0.4250234700719582
682.02388167392,0.4250195016107543
682.12388167392,0.4250155850269939
682.22388167392,0.42501172065568893
682.32388167392,0.42500790883959305
682.42388167392,0.42500414992934
682.5238816739201,0.4250004442835847
682.6238816739201,0.4249967922691468
682.7238816739201,0.42499319426115656
682.8238816739201,0.4249896506432035
682.9238816739202,0.42498616180748744
683.0238816739202,0.4249827281549722
683.1238816739202,0.4249793500955418
683.2238816739202,0.42497602804815965
683.3238816739203,0.42497276244103027
683.4238816739203,0.4249695537117635
683.5238816739203,0.4249664023075418
683.6238816739203,0.42496330868529036
683.7238816739203,0.42496027331184993
683.8238816739204,0.42495729666415244
683.9238816739204,0.4249543792293996
684.0238816739204,0.42495152150524473
684.1238816739204,0.4249487239999771
684.2238816739205,0.4249459872327095
684.3238816739205,0.42494331173356903
684.4238816739205,0.42494069804389073
684.5238816739205,0.4249381467164144
684.6238816739206,0.4249356583154845
684.7238816739206,0.42493323341725364
684.8238816739206,0.42493087260988865
684.9238816739206,0.42492857649378046
685.0238816739206,0.4249263456817571
685.1238816739207,0.4249241807992999
685.2238816739207,0.4249220824847632
685.3238816739207,0.42492005138959765
685.4238816739207,0.4249180881785765
685.5238816739208,0.42491619353002585
685.6238816739208,0.424914368136058
685.7238816739208,0.42491261270280856
685.8238816739208,0.4249109279506775
685.9238816739208,0.4249093146145728
686.0238816739209,0.4249077734441591
686.1238816739209,0.42490630520410894
686.2238816739209,0.42490491067435815
686.3238816739209,0.42490359065036537
686.423881673921,0.4249023459433745
686.523881673921,0.424901177380682
686.623881673921,0.4249000858059071
686.723881673921,0.42489907207926664
686.823881673921,0.4248981370778535
686.9238816739211,0.42489728169591917
687.0238816739211,0.42489650684515995
687.1238816739211,0.4248958134550079
687.2238816739211,0.42489520247292484
687.3238816739212,0.42489467486470184
687.4238816739212,0.4248942316147613
687.5238816739212,0.4248938737264644
687.6238816739212,0.42489360222242223
687.7238816739213,0.42489341814481113
687.8238816739213,0.42489332255569257
687.9238816739213,0.4248933165373369
688.0238816739213,0.4248934011925521
688.1238816739213,0.424893577645016
688.2238816739214,0.4248938470396138
688.3238816739214,0.42489421054277926
688.4238816739214,0.42489466934284076
688.5238816739214,0.4248952246503718
688.6238816739215,0.42489587769854575
688.7238816739215,0.4248966297434954
688.8238816739215,0.424897482064677
688.9238816739215,0.42489843596523874
689.0238816739216,0.42489949277239397
689.1238816739216,0.42490065383779907
689.2238816739216,0.42490192053793596
689.3238816739216,0.4249032942744991
689.4238816739216,0.42490477647478736
689.5238816739217,0.42490636859210085
689.6238816739217,0.42490807210614195
689.7238816739217,0.4249098885234214
689.8238816739217,0.4249118193776694
689.9238816739218,0.42491386623025107
690.0238816739218,0.424916030670587
690.1238816739218,0.42491831431657856
690.2238816739218,0.4249207188150381
690.3238816739218,0.42492324584212415
690.4238816739219,0.42492589710378087
690.5238816739219,0.4249286743361836
690.6238816739219,0.4249315793061878
690.7238816739219,0.42493461381178443
690.823881673922,0.4249377796825591
690.923881673922,0.4249410787801567
691.023881673922,0.42494451299875097
691.123881673922,0.42494808426551883
691.223881673922,0.42495179454111986
691.3238816739221,0.4249556458201807
691.4238816739221,0.42495964013178417
691.5238816739221,0.4249637795399638
691.6238816739221,0.4249680661442032
691.7238816739222,0.42497250207994
691.8238816739222,0.4249770895190754
691.9238816739222,0.42498183067048834
692.0238816739222,0.4249867277805545
692.1238816739223,0.4249917831336706
692.2238816739223,0.42499699905278354
692.3238816739223,0.4250023778999244
692.4238816739223,0.4250079220767474
692.5238816739223,0.42501363402507414
692.6238816739224,0.42501951622744183
692.7238816739224,0.4250255712076578
692.8238816739224,0.4250318015313576
692.9238816739224,0.4250382098065689
693.0238816739225,0.4250447986842797
693.1238816739225,0.42505157085901146
693.2238816739225,0.4250585290693975
693.3238816739225,0.4250656760987656
693.4238816739226,0.4250730147757257
693.5238816739226,0.42508054797476225
693.6238816739226,0.4250882786168314
693.7238816739226,0.42509620966996275
693.8238816739226,0.42510434414986564
693.9238816739227,0.4251126851205407
694.0238816739227,0.4251212356948949
694.1238816739227,0.4251299990353624
694.2238816739227,0.4251389783545291
694.3238816739228,0.4251481769157617
694.4238816739228,0.4251575980338417
694.5238816739228,0.42516724507560344
694.6238816739228,0.4251771214605767
694.7238816739228,0.4251872306616332
694.8238816739229,0.42519757620563803
694.9238816739229,0.42520816167410463
695.0238816739229,0.4252189907038546
695.1238816739229,0.4252300669876809
695.223881673923,0.4252413942750159
695.323881673923,0.4252529763726027
695.423881673923,0.425264817145171
695.523881673923,0.42527692051611654
695.623881673923,0.4252892904681843
695.7238816739231,0.4253019310441558
695.8238816739231,0.4253148463475399
695.9238816739231,0.42532804054326706
696.0238816739231,0.4253415178583877
696.1238816739232,0.42535528258277333
696.2238816739232,0.42536933906982194
696.3238816739232,0.425383691737166
696.4238816739232,0.4253983450673843
696.5238816739233,0.4254133036087164
696.6238816739233,0.42542857197578104
696.7238816739233,0.4254441548502969
696.8238816739233,0.4254600569818066
696.9238816739233,0.42547628318840347
697.0238816739234,0.4254928383574614
697.1238816739234,0.42550972744636706
697.2238816739234,0.425526955483255
697.3238816739234,0.42554452756774525
697.4238816739235,0.4255624488716832
697.5238816739235,0.4255807246398823
697.6238816739235,0.42559936019086825
697.7238816739235,0.4256183609176263
697.8238816739236,0.42563773228834983
697.9238816739236,0.42565747984719166
698.0238816739236,0.42567760921501646
698.1238816739236,0.42569812609015567
698.2238816739236,0.42571903624916374
698.3238816739237,0.42574034554757595
698.4238816739237,0.425762059920668
698.5238816739237,0.4257841853842168
698.6238816739237,0.42580672803526254
698.7238816739238,0.425829694052872
698.8238816739238,0.4258530896989032
698.9238816739238,0.4258769213187705
699.0238816739238,0.42590119534221116
699.1238816739238,0.4259259182840525
699.2238816739239,0.42595109674497944
699.3238816739239,0.425976737412303
699.4238816739239,0.42600284706072944
699.5238816739239,0.426029432553129
699.623881673924,0.4260565008413057
699.723881673924,0.42608405896676727
699.823881673924,0.42611211406149446
699.923881673924,0.42614067334871114
700.023881673924,0.42616974414365383
700.1238816739241,0.426199333854341
700.2238816739241,0.4262294499823424
700.3238816739241,0.42626010012354765
700.4238816739241,0.4262912919689342
700.5238816739242,0.4263230333053354
700.6238816739242,0.4263553320162068
700.7238816739242,0.4263881960823928
700.8238816739242,0.42642163358289165
700.9238816739243,0.42645565269561975
701.0238816739243,0.4264902616981751
701.1238816739243,0.4265254689685994
701.2238816739243,0.42656128298613893
701.3238816739243,0.4265977123320047
701.4238816739244,0.42663476569013065
701.5238816739244,0.42667245184793057
701.6238816739244,0.42671077969705423
701.7238816739244,0.42674975823414113
701.8238816739245,0.4267893965615734
701.9238816739245,0.42682970388822655
702.0238816739245,0.4268706895302193
702.1238816739245,0.42691236291166085
702.2238816739246,0.42695473356539737
702.3238816739246,0.42699781113375607
702.4238816739246,0.4270416053692881
702.5238816739246,0.4270861261355092
702.6238816739246,0.4271313834076392
702.7238816739247,0.42717738727333887
702.8238816739247,0.42722414793344643
702.9238816739247,0.4272716757027109
703.0238816739247,0.42731998101052504
703.1238816739248,0.42736907440165567
703.2238816739248,0.4274189665369729
703.3238816739248,0.42746966819417825
703.4238816739248,0.4275211902685303
703.5238816739248,0.4275735437735699
703.6238816739249,0.4276267398418438
703.7238816739249,0.427680789725627
703.8238816739249,0.4277357047976442
703.9238816739249,0.4277914965517904
704.023881673925,0.4278481766038505
704.123881673925,0.42790575669221853
704.223881673925,0.4279642486786166
704.323881673925,0.42802366454881297
704.423881673925,0.4280840164133408
704.5238816739251,0.4281453165082167
704.6238816739251,0.4282075771956599
704.7238816739251,0.4282708109648119
704.8238816739251,0.42833503043245735
704.9238816739252,0.42840024834374607
705.0238816739252,0.4284664775729165
705.1238816739252,0.42853373112402143
705.2238816739252,0.42860202213165577
705.3238816739253,0.42867136386168697
705.4238816739253,0.42874176971198885
705.5238816739253,0.42881325321317854
705.6238816739253,0.4288858280293576
705.7238816739253,0.4289595079588577
705.8238816739254,0.4290343069349911
705.9238816739254,0.4291102390268071
706.0238816739254,0.42918731843985364
706.1238816739254,0.42926555951694684
706.2238816739255,0.429344976738947
706.3238816739255,0.42942558472554326
706.4238816739255,0.42950739823604617
706.5238816739255,0.42959043217019094
706.6238816739256,0.4296747015689497
706.7238816739256,0.42976022161535593
706.8238816739256,0.4298470076353402
706.9238816739256,0.42993507509857887
707.0238816739256,0.430024439619357
707.1238816739257,0.43011511695744564
707.2238816739257,0.43020712301899505
707.3238816739257,0.43030047385744524
707.4238816739257,0.4303951856744541
707.5238816739258,0.43049127482084537
707.6238816739258,0.4305887577975766
707.7238816739258,0.43068765125672936
707.8238816739258,0.43078797200252283
707.9238816739258,0.43088973699235134
708.0238816739259,0.4309929633378491
708.1238816739259,0.4310976683059817
708.2238816739259,0.4312038693201675
708.3238816739259,0.4313115839614302
708.423881673926,0.4314208299695836
708.523881673926,0.43153162524445154
708.623881673926,0.4316439878471249
708.723881673926,0.4317579360012558
708.823881673926,0.43187348809439435
708.9238816739261,0.4319906626793669
709.0238816739261,0.43210947847570036
709.1238816739261,0.43222995437109346
709.2238816739261,0.4323521094229389
709.3238816739262,0.4324759628598975
709.4238816739262,0.43260153408352797
709.5238816739262,0.432728842669975
709.6238816739262,0.43285790837171817
709.7238816739263,0.43298875111938523
709.8238816739263,0.4331213910236327
709.9238816739263,0.43325584837709696
710.0238816739263,0.4333921436564196
710.1238816739263,0.4335302975243504
710.2238816739264,0.4336703308319316
710.3238816739264,0.4338122646207677
710.4238816739264,0.43395612012538426
710.5238816739264,0.43410191877568055
710.6238816739265,0.43424968219948024
710.7238816739265,0.43439943222518407
710.8238816739265,0.43455119088453065
710.9238816739265,0.4347049804154686
711.0238816739266,0.4348608232651469
711.1238816739266,0.4350187420930272
711.2238816739266,0.43517875977412557
711.3238816739266,0.43534089940238724
711.4238816739266,0.43550518429420265
711.5238816739267,0.43567163799206954
711.6238816739267,0.4358402842684082
711.7238816739267,0.43601114712953715
711.8238816739267,0.43618425081981566
711.9238816739268,0.4363596198259609
712.0238816739268,0.4365372788815477
712.1238816739268,0.4367172529716985
712.2238816739268,0.43689956733797247
712.3238816739268,0.4370842474834617
712.4238816739269,0.4372713191781049
712.5238816739269,0.43746080846422686
712.6238816739269,0.4376527416623142
712.7238816739269,0.43784714537703806
712.823881673927,0.4380440465035334
712.923881673927,0.43824347223394783
713.023881673927,0.4384454500642702
713.123881673927,0.4386500078014518
713.223881673927,0.438857173570833
713.3238816739271,0.43906697582388854
713.4238816739271,0.43927944334630564
713.5238816739271,0.43949460526640866
713.6238816739271,0.4397124910639462
713.7238816739272,0.4399331305792564
713.8238816739272,0.4401565540228264
713.9238816739272,0.4403827919852635
714.0238816739272,0.4406118754476964
714.1238816739273,0.44084383579262487
714.2238816739273,0.4410787048152367
714.3238816739273,0.4413165147352146
714.4238816739273,0.44155729820905243
714.5238816739273,0.4418010883429038
714.6238816739274,0.4420479187059872
714.7238816739274,0.44229782334457096
714.8238816739274,0.4425508367965648
714.9238816739274,0.442806994106744
715.0238816739275,0.44306633084263447
715.1238816739275,0.44332888311108837
715.2238816739275,0.44359468757558074
715.3238816739275,0.44386378147425937
715.4238816739276,0.44413620263878156
715.5238816739276,0.4444119895139734
715.6238816739276,0.44469118117834827
715.7238816739276,0.4449738173655232
715.8238816739276,0.4452599384865745
715.9238816739277,0.4455495856533742
716.0238816739277,0.44584280070295285
716.1238816739277,0.4461396262229352
716.2238816739277,0.446440105578098
716.3238816739278,0.4467442829381019
716.4238816739278,0.4470522033064508
716.5238816739278,0.4473639125507364
716.6238816739278,0.4476794574342277
716.7238816739278,0.4479988856488676
716.8238816739279,0.4483222458497432
716.9238816739279,0.44864958769109897
717.0238816739279,0.4489809618639659
717.1238816739279,0.44931642013548306
717.223881673928,0.44965601538999234
717.323881673928,0.4499998016719917
717.423881673928,0.45034783423103597
717.523881673928,0.4507001695686792
717.623881673928,0.45105686548755813
717.7238816739281,0.4514179811427209
717.8238816739281,0.45178357709531153
717.9238816739281,0.45215371536872506
718.0238816739281,0.4525284595073575
718.1238816739282,0.45290787463807797
718.2238816739282,0.45329202753456016
718.3238816739282,0.4536809866846164
718.4238816739282,0.4540748223606865
718.5238816739283,0.4544736066936409
718.6238816739283,0.45487741375006807
718.7238816739283,0.45528631961322485
718.8238816739283,0.45570040246783894
718.9238816739283,0.4561197426889627
719.0238816739284,0.45654442293509145
719.1238816739284,0.4569745282457683
719.2238816739284,0.45741014614391395
719.3238816739284,0.45785136674313104
719.4238816739285,0.4582982828602501
719.5238816739285,0.4587509901333977
719.6238816739285,0.45920958714588567
719.7238816739285,0.4596741755562379
719.8238816739286,0.46014486023469076
719.9238816739286,0.46062174940652245
720.0238816739286,0.4611049548025906
720.1238816739286,0.461594591817479
720.2238816739286,0.46209077967568
720.3238816739287,0.4625936416062665
720.4238816739287,0.46310330502653413
720.5238816739287,0.4636199017351287
720.6238816739287,0.46414356811520047
720.7238816739288,0.4646744453481692
720.8238816739288,0.4652126796387154
720.9238816739288,0.46575842245165683
721.0238816739288,0.4663118307614119
721.1238816739288,0.4668730673147962
721.2238816739289,0.4674423009079509
721.3238816739289,0.4680197066782521
721.4238816739289,0.46860546641211004
721.5238816739289,0.4691997688696262
721.623881673929,0.46980281012714453
721.723881673929,0.4704147939388019
721.823881673929,0.47103593211826184
721.923881673929,0.4716664449418954
722.023881673929,0.4723065615747627
722.1238816739291,0.4729565205208441
722.2238816739291,0.4736165700990727
722.3238816739291,0.4742869689468299
722.4238816739291,0.47496798655268535
722.5238816739292,0.47565990382029294
722.6238816739292,0.47636301366549116
722.7238816739292,0.4770776216488084
722.8238816739292,0.47780404664573417
722.9238816739293,0.4785426215572952
723.0238816739293,0.47929369406366146
723.1238816739293,0.48005762742371577
723.2238816739293,0.48083480132374024
723.3238816739293,0.48162561277861415
723.4238816739294,0.48243047708917797
723.5238816739294,0.48324982885970036
723.6238816739294,0.48408412307969123
723.7238816739294,0.48493383627463366
723.8238816739295,0.4857994677305709
723.9238816739295,0.4866815407978709
724.0238816739295,0.48758060427991845
724.1238816739295,0.4884972339129432
724.2238816739296,0.4894320339436936
724.3238816739296,0.49038563881221
724.4238816739296,0.49135871494754163
724.5238816739296,0.4923519626848966
724.6238816739296,0.493366118313412
724.7238816739297,0.49440195626449424
724.8238816739297,0.4954602914515088
724.9238816739297,0.49654198177250086
725.0238816739297,0.49764793078861064
725.1238816739298,0.49877909059192016
725.2238816739298,0.4999364648776311
725.3238816739298,0.5011211122367473
725.4238816739298,0.5023341496868148
725.5238816739298,0.5035767564597854
725.6238816739299,0.5048501780677038
725.7238816739299,0.5061557306687136
725.8238816739299,0.507494805757815
725.9238816739299,0.5088688752089321
726.02388167393,0.5102794966971405
726.12388167393,0.5117283195324172
726.22388167393,0.5132170909389835
726.32388167393,0.5147476628172636
726.42388167393,0.5163219990286712
726.5238816739301,0.5179421832468931
726.6238816739301,0.5196104274230676
726.7238816739301,0.5213290809162736
726.8238816739301,0.5231006403450714
726.9238816739302,0.5249277602204607
727.0238816739302,0.5268132644255661
727.1238816739302,0.5287601586126117
727.2238816739302,0.5307716435932971
727.3238816739303,0.5328511298045121
727.4238816739303,0.5350022529373886
727.5238816739303,0.5372288908239298
727.6238816739303,0.5395351816817865
727.7238816739304,0.5419255438240569
727.8238816739304,0.5444046969470979
727.9238816739304,0.5469776851150432
728.0238816739304,0.5496499015647206
728.1238816739304,0.5524271154585825
728.2238816739305,0.5553155007155947
728.3238816739305,0.5583216670501377
728.4238816739305,0.5614526933460251
728.5238816739305,0.5647161634856768
728.6238816739306,0.5681202047419562
728.7238816739306,0.5716735288204683
728.8238816739306,0.5753854756110524
728.9238816739306,0.5792660596660739
729.0238816739306,0.583326019366476
729.1238816739307,0.5875768686601086
729.2238816739307,0.5920309511552758
729.3238816739307,0.5967014962190482
729.4238816739307,0.6016026765564839
729.5238816739308,0.606749666523337
729.6238816739308,0.6121587001387052
729.7238816739308,0.6178471274002963
729.8238816739308,0.623833467045323
729.9238816739309,0.6301374533227101
730.0238816739309,0.6367800736215192
730.1238816739309,0.6437835929063047
730.2238816739309,0.651171559808269
730.3238816739309,0.6589687878735866
730.423881673931,0.6672013038364696
730.523881673931,0.6758962528235941
730.623881673931,0.6850817480713156
730.723881673931,0.694786650021123
730.823881673931,0.705040256546234
730.9238816739311,0.715871882583389
731.0238816739311,0.7273103036870769
731.1238816739311,0.7393830341652554
731.2238816739311,0.7521154068016502
731.3238816739312,0.7655294182058285
731.4238816739312,0.7796423022866903
731.5238816739312,0.7944647952563184
731.6238816739312,0.8099990603522971
731.7238816739313,0.8262362509457112
731.8238816739313,0.8431537091070298
731.9238816739313,0.8607118255394822
732.0238816739313,0.8788506285501881
732.1238816739314,0.8974862263410921
732.2238816739314,0.9165072988564739
732.3238816739314,0.9357719205505924
732.4238816739314,0.9551050874051693
732.5238816739314,0.9742974083407457
732.6238816739315,0.9931054842330107
732.7238816739315,1.0112545123131418
732.8238816739315,1.0284435917414023
732.9238816739315,1.0443540422859967
733.0238816739316,1.0586607689848855
733.1238816739316,1.071046320875582
733.2238816739316,1.0812168424023092
733.3238816739316,1.088918676374325
733.4238816739316,1.0939540452584557
733.5238816739317,1.0961941117174376
733.6238816739317,1.0964829640892972
733.7238816739317,1.0962518543133424
733.8238816739317,1.0955230386010517
733.9238816739318,1.094302429604482
734.0238816739318,1.092598348920932
734.1238816739318,1.0904214233911722
734.2238816739318,1.0877844547039626
734.3238816739319,1.0847022652393548
734.4238816739319,1.081191523534568
734.5238816739319,1.0772705530907725
734.6238816739319,1.0729591284502997
734.7238816739319,1.0682782625607756
734.823881673932,1.0632499894101457
734.923881673932,1.0578971457738975
735.023881673932,1.0522431556764285
735.123881673932,1.0463118208487132
735.223881673932,1.040127120082266
735.3238816739321,1.0337130199537088
735.4238816739321,1.0270932989435482
735.5238816739321,1.0202913865144452
735.6238816739321,1.0133302182639525
735.7238816739322,1.0062321078376797
735.8238816739322,0.9990186358918807
735.9238816739322,0.991710556037604
736.0238816739322,0.9843277173872107
736.1238816739323,0.9768890030612328
736.2238816739323,0.9694122838000145
736.3238816739323,0.9619143856592577
736.4238816739323,0.9544110706489765
736.5238816739324,0.9469170290977353
736.6238816739324,0.9394458824839893
736.7238816739324,0.9320101954689303
736.8238816739324,0.9246214958853973
736.9238816739324,0.9172903014800615
737.0238816739325,0.9100261522664423
737.1238816739325,0.9028376474198418
737.2238816739325,0.8957324857279942
737.3238816739325,0.8887175086995381
737.4238816739326,0.8817987455233212
737.5238816739326,0.8749814591625047
737.6238816739326,0.8682701929564063
737.7238816739326,0.8616688171884248
737.8238816739326,0.8551805751590277
737.9238816739327,0.8488081283778467
738.0238816739327,0.8425536005578577
738.1238816739327,0.8364186201571902
738.2238816739327,0.8304043612702169
738.3238816739328,0.8245115827193474
738.4238816739328,0.8187406652426031
738.5238816739328,0.8130916467099131
738.6238816739328,0.8075642553335216
738.7238816739329,0.8021579408653748
738.8238816739329,0.7968719037972778
738.9238816739329,0.7917051225984716
739.0238816739329,0.7866563790404715
739.1238816739329,0.7817242816710026
739.223881673933,0.7769072875080323
739.323881673933,0.7722037220316375
739.423881673933,0.7676117975560883
739.523881673933,0.7631296300673944
739.623881673933,0.758755254612938
739.7238816739331,0.7544866393299599
739.8238816739331,0.750321698198789
739.9238816739331,0.7462583026050205
740.0238816739331,0.7422942917925135
740.1238816739332,0.7384274822862574
740.2238816739332,0.7346556763609566
740.3238816739332,0.7309766696277299
740.4238816739332,0.7273882578076944
740.5238816739333,0.723888242757486
740.6238816739333,0.7204744378080096
740.7238816739333,0.717144672473988
740.8238816739333,0.7138967965881913
740.9238816739334,0.7107286839106527
741.0238816739334,0.7076382352597035
741.1238816739334,0.7046233812083242
741.2238816739334,0.70168208438612
741.3238816739334,0.6988123414241957
741.4238816739335,0.6960121845773308
741.5238816739335,0.6932796830551466
741.6238816739335,0.6906129440914051
741.7238816739335,0.6880101137781971
741.8238816739336,0.6854693776895375
741.9238816739336,0.6829889613168121
742.0238816739336,0.6805671303365789
742.1238816739336,0.6782021907294389
742.2238816739336,0.6758924887670194
742.3238816739337,0.6736364108825851
742.4238816739337,0.6714323834393667
742.5238816739337,0.6692788724093945
742.6238816739337,0.6671743829744183
742.7238816739338,0.6651174590593951
742.8238816739338,0.6631066828080097
742.9238816739338,0.6611406740087636
743.0238816739338,0.6592180894793245
743.1238816739339,0.6573376224160424
743.2238816739339,0.6554980017148412
743.3238816739339,0.6536979912690346
743.4238816739339,0.6519363892490398
743.5238816739339,0.6502120273684149
743.623881673934,0.6485237701401652
743.723881673934,0.6468705141268205
743.823881673934,0.6452511871873796
743.923881673934,0.6436647477238592
744.023881673934,0.6421101839298536
744.1238816739341,0.640586513043212
744.2238816739341,0.6390927806046719
744.3238816739341,0.6376280597240466
744.4238816739341,0.6361914503553423
744.5238816739342,0.634782078581986
744.6238816739342,0.633399095913168
744.7238816739342,0.6320416785921423
744.8238816739342,0.6307090269171891
744.9238816739343,0.6294003645758123
745.0238816739343,0.6281149379926342
745.1238816739343,0.626852015691348
745.2238816739343,0.6256108876709952
745.3238816739344,0.6243908647967589
745.4238816739344,0.6231912782053928
745.5238816739344,0.6220114787253377
745.6238816739344,0.620850836311531
745.7238816739344,0.6197087394948585
745.8238816739345,0.6185845948461588
745.9238816739345,0.617477826454656
746.0238816739345,0.6163878754206586
746.1238816739345,0.6153141993623432
746.2238816739346,0.6142562719364089
746.3238816739346,0.6132135823723774
746.4238816739346,0.6121856350202924
746.5238816739346,0.611171948911557
746.6238816739346,0.6101720573326408
746.7238816739347,0.6091855074113779
746.8238816739347,0.6082118597155666
746.9238816739347,0.6072506878635838
747.0238816739347,0.6063015781467169
747.1238816739348,0.6053641291629168
747.2238816739348,0.604437951461676
747.3238816739348,0.6035226671997345
747.4238816739348,0.6026179098073159
747.5238816739349,0.601723323664604
747.6238816739349,0.6008385637881652
747.7238816739349,0.5999632955270318
747.8238816739349,0.5990971942681624
747.9238816739349,0.5982399451510012
748.023881673935,0.597391242790861
748.123881673935,0.5965507910108615
748.223881673935,0.595718302582162
748.323881673935,0.5948934989722257
748.423881673935,0.5940761101008702
748.5238816739351,0.5932658741038519
748.6238816739351,0.5924625371037491
748.7238816739351,0.5916658529879073
748.8238816739351,0.5908755831932205
748.9238816739352,0.5900914964975259
749.0238816739352,0.5893133688173959
749.1238816739352,0.5885409830121204
749.2238816739352,0.5877741286936731
749.3238816739353,0.5870126020424655
749.4238816739353,0.5862562056286986
749.5238816739353,0.585504748239122
749.6238816739353,0.584758044709026
749.7238816739354,0.5840159157592876
749.8238816739354,0.5832781878383028
749.9238816739354,0.5825446929686428
750.0238816739354,0.5818152685982731
750.1238816739354,0.5810897574561846
750.2238816739355,0.5803680074122864
750.3238816739355,0.5796498713414175
750.4238816739355,0.57893520699134
750.5238816739355,0.5782238768545767
750.6238816739356,0.5775157480439664
750.7238816739356,0.576810692171811
750.8238816739356,0.576108585232491
750.9238816739356,0.5754093074884359
751.0238816739356,0.5747127433593355
751.1238816739357,0.5740187813144811
751.2238816739357,0.5733273137681343
751.3238816739357,0.5726382369778198
751.4238816739357,0.571951450945446
751.5238816739358,0.5712668593211558
751.6238816739358,0.5705843693098199
751.7238816739358,0.5699038915800813
751.8238816739358,0.5692253401758676
751.9238816739359,0.5685486324302897
752.0238816739359,0.567873688881846
752.1238816739359,0.567200433192856
752.2238816739359,0.5665287920700519
752.323881673936,0.5658586951872542
752.423881673936,0.5651900751100652
752.523881673936,0.564522867222512
752.623881673936,0.5638570096555783
752.723881673936,0.5631924432175601
752.8238816739361,0.5625291113261901
752.9238816739361,0.5618669599424693
753.0238816739361,0.5612059375061542
753.1238816739361,0.5605459948728457
753.2238816739361,0.5598870852526268
753.3238816739362,0.5592291641502019
753.4238816739362,0.5585721893064897
753.5238816739362,0.5579161206416232
753.6238816739362,0.5572609201993125
753.7238816739363,0.5566065520925285
753.8238816739363,0.5559529824504671
753.9238816739363,0.5553001793667519
754.0238816739363,0.5546481128488403
754.1238816739364,0.5539967547685936
754.2238816739364,0.5533460788139769
754.3238816739364,0.5526960604418558
754.4238816739364,0.5520466768318539
754.5238816739364,0.5513979068412427
754.6238816739365,0.5507497309608306
754.7238816739365,0.5501021312718243
754.8238816739365,0.5494550914036308
754.9238816739365,0.5488085964925761
755.0238816739366,0.5481626331415117
755.1238816739366,0.5475171893802846
755.2238816739366,0.5468722546270461
755.3238816739366,0.5462278196503761
755.4238816739366,0.545583876532199
755.5238816739367,0.5449404186314708
755.6238816739367,0.5442974405486153
755.7238816739367,0.5436549380906891
755.8238816739367,0.5430129082372562
755.9238816739368,0.5423713491069527
756.0238816739368,0.541730259924724
756.1238816739368,0.5410896409897159
756.2238816739368,0.5404494936438043
756.3238816739369,0.5398098202407458
756.4238816739369,0.5391706241159329
756.5238816739369,0.5385319095567412
756.6238816739369,0.5378936817734514
756.723881673937,0.5372559468707327
756.823881673937,0.5366187118196757
756.923881673937,0.5359819844303577
757.023881673937,0.5353457733249334
757.123881673937,0.5347100879112331
757.2238816739371,0.5340749383568614
757.3238816739371,0.533440335563781
757.4238816739371,0.5328062911433746
757.5238816739371,0.5321728173919709
757.6238816739371,0.5315399272668266
757.7238816739372,0.5309076343625555
757.8238816739372,0.5302759528879907
757.9238816739372,0.529644897643477
758.0238816739372,0.5290144839985805
758.1238816739373,0.5283847278702072
758.2238816739373,0.527755645701125
758.3238816739373,0.527127254438878
758.4238816739373,0.5264995715150876
758.5238816739374,0.5258726148251328
758.6238816739374,0.5252464027082013
758.7238816739374,0.5246209539277059
758.8238816739374,0.5239962876520594
758.9238816739374,0.5233724234358007
759.0238816739375,0.5227493812010668
759.1238816739375,0.5221271812194048
759.2238816739375,0.5215058440939169
759.3238816739375,0.5208853907417345
759.4238816739376,0.5202658423768148
759.5238816739376,0.5196472204930553
759.6238816739376,0.5190295468477203
759.7238816739376,0.5184128434451758
759.8238816739376,0.517797132520927
759.9238816739377,0.5171824365259541
760.0238816739377,0.5165687781113423
760.1238816739377,0.5159561801132011
760.2238816739377,0.5153446655378696
760.3238816739378,0.5147342575474023
760.4238816739378,0.514124979445333
760.5238816739378,0.5135168546627122
760.6238816739378,0.5129099067444147
760.7238816739379,0.5123041593357129
760.8238816739379,0.5116996361691133
760.9238816739379,0.5110963610514525
761.0238816739379,0.5104943578512493
761.123881673938,0.5098936504863099
761.223881673938,0.5092942629115816
761.323881673938,0.5086962191072559
761.423881673938,0.5080995430671118
761.523881673938,0.5075042587871029
761.6238816739381,0.506910390254181
761.7238816739381,0.5063179614353555
761.8238816739381,0.5057269962669837
761.9238816739381,0.5051375186442943
762.0238816739381,0.5045495524111344
762.1238816739382,0.5039631213499434
762.2238816739382,0.5033782491719485
762.3238816739382,0.5027949595075805
762.4238816739382,0.5022132758971054
762.5238816739383,0.5016332217814732
762.6238816739383,0.5010548204933779
762.7238816739383,0.5004780952485282
762.8238816739383,0.4999030691371268
762.9238816739384,0.4993297651155552
