609.7291317331993,0.038371329014756504
609.8291317331993,0.0384955233145914
609.9291317331994,0.038621032989675036
610.0291317331994,0.038747869175088503
610.1291317331994,0.03887604306373662
610.2291317331994,0.039005565906175405
610.3291317331995,0.03913644901043186
610.4291317331995,0.039268703741815916
610.5291317331995,0.039402341522724454
610.6291317331995,0.03953737383243741
610.7291317331996,0.03967381220690583
610.8291317331996,0.03981166823853173
610.9291317331996,0.039950953575939974
611.0291317331996,0.04009167992374169
611.1291317331996,0.04023385904228946
611.2291317331997,0.04037750274742412
611.3291317331997,0.04052262291021307
611.4291317331997,0.04066923145668007
611.5291317331997,0.040817340367526336
611.6291317331998,0.04096696167784315
611.7291317331998,0.041118107476815546
611.8291317331998,0.041270789907417234
611.9291317331998,0.04142502116609664
612.0291317331998,0.041580813502454086
612.1291317331999,0.04173817921890975
612.2291317331999,0.04189713067036275
612.3291317331999,0.0420576802638409
612.4291317331999,0.04221984045814138
612.5291317332,0.04238362376346203
612.6291317332,0.04254904274102333
612.7291317332,0.04271611000268094
612.8291317332,0.04288483821052876
612.9291317332,0.0430552400764925
613.0291317332001,0.04322732836191354
613.1291317332001,0.04340111587712319
613.2291317332001,0.043576615481007185
613.3291317332001,0.043753840080560394
613.4291317332002,0.04393280263043167
613.5291317332002,0.0441135161324588
613.6291317332002,0.04429599363519339
613.7291317332002,0.04448024823341587
613.8291317332003,0.044666293067640236
613.9291317332003,0.04485414132360876
614.0291317332003,0.04504380623177644
614.1291317332003,0.045235301066785166
614.2291317332003,0.045428639146927643
614.3291317332004,0.04562383383360083
614.4291317332004,0.045820898530749006
614.5291317332004,0.04601984668429643
614.6291317332004,0.046220691781569276
614.7291317332005,0.04642344735070717
614.8291317332005,0.046628126960064034
614.9291317332005,0.04683474421759817
615.0291317332005,0.04704331277025167
615.1291317332006,0.04725384630331912
615.2291317332006,0.0474663585398053
615.3291317332006,0.047680863239772164
615.4291317332006,0.047897374199674894
615.5291317332006,0.04811590525168681
615.6291317332007,0.048336470263013576
615.7291317332007,0.04855908313519604
615.8291317332007,0.04878375780340227
615.9291317332007,0.04901050823570828
616.0291317332008,0.04923934843236764
616.1291317332008,0.0494702924250699
616.2291317332008,0.0497033542761878
616.3291317332008,0.049938548078013165
616.4291317332008,0.050175887951981454
616.5291317332009,0.050415388047885076
616.6291317332009,0.05065706254307531
616.7291317332009,0.05090092564165268
616.8291317332009,0.051146991573646175
616.929131733201,0.0513952745941807
617.029131733201,0.05164578898263332
617.129131733201,0.05189854904177778
617.229131733201,0.05215356909691765
617.329131733201,0.052410863495007814
617.4291317332011,0.05267044660376442
617.5291317332011,0.052932332810763316
617.6291317332011,0.05319653652252663
617.7291317332011,0.05346307216359804
617.8291317332012,0.05373195417560617
617.9291317332012,0.054003197016316395
618.0291317332012,0.054276815158670985
618.1291317332012,0.05455282308981755
618.2291317332013,0.05483123531012585
618.3291317332013,0.05511206633219277
618.4291317332013,0.055395330679835694
618.5291317332013,0.05568104288707419
618.6291317332013,0.05596921749709996
618.7291317332014,0.056259869061234896
618.8291317332014,0.056553012137877744
618.9291317332014,0.05684866129143879
619.0291317332014,0.05714683109126298
619.1291317332015,0.05744753611054118
619.2291317332015,0.05775079092520993
619.3291317332015,0.05805661011283944
619.4291317332015,0.05836500825150971
619.5291317332016,0.05867599991867532
619.6291317332016,0.05898959969001831
619.7291317332016,0.05930582213828947
619.8291317332016,0.059624681832138114
619.9291317332016,0.0599461933349301
620.0291317332017,0.06027037120355435
620.1291317332017,0.06059722998721782
620.2291317332017,0.06092678422622884
620.3291317332017,0.061259048450769106
620.4291317332018,0.061594037179654004
620.5291317332018,0.06193176491908164
620.6291317332018,0.06227224616137029
620.7291317332018,0.06261549538368465
620.8291317332018,0.0629615270467506
620.9291317332019,0.06331035559355871
621.0291317332019,0.06366199544805642
621.1291317332019,0.06401646101382906
621.2291317332019,0.06437376667276969
621.329131733202,0.06473392678373767
621.429131733202,0.06509695568120644
621.529131733202,0.06546286767389978
621.629131733202,0.06583167704341755
621.729131733202,0.06620339804285032
621.8291317332021,0.06657804489538288
621.9291317332021,0.06695563179288752
622.0291317332021,0.06733617289450586
622.1291317332021,0.0677196823252205
622.2291317332022,0.06810617417441585
622.3291317332022,0.06849566249442834
622.4291317332022,0.06888816129908629
622.5291317332022,0.06928368456223918
622.6291317332023,0.06968224621627686
622.7291317332023,0.07008386015063806
622.8291317332023,0.07048854021030922
622.9291317332023,0.07089630019431278
623.0291317332023,0.07130715385418565
623.1291317332024,0.07172111489244778
623.2291317332024,0.07213819696106077
623.3291317332024,0.07255841365987681
623.4291317332024,0.07298177853507777
623.5291317332025,0.07340830507760499
623.6291317332025,0.07383800672157952
623.7291317332025,0.07427089684271274
623.8291317332025,0.07470698875670807
623.9291317332026,0.07514629571765327
624.0291317332026,0.07558883091640378
624.1291317332026,0.07603460747895706
624.2291317332026,0.0764836384648182
624.3291317332026,0.07693593686535675
624.4291317332027,0.0773915156021548
624.5291317332027,0.07785038752534684
624.6291317332027,0.07831256541195109
624.7291317332027,0.07877806196419268
624.8291317332028,0.0792468898078186
624.9291317332028,0.07971906149040488
625.0291317332028,0.08019458947965571
625.1291317332028,0.08067348616169494
625.2291317332028,0.08115576383935008
625.3291317332029,0.08164143473042881
625.4291317332029,0.08213051096598814
625.5291317332029,0.08262300458859656
625.6291317332029,0.08311892755058906
625.729131733203,0.08361829171231547
625.829131733203,0.08412110884038199
625.929131733203,0.08462739060588617
626.029131733203,0.08513714858264573
626.129131733203,0.0856503942454209
626.2291317332031,0.08616713896813089
626.3291317332031,0.08668739402206448
626.4291317332031,0.08721117057408481
626.5291317332031,0.0877384796848287
626.6291317332032,0.08826933230690076
626.7291317332032,0.08880373928306198
626.8291317332032,0.08934171134441371
626.9291317332032,0.08988325910857659
627.0291317332033,0.09042839307786484
627.1291317332033,0.09097712363745644
627.2291317332033,0.09152946105355869
627.3291317332033,0.09208541547156981
627.4291317332033,0.09264499691423708
627.5291317332034,0.09320821527981066
627.6291317332034,0.09377508034019469
627.7291317332034,0.09434560173909465
627.8291317332034,0.09491978899016196
627.9291317332035,0.09549765147513567
628.0291317332035,0.09607919844198176
628.1291317332035,0.0966644390030297
628.2291317332035,0.09725338213310727
628.3291317332036,0.0978460366676733
628.4291317332036,0.09844241130094866
628.5291317332036,0.0990425145840459
628.6291317332036,0.09964635492309762
628.7291317332036,0.10025394057738399
628.8291317332037,0.10086527965745917
628.9291317332037,0.10148038012327787
629.0291317332037,0.10209924978232102
629.1291317332037,0.10272189628772177
629.2291317332038,0.1033483271363918
629.3291317332038,0.10397854966714806
629.4291317332038,0.10461257105884011
629.5291317332038,0.1052503983284789
629.6291317332038,0.10589203832936656
629.7291317332039,0.1065374977492278
629.8291317332039,0.10718678310834343
629.9291317332039,0.10783990075768557
630.0291317332039,0.10849685687705565
630.129131733204,0.10915765747322503
630.229131733204,0.10982230837807841
630.329131733204,0.11049081524676077
630.429131733204,0.1111631835558278
630.529131733204,0.11183941860140001
630.6291317332041,0.11251952549732144
630.7291317332041,0.11320350917332239
630.8291317332041,0.11389137437318711
630.9291317332041,0.11458312565292672
631.0291317332042,0.11527876737895745
631.1291317332042,0.11597830372628445
631.2291317332042,0.11668173867669188
631.3291317332042,0.11738907601693924
631.4291317332043,0.11810031933696458
631.5291317332043,0.1188154720280944
631.6291317332043,0.11953453728126157
631.7291317332043,0.12025751808523008
631.8291317332043,0.1209844172248288
631.9291317332044,0.12171523727919284
632.0291317332044,0.12244998062001436
632.1291317332044,0.12318864940980204
632.2291317332044,0.12393124560015009
632.3291317332045,0.12467777093001756
632.4291317332045,0.12542822692401717
632.5291317332045,0.12618261489071542
632.6291317332045,0.12694093592094305
632.7291317332046,0.12770319088611737
632.8291317332046,0.1284693804365761
632.9291317332046,0.12923950499992332
633.0291317332046,0.13001356477938794
633.1291317332046,0.13079155975219522
633.2291317332047,0.1315734896679515
633.3291317332047,0.13235935404704263
633.4291317332047,0.1331491521790468
633.5291317332047,0.1339428831211614
633.6291317332048,0.13474054569664554
633.7291317332048,0.1355421384932774
633.8291317332048,0.13634765986182767
633.9291317332048,0.13715710791454933
634.0291317332048,0.13797048052368394
634.1291317332049,0.13878777531998518
634.2291317332049,0.13960898969126004
634.3291317332049,0.1404341207809278
634.4291317332049,0.141263165486598
634.529131733205,0.14209612045866696
634.629131733205,0.14293298209893382
634.729131733205,0.14377374655923664
634.829131733205,0.1446184097401087
634.929131733205,0.14546696728945605
635.0291317332051,0.14631941460125572
635.1291317332051,0.14717574681427664
635.2291317332051,0.14803595881082215
635.3291317332051,0.14890004521549596
635.4291317332052,0.1497680003939911
635.5291317332052,0.15063981845190288
635.6291317332052,0.1515154932335664
635.7291317332052,0.15239501832091856
635.8291317332053,0.15327838703238625
635.9291317332053,0.15416559242179975
636.0291317332053,0.15505662727733321
636.1291317332053,0.15595148412047202
636.2291317332053,0.1568501552050079
636.3291317332054,0.15775263251606209
636.4291317332054,0.1586589077691377
636.5291317332054,0.15956897240920068
636.6291317332054,0.1604828176097913
636.7291317332055,0.1614004342721663
636.8291317332055,0.16232181302447143
636.9291317332055,0.16324694422094632
637.0291317332055,0.16417581794116165
637.1291317332056,0.16510842398928866
637.2291317332056,0.1660447518934028
637.3291317332056,0.16698479090482157
637.4291317332056,0.16792852999747654
637.5291317332056,0.16887595786732143
637.6291317332057,0.1698270629317759
637.7291317332057,0.1707818333292066
637.8291317332057,0.17174025691844447
637.9291317332057,0.17270232127834168
638.0291317332058,0.1736680137073658
638.1291317332058,0.17463732122323436
638.2291317332058,0.1756102305625892
638.3291317332058,0.1765867281807113
638.4291317332058,0.17756680025127772
638.5291317332059,0.17855043266616
638.6291317332059,0.17953761103526616
638.7291317332059,0.18052832068642596
638.8291317332059,0.1815225466653203
638.929131733206,0.1825202737354564
639.029131733206,0.18352148637818805
639.129131733206,0.18452616879278314
639.229131733206,0.18553430489653785
639.329131733206,0.18654587832493977
639.4291317332061,0.18756087243187905
639.5291317332061,0.18857927028990978
639.6291317332061,0.1896010546905619
639.7291317332061,0.19062620814470413
639.8291317332062,0.19165471288295868
639.9291317332062,0.19268655085616965
640.0291317332062,0.19372170373592448
640.1291317332062,0.19476015291513007
640.2291317332063,0.1958018795086446
640.3291317332063,0.196846864353965
640.4291317332063,0.19789508801197211
640.5291317332063,0.19894653076773325
640.6291317332063,0.2000011726313639
640.7291317332064,0.20105899333894908
640.8291317332064,0.20211997235352497
640.9291317332064,0.2031840888661224
641.0291317332064,0.20425132179687244
641.1291317332065,0.20532164979617523
641.2291317332065,0.20639505124593316
641.3291317332065,0.20747150426084895
641.4291317332065,0.20855098668979016
641.5291317332066,0.2096334761172199
641.6291317332066,0.2107189498646963
641.7291317332066,0.21180738499244042
641.8291317332066,0.2128987583009739
641.9291317332066,0.2139930463328276
642.0291317332067,0.215090225374322
642.1291317332067,0.21619027145742034
642.2291317332067,0.21729316036165533
642.3291317332067,0.21839886761613078
642.4291317332068,0.21950736850159902
642.5291317332068,0.22061863805261483
642.6291317332068,0.22173265105976717
642.7291317332068,0.22284938207199012
642.8291317332069,0.22396880539895286
642.9291317332069,0.22509089511353136
643.0291317332069,0.2262156250543611
643.1291317332069,0.22734296882847352
643.2291317332069,0.22847289981401586
643.329131733207,0.22960539116305614
643.429131733207,0.23074041580447463
643.529131733207,0.2318779464469421
643.629131733207,0.2330179555819862
643.729131733207,0.23416041548714772
643.8291317332071,0.23530529822922647
643.9291317332071,0.2364525756676194
644.0291317332071,0.23760221945775065
644.1291317332071,0.23875420105459552
644.2291317332072,0.23990849171629947
644.3291317332072,0.2410650625078921
644.4291317332072,0.2422238843050992
644.5291317332072,0.24338492779825174
644.6291317332073,0.24454816349629485
644.7291317332073,0.24571356173089637
644.8291317332073,0.24688109266065714
644.9291317332073,0.24805072627542368
645.0291317332074,0.2492224324007042
645.1291317332074,0.2503961807021896
645.2291317332074,0.25157194069037964
645.3291317332074,0.25274968172531637
645.4291317332074,0.2539293730214257
645.5291317332075,0.2551109836524674
645.6291317332075,0.2562944825565956
645.7291317332075,0.25747983854153045
645.8291317332075,0.2586670202898418
645.9291317332076,0.2598559963643469
646.0291317332076,0.26104673521362165
646.1291317332076,0.26223920517762794
646.2291317332076,0.26343337449345755
646.3291317332076,0.2646292113011934
646.4291317332077,0.2658266836498893
646.5291317332077,0.26702575950367025
646.6291317332077,0.2682264067479523
646.7291317332077,0.2694285931957849
646.8291317332078,0.2706322865943159
646.9291317332078,0.2718374546313799
647.0291317332078,0.273044064942212
647.1291317332078,0.27425208511628607
647.2291317332079,0.27546148270428106
647.3291317332079,0.2766722252251736
647.4291317332079,0.2778842801734602
647.5291317332079,0.27909761502650776
647.6291317332079,0.28031219725203504
647.729131733208,0.28152799431572534
647.829131733208,0.2827449736889703
647.929131733208,0.2839631028567478
648.029131733208,0.28518234932563225
648.129131733208,0.28640268063194
648.2291317332081,0.28762406435000987
648.3291317332081,0.28884646810061887
648.4291317332081,0.29006985955953557
648.5291317332081,0.29129420646621
648.6291317332082,0.2925194766326014
648.7291317332082,0.293745637952145
648.8291317332082,0.29497265840885767
648.9291317332082,0.2962005060865831
649.0291317332083,0.29742914917837737
649.1291317332083,0.2986585559960352
649.2291317332083,0.2998886949797573
649.3291317332083,0.3011195347079591
649.4291317332084,0.3023510439072219
649.5291317332084,0.30358319146238577
649.6291317332084,0.3048159464267852
649.7291317332084,0.3060492780326279
649.8291317332084,0.3072831557015157
649.9291317332085,0.3085175490551102
650.0291317332085,0.3097524279259397
650.1291317332085,0.31098776236835163
650.2291317332085,0.3122235226696065
650.3291317332086,0.31345967936111674
650.4291317332086,0.31469620322982744
650.5291317332086,0.3159330653297416
650.6291317332086,0.31717023699358676
650.7291317332086,0.3184076898446262
650.8291317332087,0.31964539580861057
650.9291317332087,0.3208833271258726
651.0291317332087,0.3221214563635633
651.1291317332087,0.3233597564280292
651.2291317332088,0.3245982005773293
651.3291317332088,0.32583676243389276
651.4291317332088,0.3270754159973156
651.5291317332088,0.32831413565729556
651.6291317332089,0.3295528962067036
651.7291317332089,0.33079167285479416
651.8291317332089,0.3320304412405484
651.9291317332089,0.33326917744615414
652.0291317332089,0.3345078580106175
652.129131733209,0.33574645994350766
652.229131733209,0.3369849607388319
652.329131733209,0.3382233383890401
652.429131733209,0.3394615713991573
652.529131733209,0.340699638801042
652.6291317332091,0.34193752016777
652.7291317332091,0.3431751956281399
652.8291317332091,0.34441264588130044
652.9291317332091,0.34564985221149674
653.0291317332092,0.346886796502933
653.1291317332092,0.34812346125475063
653.2291317332092,0.34935982959611844
653.3291317332092,0.3505958853014334
653.4291317332093,0.35183161280562886
653.5291317332093,0.35306699721958795
653.6291317332093,0.3543020243456598
653.7291317332093,0.35553668069327476
653.8291317332094,0.35677095349465715
653.9291317332094,0.3580048307206316
654.0291317332094,0.3592383010965192
654.1291317332094,0.3604713541181229
654.2291317332094,0.3617039800677948
654.3291317332095,0.3629361700305855
654.4291317332095,0.3641679159104699
654.5291317332095,0.3653992104466462
654.6291317332095,0.3666300472299048
654.7291317332096,0.36786042071906105
654.8291317332096,0.3690903262574516
654.9291317332096,0.37031976008948614
655.0291317332096,0.37154871937725215
655.1291317332096,0.3727772022171683
655.2291317332097,0.37400520765668105
655.3291317332097,0.37523273571099997
655.4291317332097,0.37645978737986746
655.5291317332097,0.37768636466435695
655.6291317332098,0.37891247058369487
655.7291317332098,0.38013810919210084
655.8291317332098,0.3813632855956413
655.9291317332098,0.38258800596908993
656.0291317332099,0.38381227757279013
656.1291317332099,0.3850361087695125
656.2291317332099,0.38625950904130324
656.3291317332099,0.3874824890063146
656.4291317332099,0.388705060435614
656.52913173321,0.3899272362699623
656.62913173321,0.3911490306365581
656.72913173321,0.3923704588657377
656.82913173321,0.3935915375076265
656.92913173321,0.39481228434873394
657.0291317332101,0.396032718428484
657.1291317332101,0.397252860055675
657.2291317332101,0.39847273082486123
657.3291317332101,0.3996923536326473
657.4291317332102,0.40091175269388957
657.5291317332102,0.4021309535577949
657.6291317332102,0.4033499831239095
657.7291317332102,0.40456886965798994
657.8291317332103,0.40578764280774676
657.9291317332103,0.40700633361845345
658.0291317332103,0.40822497454841145
658.1291317332103,0.40944359948426207
658.2291317332104,0.4106622437561376
658.3291317332104,0.4118809441526408
658.4291317332104,0.41309973893564494
658.5291317332104,0.41431866785490395
658.6291317332104,0.4155377721624646
658.7291317332105,0.41675709462686894
658.8291317332105,0.41797667954713885
658.9291317332105,0.41919657276653266
659.0291317332105,0.42041682168606265
659.1291317332106,0.4216374752777645
659.2291317332106,0.42285858409770727
659.3291317332106,0.42408020029873467
659.4291317332106,0.42530237764292544
659.5291317332106,0.4265251715137639
659.6291317332107,0.4277486389280083
659.7291317332107,0.4289728385472472
659.8291317332107,0.4301978306891317
659.9291317332107,0.4314236773382735
660.0291317332108,0.43265044215679704
660.1291317332108,0.4338781904945331
660.2291317332108,0.43510698939884507
660.3291317332108,0.43633690762407373
660.4291317332109,0.4375680156405903
660.5291317332109,0.4388003856434451
660.6291317332109,0.44003409156060097
660.7291317332109,0.4412692090607385
660.8291317332109,0.44250581556062174
660.929131733211,0.4437439902320119
661.029131733211,0.4449838140081169
661.129131733211,0.44622536958956516
661.229131733211,0.44746874144988996
661.329131733211,0.4487140158405137
661.4291317332111,0.44996128079521813
661.5291317332111,0.45121062613408974
661.6291317332111,0.4524621434669254
661.7291317332111,0.45371592619608925
661.8291317332112,0.4549720695188039
661.9291317332112,0.4562306704288682
662.0291317332112,0.4574918277177843
662.1291317332112,0.4587556419752851
662.2291317332113,0.46002221558924783
662.3291317332113,0.4612916527449805
662.4291317332113,0.46256405942387047
662.5291317332113,0.4638395434013812
662.6291317332114,0.46511821424438504
662.7291317332114,0.4664001833078193
662.8291317332114,0.467685563730654
662.9291317332114,0.4689744704311575
663.0291317332114,0.47026702010144883
663.1291317332115,0.47156333120132377
663.2291317332115,0.47286352395134224
663.3291317332115,0.4741677203251662
663.4291317332115,0.4754760440411333
663.5291317332116,0.47678862055305776
663.6291317332116,0.47810557704024303
663.7291317332116,0.47942704239669737
663.8291317332116,0.4807531472195388
663.9291317332116,0.4820840237965787
664.0291317332117,0.4834198060930726
664.1291317332117,0.4847606297376265
664.2291317332117,0.48610663200724813
664.3291317332117,0.4874579518115315
664.4291317332118,0.488814729675965
664.5291317332118,0.49017710772435147
664.6291317332118,0.4915452296603301
664.7291317332118,0.4929192407479902
664.8291317332119,0.4942992877915668
664.9291317332119,0.49568551911420805
665.0291317332119,0.49707808453580465
665.1291317332119,0.4984771353498732
665.229131733212,0.49988282429948244
665.329131733212,0.5012953055522156
665.429131733212,0.5027147346741587
665.529131733212,0.5041412686029076
665.629131733212,0.5055750656195855
665.7291317332121,0.5070162853198626
665.8291317332121,0.5084650885839714
665.9291317332121,0.5099216375457106
666.0291317332121,0.5113860955604302
666.1291317332121,0.5128586271719914
666.2291317332122,0.5143393980786963
666.3291317332122,0.5158285750981806
666.4291317332122,0.5173263261312646
666.5291317332122,0.5188328201247575
666.6291317332123,0.5203482270332097
666.7291317332123,0.5218727177796105
666.8291317332123,0.523406464215026
666.9291317332123,0.5249496390771745
667.0291317332124,0.5265024159479369
667.1291317332124,0.5280649692097984
667.2291317332124,0.5296374740012211
667.3291317332124,0.5312201061709448
667.4291317332124,0.5328130422312157
667.5291317332125,0.5344164593099414
667.6291317332125,0.5360305351017729
667.7291317332125,0.5376554478181147
667.8291317332125,0.5392913761360614
667.9291317332126,0.5409384991462651
668.0291317332126,0.5425969962997346
668.1291317332126,0.5442670473535662
668.2291317332126,0.5459488323156146
668.3291317332126,0.5476425313881018
668.4291317332127,0.5493483249101723
668.5291317332127,0.5510663932993962
668.6291317332127,0.5527969169922281
668.7291317332127,0.554540076383426
668.8291317332128,0.5562960517644365
668.9291317332128,0.558065023260755
669.0291317332128,0.5598471707682662
669.1291317332128,0.5616426738885757
669.2291317332129,0.5634517118633386
669.3291317332129,0.5652744635075987
669.4291317332129,0.5671111071421424
669.5291317332129,0.5689618205248854
669.629131733213,0.5708267807812974
669.729131733213,0.5727061643338799
669.829131733213,0.574600146830709
669.929131733213,0.5765089030730576
670.029131733213,0.5784326069421087
670.1291317332131,0.5803714313247772
670.2291317332131,0.5823255480386533
670.3291317332131,0.5842951277560853
670.4291317332131,0.5862803399274173
670.5291317332131,0.5882813527033992
670.6291317332132,0.5902983328567886
670.7291317332132,0.5923314457031603
670.8291317332132,0.5943808550209474
670.9291317332132,0.5964467229707282
671.0291317332133,0.598529210013786
671.1291317332133,0.6006284748299577
671.2291317332133,0.602744674234798
671.3291317332133,0.6048779630960782
671.4291317332134,0.6070284942496458
671.5291317332134,0.6091964184146681
671.6291317332134,0.6113818841082852
671.7291317332134,0.6135850375596966
671.8291317332134,0.6158060226237099
671.9291317332135,0.618044980693776
672.0291317332135,0.6203020506145419
672.1291317332135,0.6225773685939449
672.2291317332135,0.6248710681148805
672.3291317332136,0.6271832798464736
672.4291317332136,0.6295141315549807
672.5291317332136,0.6318637480143563
672.6291317332136,0.6342322509165148
672.7291317332136,0.6366197587813188
672.8291317332137,0.6390263868663275
672.9291317332137,0.6414522470763402
673.0291317332137,0.6438974478727644
673.1291317332137,0.6463620941828487
673.2291317332138,0.6488462873088128
673.3291317332138,0.6513501248369084
673.4291317332138,0.653873700546452
673.5291317332138,0.656417104318865
673.6291317332139,0.6589804220467546
673.7291317332139,0.66156373554308
673.8291317332139,0.6641671224504381
673.9291317332139,0.6667906561505081
674.029131733214,0.6694344056736979
674.129131733214,0.6720984356090268
674.229131733214,0.6747828060142911
674.329131733214,0.6774875723265487
674.429131733214,0.6802127852729674
674.5291317332141,0.6829584907820766
674.6291317332141,0.6857247298954665
674.7291317332141,0.6885115386799755
674.8291317332141,0.6913189481404112
674.9291317332141,0.6941469841328458
675.0291317332142,0.6969956672785322
675.1291317332142,0.6998650128784828
675.2291317332142,0.7027550308287567
675.3291317332142,0.7056657255364992
675.4291317332143,0.7085970958367791
675.5291317332143,0.7115491349102685
675.6291317332143,0.7145218302018105
675.7291317332143,0.7175151633399208
675.8291317332144,0.7205291100572688
675.9291317332144,0.7235636401121832
676.0291317332144,0.7266187172112304
676.1291317332144,0.7296942989329085
676.2291317332144,0.7327903366525075
676.3291317332145,0.7359067754681764
676.4291317332145,0.7390435541282504
676.5291317332145,0.7422006049598778
676.6291317332145,0.7453778537989975
676.7291317332146,0.7485752199217117
676.8291317332146,0.7517926159771005
676.9291317332146,0.7550299479215237
677.0291317332146,0.7582871149544574
677.1291317332146,0.7615640094559106
677.2291317332147,0.7648605169254654
677.3291317332147,0.7681765159229914
677.4291317332147,0.7715118780110741
677.5291317332147,0.7748664676992068
677.6291317332148,0.778240142389787
677.7291317332148,0.7816327523259663
677.8291317332148,0.7850441405413928
677.9291317332148,0.7884741428118942
678.0291317332149,0.7919225876091436
678.1291317332149,0.7953892960563489
678.2291317332149,0.7988740818860125
678.3291317332149,0.8023767513998007
678.429131733215,0.8058971034305633
678.529131733215,0.809434929306549
678.629131733215,0.812990012817852
678.729131733215,0.8165621301851336
678.829131733215,0.8201510500306557
678.9291317332151,0.823756533351667
679.0291317332151,0.8273783334961775
679.1291317332151,0.8310161961411617
679.2291317332151,0.8346698592732238
679.3291317332151,0.8383390531717638
679.4291317332152,0.8420235003946777
679.5291317332152,0.8457229157666262
679.6291317332152,0.8494370063699068
679.7291317332152,0.8531654715379606
679.8291317332153,0.8569080028515452
679.9291317332153,0.8606642841376059
680.0291317332153,0.8644339914708736
680.1291317332153,0.8682167931782199
680.2291317332154,0.8720123498457952
680.3291317332154,0.8758203143289787
680.4291317332154,0.8796403317651644
680.5291317332154,0.88347203958941
680.6291317332154,0.8873150675529684
680.7291317332155,0.8911690377447303
680.8291317332155,0.8950335646155929
680.9291317332155,0.8989082550057795
681.0291317332155,0.9027927081751272
681.1291317332156,0.90668651583636
681.2291317332156,0.9105892621913655
681.3291317332156,0.9145005239704886
681.4291317332156,0.9184198704748582
681.5291317332156,0.922346863621758
681.6291317332157,0.9262810579930527
681.7291317332157,0.9302220008866828
681.8291317332157,0.9341692323712312
681.9291317332157,0.9381222853435744
682.0291317332158,0.9420806855896211
682.1291317332158,0.9460439518481429
682.2291317332158,0.950011595877702
682.3291317332158,0.9539831225266759
682.4291317332159,0.9579580298063791
682.5291317332159,0.9619358089672834
682.6291317332159,0.965915944578329
682.7291317332159,0.9698979146093278
682.829131733216,0.9738811905164494
682.929131733216,0.9778652373307827
683.029131733216,0.9818495137499679
683.129131733216,0.9858334722328834
683.229131733216,0.9898165590973798
683.3291317332161,0.9937982146210453
683.4291317332161,0.9977778731449909
683.5291317332161,1.0017549631806313
683.6291317332161,1.0057289075194549
683.7291317332161,1.0096991233457522
683.8291317332162,1.0136650223522876
683.9291317332162,1.0176260108588917
684.0291317332162,1.0215814899339457
684.1291317332162,1.0255308555187377
684.2291317332163,1.029473498554657
684.3291317332163,1.033408805113203
684.4291317332163,1.0373361565287762
684.5291317332163,1.041254929534216
684.6291317332164,1.045164496399056
684.7291317332164,1.0490642250704598
684.8291317332164,1.0529534793167985
684.9291317332164,1.0568316188738358
685.0291317332164,1.0606979995934755
685.1291317332165,1.0645519735950344
685.2291317332165,1.0683928894189954
685.3291317332165,1.0722200921831957
685.4291317332165,1.0760329237414077
685.5291317332166,1.0798307228442603
685.6291317332166,1.0836128253024546
685.7291317332166,1.087378564152225
685.8291317332166,1.0911272698229888
685.9291317332166,1.0948582703071386
686.0291317332167,1.0985708913319148
686.1291317332167,1.10226445653331
686.2291317332167,1.1059382876319412
686.3291317332167,1.109591704610837
686.4291317332168,1.1132240258950759
686.5291317332168,1.1168345685332164
686.6291317332168,1.1204226483804562
686.7291317332168,1.1239875802834565
686.8291317332169,1.1275286782667673
686.9291317332169,1.1310452557207864
687.0291317332169,1.1345366255911862
687.1291317332169,1.1380021005697405
687.229131733217,1.1414409932864777
687.329131733217,1.1448526165030986
687.429131733217,1.1482362833075757
687.529131733217,1.1515913073098734
687.629131733217,1.1549170028387061
687.7291317332171,1.158212685139267
687.8291317332171,1.1614776705718457
687.9291317332171,1.1647112768112657
688.0291317332171,1.1679128230470592
688.1291317332172,1.171081630184303
688.2291317332172,1.1742170210450396
688.3291317332172,1.1773183205702002
688.4291317332172,1.1803848560219543
688.5291317332172,1.1834159571863998
688.6291317332173,1.186410956576519
688.7291317332173,1.1893691896353142
688.8291317332173,1.1922899949390422
688.9291317332173,1.195172714400466
689.0291317332174,1.1980166934720389
689.1291317332174,1.2008212813489398
689.2291317332174,1.2035858311718743
689.3291317332174,1.2063097002295577
689.4291317332174,1.2089922501607973
689.5291317332175,1.2116328471560867
689.6291317332175,1.214230862158631
689.7291317332175,1.2167856710647138
689.8291317332175,1.219296654923326
689.9291317332176,1.2217632001349672
690.0291317332176,1.2241846986495382
690.1291317332176,1.2265605481632373
690.2291317332176,1.2288901523143774
690.3291317332177,1.2311729208780382
690.4291317332177,1.2334082699594717
690.5291317332177,1.235595622186172
690.6291317332177,1.2377344068985303
690.7291317332177,1.2398240603389914
690.8291317332178,1.2418640258396236
690.9291317332178,1.243853754008028
691.0291317332178,1.245792702911494
691.1291317332178,1.2476803382593316
691.2291317332179,1.2495161335832896
691.3291317332179,1.2512995704159835
691.4291317332179,1.2530301384672542
691.5291317332179,1.2547073357983753
691.629131733218,1.256330668994035
691.729131733218,1.2578996533320086
691.829131733218,1.2594138129504537
691.929131733218,1.260872681012744
692.029131733218,1.2622757998697713
692.1291317332181,1.263622721219641
692.2291317332181,1.2649130062646887
692.3291317332181,1.2661462258657445
692.4291317332181,1.2673219606935753
692.5291317332182,1.2684398013774356
692.6291317332182,1.269499348650659
692.7291317332182,1.2705002134932208
692.8291317332182,1.2714420172712095
692.9291317332182,1.272324391873138
693.0291317332183,1.2731469798430355
693.1291317332183,1.2739094345102562
693.2291317332183,1.2746114201159433
693.3291317332183,1.2752526119360907
693.4291317332184,1.2758326964011464
693.5291317332184,1.2763513712120955
693.6291317332184,1.2768083454529753
693.7291317332184,1.2772033396997668
693.8291317332184,1.2775360861256086
693.9291317332185,1.277806328602288
694.0291317332185,1.278013822797957
694.1291317332185,1.278158336271031
694.2291317332185,1.2782396485602225
694.3291317332186,1.2782575512706678
694.4291317332186,1.278211848156105
694.5291317332186,1.2781023551970672
694.6291317332186,1.2779289006750483
694.7291317332187,1.277691325242609
694.8291317332187,1.2773894819893898
694.9291317332187,1.2770232365039986
695.0291317332187,1.276592466931738
695.1291317332187,1.2760970640281537
695.2291317332188,1.2755369312083713
695.3291317332188,1.2749119845921977
695.4291317332188,1.2742221530449667
695.5291317332188,1.273467378214109
695.6291317332189,1.2726476145614276
695.7291317332189,1.2717628293910608
695.8291317332189,1.2708130028731215
695.9291317332189,1.2697981280630006
696.029131733219,1.268718210916321
696.129131733219,1.2675732702995384
696.229131733219,1.2663633379961798
696.329131733219,1.2650884587087186
696.429131733219,1.2637486900560815
696.5291317332191,1.2623441025667892
696.6291317332191,1.2608747796677335
696.7291317332191,1.2593408176685932
696.8291317332191,1.2577423257418971
696.9291317332192,1.256079425898742
697.0291317332192,1.2543522529601743
697.1291317332192,1.2525609545242515
697.2291317332192,1.2507056909287944
697.3291317332192,1.248786635209848
697.4291317332193,1.2468039730558702
697.5291317332193,1.244757902757668
697.6291317332193,1.2426486351541055
697.7291317332193,1.240476393573602
697.8291317332194,1.2382414137714588
697.9291317332194,1.2359439438630286
698.0291317332194,1.2335842442527694
698.1291317332194,1.2311625875592087
698.2291317332194,1.228679258535855
698.3291317332195,1.226134553988091
698.4291317332195,1.2235287826860881
698.5291317332195,1.2208622652737784
698.6291317332195,1.2181353341739318
698.7291317332196,1.2153483334893747
698.8291317332196,1.2125016189003992
698.9291317332196,1.2095955575584088
699.0291317332196,1.2066305279758491
699.1291317332197,1.2036069199124735
699.2291317332197,1.200525134257994
699.3291317332197,1.1973855829111733
699.4291317332197,1.194188688655412
699.5291317332197,1.1909348850308856
699.6291317332198,1.1876246162032915
699.7291317332198,1.184258336829265
699.8291317332198,1.1808365119185238
699.9291317332198,1.1773596166928064
700.0291317332199,1.1738281364416616
700.1291317332199,1.170242566375164
700.2291317332199,1.166603411473612
700.3291317332199,1.1629111863342807
700.42913173322,1.1591664150153005
700.52913173322,1.155369630876724
700.62913173322,1.1515213764188614
700.72913173322,1.147622203117948
700.82913173322,1.1436726712592236
700.9291317332201,1.1396733497674945
701.0291317332201,1.1356248160352538
701.1291317332201,1.1315276557484368
701.2291317332201,1.1273824627098878
701.3291317332202,1.1231898386606174
701.4291317332202,1.1189503930989255
701.5291317332202,1.1146647430974754
701.6291317332202,1.1103335131183918
701.7291317332202,1.1059573348264695
701.8291317332203,1.1015368469005704
701.9291317332203,1.097072694843293
702.0291317332203,1.0925655307889948
702.1291317332203,1.088016013310252
702.2291317332204,1.0834248072228394
702.3291317332204,1.0787925833893135
702.4291317332204,1.0741200185212838
702.5291317332204,1.0694077949804572
702.6291317332204,1.0646566005785374
702.7291317332205,1.059867128376067
702.8291317332205,1.055040076480296
702.9291317332205,1.050176147842161
703.0291317332205,1.0452760500524614
703.1291317332206,1.040340495137318
703.2291317332206,1.0353701993529973
703.3291317332206,1.0303658829801872
703.4291317332206,1.0253282701178112
703.5291317332207,1.0202580884764616
703.6291317332207,1.01515606917154
703.7291317332207,1.0100229465161865
703.8291317332207,1.0048594578140855
703.9291317332207,0.999666343152225
704.0291317332208,0.9944443451937001
704.1291317332208,0.989194208970639
704.2291317332208,0.983916681677334
704.3291317332208,0.9786125124636609
704.4291317332209,0.9732824522288673
704.5291317332209,0.9679272534158103
704.6291317332209,0.9625476698057234
704.7291317332209,0.9571444563135929
704.829131733221,0.9517183687842219
704.929131733221,0.9462701637890578
705.029131733221,0.9408005984238659
705.129131733221,0.9353104301073178
705.229131733221,0.9298004163805772
705.3291317332211,0.9242713147079521
705.4291317332211,0.9187238822786904
705.5291317332211,0.9131588758099906
705.6291317332211,0.9075770513512976
705.7291317332212,0.9019791640899579
705.8291317332212,0.8963659681582989
705.9291317332212,0.8907382164422049
706.0291317332212,0.8850966603912553
706.1291317332212,0.8794420498304913
706.2291317332213,0.873775132773875
706.3291317332213,0.8680966552395081
706.4291317332213,0.8624073610666683
706.5291317332213,0.8567079917347287
706.6291317332214,0.850999286184017
706.7291317332214,0.8452819806386757
706.8291317332214,0.8395568084315785
706.9291317332214,0.8338244998313622
707.0291317332214,0.828085781871623
707.1291317332215,0.8223413781823388
707.2291317332215,0.8165920088235601
707.3291317332215,0.8108383901214282
707.4291317332215,0.8050812345065638
707.5291317332216,0.7993212503548764
707.6291317332216,0.7935591418308409
707.7291317332216,0.7877956087332834
707.8291317332216,0.7820313463437223
707.9291317332217,0.7762670452773044
708.0291317332217,0.770503391336377
708.1291317332217,0.7647410653667334
708.2291317332217,0.7589807431165696
708.3291317332217,0.7532230950981889
708.4291317332218,0.7474687864524847
708.5291317332218,0.7417184768162388
708.6291317332218,0.7359728201922594
708.7291317332218,0.7302324648223963
708.8291317332219,0.7244980530634535
708.9291317332219,0.7187702212660283
709.0291317332219,0.7130495996563015
709.1291317332219,0.7073368122208032
709.229131733222,0.7016324765941706
709.329131733222,0.6959372039499223
709.429131733222,0.6902515988942656
709.529131733222,0.6845762593629525
709.629131733222,0.6789117765212012
709.7291317332221,0.6732587346666952
709.8291317332221,0.6676177111356724
709.9291317332221,0.6619892762121146
710.0291317332221,0.6563739930400472
710.1291317332222,0.6507724175389539
710.2291317332222,0.6451850983223155
710.3291317332222,0.6396125766192742
710.4291317332222,0.6340553861994281
710.5291317332222,0.6285140533007574
710.6291317332223,0.6229890965606794
710.7291317332223,0.617481026950235
710.8291317332223,0.6119903477113998
710.9291317332223,0.6065175542975183
711.0291317332224,0.6010631343168524
711.1291317332224,0.5956275674792408
711.2291317332224,0.5902113255458559
711.3291317332224,0.5848148722820531
711.4291317332224,0.5794386634132977
711.5291317332225,0.5740831465841586
711.6291317332225,0.5687487613203526
711.7291317332225,0.5634359389938284
711.8291317332225,0.558145102790869
711.9291317332226,0.5528766676831978
712.0291317332226,0.5476310404020684
712.1291317332226,0.5424086194153186
712.2291317332226,0.537209794907366
712.3291317332227,0.5320349487621252
712.4291317332227,0.52688445454882
712.5291317332227,0.5217586775106687
712.6291317332227,0.5166579745564148
712.7291317332227,0.5115826942546775
712.8291317332228,0.5065331768310939
712.9291317332228,0.5015097541682236
713.0291317332228,0.4965127498081874
713.1291317332228,0.4915424789580073
713.2291317332229,0.4865992484976176
713.3291317332229,0.48168335699051473
713.4291317332229,0.47679509469701126
713.5291317332229,0.4719347435900618
713.629131733223,0.46710257737362265
713.729131733223,0.4622988615035137
713.829131733223,0.4575238532107417
713.929131733223,0.45277780152725083
714.029131733223,0.4480609473140604
714.1291317332231,0.4433735232917533
714.2291317332231,0.4387157540732733
714.3291317332231,0.43408785619899365
714.4291317332231,0.42949003817401493
714.5291317332232,0.42492250050765207
714.6291317332232,0.42038543575506837
714.7291317332232,0.4158790285610146
714.8291317332232,0.4114034557056317
714.9291317332232,0.40695888615227194
715.0291317332233,0.40254548109729715
715.1291317332233,0.3981633940218095
715.2291317332233,0.3938127707452705
715.3291317332233,0.3894937494809644
715.4291317332234,0.3852064608932605
715.5291317332234,0.3809510281566296
715.6291317332234,0.3767275670163702
715.7291317332234,0.3725361858509972
715.8291317332234,0.36837698573624905
715.9291317332235,0.3642500605106666
716.0291317332235,0.360155496842698
716.1291317332235,0.35609337429928317
716.2291317332235,0.35206376541587237
716.3291317332236,0.3480667357678324
716.4291317332236,0.3441023440431927
716.5291317332236,0.3401706421166873
716.6291317332236,0.33627167512504574
716.7291317332237,0.3324054815434844
716.8291317332237,0.3285720932633563
716.9291317332237,0.3247715356709087
717.0291317332237,0.32100382772710623
717.1291317332237,0.3172689820484715
717.2291317332238,0.31356700498889784
717.3291317332238,0.3098978967223895
717.4291317332238,0.30626165132668304
717.5291317332238,0.30265825686770526
717.6291317332239,0.29908769548482245
717.7291317332239,0.2955499434768367
717.8291317332239,0.2920449713886846
717.9291317332239,0.2885727440987951
718.029131733224,0.2851332209070609
718.129131733224,0.2817263556233828
718.229131733224,0.2783520966567412
718.329131733224,0.2750103871047538
718.429131733224,0.2717011648436768
718.5291317332241,0.26842436261880775
718.6291317332241,0.26517990813524855
718.7291317332241,0.261967724148987
718.8291317332241,0.2587877285582582
718.9291317332242,0.25563983449514355
719.0291317332242,0.25252395041736875
719.1291317332242,0.24943998020026234
719.2291317332242,0.24638782322883498
719.3291317332242,0.24336737448994195
719.4291317332243,0.2403785246644918
719.5291317332243,0.23742116021966328
719.6291317332243,0.23449516350109476
719.7291317332243,0.23160041282501023
719.8291317332244,0.22873678257024646
719.9291317332244,0.22590414327014677
720.0291317332244,0.22310236170428654
720.1291317332244,0.22033130098999895
720.2291317332244,0.21759082067366592
720.3291317332245,0.21488077682174286
720.4291317332245,0.21220102211148661
720.5291317332245,0.20955140592135352
720.6291317332245,0.20693177442103922
720.7291317332246,0.20434197066112963
720.8291317332246,0.20178183466233413
720.9291317332246,0.1992512035042724
721.0291317332246,0.19674991141378814
721.1291317332247,0.19427778985276137
721.2291317332247,0.1918346676053936
721.3291317332247,0.18942037086494076
721.4291317332247,0.18703472331986723
721.5291317332247,0.18467754623939878
721.6291317332248,0.18234865855844873
721.7291317332248,0.18004787696189598
721.8291317332248,0.17777501596819129
721.9291317332248,0.17552988801227154
722.0291317332249,0.17331230352775967
722.1291317332249,0.17112207102843116
722.2291317332249,0.1689589971889273
722.3291317332249,0.166822886924695
722.429131733225,0.16471354347113762
722.529131733225,0.16263076846195687
722.629131733225,0.16057436200666939
722.729131733225,0.1585441227672835
722.829131733225,0.15653984803411822
722.9291317332251,0.15456133380075143
723.0291317332251,0.15260837483808204
723.1291317332251,0.15068076476749337
723.2291317332251,0.14877829613310428
723.3291317332252,0.14690076047309597
723.4291317332252,0.145047948390103
723.5291317332252,0.14321964962065745
723.6291317332252,0.14141565310367615
723.7291317332252,0.13963574704798068
723.8291317332253,0.1378797189988419
723.9291317332253,0.13614735590353982
724.0291317332253,0.13443844417593126
724.1291317332253,0.13275276976001843
724.2291317332254,0.13109011819251068
724.3291317332254,0.12945027466437473
724.4291317332254,0.12783302408136682
724.5291317332254,0.12623815112354228
724.6291317332254,0.12466544030373802
724.7291317332255,0.12311467602502452
724.8291317332255,0.12158564263712324
724.9291317332255,0.12007812449178773
725.0291317332255,0.11859190599714517
725.1291317332256,0.11712677167099789
725.2291317332256,0.11568250619308218
725.3291317332256,0.11425889445628543
725.4291317332256,0.1128557216168197
725.5291317332257,0.11147277314335369
725.6291317332257,0.11010983486510231
725.7291317332257,0.10876669301887634
725.8291317332257,0.10744313429509328
725.9291317332257,0.1061389458827515
726.0291317332258,0.10485391551337053
726.1291317332258,0.10358783150390033
726.2291317332258,0.10234048279860303
726.3291317332258,0.10111165900991068
726.4291317332259,0.0999011504582639
726.5291317332259,0.09870874821093528
726.6291317332259,0.09753424411984274
726.7291317332259,0.09637743085835865
726.829131733226,0.09523810195711965
726.929131733226,0.094116051838844
727.029131733226,0.09301107585216184
727.129131733226,0.09192297030446625
727.229131733226,0.09085153249379133
727.3291317332261,0.08979656073972445
727.4291317332261,0.08875785441336131
727.5291317332261,0.08773521396631043
727.6291317332261,0.08672844095875631
727.7291317332262,0.08573733808658895
727.8291317332262,0.08476170920760881
727.9291317332262,0.08380135936681604
728.0291317332262,0.08285609482079331
728.1291317332262,0.08192572306119128
728.2291317332263,0.08101005283732646
728.3291317332263,0.08010889417790162
728.4291317332263,0.07922205841185836
728.5291317332263,0.07834935818837202
728.6291317332264,0.07749060749599959
728.7291317332264,0.07664562168099107
728.8291317332264,0.07581421746477479
728.9291317332264,0.07499621296062775
729.0291317332264,0.07419142768954197
729.1291317332265,0.07339968259529783
729.2291317332265,0.07262080005875587
729.3291317332265,0.07185460391137806
729.4291317332265,0.07110091944799057
729.5291317332266,0.070359573438799
729.6291317332266,0.0696303941406681
729.7291317332266,0.06891321130767769
729.8291317332266,0.06820785620096656
729.9291317332267,0.06751416159787599
730.0291317332267,0.06683196180040543
730.1291317332267,0.06616109264299162
730.2291317332267,0.06550139149962364
730.3291317332267,0.0648526972903059
730.4291317332268,0.06421485048688108
730.5291317332268,0.06358769311822507
730.6291317332268,0.06297106877482625
730.7291317332268,0.06236482261276112
730.8291317332269,0.06176880135707854
730.9291317332269,0.061182853304604386
731.0291317332269,0.060606828326179314
731.1291317332269,0.06004057786834119
731.229131733227,0.05948395495446465
731.329131733227,0.05893681418536965
731.429131733227,0.058399011739411144
731.529131733227,0.057870405372061756
731.629131733227,0.057350854414999555
731.7291317332271,0.05684021977471262
731.8291317332271,0.05633836393063236
731.9291317332271,0.05584515093280744
732.0291317332271,0.05536044639912968
732.1291317332272,0.05488411751212399
732.2291317332272,0.05441603301531367
732.3291317332272,0.05395606320917245
732.4291317332272,0.05350407994667497
732.5291317332272,0.05305995662845679
732.6291317332273,0.05262356819759517
732.7291317332273,0.052194791134021826
732.8291317332273,0.05177350344857863
732.9291317332273,0.051359584676727174
733.0291317332274,0.05095291587192309
733.1291317332274,0.05055337959866575
733.2291317332274,0.05016085992523395
733.3291317332274,0.04977524241611817
733.4291317332275,0.04939641412415963
733.5291317332275,0.049024263582406476
733.6291317332275,0.04865868079569731
733.7291317332275,0.04829955723198181
733.8291317332275,0.047946785813388584
733.9291317332276,0.0476002609070499
734.0291317332276,0.047259878315692797
734.1291317332276,0.04692553526800633
734.2291317332276,0.04659713040879403
734.3291317332277,0.04627456378892093
734.4291317332277,0.04595773685506423
734.5291317332277,0.045646552439276504
734.6291317332277,0.04534091474837029
734.7291317332277,0.04504072935313266
734.8291317332278,0.04474590317737838
734.9291317332278,0.04445634448684993
735.0291317332278,0.04417196287797271
735.1291317332278,0.043892669266473464
735.2291317332279,0.04361837587586985
735.3291317332279,0.04334899622583904
735.4291317332279,0.043084445120472895
735.5291317332279,0.04282463863642732
735.629131733228,0.042569494110973036
735.729131733228,0.04231893012995517
735.829131733228,0.042072866515668515
735.929131733228,0.04183122431465554
736.029131733228,0.0415939257854339
736.1291317332281,0.04136089438615999
736.2291317332281,0.04113205476223514
736.3291317332281,0.040907332733860734
736.4291317332281,0.040686655283548465
736.5291317332282,0.040469950543591766
736.6291317332282,0.04025714778350434
736.7291317332282,0.040048177397431536
736.8291317332282,0.03984297089154032
736.9291317332282,0.03964146087139299
737.0291317332283,0.03944358102931052
737.1291317332283,0.03924926613173016
737.2291317332283,0.03905845200656277
737.3291317332283,0.03887107553055468
737.4291317332284,0.038687074616658816
737.5291317332284,0.03850638820141985
737.6291317332284,0.03832895623237784
737.7291317332284,0.03815471965549481
737.8291317332285,0.037983620402608456
737.9291317332285,0.037815601378917166
738.0291317332285,0.03765060645050038
738.1291317332285,0.03748858043187815
738.2291317332285,0.03732946907361355
738.3291317332286,0.03717321904996179
738.4291317332286,0.03701977794656934
738.5291317332286,0.0368690942482265
738.6291317332286,0.03672111732667682
738.7291317332287,0.03657579742848628
738.8291317332287,0.036433085662975505
738.9291317332287,0.03629293399021772
739.0291317332287,0.03615529520910549
739.1291317332287,0.03602012294548863
739.2291317332288,0.03588737164038627
739.3291317332288,0.0357569965382752
739.4291317332288,0.03562895367545697
739.5291317332288,0.035503199868506204
739.6291317332289,0.03537969270280201
739.7291317332289,0.03525839052114479
739.8291317332289,0.03513925241246022
739.9291317332289,0.035022238200592484
740.029131733229,0.03490730843318836
740.129131733229,0.03479442437067385
740.229131733229,0.034683547975325225
740.329131733229,0.03457464190043548
740.429131733229,0.034467669479578154
740.5291317332291,0.034362594715969454
740.6291317332291,0.03425938227193012
740.7291317332291,0.03415799745844813
740.8291317332291,0.03405840622484339
740.9291317332292,0.03396057514853529
741.0291317332292,0.033864471424914167
741.1291317332292,0.03377006285731753
741.2291317332292,0.03367731784711172
741.3291317332292,0.033586205383879776
741.4291317332293,0.033496695035716194
741.5291317332293,0.0334087569396291
741.6291317332293,0.033322361792050254
741.7291317332293,0.0332374808394535
741.8291317332294,0.0331540858690819
741.9291317332294,0.03307214919978389
742.0291317332294,0.0329916436729588
742.1291317332294,0.032912542643611785
742.2291317332295,0.03283481997151842
742.3291317332295,0.03275845001249905
742.4291317332295,0.032683407609802796
742.5291317332295,0.032609668085601395
742.6291317332295,0.03253720723259264
742.7291317332296,0.03246600130571334
742.8291317332296,0.03239602701396174
742.9291317332296,0.03232726151232906
743.0291317332296,0.032259682393839896
743.1291317332297,0.0321932676817014
743.2291317332297,0.032127995821560576
743.3291317332297,0.0320638456738696
743.4291317332297,0.03200079650635857
743.5291317332297,0.031938827986615397
743.6291317332298,0.03187792017477212
743.7291317332298,0.03181805351629742
743.8291317332298,0.031759208834894526
743.9291317332298,0.03170136732550409
744.0291317332299,0.03164451054741131
744.1291317332299,0.031588620417456796
744.2291317332299,0.03153367920335035
744.3291317332299,0.03147966951708711
744.42913173323,0.031426574308465245
744.52913173323,0.031374376858704485
744.62913173323,0.03132306077416478
744.72913173323,0.031272609980164165
744.82913173323,0.03122300871489521
744.9291317332301,0.031174241523439034
745.0291317332301,0.031126293251876186
745.1291317332301,0.031079149041493503
745.2291317332301,0.031032794323085963
745.3291317332302,0.0309872148113528
745.4291317332302,0.030942396499386873
745.5291317332302,0.030898325653256363
745.6291317332302,0.03085498880667794
745.7291317332302,0.030812372755780387
745.8291317332303,0.030770464553957745
745.9291317332303,0.03072925150681105
746.0291317332303,0.030688721167177625
746.1291317332303,0.030648861330247003
746.2291317332304,0.030609660028762475
746.3291317332304,0.030571105528307243
746.4291317332304,0.03053318632267422
746.5291317332304,0.03049589112931844
746.6291317332305,0.030459208884891068
746.7291317332305,0.03042312874085403
746.8291317332305,0.030387640059174204
746.9291317332305,0.03035273240809616
747.0291317332305,0.030318395557992484
747.1291317332306,0.030284619477290553
747.2291317332306,0.030251394328474866
747.3291317332306,0.030218710464163804
747.4291317332306,0.030186558423259863
747.5291317332307,0.030154928927172295
747.6291317332307,0.03012381287611118
747.7291317332307,0.03009320134545186
747.8291317332307,0.03006308558216878
747.9291317332307,0.030033457001337648
748.0291317332308,0.030004307182705015
748.1291317332308,0.02997562786732413
748.2291317332308,0.029947410954256192
748.3291317332308,0.02991964849733594
748.4291317332309,0.029892332702000597
748.5291317332309,0.029865455922181205
748.6291317332309,0.02983901065725533
748.7291317332309,0.02981298954906021
748.829131733231,0.029787385378965348
748.929131733231,0.029762191065003586
749.029131733231,0.029737399659059735
749.129131733231,0.029713004344115758
749.229131733231,0.029688998431551657
749.3291317332311,0.029665375358501014
749.4291317332311,0.02964212868526037
749.5291317332311,0.029619252092751458
749.6291317332311,0.029596739380035406
749.7291317332312,0.029574584461878006
749.8291317332312,0.02955278136636516
749.9291317332312,0.029531324232567636
750.0291317332312,0.02951020730825419
750.1291317332312,0.02948942494765232
750.2291317332313,0.02946897160925566
750.3291317332313,0.029448841853677247
750.4291317332313,0.02942903034154782
750.5291317332313,0.02940953183145829
750.6291317332314,0.0293903411779456
750.7291317332314,0.029371453329521135
750.8291317332314,0.029352863326740926
750.9291317332314,0.029334566300316813
751.0291317332315,0.02931655746926782
751.1291317332315,0.029298832139110966
751.2291317332315,0.029281385700090767
751.3291317332315,0.02926421362544665
751.4291317332315,0.029247311469717575
751.5291317332316,0.02923067486708312
751.6291317332316,0.029214299529740296
751.7291317332316,0.02919818124631545
751.8291317332316,0.029182315880310485
751.9291317332317,0.029166699368582714
752.0291317332317,0.02915132771985775
752.1291317332317,0.02913619701327468
752.2291317332317,0.029121303396962894
752.3291317332317,0.02910664308664996
752.4291317332318,0.029092212364299833
752.5291317332318,0.029078007576780845
752.6291317332318,0.02906402513456283
752.7291317332318,0.029050261510442762
752.8291317332319,0.029036713238298328
752.9291317332319,0.029023376911868865
753.0291317332319,0.029010249183563045
753.1291317332319,0.02899732676329277
753.229131733232,0.028984606417332713
753.329131733232,0.028972084967204947
753.429131733232,0.02895975928858814
753.529131733232,0.028947626310250777
753.629131733232,0.028935683013007894
753.7291317332321,0.02892392642870079
753.8291317332321,0.028912353639199268
753.9291317332321,0.028900961775425858
754.0291317332321,0.028889748016401567
754.1291317332322,0.02887870958831268
754.2291317332322,0.028867843763598133
754.3291317332322,0.028857147860057036
754.4291317332322,0.028846619239975828
754.5291317332322,0.028836255309274722
754.6291317332323,0.02882605351667291
754.7291317332323,0.02881601135287219
754.8291317332323,0.02880612634975853
754.9291317332323,0.028796396079621207
755.0291317332324,0.028786818154389132
755.1291317332324,0.028777390224883896
755.2291317332324,0.02876810998008926
755.3291317332324,0.028758975146436633
755.4291317332325,0.02874998348710621
755.5291317332325,0.028741132801343376
755.6291317332325,0.028732420923790098
