609.7291317331993,1.3704523517775149e-11
609.8291317331993,1.4519859504515652e-11
609.9291317331994,1.5382674031402786e-11
610.0291317331994,1.629566956331514e-11
610.1291317331994,1.7261698689584913e-11
610.2291317331994,1.828377224836214e-11
610.3291317331995,1.9365067878396843e-11
610.4291317331995,2.0508939020044897e-11
610.5291317331995,2.1718924388375854e-11
610.6291317331995,2.2998757942388397e-11
610.7291317331996,2.4352379375521208e-11
610.8291317331996,2.578394515387755e-11
610.9291317331996,2.7297840129880942e-11
611.0291317331996,2.8898689760430608e-11
611.1291317331996,3.0591372960044875e-11
611.2291317331997,3.238103562096841e-11
611.3291317331997,3.4273104833767455e-11
611.4291317331997,3.6273303843573744e-11
611.5291317331997,3.838766777883306e-11
611.6291317331998,4.062256019120201e-11
611.7291317331998,4.298469044709985e-11
611.8291317331998,4.548113201337751e-11
611.9291317331998,4.8119341681603195e-11
612.0291317331998,5.090717977760799e-11
612.1291317331999,5.3852931405164605e-11
612.2291317331999,5.696532877501462e-11
612.3291317331999,6.025357467290311e-11
612.4291317331999,6.372736712284265e-11
612.5291317332,6.739692530449376e-11
612.6291317332,7.127301678636349e-11
612.7291317332,7.536698613942583e-11
612.8291317332,7.969078499885148e-11
612.9291317332,8.42570036447076e-11
613.0291317332001,8.90789041758487e-11
613.1291317332001,9.417045535470039e-11
613.2291317332001,9.954636920429488e-11
613.3291317332001,1.052221394427297e-10
613.4291317332002,1.1121408184420609e-10
613.5291317332002,1.175393766199742e-10
613.6291317332002,1.242161129168562e-10
613.7291317332002,1.3126333553557002e-10
613.8291317332003,1.387010939758241e-10
613.9291317332003,1.4655049392010615e-10
614.0291317332003,1.5483375127329047e-10
614.1291317332003,1.6357424888056037e-10
614.2291317332003,1.7279659605183283e-10
614.3291317332004,1.8252669102673597e-10
614.4291317332004,1.9279178652037366e-10
614.5291317332004,2.0362055849651117e-10
614.6291317332004,2.150431783215603e-10
614.7291317332005,2.2709138845970112e-10
614.8291317332005,2.3979858187683897e-10
614.9291317332005,2.531998853286689e-10
615.0291317332005,2.673322467161122e-10
615.1291317332006,2.8223452669968753e-10
615.2291317332006,2.979475947730284e-10
615.3291317332006,3.1451443000480945e-10
615.4291317332006,3.3198022666775586e-10
615.5291317332006,3.503925049832677e-10
615.6291317332007,3.6980122722039547e-10
615.7291317332007,3.9025891939865345e-10
615.8291317332007,4.1182079885525754e-10
615.9291317332007,4.3454490794901346e-10
616.0291317332008,4.584922541852217e-10
616.1291317332008,4.837269570585375e-10
616.2291317332008,5.103164019239625e-10
616.3291317332008,5.383314012198072e-10
616.4291317332008,5.678463633807953e-10
616.5291317332009,5.989394697943593e-10
616.6291317332009,6.316928601687342e-10
616.7291317332009,6.66192826697603e-10
616.8291317332009,7.025300174228862e-10
616.929131733201,7.407996492148717e-10
617.029131733201,7.811017308071177e-10
617.129131733201,8.235412963426245e-10
617.229131733201,8.682286499075504e-10
617.329131733201,9.152796215495101e-10
617.4291317332011,9.648158352988016e-10
617.5291317332011,1.016964989733527e-09
617.6291317332011,1.0718611516526035e-09
617.7291317332011,1.1296450634451686e-09
617.8291317332012,1.1904644647698643e-09
617.9291317332012,1.2544744291840256e-09
618.0291317332012,1.3218377163898627e-09
618.1291317332012,1.3927251407933298e-09
618.2291317332013,1.4673159571009427e-09
618.3291317332013,1.5457982637105065e-09
618.4291317332013,1.6283694246838384e-09
618.5291317332013,1.7152365111227084e-09
618.6291317332013,1.8066167628041025e-09
618.7291317332014,1.902738070966693e-09
618.8291317332014,2.003839483177898e-09
618.9291317332014,2.110171731250002e-09
619.0291317332014,2.2219977832140777e-09
619.1291317332015,2.339593420402626e-09
619.2291317332015,2.4632478407356755e-09
619.3291317332015,2.5932642893502625e-09
619.4291317332015,2.7299607177608203e-09
619.5291317332016,2.8736704727867767e-09
619.6291317332016,3.0247430165347918e-09
619.7291317332016,3.1835446787761115e-09
619.8291317332016,3.3504594431144785e-09
619.9291317332016,3.525889768397027e-09
620.0291317332017,3.7102574468805617e-09
620.1291317332017,3.904004500726484e-09
620.2291317332017,4.107594118462356e-09
620.3291317332017,4.321511633114116e-09
620.4291317332018,4.5462655437823796e-09
620.5291317332018,4.782388582507571e-09
620.6291317332018,5.03043882834316e-09
620.7291317332018,5.291000870633752e-09
620.8291317332018,5.564687023574221e-09
620.9291317332019,5.852138594210225e-09
621.0291317332019,6.154027206125477e-09
621.1291317332019,6.471056181152123e-09
621.2291317332019,6.803961981531985e-09
621.329131733202,7.153515715053719e-09
621.429131733202,7.520524705790649e-09
621.529131733202,7.905834133167352e-09
621.629131733202,8.31032874219083e-09
621.729131733202,8.734934627793435e-09
621.8291317332021,9.180621096350034e-09
621.9291317332021,9.6484026075521e-09
622.0291317332021,1.0139340799945194e-08
622.1291317332021,1.0654546603564461e-08
622.2291317332022,1.1195182443237868e-08
622.3291317332022,1.1762464536262523e-08
622.4291317332022,1.2357665288305006e-08
622.5291317332022,1.2982115791523307e-08
622.6291317332023,1.36372084290625e-08
622.7291317332023,1.4324399590235098e-08
622.8291317332023,1.50452125008621e-08
622.9291317332023,1.5801240173421086e-08
623.0291317332023,1.6594148481825312e-08
623.1291317332024,1.7425679365839956e-08
623.2291317332024,1.8297654170331333e-08
623.3291317332024,1.9211977124742346e-08
623.4291317332024,2.0170638968388267e-08
623.5291317332025,2.117572072737909e-08
623.6291317332025,2.2229397649191803e-08
623.7291317332025,2.3333943301140344e-08
623.8291317332025,2.449173383922413e-08
623.9291317332026,2.570525245407861e-08
624.0291317332026,2.697709400099705e-08
624.1291317332026,2.8309969821254926e-08
624.2291317332026,2.9706712762231486e-08
624.3291317332026,3.1170282404100015e-08
624.4291317332027,3.270377050114523e-08
624.5291317332027,3.431040664605663e-08
624.6291317332027,3.5993564165857056e-08
624.7291317332027,3.775676625843596e-08
624.8291317332028,3.960369237898546e-08
624.9291317332028,4.1538184885971836e-08
625.0291317332028,4.356425595662531e-08
625.1291317332028,4.5686094782287396e-08
625.2291317332028,4.790807505432913e-08
625.3291317332029,5.023476275173356e-08
625.4291317332029,5.267092424183698e-08
625.5291317332029,5.522153470612694e-08
625.6291317332029,5.789178690342155e-08
625.729131733203,6.068710028319067e-08
625.829131733203,6.361313046222589e-08
625.929131733203,6.667577907833722e-08
626.029131733203,6.988120403522888e-08
626.129131733203,7.323583015320695e-08
626.2291317332031,7.674636024088008e-08
626.3291317332031,8.041978660353768e-08
626.4291317332031,8.426340300444859e-08
626.5291317332031,8.828481709586603e-08
626.6291317332032,9.249196333711749e-08
626.7291317332032,9.689311641775239e-08
626.8291317332032,1.0149690520433332e-07
626.9291317332032,1.0631232723009548e-07
627.0291317332033,1.1134876374735377e-07
627.1291317332033,1.166159953632085e-07
627.2291317332033,1.2212421827980697e-07
627.3291317332033,1.2788406116112202e-07
627.4291317332033,1.3390660264895982e-07
627.5291317332034,1.4020338955166545e-07
627.6291317332034,1.4678645572978353e-07
627.7291317332034,1.5366834170373614e-07
627.8291317332034,1.6086211500941932e-07
627.9291317332035,1.6838139132847294e-07
628.0291317332035,1.7624035642086464e-07
628.1291317332035,1.8445378888834207e-07
628.2291317332035,1.9303708379824e-07
628.3291317332036,2.020062771980966e-07
628.4291317332036,2.113780715525277e-07
628.5291317332036,2.2116986213483215e-07
628.6291317332036,2.3139976440684304e-07
628.7291317332036,2.420866424216414e-07
628.8291317332037,2.532501382848413e-07
628.9291317332037,2.6491070271132547e-07
629.0291317332037,2.7708962671546683e-07
629.1291317332037,2.8980907447409467e-07
629.2291317332038,3.030921174027257e-07
629.3291317332038,3.1696276948682434e-07
629.4291317332038,3.3144602391122374e-07
629.5291317332038,3.4656789103215166e-07
629.6291317332038,3.6235543773772974e-07
629.7291317332039,3.788368282442236e-07
629.8291317332039,3.9604136637681544e-07
629.9291317332039,4.1399953938515827e-07
630.0291317332039,4.327430633455448e-07
630.129131733204,4.5230493020310536e-07
630.229131733204,4.727194565091082e-07
630.329131733204,4.940223339100863e-07
630.429131733204,5.162506814472719e-07
630.529131733204,5.394430997265845e-07
630.6291317332041,5.636397270212379e-07
630.7291317332041,5.88882297370906e-07
630.8291317332041,6.152142007432853e-07
630.9291317332041,6.42680545325915e-07
631.0291317332042,6.713282220180519e-07
631.1291317332042,7.012059711945662e-07
631.2291317332042,7.323644518158572e-07
631.3291317332042,7.648563129600465e-07
631.4291317332043,7.987362678558762e-07
631.5291317332043,8.340611704970997e-07
631.6291317332043,8.708900949214366e-07
631.7291317332043,9.092844172395996e-07
631.8291317332043,9.49307900502399e-07
631.9291317332044,9.910267824964112e-07
632.0291317332044,1.0345098665613232e-06
632.1291317332044,1.0798286155246873e-06
632.2291317332044,1.1270572488525972e-06
632.3291317332045,1.176272843117501e-06
632.4291317332045,1.2275554358873258e-06
632.5291317332045,1.2809881331428664e-06
632.6291317332045,1.3366572203335526e-06
632.7291317332046,1.3946522771846002e-06
632.8291317332046,1.4550662963718055e-06
632.9291317332046,1.5179958061833855e-06
633.0291317332046,1.5835409972915775e-06
633.1291317332046,1.6518058537600308e-06
633.2291317332047,1.7228982884164734e-06
633.3291317332047,1.7969302827236643e-06
633.4291317332047,1.8740180312851795e-06
633.5291317332047,1.9542820911262947e-06
633.6291317332048,2.0378475358939107e-06
633.7291317332048,2.124844115123429e-06
633.8291317332048,2.2154064187242053e-06
633.9291317332048,2.3096740468393493e-06
634.0291317332048,2.4077917852397474e-06
634.1291317332049,2.5099097864161685e-06
634.2291317332049,2.6161837565377926e-06
634.3291317332049,2.726775148449721e-06
634.4291317332049,2.8418513608865094e-06
634.529131733205,2.961585944083229e-06
634.629131733205,3.0861588119702885e-06
634.729131733205,3.2157564611429547e-06
634.829131733205,3.350572196801169e-06
634.929131733205,3.4908063658603528e-06
635.0291317332051,3.636666597438803e-06
635.1291317332051,3.7883680509324147e-06
635.2291317332051,3.946133671892622e-06
635.3291317332051,4.110194455928767e-06
635.4291317332052,4.28078972086161e-06
635.5291317332052,4.458167387359949e-06
635.6291317332052,4.642584268298221e-06
635.7291317332052,4.834306367078416e-06
635.8291317332053,5.033609185165716e-06
635.9291317332053,5.240778039092651e-06
636.0291317332053,5.456108387193532e-06
636.1291317332053,5.67990616633583e-06
636.2291317332053,5.912488138922587e-06
636.3291317332054,6.154182250445422e-06
636.4291317332054,6.405327997874554e-06
636.5291317332054,6.666276809178818e-06
636.6291317332054,6.937392434275057e-06
636.7291317332055,7.219051347713491e-06
636.8291317332055,7.511643163411878e-06
636.9291317332055,7.815571061759196e-06
637.0291317332055,8.131252229415655e-06
637.1291317332056,8.459118312143899e-06
637.2291317332056,8.79961588101313e-06
637.3291317332056,9.153206912325517e-06
637.4291317332056,9.52036928162142e-06
637.5291317332056,9.9015972721284e-06
637.6291317332057,1.0297402098025837e-05
637.7291317332057,1.0708312442905363e-05
637.8291317332057,1.1134875013815354e-05
637.9291317332057,1.1577655111285355e-05
638.0291317332058,1.2037237215735179e-05
638.1291317332058,1.2514225590680861e-05
638.2291317332058,1.3009244903158896e-05
638.3291317332058,1.3522940861798346e-05
638.4291317332058,1.4055980872978458e-05
638.5291317332059,1.4609054715519579e-05
638.6291317332059,1.5182875234362122e-05
638.7291317332059,1.5778179053698846e-05
638.8291317332059,1.6395727310033883e-05
638.929131733206,1.7036306405651185e-05
639.029131733206,1.770072878298428e-05
639.129131733206,1.8389833720388835e-05
639.229131733206,1.910448814982832e-05
639.329131733206,1.9845587496993e-05
639.4291317332061,2.061405654438196e-05
639.5291317332061,2.1410850317887415e-05
639.6291317332061,2.223695499742993e-05
639.7291317332061,2.309338885220428e-05
639.8291317332062,2.3981203201103597e-05
639.9291317332062,2.490148339890091e-05
640.0291317332062,2.5855349848776948e-05
640.1291317332062,2.6843959041792308e-05
640.2291317332063,2.7868504623913542e-05
640.3291317332063,2.8930218491211508e-05
640.4291317332063,3.0030371913861946e-05
640.5291317332063,3.117027668958749e-05
640.6291317332063,3.2351286327190916e-05
640.7291317332064,3.35747972608406e-05
640.8291317332064,3.484225009577804e-05
640.9291317332064,3.6155130886129424e-05
641.0291317332064,3.751497244551285e-05
641.1291317332065,3.892335569114172e-05
641.2291317332065,4.0381911022140476e-05
641.3291317332065,4.189231973279172e-05
641.4291317332065,4.345631546145127e-05
641.5291317332066,4.5075685675874475e-05
641.6291317332066,4.6752273195707914e-05
641.7291317332066,4.84879777529126e-05
641.8291317332066,5.028475759089356e-05
641.9291317332066,5.214463110312228e-05
642.0291317332067,5.4069678512047397e-05
642.1291317332067,5.6062043589102576e-05
642.2291317332067,5.812393541662606e-05
642.3291317332067,6.0257630192519855e-05
642.4291317332068,6.246547307848773e-05
642.5291317332068,6.474988009269605e-05
642.6291317332068,6.711334004771796e-05
642.7291317332068,6.955841653462573e-05
642.8291317332069,7.208774995410986e-05
642.9291317332069,7.470405959551069e-05
643.0291317332069,7.741014576465769e-05
643.1291317332069,8.020889196142456e-05
643.2291317332069,8.31032671079116e-05
643.329131733207,8.609632782818017e-05
643.429131733207,8.919122078047285e-05
643.529131733207,9.239118504285817e-05
643.629131733207,9.569955455325167e-05
643.729131733207,9.911976060476969e-05
643.8291317332071,0.00010265533439738192
643.9291317332071,0.00010630990964683673
644.0291317332071,0.00011008722525184152
644.1291317332071,0.00011399112802048355
644.2291317332072,0.00011802557545688917
644.3291317332072,0.00012219463860912484
644.4291317332072,0.0001265025049793426
644.5291317332072,0.00013095348149719352
644.6291317332073,0.00013555199755752034
644.7291317332073,0.00014030260812336219
644.8291317332073,0.00014520999689529736
644.9291317332073,0.00015027897954816255
645.0291317332074,0.00015551450703618682
645.1291317332074,0.00016092166896758268
645.2291317332074,0.00016650569704964433
645.3291317332074,0.00017227196860539808
645.4291317332074,0.00017822601016286206
645.5291317332075,0.00018437350111796547
645.6291317332075,0.00019072027747218557
645.7291317332075,0.00019727233564595443
645.8291317332075,0.00020403583636890171
645.9291317332076,0.00021101710864797753
646.0291317332076,0.00021822265381452242
646.1291317332076,0.00022565914965133352
646.2291317332076,0.00023333345460077736
646.3291317332076,0.00024125261205500912
646.4291317332077,0.0002494238547293312
646.5291317332077,0.00025785460911974896
646.6291317332077,0.0002665525000457433
646.7291317332077,0.00027552535527931784
646.8291317332078,0.00028478121026131846
646.9291317332078,0.00029432831290607156
647.0291317332078,0.0003041751284953325
647.1291317332078,0.0003143303446625619
647.2291317332079,0.00032480287646851475
647.3291317332079,0.0003356018715691343
647.4291317332079,0.0003467367154767132
647.5291317332079,0.00035821703691530054
647.6291317332079,0.0003700527132712771
647.729131733208,0.0003822538761400637
647.829131733208,0.00039483091696985317
647.929131733208,0.00040779449280329324
648.029131733208,0.00042115553211799327
648.129131733208,0.0004349252407667275
648.2291317332081,0.00044911510801819
648.3291317332081,0.00046373691269912506
648.4291317332081,0.00047880272943864557
648.5291317332081,0.0004943249350155292
648.6291317332082,0.0005103162148092502
648.7291317332082,0.0005267895693554916
648.8291317332082,0.0005437583210068486
648.9291317332082,0.0005612361206994124
649.0291317332083,0.0005792369548258897
649.1291317332083,0.0005977751522158866
649.2291317332083,0.0006168653912239661
649.3291317332083,0.0006365227069260232
649.4291317332084,0.0006567624984245409
649.5291317332084,0.0006776005362631873
649.6291317332084,0.000699052969951262
649.7291317332084,0.0007211363355983723
649.8291317332084,0.000743867563659749
649.9291317332085,0.000767263986792549
650.0291317332085,0.0007913433478234311
650.1291317332085,0.0008161238078276844
650.2291317332085,0.0008416239543201051
650.3291317332086,0.0008678628095578102
650.4291317332086,0.0008948598389550913
650.5291317332086,0.0009226349596103976
650.6291317332086,0.0009512085489454425
650.7291317332086,0.0009806014534564323
650.8291317332087,0.0010108349975773126
650.9291317332087,0.0010419309926548847
651.0291317332087,0.001073911746035604
651.1291317332087,0.0011068000702638028
651.2291317332088,0.0011406192923909975
651.3291317332088,0.0011753932633959227
651.4291317332088,0.0012111463677148193
651.5291317332088,0.0012479035328814894
651.6291317332089,0.0012856902392765074
651.7291317332089,0.0013245325299849708
651.8291317332089,0.0013644570207620253
651.9291317332089,0.001405490910105414
652.0291317332089,0.0014476619894341445
652.129131733209,0.0014909986533723464
652.229131733209,0.0015355299101372847
652.329131733209,0.0015812853920304324
652.429131733209,0.0016282953660303994
652.529131733209,0.0016765907444864577
652.6291317332091,0.0017262030959113077
652.7291317332091,0.0017771646558716182
652.8291317332091,0.0018295083379748403
652.9291317332091,0.001883267744950641
653.0291317332092,0.0019384771798252394
653.1291317332092,0.0019951716571868514
653.2291317332092,0.0020533869145403175
653.3291317332092,0.0021131594237488996
653.4291317332093,0.002174526402561162
653.5291317332093,0.0022375258262206806
653.6291317332093,0.002302196439156331
653.7291317332093,0.0023685777667506675
653.8291317332094,0.0024367101271839074
653.9291317332094,0.0025066346433508823
654.0291317332094,0.0025783932548481716
654.1291317332094,0.002652028730028619
654.2291317332094,0.002727584678120193
654.3291317332095,0.00280510556140616
654.4291317332095,0.0028846367074633157
654.5291317332095,0.002966224321454962
654.6291317332095,0.0030499154984752275
654.7291317332096,0.003135758235941066
654.8291317332096,0.003223801446028348
654.9291317332096,0.00331409496814813
655.0291317332096,0.0034066895814592545
655.1291317332096,0.003501637017413095
655.2291317332097,0.003598989972326356
655.3291317332097,0.003698802119977512
655.4291317332097,0.003801128124222444
655.5291317332097,0.0039060236516247245
655.6291317332098,0.004013545384095704
655.7291317332098,0.004123751031539677
655.8291317332098,0.004236699344498968
655.9291317332098,0.004352450126793906
656.0291317332099,0.004471064248152388
656.1291317332099,0.0045926036568235155
656.2291317332099,0.004717131392169896
656.3291317332099,0.004844711597232737
656.4291317332099,0.004975409531264042
656.52913173321,0.005109291582219753
656.62913173321,0.005246425279207895
656.72913173321,0.005386879304885238
656.82913173321,0.005530723507796217
656.92913173321,0.005678028914647473
657.0291317332101,0.005828867742511275
657.1291317332101,0.005983313410951012
657.2291317332101,0.0061414405540617415
657.3291317332101,0.0063033250324185785
657.4291317332102,0.006469043944925746
657.5291317332102,0.006638675640558703
657.6291317332102,0.006812299729991897
657.7291317332102,0.006989997097104244
657.8291317332103,0.007171849910354657
657.9291317332103,0.007357941634019392
658.0291317332103,0.007548357039283206
658.1291317332103,0.0077431822151758705
658.2291317332104,0.007942504579345746
658.3291317332104,0.008146412888661619
658.4291317332104,0.008354997249634318
658.5291317332104,0.008568349128648923
658.6291317332104,0.008786561361998842
658.7291317332105,0.009009728165712414
658.8291317332105,0.009237945145162803
658.9291317332105,0.009471309304451772
659.0291317332105,0.009709919055557795
659.1291317332106,0.00995387422723877
659.2291317332106,0.010203276073679511
659.3291317332106,0.010458227282874157
659.4291317332106,0.010718831984733378
659.5291317332106,0.010985195758906165
659.6291317332107,0.011257425642305913
659.7291317332107,0.011535630136330454
659.8291317332107,0.011819919213765287
659.9291317332107,0.012110404325359658
660.0291317332108,0.012407198406064428
660.1291317332108,0.012710415880921071
660.2291317332108,0.013020172670590713
660.3291317332108,0.013336586196512302
660.4291317332109,0.013659775385678457
660.5291317332109,0.01398986067501809
660.6291317332109,0.01432696401537426
660.7291317332109,0.014671208875065787
660.8291317332109,0.015022720243021348
660.929131733211,0.015381624631474222
661.029131733211,0.015748050078206243
661.129131733211,0.016122126148329106
661.229131733211,0.01650398393559125
661.329131733211,0.016893756063198755
661.4291317332111,0.017291576684137853
661.5291317332111,0.017697581480987705
661.6291317332111,0.018111907665211008
661.7291317332111,0.018534693975910736
661.8291317332112,0.0189660806780408
661.9291317332112,0.019406209560058674
662.0291317332112,0.019855223931007897
662.1291317332112,0.020313268617018262
662.2291317332113,0.020780489957211747
662.3291317332113,0.021257035799002098
662.4291317332113,0.021743055492775793
662.5291317332113,0.022238699885942514
662.6291317332114,0.022744121316343076
662.7291317332114,0.02325947360500266
662.8291317332114,0.023784912048217425
662.9291317332114,0.02432059340896277
663.0291317332114,0.024866675907610897
663.1291317332115,0.025423319211946394
663.2291317332115,0.02599068442646759
663.3291317332115,0.026568934080962368
663.4291317332115,0.02715823211834657
663.5291317332116,0.027758743881753617
663.6291317332116,0.02837063610086382
663.7291317332116,0.028994076877462204
663.8291317332116,0.029629235670213565
663.9291317332116,0.03027628327864352
664.0291317332117,0.03093539182631505
664.1291317332117,0.03160673474318916
664.2291317332117,0.0322904867471595
664.3291317332117,0.03298682382475019
664.4291317332118,0.03369592321096644
664.5291317332118,0.034417963368288264
664.6291317332118,0.035153123964796536
664.7291317332118,0.03590158585142261
664.8291317332119,0.03666353103831101
664.9291317332119,0.037439142670286585
665.0291317332119,0.038228605001416276
665.1291317332119,0.03903210336865746
665.229131733212,0.03984982416458345
665.329131733212,0.04068195480917813
665.429131733212,0.04152868372069174
665.529131733212,0.04239020028554949
665.629131733212,0.0432666948273059
665.7291317332121,0.044158358574637284
665.8291317332121,0.04506538362836558
665.9291317332121,0.045987962927506905
666.0291317332121,0.046926290214338105
666.1291317332121,0.04788055999847586
666.2291317332122,0.04885096751996242
666.3291317332122,0.049837708711352416
666.4291317332122,0.05084098015879636
666.5291317332122,0.05186097906211576
666.6291317332123,0.05289790319386606
666.7291317332123,0.05395195085738324
666.8291317332123,0.055023320843811105
666.9291317332123,0.05611221238810588
667.0291317332124,0.057218825124016014
667.1291317332124,0.05834335903803457
667.2291317332124,0.05948601442232315
667.3291317332124,0.06064699182660543
667.4291317332124,0.06182649200903032
667.5291317332125,0.06302471588600378
667.6291317332125,0.06424186448099004
667.7291317332125,0.0654781388722825
667.8291317332125,0.06673374013974588
667.9291317332126,0.06800886931053111
668.0291317332126,0.06930372730376505
668.1291317332126,0.07061851487421827
668.2291317332126,0.07195343255495378
668.3291317332126,0.0733086805989604
668.4291317332127,0.07468445891977589
668.5291317332127,0.0760809670311038
668.6291317332127,0.07749840398543052
668.7291317332127,0.07893696831164772
668.8291317332128,0.08039685795168786
668.9291317332128,0.08187827019617891
669.0291317332128,0.08338140161912704
669.1291317332128,0.08490644801163545
669.2291317332129,0.08645360431466825
669.3291317332129,0.0880230645508695
669.4291317332129,0.08961502175544701
669.5291317332129,0.09122966790613304
669.629131733213,0.09286719385223212
669.729131733213,0.09452778924276926
669.829131733213,0.09621164245375101
669.929131733213,0.09791894051455295
670.029131733213,0.09964986903344751
670.1291317332131,0.10140461212228792
670.2291317332131,0.10318335232036238
670.3291317332131,0.10498627051743575
670.4291317332131,0.1068135458759955
670.5291317332131,0.1086653557527183
670.6291317332132,0.1105418756191773
670.7291317332132,0.1124432789818074
670.8291317332132,0.11436973730114856
670.9291317332132,0.11632141991038773
671.0291317332133,0.11829849393321988
671.1291317332133,0.12030112420104976
671.2291317332133,0.12232947316955681
671.3291317332133,0.12438370083464614
671.4291317332134,0.12646396464780896
671.5291317332134,0.12857041943091702
671.6291317332134,0.13070321729047593
671.7291317332134,0.13286250753136353
671.8291317332134,0.13504843657007798
671.9291317332135,0.13726114784752497
672.0291317332135,0.1395007817413696
672.1291317332135,0.14176747547798274
672.2291317332135,0.1440613630440094
672.3291317332136,0.1463825750975904
672.4291317332136,0.14873123887926606
672.5291317332136,0.15110747812259395
672.6291317332136,0.15351141296451154
672.7291317332136,0.15594315985547624
672.8291317332137,0.15840283146941553
672.9291317332137,0.16089053661352093
673.0291317332137,0.16340638013791886
673.1291317332137,0.16595046284525422
673.2291317332138,0.16852288140022126
673.3291317332138,0.17112372823907698
673.4291317332138,0.17375309147917464
673.5291317332138,0.17641105482855343
673.6291317332139,0.1790976974956213
673.7291317332139,0.18181309409897048
673.8291317332139,0.18455731457736235
673.9291317332139,0.18733042409992187
674.029131733214,0.19013248297658103
674.129131733214,0.19296354656880982
674.229131733214,0.1958236652006777
674.329131733214,0.19871288407028392
674.429131733214,0.20163124316159967
674.5291317332141,0.2045787771567629
674.6291317332141,0.20755551534886857
674.7291317332141,0.21056148155529655
674.8291317332141,0.21359669403161974
674.9291317332141,0.21666116538613628
675.0291317332142,0.21975490249506932
675.1291317332142,0.2228779064184777
675.2291317332142,0.2260301723169224
675.3291317332142,0.2292116893689327
675.4291317332143,0.23242244068931722
675.5291317332143,0.2356624032483647
675.6291317332143,0.23893154779197937
675.7291317332143,0.24222983876279616
675.8291317332144,0.2455572342223227
675.9291317332144,0.24891368577415168
676.0291317332144,0.2522991384882911
676.1291317332144,0.25571353082665693
676.2291317332144,0.2591567945697762
676.3291317332145,0.2626288547447438
676.4291317332145,0.26612962955448183
676.5291317332145,0.2696590303083458
676.6291317332145,0.27321696135412415
676.7291317332146,0.2768033200114779
676.8291317332146,0.2804179965068653
676.9291317332146,0.2840608739099982
677.0291317332146,0.2877318280718755
677.1291317332146,0.2914307275644396
677.2291317332147,0.29515743362190067
677.3291317332147,0.2989118000837748
677.4291317332147,0.3026936733396808
677.5291317332147,0.30650289227593996
677.6291317332148,0.31033928822402407
677.7291317332148,0.31420268491089526
677.8291317332148,0.3180928984112815
677.9291317332148,0.32200973710193226
678.0291317332149,0.32595300161789587
678.1291317332149,0.3299224848108625
678.2291317332149,0.3339179717096147
678.3291317332149,0.33793923948262694
678.429131733215,0.3419860574028558
678.529131733215,0.3460581868147616
678.629131733215,0.35015538110360056
678.729131733215,0.3542773856670297
678.829131733215,0.3584239378890603
678.9291317332151,0.3625947671164
679.0291317332151,0.36678959463722144
679.1291317332151,0.3710081336623935
679.2291317332151,0.37525008930921155
679.3291317332151,0.3795151585876633
679.4291317332152,0.38380303038926306
679.5291317332152,0.3881133854784894
679.6291317332152,0.39244589648685985
679.7291317332152,0.39680022790967356
679.8291317332153,0.4011760361054537
679.9291317332153,0.40557296929812026
680.0291317332153,0.40999066758192215
680.1291317332153,0.41442876292915737
680.2291317332154,0.4188868792007094
680.3291317332154,0.4233646321594235
680.4291317332154,0.42786162948635265
680.5291317332154,0.43237747079989314
680.6291317332154,0.43691174767783575
680.7291317332155,0.44146404368235337
680.8291317332155,0.4460339343879466
680.9291317332155,0.4506209874123663
681.0291317332155,0.4552247624505325
681.1291317332156,0.45984481131146654
681.2291317332156,0.4644806779582522
681.3291317332156,0.46913189855104176
681.4291317332156,0.473798001493119
681.5291317332156,0.4784785074800332
681.6291317332157,0.48317292955181246
681.7291317332157,0.48788077314826983
681.8291317332157,0.492601536167406
681.9291317332157,0.49733470902691856
682.0291317332158,0.5020797747288228
682.1291317332158,0.5068362089271864
682.2291317332158,0.5116034799989825
682.3291317332158,0.5163810491180619
682.4291317332159,0.5211683703322434
682.5291317332159,0.525964890643521
682.6291317332159,0.530770050091385
682.7291317332159,0.5355832818392512
682.829131733216,0.5404040122639945
682.929131733216,0.5452316610485749
683.029131733216,0.5500656412777517
683.129131733216,0.5549053595368703
683.229131733216,0.5597502160137129
683.3291317332161,0.5645996046033971
683.4291317332161,0.5694529130163082
683.5291317332161,0.5743095228890461
683.6291317332161,0.5791688098983722
683.7291317332161,0.5840301438781302
683.8291317332162,0.5888928889391262
683.9291317332162,0.5937564035919383
684.0291317332162,0.5986200408726347
684.1291317332162,0.6034831484713727
684.2291317332163,0.6083450688638505
684.3291317332163,0.6132051394455823
684.4291317332163,0.6180626926689655
684.5291317332163,0.6229170561831076
684.6291317332164,0.6277675529763773
684.7291317332164,0.6326135015216467
684.8291317332164,0.6374542159241832
684.9291317332164,0.6422890060721553
685.0291317332164,0.6471171777897118
685.1291317332165,0.6519380329925895
685.2291317332165,0.6567508698462098
685.3291317332165,0.6615549829262157
685.4291317332165,0.6663496633814059
685.5291317332166,0.6711341990990148
685.6291317332166,0.6759078748722922
685.7291317332166,0.6806699725703292
685.8291317332166,0.68541977131008
685.9291317332166,0.6901565476305243
686.0291317332167,0.6948795756689169
686.1291317332167,0.6995881273390666
686.2291317332167,0.7042814725115876
686.3291317332167,0.7089588791960634
686.4291317332168,0.7136196137250645
686.5291317332168,0.7182629409399562
686.6291317332168,0.7228881243784343
686.7291317332168,0.727494426463726
686.8291317332169,0.7320811086953875
686.9291317332169,0.7366474318416361
687.0291317332169,0.7411926561331438
687.1291317332169,0.7457160414582297
687.229131733217,0.7502168475593749
687.329131733217,0.7546943342309953
687.429131733217,0.7591477615183944
687.529131733217,0.7635763899178283
687.629131733217,0.7679794805776055
687.7291317332171,0.7723562955001482
687.8291317332171,0.7767060977449393
687.9291317332171,0.781028151632277
688.0291317332171,0.7853217229477634
688.1291317332172,0.7895860791474435
688.2291317332172,0.7938204895635211
688.3291317332172,0.7980242256105675
688.4291317332172,0.8021965609921463
688.5291317332172,0.8063367719077702
688.6291317332173,0.8104441372601112
688.7291317332173,0.81451793886238
688.8291317332173,0.8185574616457931
688.9291317332173,0.8225619938670442
689.0291317332174,0.8265308273156963
689.1291317332174,0.8304632575214116
689.2291317332174,0.8343585839609337
689.3291317332174,0.8382161102647383
689.4291317332174,0.8420351444232685
689.5291317332175,0.8458149989926678
689.6291317332175,0.8495549912999276
689.7291317332175,0.8532544436473636
689.8291317332175,0.8569126835163344
689.9291317332176,0.8605290437701194
690.0291317332176,0.8641028628558692
690.1291317332176,0.8676334850055427
690.2291317332176,0.8711202604357484
690.3291317332177,0.8745625455464011
690.4291317332177,0.8779597031181146
690.5291317332177,0.8813111025082387
690.6291317332177,0.884616119845465
690.7291317332177,0.8878741382229092
690.8291317332178,0.8910845478895922
690.9291317332178,0.8942467464402366
691.0291317332178,0.8973601390032907
691.1291317332178,0.9004241384271061
691.2291317332179,0.9034381654641813
691.3291317332179,0.9064016489533923
691.4291317332179,0.9093140260001314
691.5291317332179,0.9121747421542735
691.629131733218,0.9149832515858906
691.729131733218,0.9177390172586383
691.829131733218,0.9204415111007366
691.929131733218,0.9230902141734684
692.029131733218,0.9256846168371202
692.1291317332181,0.9282242189142929
692.2291317332181,0.9307085298505066
692.3291317332181,0.9331370688720296
692.4291317332181,0.9355093651408593
692.5291317332182,0.9378249579067852
692.6291317332182,0.9400833966564661
692.7291317332182,0.9422842412594524
692.8291317332182,0.9444270621110895
692.9291317332182,0.9465114402722354
693.0291317332183,0.9485369676057297
693.1291317332183,0.9505032469095517
693.2291317332183,0.9524098920466075
693.3291317332183,0.954256528071085
693.4291317332184,0.9560427913513206
693.5291317332184,0.9577683296891212
693.6291317332184,0.9594328024354841
693.7291317332184,0.9610358806026671
693.8291317332184,0.9625772469725496
693.9291317332185,0.9640565962012423
694.0291317332185,0.9654736349198912
694.1291317332185,0.9668280818316343
694.2291317332185,0.968119667804661
694.3291317332186,0.9693481359613361
694.4291317332186,0.9705132417633435
694.5291317332186,0.9716147530928121
694.6291317332186,0.9726524503293847
694.7291317332187,0.9736261264231959
694.8291317332187,0.9745355869637227
694.9291317332187,0.9753806502444788
695.0291317332187,0.9761611473235196
695.1291317332187,0.9768769220797299
695.2291317332188,0.9775278312648719
695.3291317332188,0.9781137445513635
695.4291317332188,0.9786345445757685
695.5291317332188,0.9790901269779771
695.6291317332189,0.9794804004360596
695.7291317332189,0.9798052866967731
695.8291317332189,0.9800647206017135
695.9291317332189,0.9802586501090941
696.029131733219,0.9803870363111444
696.129131733219,0.9804498534471203
696.229131733219,0.980447088911918
696.329131733219,0.9803787432602898
696.429131733219,0.9802448302066592
696.5291317332191,0.9800453766205334
696.6291317332191,0.9797804225175186
696.7291317332191,0.9794500210459397
696.8291317332191,0.9790542384690724
696.9291317332192,0.9785931541429937
697.0291317332192,0.9780668604900652
697.1291317332192,0.9774754629680567
697.2291317332192,0.976819080034928
697.3291317332192,0.976097843109285
697.4291317332193,0.9753118965265264
697.5291317332193,0.974461397490704
697.6291317332193,0.9735465160221183
697.7291317332193,0.972567434900672
697.8291317332194,0.9715243496050118
697.9291317332194,0.9704174682474827
698.0291317332194,0.9692470115049275
698.1291317332194,0.9680132125453634
698.2291317332194,0.9667163169505689
698.3291317332195,0.9653565826346181
698.4291317332195,0.9639342797584001
698.5291317332195,0.9624496906401613
698.6291317332195,0.9609031096621153
698.7291317332196,0.9592948431731618
698.8291317332196,0.9576252093877574
698.9291317332196,0.9558945382809902
699.0291317332196,0.9541031714799019
699.1291317332197,0.9522514621511099
699.2291317332197,0.9503397748847804
699.3291317332197,0.9483684855750056
699.4291317332197,0.9463379812966417
699.5291317332197,0.9442486601786606
699.6291317332198,0.9421009312740779
699.7291317332198,0.9398952144265121
699.8291317332198,0.9376319401334403
699.9291317332198,0.9353115494062089
700.0291317332199,0.9329344936268644
700.1291317332199,0.9305012344018726
700.2291317332199,0.9280122434127849
700.3291317332199,0.9254680022639282
700.42913173322,0.9228690023271805
700.52913173322,0.9202157445839052
700.62913173322,0.9175087394641157
700.72913173322,0.9147485066829396
700.82913173322,0.91193557507446
700.9291317332201,0.9090704824230039
701.0291317332201,0.9061537752919565
701.1291317332201,0.9031860088501755
701.2291317332201,0.9001677466960831
701.3291317332202,0.8970995606795136
701.4291317332202,0.8939820307213958
701.5291317332202,0.8908157446313495
701.6291317332202,0.8876012979232741
701.7291317332202,0.8843392936290152
701.8291317332203,0.8810303421101848
701.9291317332203,0.8776750608682219
702.0291317332203,0.8742740743527724
702.1291317332203,0.8708280137684745
702.2291317332204,0.8673375168802305
702.3291317332204,0.8638032278170505
702.4291317332204,0.8602257968745513
702.5291317332204,0.8566058803161957
702.6291317332204,0.852944140173356
702.7291317332205,0.8492412440442879
702.8291317332205,0.8454978648920989
702.9291317332205,0.8417146808417959
703.0291317332205,0.8378923749764998
703.1291317332206,0.8340316351329088
703.2291317332206,0.8301331536960986
703.3291317332206,0.8261976273937435
703.4291317332206,0.8222257570898431
703.5291317332207,0.8182182475780403
703.6291317332207,0.8141758073746147
703.7291317332207,0.8100991485112361
703.8291317332207,0.8059889863275624
703.9291317332207,0.8018460392637654
704.0291317332208,0.7976710286530674
704.1291317332208,0.7934646785143735
704.2291317332208,0.7892277153450797
704.3291317332208,0.7849608679141403
704.4291317332209,0.7806648670554757
704.5291317332209,0.7763404454618013
704.6291317332209,0.7719883374789585
704.7291317332209,0.7676092789008259
704.829131733221,0.7632040067648912
704.929131733221,0.7587732591485605
705.029131733221,0.7543177749662835
705.129131733221,0.7498382937675703
705.229131733221,0.7453355555359757
705.3291317332211,0.7408103004891261
705.4291317332211,0.7362632688798618
705.5291317332211,0.7316952007985692
705.6291317332211,0.7271068359767728
705.7291317332212,0.7224989135920601
705.8291317332212,0.7178721720744068
705.9291317332212,0.7132273489139723
706.0291317332212,0.7085651804704345
706.1291317332212,0.703886401783926
706.2291317332213,0.699191746387642
706.3291317332213,0.694481946122181
706.4291317332213,0.6897577309516807
706.5291317332213,0.6850198287818139
706.6291317332214,0.6802689652797
706.7291317332214,0.6755058636957959
706.8291317332214,0.6707312446878194
706.9291317332214,0.6659458261467659
707.0291317332214,0.6611503230250692
707.1291317332215,0.6563454471669631
707.2291317332215,0.6515319071410938
707.3291317332215,0.6467104080754355
707.4291317332215,0.6418816514945566
707.5291317332216,0.6370463351592869
707.6291317332216,0.6322051529088291
707.7291317332216,0.6273587945053621
707.8291317332216,0.6225079454811779
707.9291317332217,0.6176532869883942
708.0291317332217,0.6127954956512841
708.1291317332217,0.6079352434212605
708.2291317332217,0.6030731974345516
708.3291317332217,0.5982100198726068
708.4291317332218,0.5933463678252632
708.5291317332218,0.5884828931567071
708.6291317332218,0.5836202423742614
708.7291317332218,0.5787590565000292
708.8291317332219,0.5738999709454199
708.9291317332219,0.5690436153885842
709.0291317332219,0.5641906136547842
709.1291317332219,0.5593415835997216
709.229131733222,0.554497136995844
709.329131733222,0.5496578794216499
709.429131733222,0.5448244101540127
709.529131733222,0.5399973220635381
709.629131733222,0.5351772015129713
709.7291317332221,0.5303646282586686
709.8291317332221,0.5255601753551433
709.9291317332221,0.5207644090626998
710.0291317332221,0.5159778887581621
710.1291317332222,0.5112011668487056
710.2291317332222,0.5064347886887993
710.3291317332222,0.50167929250026
710.4291317332222,0.4969352092954257
710.5291317332222,0.4922030628034464
710.6291317332223,0.4874833693996936
710.7291317332223,0.48277663803828846
710.8291317332223,0.4780833701877433
710.9291317332223,0.47340405976971495
711.0291317332224,0.46873919310086254
711.1291317332224,0.46408924883780367
711.2291317332224,0.4594546979251595
711.3291317332224,0.45483600354668186
711.4291317332224,0.450233621079447
711.5291317332225,0.4456479980511076
711.6291317332225,0.4410795741001872
711.7291317332225,0.43652878093940306
711.8291317332225,0.43199604232200023
711.9291317332226,0.4274817740110809
712.0291317332226,0.4229863837519088
712.1291317332226,0.4185102712471701
712.2291317332226,0.41405382813516906
712.3291317332227,0.40961743797093625
712.4291317332227,0.4052014762102266
712.5291317332227,0.4008063101963825
712.6291317332227,0.3964322991500364
712.7291317332227,0.3920797941616267
712.8291317332228,0.3877491381866992
712.9291317332228,0.3834406660439658
713.0291317332228,0.37915470441609106
713.1291317332228,0.37489157185317507
713.2291317332229,0.3706515787789031
713.3291317332229,0.36643502749932844
713.4291317332229,0.36224221221425523
713.5291317332229,0.3580734190311891
713.629131733223,0.35392892598181774
713.729131733223,0.3498090030409895
713.829131733223,0.34571391214815056
713.929131733223,0.3416439072312055
714.029131733223,0.337599234232763
714.1291317332231,0.3335801311387283
714.2291317332231,0.32958682800920336
714.3291317332231,0.32561954701165513
714.4291317332231,0.3216785024563115
714.5291317332232,0.3177639008337447
714.6291317332232,0.3138759408545998
714.7291317332232,0.31001481349142784
714.8291317332232,0.30618070202258024
714.9291317332232,0.30237378207812216
715.0291317332233,0.2985942216877214
715.1291317332233,0.29484218133046997
715.2291317332233,0.29111781398659375
715.3291317332233,0.2874212651910061
715.4291317332234,0.2837526730886614
715.5291317332234,0.28011216849166304
715.6291317332234,0.2764998749380813
715.7291317332234,0.27291590875243565
715.8291317332234,0.2693603791077962
715.9291317332235,0.26583338808945783
716.0291317332235,0.26233503076014275
716.1291317332235,0.25886539522668417
716.2291317332235,0.2554245627081455
716.3291317332236,0.25201260760533034
716.4291317332236,0.24862959757163383
716.5291317332236,0.2452755935851937
716.6291317332236,0.24195065002229138
716.7291317332237,0.23865481473195826
716.8291317332237,0.23538812911174242
716.9291317332237,0.23215062818458732
717.0291317332237,0.22894234067677888
717.1291317332237,0.22576328909691448
717.2291317332238,0.22261348981584775
717.3291317332238,0.21949295314756476
717.4291317332238,0.21640168343094618
717.5291317332238,0.21333967911236998
717.6291317332239,0.21030693282911053
717.7291317332239,0.20730343149348937
717.8291317332239,0.2043291563777335
717.9291317332239,0.20138408319949797
718.029131733224,0.1984681822080073
718.129131733224,0.19558141827077544
718.229131733224,0.19272375096085873
718.329131733224,0.18989513464460045
718.429131733224,0.18709551856982562
718.5291317332241,0.18432484695444262
718.6291317332241,0.18158305907541222
718.7291317332241,0.17887008935804122
718.8291317332241,0.17618586746556222
718.9291317332242,0.17353031838895838
719.0291317332242,0.17090336253699392
719.1291317332242,0.16830491582641177
719.2291317332242,0.16573488977225972
719.3291317332242,0.16319319157830686
719.4291317332243,0.16067972422751362
719.5291317332243,0.1581943865725178
719.6291317332243,0.15573707342610074
719.7291317332243,0.15330767565159803
719.8291317332244,0.1509060802532192
719.9291317332244,0.14853217046624229
720.0291317332244,0.1461858258470486
720.1291317332244,0.14386692236296533
720.2291317332244,0.1415753324818828
720.3291317332245,0.13931092526161337
720.4291317332245,0.13707356643896265
720.5291317332245,0.1348631185184795
720.6291317332245,0.13267944086085678
720.7291317332246,0.1305223897709522
720.8291317332246,0.12839181858540058
720.9291317332246,0.12628757775978916
721.0291317332246,0.12420951495536879
721.1291317332247,0.12215747512527349
721.2291317332247,0.1201313006002223
721.3291317332247,0.11813083117367831
721.4291317332247,0.11615590418643901
721.5291317332247,0.1142063546106348
721.6291317332248,0.11228201513311102
721.7291317332248,0.11038271623817167
721.8291317332248,0.10850828628966153
721.9291317332248,0.1066585516123663
722.0291317332249,0.10483333657270881
722.1291317332249,0.10303246365872192
722.2291317332249,0.10125575355927854
722.3291317332249,0.09950302524255919
722.429131733225,0.09777409603374015
722.529131733225,0.09606878169188404
722.629131733225,0.09438689648601564
722.729131733225,0.09272825327036817
722.829131733225,0.09109266355878312
722.9291317332251,0.08947993759824967
723.0291317332251,0.08788988444156942
723.1291317332251,0.08632231201913297
723.2291317332251,0.08477702720979521
723.3291317332252,0.08325383591083776
723.4291317332252,0.0817525431070063
723.5291317332252,0.08027295293861246
723.6291317332252,0.07881486876868973
723.7291317332252,0.07737809324919376
723.8291317332253,0.07596242838623816
723.9291317332253,0.07456767560435706
724.0291317332253,0.07319363580978695
724.1291317332253,0.07184010945276059
724.2291317332254,0.07050689658880582
724.3291317332254,0.06919379693904411
724.4291317332254,0.06790060994948255
724.5291317332254,0.06662713484929486
724.6291317332254,0.06537317070808693
724.7291317332255,0.06413851649214321
724.8291317332255,0.06292297111965034
724.9291317332255,0.06172633351489603
725.0291317332255,0.06054840266143995
725.1291317332256,0.059388977654256346
725.2291317332256,0.05824785775084564
725.3291317332256,0.05712484242131586
725.4291317332256,0.056019731397432514
725.5291317332257,0.054932324720638144
725.6291317332257,0.05386242278904179
725.7291317332257,0.052809826403379626
725.8291317332257,0.051774336811948964
725.9291317332257,0.05075575575451714
726.0291317332258,0.049753885505208366
726.1291317332258,0.04876852891437101
726.2291317332258,0.0477994894494295
726.3291317332258,0.04684657123472379
726.4291317332259,0.04590957909034126
726.5291317332259,0.0449883185699454
726.6291317332259,0.044082595997606014
726.7291317332259,0.043192218503636984
726.829131733226,0.04231699405944629
726.929131733226,0.041456731511405276
727.029131733226,0.04061124061374275
727.129131733226,0.039780332060471164
727.229131733226,0.03896381751635166
727.3291317332261,0.03816150964690506
727.4291317332261,0.03737322214747684
727.5291317332261,0.03659876977136361
727.6291317332261,0.03583796835700948
727.7291317332262,0.03509063485428047
727.8291317332262,0.03435658734982588
727.9291317332262,0.033635645091535465
728.0291317332262,0.032927628512101466
728.1291317332262,0.03223235925169491
728.2291317332263,0.031549660179765814
728.3291317332263,0.03087935541597697
728.4291317332263,0.03022127035028149
728.5291317332263,0.029575231662153974
728.6291317332264,0.028941067338985958
728.7291317332264,0.02831860669365591
728.8291317332264,0.0277076803812846
728.9291317332264,0.027108120415186544
729.0291317332264,0.026519760182028614
729.1291317332265,0.02594243445620669
729.2291317332265,0.025375979413451887
729.3291317332265,0.02482023264367727
729.4291317332265,0.024275033163076873
729.5291317332266,0.023740221425488314
729.6291317332266,0.023215639333030724
729.7291317332266,0.02270113024602954
729.8291317332266,0.02219653899224025
729.9291317332267,0.021701711875382463
730.0291317332267,0.021216496682996727
730.1291317332267,0.020740742693635506
730.2291317332267,0.020274300683400713
730.3291317332267,0.019817022931839613
730.4291317332268,0.019368763227211146
730.5291317332268,0.018929376871134895
730.6291317332268,0.018498720682634497
730.7291317332268,0.01807665300158792
730.8291317332269,0.017663033691596434
730.9291317332269,0.01725772414228447
731.0291317332269,0.016860587271042456
731.1291317332269,0.016471487524224598
731.229131733227,0.016090290877813815
731.329131733227,0.015716864837565486
731.429131733227,0.015351078438642494
731.529131733227,0.014992802244752898
731.629131733227,0.014641908346802573
731.7291317332271,0.014298270361074478
731.8291317332271,0.013961763426946217
731.9291317332271,0.013632264204157835
732.0291317332271,0.013309650869641225
732.1291317332272,0.012993803113922927
732.2291317332272,0.01268460213711182
732.3291317332272,0.012381930644482841
732.4291317332272,0.012085672841668432
732.5291317332272,0.011795714429468763
732.6291317332273,0.01151194259829187
732.7291317332273,0.011234246022234827
732.8291317332273,0.01096251485281696
732.9291317332273,0.010696640712375766
733.0291317332274,0.010436516687136552
733.1291317332274,0.010182037319966218
733.2291317332274,0.009933098602821839
733.3291317332274,0.009689597968904404
733.4291317332275,0.009451434284527998
733.5291317332275,0.009218507840714723
733.6291317332275,0.008990720344525267
733.7291317332275,0.008767974910135085
733.8291317332275,0.008550176049666123
733.9291317332276,0.008337229663783577
734.0291317332276,0.008129043032067355
734.1291317332276,0.007925524803167647
734.2291317332276,0.007726584984753808
734.3291317332277,0.007532134933265775
734.4291317332277,0.0073420873434769844
734.5291317332277,0.007156356237877667
734.6291317332277,0.006974856955887262
734.7291317332277,0.00679750614290449
734.8291317332278,0.006624221739203579
734.9291317332278,0.006454922968684941
735.0291317332278,0.0062895303274884086
735.1291317332278,0.006127965572477106
735.2291317332279,0.005970151709599786
735.3291317332279,0.005816012982139373
735.4291317332279,0.005665474858855279
735.5291317332279,0.005518464022026949
735.629131733228,0.0053749083554058726
735.729131733228,0.0052347369320832875
735.829131733228,0.005097880002280435
735.929131733228,0.0049642689810683975
736.029131733228,0.004833836436024039
736.1291317332281,0.004706516074828718
736.2291317332281,0.0045822427328161925
736.3291317332281,0.004460952360475856
736.4291317332281,0.004342582010917611
736.5291317332282,0.004227069827304207
736.6291317332282,0.004114355030256974
736.7291317332282,0.00400437790524057
736.8291317332282,0.0038970797899323833
736.9291317332282,0.0037924030615819064
737.0291317332283,0.003690291124365436
737.1291317332283,0.003590688396741167
737.2291317332283,0.003493540298809708
737.3291317332283,0.0033987932396849006
737.4291317332284,0.0033063946048795963
737.5291317332284,0.0032162927437110285
737.6291317332284,0.0031284369567302493
737.7291317332284,0.0030427774831798906
737.8291317332285,0.0029592654884845145
737.9291317332285,0.002877853051777542
738.0291317332285,0.002798493153468767
738.1291317332285,0.0027211396628562057
738.2291317332285,0.0026457473257859914
738.3291317332286,0.0025722717523638753
738.4291317332286,0.002500669404721756
738.5291317332286,0.0024308975848425646
738.6291317332286,0.002362914422446693
738.7291317332287,0.002296678862943073
738.8291317332287,0.002232150655447824
738.9291317332287,0.002169290340873363
739.0291317332287,0.0021080592400906924
739.1291317332287,0.002048419442167497
739.2291317332288,0.001990333792684582
739.3291317332288,0.0019337658821330325
739.4291317332288,0.0018786800343944374
739.5291317332288,0.00182504129530635
739.6291317332289,0.0017728154213151209
739.7291317332289,0.0017219688682180406
739.8291317332289,0.0016724687799967845
739.9291317332289,0.0016242829777438756
740.029131733229,0.0015773799486839381
740.129131733229,0.0015317288352913354
740.229131733229,0.001487299424505723
740.329131733229,0.001444062137046942
740.429131733229,0.0014019880168306376
740.5291317332291,0.0013610487204858304
740.6291317332291,0.001321216506975633
740.7291317332291,0.0012824642273222377
740.8291317332291,0.0012447653144371461
740.9291317332292,0.0012080937730576198
741.0291317332292,0.0011724241697902032
741.1291317332292,0.0011377316232621035
741.2291317332292,0.001103991794381152
741.3291317332292,0.0010711808767049896
741.4291317332293,0.0010392755869200463
741.5291317332293,0.0010082531554308314
741.6291317332293,0.0009780913170599737
741.7291317332293,0.0009487683018593842
741.8291317332294,0.0009202628260328607
741.9291317332294,0.0008925540829703988
742.0291317332294,0.0008656217343943821
742.1291317332294,0.0008394459016178063
742.2291317332295,0.0008140071569146218
742.3291317332295,0.0007892865150022038
742.4291317332295,0.0007652654246359555
742.5291317332295,0.0007419257603159284
742.6291317332295,0.0007192498141053751
742.7291317332296,0.0006972202875610397
742.8291317332296,0.0006758202837749681
742.9291317332296,0.0006550332995275741
743.0291317332296,0.0006348432175516732
743.1291317332297,0.0006152342989071019
743.2291317332297,0.0005961911754655602
743.3291317332297,0.0005776988425052457
743.4291317332297,0.0005597426514147993
743.5291317332297,0.0005423083025060788
743.6291317332298,0.0005253818379352143
743.7291317332298,0.0005089496347313782
743.8291317332298,0.0004929983979326782
743.9291317332298,0.00047751515382851674
744.0291317332299,0.00046248724330779034
744.1291317332299,0.0004479023153122095
744.2291317332299,0.00043374832039404416
744.3291317332299,0.000420013504377535
744.42913173323,0.000406686402123226
744.52913173323,0.0003937558313944059
744.62913173323,0.0003812108868248685
744.72913173323,0.00036904093398714533
744.82913173323,0.0003572356035603619
744.9291317332301,0.0003457847855968505
745.0291317332301,0.00033467862388663017
745.1291317332301,0.0003239075104188431
745.2291317332301,0.0003134620799392307
745.3291317332302,0.0003033332046027189
745.4291317332302,0.00029351198872014963
745.5291317332302,0.0002839897635982093
745.6291317332302,0.0002747580824715759
745.7291317332302,0.0002658087155262975
745.8291317332303,0.00025713364501340813
745.9291317332303,0.0002487250604517801
746.0291317332303,0.00024057535391919604
746.1291317332303,0.00023267711543061806
746.2291317332304,0.00022502312840264033
746.3291317332304,0.00021760636520306727
746.4291317332304,0.0002104199827846092
746.5291317332304,0.00020345731840162265
746.6291317332305,0.0001967118854088729
746.7291317332305,0.00019017736914125048
746.8291317332305,0.00018384762287339916
746.9291317332305,0.00017771666385819803
747.0291317332305,0.00017177866944303996
747.1291317332306,0.00016602797326285064
747.2291317332306,0.00016045906150879285
747.3291317332306,0.00015506656927159775
747.4291317332306,0.00014984527695846721
747.5291317332307,0.00014479010678249526
747.6291317332307,0.00013989611932355663
747.7291317332307,0.00013515851015960949
747.8291317332307,0.00013057260656737065
747.9291317332307,0.00012613386429131618
748.0291317332308,0.0001218378643799713
748.1291317332308,0.00011768031008845165
748.2291317332308,0.00011365702384622901
748.3291317332308,0.00010976394428909201
748.4291317332309,0.00010599712335428524
748.5291317332309,0.00010235272343781208
748.6291317332309,9.882701461289215e-05
748.7291317332309,9.541637190857182e-05
748.829131733231,9.211727264749474e-05
748.929131733231,8.892629384184179e-05
749.029131733231,8.584010964646266e-05
749.129131733231,8.285548886822393e-05
749.229131733231,7.996929253060917e-05
749.3291317332311,7.717847149261471e-05
749.4291317332311,7.44800641209905e-05
749.5291317332311,7.187119401488824e-05
749.6291317332311,6.934906778198101e-05
749.7291317332312,6.691097286513701e-05
749.8291317332312,6.455427541872807e-05
749.9291317332312,6.227641823367255e-05
750.0291317332312,6.007491871031473e-05
750.1291317332312,5.794736687825675e-05
750.2291317332313,5.589142346226579e-05
750.3291317332313,5.390481799339031e-05
750.4291317332313,5.198534696442986e-05
750.5291317332313,5.0130872028910246e-05
750.6291317332314,4.8339318242729355e-05
750.7291317332314,4.660867234764604e-05
750.8291317332314,4.493698109579619e-05
750.9291317332314,4.332234961443048e-05
751.0291317332315,4.17629398100786e-05
751.1291317332315,4.025696881135325e-05
751.2291317332315,3.88027074496212e-05
751.3291317332315,3.7398478776775865e-05
751.4291317332315,3.604265661935744e-05
751.5291317332316,3.473366416827895e-05
751.6291317332316,3.3469972603423e-05
751.7291317332316,3.225009975238919e-05
751.8291317332316,3.1072608782678745e-05
751.9291317332317,2.9936106926616347e-05
752.0291317332317,2.8839244238317602e-05
752.1291317332317,2.778071238202189e-05
752.2291317332317,2.6759243451121593e-05
752.3291317332317,2.577360881722661e-05
752.4291317332318,2.4822618008617006e-05
752.5291317332318,2.3905117617443646e-05
752.6291317332318,2.301999023504882e-05
752.7291317332318,2.216615341478916e-05
752.8291317332319,2.134255866175166e-05
752.9291317332319,2.05481904487666e-05
753.0291317332319,1.978206525812769e-05
753.1291317332319,1.9043230648443548e-05
753.229131733232,1.8330764346050996e-05
753.329131733232,1.7643773360433425e-05
753.429131733232,1.6981393123095287e-05
753.529131733232,1.6342786649354713e-05
753.629131733232,1.5727143722525167e-05
753.7291317332321,1.5133680099966833e-05
753.8291317332321,1.4561636740498222e-05
753.9291317332321,1.4010279052667092e-05
754.0291317332321,1.3478896163390014e-05
754.1291317332322,1.2966800206478265e-05
754.2291317332322,1.2473325630577262e-05
754.3291317332322,1.1997828526055897e-05
754.4291317332322,1.1539685970390433e-05
754.5291317332322,1.1098295391597273e-05
754.6291317332323,1.0673073949276674e-05
754.7291317332323,1.0263457932838898e-05
754.8291317332323,9.868902176492418e-06
754.9291317332323,9.488879490582094e-06
755.0291317332324,9.122880108873696e-06
755.1291317332324,8.770411151389441e-06
755.2291317332324,8.430996102406958e-06
755.3291317332324,8.104174303242295e-06
755.4291317332325,7.78950045944544e-06
755.5291317332325,7.486544162044611e-06
755.6291317332325,7.1948894224828e-06
