609.7291317331993,0.010160426353942223
609.8291317331993,0.010284620652961783
609.9291317331994,0.010410130327182607
610.0291317331994,0.01053696651168308
610.1291317331994,0.010665140399365164
610.2291317331994,0.010794663240781873
610.3291317331995,0.010925546343957036
610.4291317331995,0.011057801074197224
610.5291317331995,0.011191438853895775
610.6291317331995,0.0113264711623289
610.7291317331996,0.011462909535443691
610.8291317331996,0.01160076556563803
610.9291317331996,0.01174005090153238
611.0291317331996,0.011880777247733244
611.1291317331996,0.012022956364588333
611.2291317331997,0.012166600067933327
611.3291317331997,0.01231172022883021
611.4291317331997,0.012458328773297004
611.5291317331997,0.012606437682028909
611.6291317331998,0.012756058990110833
611.7291317331998,0.0129072047867211
611.8291317331998,0.013059887214826342
611.9291317331998,0.01321411847086754
612.0291317331998,0.013369910804437148
612.1291317331999,0.013527276517947067
612.2291317331999,0.013686227966287665
612.3291317331999,0.013846777556477567
612.4291317331999,0.014008937747304256
612.5291317332,0.014172721048955351
612.6291317332,0.014338140022640555
612.7291317332,0.014505207280204196
612.8291317332,0.014673935483728221
612.9291317332,0.014844337345125738
613.0291317332001,0.015016425625724883
613.1291317332001,0.015190213135842975
613.2291317332001,0.015365712734351058
613.3291317332001,0.0155429373282285
613.4291317332002,0.015721899872107835
613.5291317332002,0.015902613367809664
613.6291317332002,0.016085090863867516
613.7291317332002,0.01626934545504278
613.8291317332003,0.016455390281829387
613.9291317332003,0.016643238529948506
614.0291317332003,0.016832903429832926
614.1291317332003,0.01702439825610116
614.2291317332003,0.017217736327021293
614.3291317332004,0.01741293100396438
614.4291317332004,0.017609995690847462
614.5291317332004,0.01780894383356611
614.6291317332004,0.018009788919416337
614.7291317332005,0.018212544476506026
614.8291317332005,0.0184172240731557
614.9291317332005,0.018623841317288527
615.0291317332005,0.01883240985580967
615.1291317332006,0.019042943373974833
615.2291317332006,0.01925545559474795
615.3291317332006,0.019469960278147982
615.4291317332006,0.01968647122058491
615.5291317332006,0.019905002254184546
615.6291317332007,0.020125567246102594
615.7291317332007,0.020348180097827365
615.8291317332007,0.02057285474447171
615.9291317332007,0.020799605154053612
616.0291317332008,0.021028445326765625
616.1291317332008,0.021259389294233186
616.2291317332008,0.021492451118761646
616.3291317332008,0.021727644892572003
616.4291317332008,0.02196498473702533
616.5291317332009,0.022204484801835848
616.6291317332009,0.022446159264272687
616.7291317332009,0.022690022328350098
616.8291317332009,0.0229360882240064
616.929131733201,0.023184371206271294
617.029131733201,0.023434885554421834
617.129131733201,0.02368764557112672
617.229131733201,0.02394266558157924
617.329131733201,0.02419995993261843
617.4291317332011,0.024459542991838834
617.5291317332011,0.024721429146688567
617.6291317332011,0.02498563280355572
617.7291317332011,0.02525216838684322
617.8291317332012,0.025521050338031943
617.9291317332012,0.025792293114732207
618.0291317332012,0.026065911189723515
618.1291317332012,0.026341919049982652
618.2291317332013,0.026620331195700134
618.3291317332013,0.026901162139284746
618.4291317332013,0.02718442640435651
618.5291317332013,0.027470138524727926
618.6291317332013,0.027758313043373437
618.7291317332014,0.028048964511387064
618.8291317332014,0.028342107486928503
618.9291317332014,0.028637756534157302
619.0291317332014,0.028935926222155434
619.1291317332015,0.029236631123838
619.2291317332015,0.029539885814852337
619.3291317332015,0.02984570487246539
619.4291317332015,0.030154102874439235
619.5291317332016,0.030465094397895097
619.6291317332016,0.030778694018165534
619.7291317332016,0.03109491630763504
619.8291317332016,0.03141377583456891
619.9291317332016,0.031735287161930574
620.0291317332017,0.032059464846187144
620.1291317332017,0.03238632343610356
620.2291317332017,0.03271587747152496
620.3291317332017,0.033048141482147714
620.4291317332018,0.0333831299862787
620.5291317332018,0.0337208574895833
620.6291317332018,0.0340613384838217
620.7291317332018,0.034404587445574016
620.8291317332018,0.034750618834953825
620.9291317332019,0.03509944709431036
621.0291317332019,0.035451086646919455
621.1291317332019,0.03580555189566312
621.2291317332019,0.036162857221697944
621.329131733202,0.036523016983112194
621.429131733202,0.03688604551357197
621.529131733202,0.037251957120955886
621.629131733202,0.03762076608597905
621.729131733202,0.03799248666080593
621.8291317332021,0.03836713306765203
621.9291317332021,0.03874471949737515
622.0291317332021,0.0391252601080553
622.1291317332021,0.03950876902356414
622.2291317332022,0.03989526033212365
622.3291317332022,0.04028474808485405
622.4291317332022,0.04067724629431124
622.5291317332022,0.041072768933013634
622.6291317332023,0.04147132993195867
622.7291317332023,0.041872943179128715
622.8291317332023,0.04227762251798696
622.9291317332023,0.04268538174596285
623.0291317332023,0.04309623461292741
623.1291317332024,0.04351019481965867
623.2291317332024,0.043927276016296854
623.3291317332024,0.044347491800789916
623.4291317332024,0.04477085571732904
623.5291317332025,0.0451973812547745
623.6291317332025,0.04562708184507211
623.7291317332025,0.04605997086165967
623.8291317332025,0.04649606161786447
623.9291317332026,0.04693536736529106
624.0291317332026,0.047377901292200014
624.1291317332026,0.04782367652187748
624.2291317332026,0.04827270611099569
624.3291317332026,0.048725003047964593
624.4291317332027,0.049180580251274544
624.5291317332027,0.04963945056783043
624.6291317332027,0.05010162677127717
624.7291317332027,0.05056712156031667
624.8291317332028,0.05103594755701647
624.9291317332028,0.051508117305110235
625.0291317332028,0.05198364326828999
625.1291317332028,0.0524625378284904
625.2291317332028,0.05294481328416526
625.3291317332029,0.053430481848556304
625.4291317332029,0.05391955564795415
625.5291317332029,0.0544120467199521
625.6291317332029,0.0549079670116924
625.729131733203,0.05540732837810543
625.829131733203,0.05591014258014177
625.929131733203,0.05641642128299734
626.029131733203,0.05692617605433193
626.129131733203,0.057439418362480996
626.2291317332031,0.05795615957466089
626.3291317332031,0.05847641095516812
626.4291317332031,0.05900018366357204
626.5291317332031,0.05952748875290185
626.6291317332032,0.06005833716782766
626.7291317332032,0.0605927397428358
626.8291317332032,0.06113070720039875
626.9291317332032,0.061672250149139594
627.0291317332033,0.062217379081991334
627.1291317332033,0.06276610437435133
627.2291317332033,0.06331843628223065
627.3291317332033,0.0638743849403989
627.4291317332033,0.06443396036052468
627.5291317332034,0.06499717242931136
627.6291317332034,0.0655640309066292
627.7291317332034,0.06613454542364319
627.8291317332034,0.0667087254809372
627.9291317332035,0.06728658044663459
628.0291317332035,0.06786811955451558
628.1291317332035,0.06845335190213106
628.2291317332035,0.06904228644891372
628.3291317332036,0.06963493201428636
628.4291317332036,0.07023129727576737
628.5291317332036,0.07083139076707401
628.6291317332036,0.07143522087622346
628.7291317332036,0.0720427958436318
628.8291317332037,0.07265412376021113
628.9291317332037,0.0732692125654654
629.0291317332037,0.07388807004558455
629.1291317332037,0.07451070383153753
629.2291317332038,0.07513712139716465
629.3291317332038,0.07576733005726881
629.4291317332038,0.07640133696570645
629.5291317332038,0.0770391491134781
629.6291317332038,0.07768077332681905
629.7291317332039,0.0783262162652898
629.8291317332039,0.07897548441986729
629.9291317332039,0.07962858411103642
630.0291317332039,0.08028552148688256
630.129131733204,0.08094630252118508
630.229131733204,0.08161093301151214
630.329131733204,0.0822794185773171
630.429131733204,0.08295176465803658
630.529131733204,0.08362797651119053
630.6291317332041,0.08430805921048468
630.7291317332041,0.08499201764391526
630.8291317332041,0.0856798565118766
630.9291317332041,0.08637158032527165
631.0291317332042,0.08706719340362569
631.1291317332042,0.0877666998732035
631.2291317332042,0.08847010366513029
631.3291317332042,0.08917740851351652
631.4291317332043,0.08988861795358695
631.5291317332043,0.09060373531981414
631.6291317332043,0.09132276374405689
631.7291317332043,0.09204570615370308
631.8291317332043,0.09277256526981854
631.9291317332044,0.09350334360530059
632.0291317332044,0.09423804346303805
632.1291317332044,0.09497666693407675
632.2291317332044,0.09571921589579149
632.3291317332045,0.09646569201006469
632.4291317332045,0.09721609672147154
632.5291317332045,0.09797043125547251
632.6291317332045,0.09872869661661295
632.7291317332046,0.09949089358673043
632.8291317332046,0.10025702272316997
632.9291317332046,0.10102708435700737
633.0291317332046,0.10180107859128089
633.1291317332046,0.1025790052992317
633.2291317332047,0.10336086412255331
633.3291317332047,0.10414665446965016
633.4291317332047,0.10493637551390576
633.5291317332047,0.10573002619196052
633.6291317332048,0.10652760520199989
633.7291317332048,0.10732911100205252
633.8291317332048,0.10813454180829919
633.9291317332048,0.10894389559339274
634.0291317332048,0.10975717008478894
634.1291317332049,0.11057436276308902
634.2291317332049,0.11139547086039374
634.3291317332049,0.11222049135866959
634.4291317332049,0.11304942098812737
634.529131733205,0.11388225622561311
634.629131733205,0.11471899329301209
634.729131733205,0.11555962815566573
634.829131733205,0.11640415652080215
634.929131733205,0.11725257383598042
635.0291317332051,0.11810487528754852
635.1291317332051,0.11896105579911595
635.2291317332051,0.1198211100300405
635.3291317332051,0.12068503237393027
635.4291317332052,0.12155281695716048
635.5291317332052,0.12242445763740575
635.6291317332052,0.12329994800218834
635.7291317332052,0.12417928136744173
635.8291317332053,0.12506245077609132
635.9291317332053,0.1259494489966509
636.0291317332053,0.12684026852183625
636.1291317332053,0.1277349015671959
636.2291317332053,0.1286333400697592
636.3291317332054,0.12953557568670188
636.4291317332054,0.13044159979403008
636.5291317332054,0.13135140348528174
636.6291317332054,0.13226497757024727
636.7291317332055,0.13318231257370883
636.8291317332055,0.13410339873419827
636.9291317332055,0.1350282260027748
637.0291317332055,0.13595678404182246
637.1291317332056,0.13688906222386674
637.2291317332056,0.137825049630412
637.3291317332056,0.13876473505079948
637.4291317332056,0.13970810698108516
637.5291317332056,0.14065515362293954
637.6291317332057,0.14160586288256813
637.7291317332057,0.14256022236965393
637.8291317332057,0.1435182193963209
637.9291317332057,0.14447984097612063
638.0291317332058,0.14544507382304028
638.1291317332058,0.14641390435053392
638.2291317332058,0.14738631867057628
638.3291317332058,0.14836230259273975
638.4291317332058,0.14934184162329497
638.5291317332059,0.15032492096433472
638.6291317332059,0.15131152551292204
638.7291317332059,0.1523016398602625
638.8291317332059,0.15329524829090052
638.929131733206,0.154292334781941
639.029131733206,0.1552928830022953
639.129131733206,0.156296876311953
639.229131733206,0.15730429776127827
639.329131733206,0.15831513009033302
639.4291317332061,0.1593293557282249
639.5291317332061,0.16034695679248212
639.6291317332061,0.16136791508845472
639.7291317332061,0.16239221210874216
639.8291317332062,0.16341982903264782
639.9291317332062,0.16445074672566098
640.0291317332062,0.16548494573896594
640.1291317332062,0.16652240630897852
640.2291317332063,0.16756310835691093
640.3291317332063,0.16860703148836403
640.4291317332063,0.16965415499294847
640.5291317332063,0.1707044578439339
640.6291317332063,0.17175791869792695
640.7291317332064,0.17281451589457847
640.8291317332064,0.17387422745631942
640.9291317332064,0.17493703108812653
641.0291317332064,0.17600290417731718
641.1291317332065,0.17707182379337433
641.2291317332065,0.17814376668780124
641.3291317332065,0.1792187092940064
641.4291317332065,0.18029662772721894
641.5291317332066,0.18137749778443427
641.6291317332066,0.18246129494439084
641.7291317332066,0.18354799436757774
641.8291317332066,0.18463757089627325
641.9291317332066,0.1857299990546147
642.0291317332067,0.1868252530487002
642.1291317332067,0.18792330676672148
642.2291317332067,0.18902413377912894
642.3291317332067,0.1901277073388285
642.4291317332068,0.19123400038141078
642.5291317332068,0.19234298552541237
642.6291317332068,0.19345463507260968
642.7291317332068,0.19456892100834572
642.8291317332069,0.195685815001889
642.9291317332069,0.1968052884068261
643.0291317332069,0.1979273122614867
643.1291317332069,0.19905185728940233
643.2291317332069,0.20017889389979818
643.329131733207,0.2013083921881182
643.429131733207,0.2024403219365844
643.529131733207,0.20357465261478946
643.629131733207,0.2047113533803232
643.729131733207,0.20585039307943317
643.8291317332071,0.20699174024771932
643.9291317332071,0.2081353631108628
644.0291317332071,0.20928122958538903
644.1291317332071,0.21042930727946527
644.2291317332072,0.2115795634937328
644.3291317332072,0.21273196522217322
644.4291317332072,0.2138864791530101
644.5291317332072,0.2150430716696448
644.6291317332073,0.21620170885162757
644.7291317332073,0.21736235647566324
644.8291317332073,0.21852498001665208
644.9291317332073,0.21968954464876575
645.0291317332074,0.22085601524655826
645.1291317332074,0.2220243563861123
645.2291317332074,0.22319453234622022
645.3291317332074,0.2243665071096012
645.4291317332074,0.2255402443641531
645.5291317332075,0.2267157075042397
645.6291317332075,0.22789285963201367
645.7291317332075,0.22907166355877473
645.8291317332075,0.23025208180636314
645.9291317332076,0.23143407660858917
646.0291317332076,0.23261760991269737
646.1291317332076,0.23380264338086687
646.2291317332076,0.23498913839174704
646.3291317332076,0.2361770560420286
646.4291317332077,0.2373663571480502
646.5291317332077,0.23855700224744072
646.6291317332077,0.2397489516007968
646.7291317332077,0.2409421651933958
646.8291317332078,0.2421366027369448
646.9291317332078,0.24333222367136412
647.0291317332078,0.24452898716660693
647.1291317332078,0.24572685212451378
647.2291317332079,0.24692577718070277
647.3291317332079,0.24812572070649472
647.4291317332079,0.24932664081087372
647.5291317332079,0.2505284953424827
647.6291317332079,0.251731241891654
647.729131733208,0.25293483779247555
647.829131733208,0.2541392401248907
647.929131733208,0.25534440571683475
648.029131733208,0.25655029114640454
648.129131733208,0.25775685274406357
648.2291317332081,0.2589640465948819
648.3291317332081,0.26017182854081
648.4291317332081,0.2613801541829872
648.5291317332081,0.2625889788840847
648.6291317332082,0.26379825777068244
648.7291317332082,0.26500794573567976
648.8291317332082,0.2662179974407411
648.9291317332082,0.26742836731877395
649.0291317332083,0.26863900957644177
649.1291317332083,0.2698498781967096
649.2291317332083,0.2710609269414236
649.3291317332083,0.2722721093539233
649.4291317332084,0.2734833787616876
649.5291317332084,0.27469468827901283
649.6291317332084,0.2759059908097242
649.7291317332084,0.27711723904991975
649.8291317332084,0.27832838549074623
649.9291317332085,0.2795393824212079
650.0291317332085,0.28075018193100654
650.1291317332085,0.2819607359134142
650.2291317332085,0.2831709960681767
650.3291317332086,0.2843809139044492
650.4291317332086,0.2855904407437626
650.5291317332086,0.2867995277230214
650.6291317332086,0.2880081257975316
650.7291317332086,0.28921618574406005
650.8291317332087,0.2904236581639235
650.9291317332087,0.291630493486108
651.0291317332087,0.292836641970418
651.1291317332087,0.29404205371065567
651.2291317332088,0.29524667863782855
651.3291317332088,0.2964504665233871
651.4291317332088,0.29765336698249106
651.5291317332088,0.2988553294773043
651.6291317332089,0.30005630332031735
651.7291317332089,0.30125623767769943
651.8291317332089,0.30245508157267664
651.9291317332089,0.303652783888939
652.0291317332089,0.3048492933740736
652.129131733209,0.3060445586430256
652.229131733209,0.30723852818158487
652.329131733209,0.30843115034989993
652.429131733209,0.30962237338601717
652.529131733209,0.3108121454094458
652.6291317332091,0.31200041442474896
652.7291317332091,0.31318712832515855
652.8291317332091,0.31437223489621585
652.9291317332091,0.3155556818194364
653.0291317332092,0.31673741667599803
653.1291317332092,0.317917386950454
653.2291317332092,0.3190955400344684
653.3291317332092,0.32027182323057474
653.4291317332093,0.32144618375595796
653.5291317332093,0.32261856874625755
653.6291317332093,0.32378892525939373
653.7291317332093,0.3249572002794144
653.8291317332094,0.32612334072036353
653.9291317332094,0.327287293430171
654.0291317332094,0.3284490051945613
654.1291317332094,0.32960842274098456
654.2291317332094,0.3307654927425649
654.3291317332095,0.33192016182206957
654.4291317332095,0.33307237655589683
654.5291317332095,0.3342220834780815
654.6291317332095,0.3353692290843198
654.7291317332096,0.33651375983601023
654.8291317332096,0.3376556221643135
654.9291317332096,0.3387947624742283
655.0291317332096,0.3399311271486832
655.1291317332096,0.3410646625526455
655.2291317332097,0.34219531503724493
655.3291317332097,0.3433230309439127
655.4291317332097,0.34444775660853527
655.5291317332097,0.3455694383656225
655.6291317332098,0.3466880225524894
655.7291317332098,0.34780345551345143
655.8291317332098,0.3489156836040326
655.9291317332098,0.3500246531951863
656.0291317332099,0.351130310677528
656.1291317332099,0.35223260246557925
656.2291317332099,0.3533314750020236
656.3291317332099,0.35442687476197215
656.4291317332099,0.3555187482572402
656.52913173321,0.3566070420406328
656.62913173321,0.3576917027102405
656.72913173321,0.3587726769137427
656.82913173321,0.35984991135272054
656.92913173321,0.36092335278697674
657.0291317332101,0.36199294803886295
657.1291317332101,0.3630586439976143
657.2291317332101,0.36412038762368976
657.3291317332101,0.365178125953119
657.4291317332102,0.3662318061018541
657.5291317332102,0.36728137527012644
657.6291317332102,0.36832678074680786
657.7291317332102,0.36936796991377596
657.8291317332103,0.3704048902502824
657.9291317332103,0.37143748933732434
658.0291317332103,0.3724657148620185
658.1291317332103,0.37348951462197644
658.2291317332104,0.3745088365296821
658.3291317332104,0.37552362861686944
658.4291317332104,0.37653383903890086
658.5291317332104,0.3775394160791453
658.6291317332104,0.37854030815335604
658.7291317332105,0.37953646381404677
658.8291317332105,0.3805278317548663
658.9291317332105,0.38151436081497114
659.0291317332105,0.3824959999833951
659.1291317332106,0.383472698403416
659.2291317332106,0.38444440537691804
659.3291317332106,0.3854110703687508
659.4291317332106,0.3863726430110823
659.5291317332106,0.387329073107748
659.6291317332107,0.38828031063859264
659.7291317332107,0.389226305763807
659.8291317332107,0.39016700882825667
659.9291317332107,0.39110237036580414
660.0291317332108,0.3920323411036229
660.1291317332108,0.39295687196650225
660.2291317332108,0.39387591408114464
660.3291317332108,0.3947894187804517
660.4291317332109,0.39569733760780207
660.5291317332109,0.3965996223213173
660.6291317332109,0.397496224898117
660.7291317332109,0.398387097538563
660.8291317332109,0.39927219267049063
660.929131733211,0.4001514629534279
661.029131733211,0.4010248612828009
661.129131733211,0.40189234079412633
661.229131733211,0.40275385486718895
661.329131733211,0.4036093571302052
661.4291317332111,0.40445880146397056
661.5291317332111,0.4053021420059923
661.6291317332111,0.4061393331546047
661.7291317332111,0.4069703295730688
661.8291317332112,0.4077950861936534
661.9291317332112,0.4086135582216998
662.0291317332112,0.40942570113966664
662.1291317332112,0.4102314707111571
662.2291317332113,0.4110308229849263
662.3291317332113,0.41182371429886866
662.4291317332113,0.41261010128398495
662.5291317332113,0.413389940868329
662.6291317332114,0.41416319028093224
662.7291317332114,0.4149298070557069
662.8291317332114,0.41568974903532685
662.9291317332114,0.416442974375085
663.0291317332114,0.4171894415467282
663.1291317332115,0.4179291093422676
663.2291317332115,0.41866193687776493
663.3291317332115,0.41938788359709406
663.4291317332115,0.420106909275677
663.5291317332116,0.42081897402419444
663.6291317332116,0.4215240382922695
663.7291317332116,0.42222206287212544
663.8291317332116,0.4229130089022155
663.9291317332116,0.42359683787082547
664.0291317332117,0.4242735116196478
664.1291317332117,0.42494299234732763
664.2291317332117,0.4256052426129789
664.3291317332117,0.42626022533967156
664.4291317332118,0.42690790381788885
664.5291317332118,0.42754824170895345
664.6291317332118,0.42818120304842383
664.7291317332118,0.42880675224945786
664.8291317332119,0.42942485410614606
664.9291317332119,0.43003547379681173
665.0291317332119,0.43063857688727863
665.1291317332119,0.431234129334106
665.229131733212,0.43182209748778927
665.329131733212,0.4324024480959277
665.429131733212,0.4329751483063572
665.529131733212,0.4335401656702484
665.629131733212,0.4340974681451699
665.7291317332121,0.43464702409811556
665.8291317332121,0.4351888023084961
665.9291317332121,0.435722771971094
666.0291317332121,0.43624890269898237
666.1291317332121,0.4367671645264058
666.2291317332122,0.4372775279116241
666.3291317332122,0.4377799637397184
666.4291317332122,0.4382744433253585
666.5291317332122,0.43876093841553193
666.6291317332123,0.43923942119223386
666.7291317332123,0.4397098642751175
666.8291317332123,0.44017224072410516
666.9291317332123,0.4406265240419589
667.0291317332124,0.44107268817681117
667.1291317332124,0.44151070752465404
667.2291317332124,0.44194055693178813
667.3291317332124,0.4423622116972296
667.4291317332124,0.44277564757507565
667.5291317332125,0.4431808407768278
667.6291317332125,0.4435777679736731
667.7291317332125,0.44396640629872236
667.8291317332125,0.44434673334920566
667.9291317332126,0.44471872718862426
668.0291317332126,0.4450823663488598
668.1291317332126,0.4454376298322381
668.2291317332126,0.44578449711355106
668.3291317332126,0.44612294814203163
668.4291317332127,0.4464529633432866
668.5291317332127,0.4467745236211826
668.6291317332127,0.4470876103596878
668.7291317332127,0.44739220542466845
668.8291317332128,0.44768829116563885
668.9291317332128,0.4479758504174663
669.0291317332128,0.4482548665020294
669.1291317332128,0.44852532322983046
669.2291317332129,0.44878720490156065
669.3291317332129,0.4490404963096194
669.4291317332129,0.44928518273958556
669.5291317332129,0.4495212499716426
669.629131733213,0.4497486842819555
669.729131733213,0.44996747244400087
669.829131733213,0.4501776017298482
669.929131733213,0.4503790599113949
670.029131733213,0.4505718352615514
670.1291317332131,0.45075591655537944
670.2291317332131,0.4509312930711812
670.3291317332131,0.4510979545915398
670.4291317332131,0.45125589140431205
670.5291317332131,0.4514050943035712
670.6291317332132,0.45154555459050144
670.7291317332132,0.45167726407424313
670.8291317332132,0.451800215072689
670.9291317332132,0.4519144004132307
671.0291317332133,0.4520198134334563
671.1291317332133,0.45211644798179823
671.2291317332133,0.4522042984181315
671.3291317332133,0.45228335961432226
671.4291317332134,0.452353626954727
671.5291317332134,0.45241509633664134
671.6291317332134,0.45246776417069945
671.7291317332134,0.4525116273812233
671.8291317332134,0.45254668340652204
671.9291317332135,0.45257293019914124
672.0291317332135,0.4525903662260625
672.1291317332135,0.45259899046885227
672.2291317332135,0.45259880242376127
672.3291317332136,0.45258980210177346
672.4291317332136,0.4525719900286049
672.5291317332136,0.4525453672446526
672.6291317332136,0.45250993530489353
672.7291317332136,0.4524656962787328
672.8291317332137,0.45241265274980225
672.9291317332137,0.4523508078157094
673.0291317332137,0.45228016508773566
673.1291317332137,0.4522007286904848
673.2291317332138,0.4521125032614818
673.3291317332138,0.45201549395072155
673.4291317332138,0.45190970642016753
673.5291317332138,0.45179514684320177
673.6291317332139,0.45167182190402344
673.7291317332139,0.4515397387969997
673.8291317332139,0.45139890522596593
673.9291317332139,0.4512493294034765
674.029131733214,0.4510910200500071
674.129131733214,0.4509239863931072
674.229131733214,0.45074823816650356
674.329131733214,0.45056378560915494
674.429131733214,0.45037063946425787
674.5291317332141,0.4501688109782039
674.6291317332141,0.4499583118994881
674.7291317332141,0.4497391544775692
674.8291317332141,0.4495113514616817
674.9291317332141,0.44927491609959974
675.0291317332142,0.4490298621363531
675.1291317332142,0.4487762038128953
675.2291317332142,0.4485139558647245
675.3291317332142,0.4482431335204567
675.4291317332143,0.4479637525003521
675.5291317332143,0.44767582901479397
675.6291317332143,0.44737937976272135
675.7291317332143,0.4470744219300149
675.8291317332144,0.4467609731878363
675.9291317332144,0.4464390516909218
676.0291317332144,0.4461086760758295
676.1291317332144,0.4457698654591418
676.2291317332144,0.44542263943562144
676.3291317332145,0.4450670180763228
676.4291317332145,0.4447030219266588
676.5291317332145,0.4443306720044222
676.6291317332145,0.4439499897977635
676.7291317332146,0.44356099726312403
676.8291317332146,0.4431637168231254
676.9291317332146,0.4427581713644157
677.0291317332146,0.44234438423547223
677.1291317332146,0.44192237924436123
677.2291317332147,0.441492180656455
677.3291317332147,0.4410538131921068
677.4291317332147,0.44060730202428355
677.5291317332147,0.44015267277615694
677.6291317332148,0.43968995151865314
677.7291317332148,0.43921916476796125
677.8291317332148,0.43874033948300145
677.9291317332148,0.4382535030628522
678.0291317332149,0.4377586833441379
678.1291317332149,0.4372559085983766
678.2291317332149,0.4367452075292881
678.3291317332149,0.43622660927006396
678.429131733215,0.4357001433805977
678.529131733215,0.4351658398446777
678.629131733215,0.4346237290671417
678.729131733215,0.43407384187099407
678.829131733215,0.43351620949448566
678.9291317332151,0.43295086358815715
679.0291317332151,0.4323778362118463
679.1291317332151,0.43179715983165845
679.2291317332151,0.43120886731690244
679.3291317332151,0.43061299193699065
679.4291317332152,0.43000956735830476
679.5291317332152,0.42939862764102693
679.6291317332152,0.4287802072359371
679.7291317332152,0.4281543409811773
679.8291317332153,0.4275210640989817
679.9291317332153,0.4268804121923758
680.0291317332153,0.4262324212418417
680.1291317332153,0.42557712760195265
680.2291317332154,0.424914567997976
680.3291317332154,0.4242447795224453
680.4291317332154,0.42356779963170205
680.5291317332154,0.422883666142407
680.6291317332154,0.4221924172280229
680.7291317332155,0.42149409141526717
680.8291317332155,0.4207887275805365
680.9291317332155,0.42007636494630346
681.0291317332155,0.4193570430774849
681.1291317332156,0.4186308018777837
681.2291317332156,0.4178976815860035
681.3291317332156,0.41715772277233704
681.4291317332156,0.4164109663346294
681.5291317332156,0.41565745349461497
681.6291317332157,0.4148972257941304
681.7291317332157,0.41413032509130315
681.8291317332157,0.41335679355671545
681.9291317332157,0.4125766736695461
682.0291317332158,0.41179000821368855
682.1291317332158,0.4109968402738468
682.2291317332158,0.4101972132316098
682.3291317332158,0.40939117076150416
682.4291317332159,0.40857875682702594
682.5291317332159,0.4077600156766525
682.6291317332159,0.4069349918398342
682.7291317332159,0.4061037301229669
682.829131733216,0.4052662756053451
682.929131733216,0.404422673635098
683.029131733216,0.40357296982510643
683.129131733216,0.4027172100489033
683.229131733216,0.4018554404365571
683.3291317332161,0.4009877073705385
683.4291317332161,0.40011405748157286
683.5291317332161,0.3992345376444753
683.6291317332161,0.39834919497397303
683.7291317332161,0.39745807682051215
683.8291317332162,0.3965612307660516
683.9291317332162,0.3956587046198436
684.0291317332162,0.3947505464142014
684.1291317332162,0.39383680440025526
684.2291317332163,0.3929175270436966
684.3291317332163,0.39199276302051095
684.4291317332163,0.39106256121270094
684.5291317332163,0.39012697070399865
684.6291317332164,0.3891860407755689
684.7291317332164,0.38823982090170317
684.8291317332164,0.3872883607455056
684.9291317332164,0.38633171015457074
685.0291317332164,0.3853699191566541
685.1291317332165,0.38440303795533526
685.2291317332165,0.3834311169256758
685.3291317332165,0.3824542066098702
685.4291317332165,0.38147235771289206
685.5291317332166,0.3804856210981356
685.6291317332166,0.3794940477830527
685.7291317332166,0.37849768893478586
685.8291317332166,0.377496595865799
685.9291317332166,0.3764908200295044
686.0291317332167,0.3754804130158881
686.1291317332167,0.37446542654713355
686.2291317332167,0.3734459124732438
686.3291317332167,0.37242192276766384
686.4291317332168,0.37139350952290157
686.5291317332168,0.3703607249461504
686.6291317332168,0.36932362135491204
686.7291317332168,0.36828225117262076
686.8291317332169,0.36723666692427
686.9291317332169,0.3661869212320405
687.0291317332169,0.36513306681093266
687.1291317332169,0.3640751564644009
687.229131733217,0.36301324307999305
687.329131733217,0.3619473796249935
687.429131733217,0.3608776191420716
687.529131733217,0.35980401474493534
687.629131733217,0.358726619613991
687.7291317332171,0.3576454869920089
687.8291317332171,0.3565606701797966
687.9291317332171,0.35547222253187893
688.0291317332171,0.3543801974521861
688.1291317332172,0.3532846483897497
688.2291317332172,0.3521856288344087
688.3291317332172,0.351083192312523
688.4291317332172,0.34997739238269826
688.5291317332172,0.3488682826315198
688.6291317332173,0.347755916669298
688.7291317332173,0.3466403481258244
688.8291317332173,0.3455216306461394
688.9291317332173,0.3443998178863121
689.0291317332174,0.34327496350923287
689.1291317332174,0.34214712118041846
689.2291317332174,0.3410163445638309
689.3291317332174,0.33988268731770965
689.4291317332174,0.338746203090419
689.5291317332175,0.3376069455163092
689.6291317332175,0.33646496821159355
689.7291317332175,0.3353203247702404
689.8291317332175,0.3341730687598818
689.9291317332176,0.33302325371773794
690.0291317332176,0.3318709331465592
690.1291317332176,0.3307161605105847
690.2291317332176,0.32955898923151916
690.3291317332177,0.32839947268452735
690.4291317332177,0.3272376641942475
690.5291317332177,0.3260736170308234
690.6291317332177,0.32490738440595546
690.7291317332177,0.3237390194689724
690.8291317332178,0.3225685753029216
690.9291317332178,0.32139610492068144
691.0291317332178,0.32022166126109336
691.1291317332178,0.3190452971851156
691.2291317332179,0.3178670654719985
691.3291317332179,0.3166870188154815
691.4291317332179,0.3155052098200129
691.5291317332179,0.31432169099699214
691.629131733218,0.3131365147610346
691.729131733218,0.31194973342626053
691.829131733218,0.3107613992026073
691.929131733218,0.3095715641921658
692.029131733218,0.3083802803855412
692.1291317332181,0.3071875996582383
692.2291317332181,0.3059935737670724
692.3291317332181,0.3047982543466052
692.4291317332181,0.3036016929056062
692.5291317332182,0.3024039408235405
692.6291317332182,0.30120504934708303
692.7291317332182,0.30000506958665873
692.8291317332182,0.29880405251301023
692.9291317332182,0.2976020489537928
693.0291317332183,0.29639910959019605
693.1291317332183,0.29519528495359465
693.2291317332183,0.29399062542222587
693.3291317332183,0.29278518121789604
693.4291317332184,0.291579002402716
693.5291317332184,0.29037213887586444
693.6291317332184,0.28916464037038125
693.7291317332184,0.28795655644998985
693.8291317332184,0.2867479365059492
693.9291317332185,0.2855388297539359
694.0291317332185,0.28432928523095585
694.1291317332185,0.2831193517922869
694.2291317332185,0.28190907810845184
694.3291317332186,0.28069851266222184
694.4291317332186,0.2794877037456517
694.5291317332186,0.27827669945714534
694.6291317332186,0.2770655476985536
694.7291317332187,0.27585429617230317
694.8291317332187,0.2746429923785575
694.9291317332187,0.2734316836124099
695.0291317332187,0.27222041696110844
695.1291317332187,0.271009239301314
695.2291317332188,0.26979819729638965
695.3291317332188,0.26858733739372437
695.4291317332188,0.26737670582208833
695.5291317332188,0.26616634858902205
695.6291317332189,0.2649563114782583
695.7291317332189,0.2637466400471778
695.8291317332189,0.2625373796242983
695.9291317332189,0.26132857530679676
696.029131733219,0.2601202719580668
696.129131733219,0.25891251420530825
696.229131733219,0.25770534643715204
696.329131733219,0.256498812801319
696.429131733219,0.2552929572023125
696.5291317332191,0.25408782329914603
696.6291317332191,0.2528834545031052
696.7291317332191,0.25167989397554363
696.8291317332191,0.25047718462571505
696.9291317332192,0.24927536910863848
697.0291317332192,0.24807448982299932
697.1291317332192,0.24687458890908517
697.2291317332192,0.24567570824675664
697.3291317332192,0.2444778894534531
697.4291317332193,0.24328117388223391
697.5291317332193,0.2420856026198543
697.6291317332193,0.24089121648487732
697.7291317332193,0.2396980560258203
697.8291317332194,0.23850616151933723
697.9291317332194,0.2373155729684361
698.0291317332194,0.23612633010073203
698.1291317332194,0.23493847236673546
698.2291317332194,0.2337520389381763
698.3291317332195,0.23256706870636318
698.4291317332195,0.2313836002805782
698.5291317332195,0.23020167198650737
698.6291317332195,0.22902132186470664
698.7291317332196,0.2278425876691031
698.8291317332196,0.22666550686553188
698.9291317332196,0.22549011663030866
699.0291317332196,0.22431645384883744
699.1291317332197,0.22314455511425382
699.2291317332197,0.2219744567261038
699.3291317332197,0.2208061946890579
699.4291317332197,0.21963980471166056
699.5291317332197,0.21847532220511512
699.6291317332198,0.21731278228210377
699.7291317332198,0.21615221975564294
699.8291317332198,0.21499366913797377
699.9291317332198,0.2138371646394878
700.0291317332199,0.21268274016768737
700.1291317332199,0.21153042932618174
700.2291317332199,0.2103802654137172
700.3291317332199,0.20923228142324277
700.42913173322,0.20808651004101025
700.52913173322,0.20694298364570912
700.62913173322,0.20580173430763604
700.72913173322,0.2046627937878986
700.82913173322,0.20352619353765383
700.9291317332201,0.2023919646973808
701.0291317332201,0.20126013809618745
701.1291317332201,0.20013074425115143
701.2291317332201,0.19900381336669504
701.3291317332202,0.19787937533399397
701.4291317332202,0.1967574597304199
701.5291317332202,0.19563809581901617
701.6291317332202,0.19452131254800792
701.7291317332202,0.19340713855034447
701.8291317332203,0.19229560214327573
701.9291317332203,0.19118673132796135
702.0291317332203,0.1900805537891127
702.1291317332203,0.18897709689466788
702.2291317332204,0.18787638769549916
702.3291317332204,0.18677845292515313
702.4291317332204,0.18568331899962268
702.5291317332204,0.18459101201715172
702.6291317332204,0.18350155775807164
702.7291317332205,0.18241498168466935
702.8291317332205,0.1813313089410874
702.9291317332205,0.18025056435325518
703.0291317332205,0.17917277242885174
703.1291317332206,0.17809795735729947
703.2291317332206,0.17702614300978886
703.3291317332206,0.17595735293933398
703.4291317332206,0.1748916103808584
703.5291317332207,0.1738289382513116
703.6291317332207,0.17276935914981548
703.7291317332207,0.17171289535784076
703.8291317332207,0.1706595688394133
703.9291317332207,0.16960940124134977
704.0291317332208,0.16856241389352292
704.1291317332208,0.16751862780915572
704.2291317332208,0.16647806368514448
704.3291317332208,0.16544074190241076
704.4291317332209,0.16440668252628185
704.5291317332209,0.16337590530689922
704.6291317332209,0.16234842967965513
704.7291317332209,0.1613242747656573
704.829131733221,0.16030345937222085
704.929131733221,0.15928600199338755
705.029131733221,0.1582719208104726
705.129131733221,0.15726123369263775
705.229131733221,0.1562539581974917
705.3291317332211,0.15525011157171617
705.4291317332211,0.1542497107517188
705.5291317332211,0.15325277236431156
705.6291317332211,0.15225931272741502
705.7291317332212,0.151269347850788
705.8291317332212,0.15028289343678236
705.9291317332212,0.14929996488112274
706.0291317332212,0.14832057727371112
706.1291317332212,0.14734474539945552
706.2291317332213,0.1463724837391232
706.3291317332213,0.1454038064702173
706.4291317332213,0.14443872746787775
706.5291317332213,0.14347726030580496
706.6291317332214,0.1425194182572071
706.7291317332214,0.14156521429576993
706.8291317332214,0.14061466109664938
706.9291317332214,0.13966777103748648
707.0291317332214,0.13872455619944407
707.1291317332215,0.13778502836826587
707.2291317332215,0.13684919903535653
707.3291317332215,0.13591707939888303
707.4291317332215,0.1349886803648974
707.5291317332216,0.1340640125484798
707.6291317332216,0.133143086274902
707.7291317332216,0.1322259115808114
707.8291317332216,0.13131249821543456
707.9291317332217,0.13040285564180046
708.0291317332217,0.1294969930379831
708.1291317332217,0.12859491929836311
708.2291317332217,0.1276966430349082
708.3291317332217,0.1268021725784722
708.4291317332218,0.12591151598011177
708.5291317332218,0.12502468101242187
708.6291317332218,0.12414167517088821
708.7291317332218,0.12326250567525734
708.8291317332219,0.12238717947092384
708.9291317332219,0.1215157032303343
709.0291317332219,0.12064808335440758
709.1291317332219,0.1197843259739718
709.229131733222,0.11892443695121684
709.329131733222,0.1180684218811626
709.429131733222,0.11721628609314301
709.529131733222,0.11636803465230458
709.629131733222,0.11552367236112004
709.7291317332221,0.11468320376091684
709.8291317332221,0.11384663313341924
709.9291317332221,0.11301396450230494
710.0291317332221,0.11218520163477524
710.1291317332222,0.11136034804313845
710.2291317332222,0.11053940698640644
710.3291317332222,0.10972238147190437
710.4291317332222,0.10890927425689265
710.5291317332222,0.10810008785020125
710.6291317332223,0.10729482451387595
710.7291317332223,0.10649348626483669
710.8291317332223,0.10569607487654673
710.9291317332223,0.10490259188069352
711.0291317332224,0.10411303856888011
711.1291317332224,0.1033274159943274
711.2291317332224,0.10254572497358652
711.3291317332224,0.10176796608826143
711.4291317332224,0.10099413968674101
711.5291317332225,0.1002242458859412
711.6291317332225,0.09945828457305554
711.7291317332225,0.09869625540731554
711.8291317332225,0.09793815782175898
711.9291317332226,0.09718399102500713
712.0291317332226,0.09643375400304989
712.1291317332226,0.0956874455210387
712.2291317332226,0.09494506412508719
712.3291317332227,0.0942066081440792
712.4291317332227,0.09347207569148369
712.5291317332227,0.09274146466717646
712.6291317332227,0.09201477275926866
712.7291317332227,0.09129199744594108
712.8291317332228,0.0905731359972849
712.9291317332228,0.08985818547714801
713.0291317332228,0.0891471427449866
713.1291317332228,0.08844000445772249
713.2291317332229,0.08773676707160476
713.3291317332229,0.08703742684407656
713.4291317332229,0.08634197983564632
713.5291317332229,0.08565042191176298
713.629131733223,0.08496274874469517
713.729131733223,0.08427895581541445
713.829131733223,0.08359903841548141
713.929131733223,0.08292299164893555
714.029131733223,0.08225081043418767
714.1291317332231,0.08158248950591525
714.2291317332231,0.08091802341696018
714.3291317332231,0.0802574065402288
714.4291317332231,0.0796006330705937
714.5291317332232,0.07894769702679769
714.6291317332232,0.07829859225335882
714.7291317332232,0.07765331242247704
714.8291317332232,0.07701185103594173
714.9291317332232,0.07637420142704006
715.0291317332233,0.07574035676246604
715.1291317332233,0.07511031004422977
715.2291317332233,0.07448405411156703
715.3291317332233,0.07386158164284858
715.4291317332234,0.07324288515748933
715.5291317332234,0.07262795701785683
715.6291317332234,0.07201678943117917
715.7291317332234,0.07140937445145178
715.8291317332234,0.07080570398134314
715.9291317332235,0.07020576977409906
716.0291317332235,0.06960956343544548
716.1291317332235,0.06901707642548925
716.2291317332235,0.06842830006061712
716.3291317332236,0.06784322551539236
716.4291317332236,0.0672618438244491
716.5291317332236,0.06668414588438386
716.6291317332236,0.06611012245564463
716.7291317332237,0.06553976416441643
716.8291317332237,0.0649730615045041
716.9291317332237,0.06441000483921165
717.0291317332237,0.06385058440321763
717.1291317332237,0.06329479030444726
717.2291317332238,0.06274261252594036
717.3291317332238,0.06219404092771501
717.4291317332238,0.06164906524862714
717.5291317332238,0.06110767510822556
717.6291317332239,0.060569860008602205
717.7291317332239,0.06003560933623761
717.8291317332239,0.059504912363841374
717.9291317332239,0.05897775825218739
718.029131733224,0.058454136051943856
718.129131733224,0.05793403470549759
718.229131733224,0.05741744304877275
718.329131733224,0.05690434981304359
718.429131733224,0.056394743626741434
718.5291317332241,0.05588861301725539
718.6291317332241,0.05538594641272657
718.7291317332241,0.054886732143836034
718.8291317332241,0.05439095844558625
718.9291317332242,0.05389861345907542
719.0291317332242,0.05340968523326508
719.1291317332242,0.05292416172674081
719.2291317332242,0.05244203080946548
719.3291317332242,0.051963280264525326
719.4291317332243,0.05148789778986842
719.5291317332243,0.051015871000035726
719.6291317332243,0.05054718742788425
719.7291317332243,0.05008183452630244
719.8291317332244,0.049619799669917516
719.9291317332244,0.04916107015679471
720.0291317332244,0.0487056332101282
720.1291317332244,0.048253475979923854
720.2291317332244,0.04780458554467335
720.3291317332245,0.04735894891301971
720.4291317332245,0.04691655302541419
720.5291317332245,0.04647738475576423
720.6291317332245,0.046041430913072674
720.7291317332246,0.04560867824306767
720.8291317332246,0.04517911342982378
720.9291317332246,0.04475272309737347
721.0291317332246,0.04432949381130959
721.1291317332247,0.0439094120803781
721.2291317332247,0.04349246435806154
721.3291317332247,0.04307863704415268
721.4291317332247,0.042667916486318444
721.5291317332247,0.042260288981654216
721.6291317332248,0.04185574077822794
721.7291317332248,0.04145425807661453
721.8291317332248,0.04105582703141999
721.9291317332248,0.04066043375279547
722.0291317332249,0.040268064307941095
722.1291317332249,0.039878704722599495
722.2291317332249,0.03949234098253898
722.3291317332249,0.03910895903502603
722.429131733225,0.03872854479028771
722.529131733225,0.03835108412296305
722.629131733225,0.037976562873543965
722.729131733225,0.03760496684980555
722.829131733225,0.037236281828225345
722.9291317332251,0.036870493555392
723.0291317332251,0.03650758774940285
723.1291317332251,0.03614755010125064
723.2291317332251,0.035790366276199304
723.3291317332252,0.03543602191514845
723.4291317332252,0.035084502635986926
723.5291317332252,0.03473579403493523
723.6291317332252,0.03438988168787666
723.7291317332252,0.03404675115167716
723.8291317332253,0.033706387965493995
723.9291317332253,0.033368777652073
724.0291317332253,0.03303390571903455
724.1291317332253,0.03270175766014808
724.2291317332254,0.032372318956595085
724.3291317332254,0.03204557507822085
724.4291317332254,0.03172151148477451
724.5291317332254,0.031400113627137655
724.6291317332254,0.031081366948541328
724.7291317332255,0.03076525688577154
724.8291317332255,0.03045176887036314
724.9291317332255,0.03014088832978193
725.0291317332255,0.029832600688595463
725.1291317332256,0.029526891369631776
725.2291317332256,0.029223745795126772
725.3291317332256,0.028923149387859802
725.4291317332256,0.028625087572277438
725.5291317332257,0.02832954577560578
725.6291317332257,0.028036509428950758
725.7291317332257,0.027745963968386952
725.8291317332257,0.02745789483603455
725.9291317332257,0.02717228748112458
726.0291317332258,0.02688912736105241
726.1291317332258,0.026608399942419564
726.2291317332258,0.026330090702063755
726.3291317332258,0.026054185128077122
726.4291317332259,0.02578066872081288
726.5291317332259,0.025509526993880132
726.6291317332259,0.02524074547512696
726.7291317332259,0.024974309707611896
726.829131733226,0.024710205250563604
726.929131733226,0.02444841768032896
727.029131733226,0.02418893259130932
727.129131733226,0.02393173559688534
727.229131733226,0.023676812330329897
727.3291317332261,0.023424148445709628
727.4291317332261,0.02317372961877471
727.5291317332261,0.022925541547837058
727.6291317332261,0.022679569954637074
727.7291317332262,0.022435800585198732
727.8291317332262,0.022194219210673164
727.9291317332262,0.02195481162817081
728.0291317332262,0.021717563661582097
728.1291317332262,0.02148246116238661
728.2291317332263,0.021249490010450883
728.3291317332263,0.021018636114814887
728.4291317332263,0.020789885414467118
728.5291317332263,0.020563223879108278
728.6291317332264,0.02033863750990387
728.7291317332264,0.0201161123402254
728.8291317332264,0.019895634436380438
728.9291317332264,0.01967718989833144
729.0291317332264,0.019460764860403598
729.1291317332265,0.019246345491981384
729.2291317332265,0.01903391799819422
729.3291317332265,0.018823468620591033
729.4291317332265,0.018614983637803947
729.5291317332266,0.018408449366200924
729.6291317332266,0.018203852160527615
729.7291317332266,0.018001178414538393
729.8291317332266,0.017800414561616552
729.9291317332267,0.017601547075383767
730.0291317332267,0.017404562470298954
730.1291317332267,0.01720944730224636
730.2291317332267,0.017016188169113163
730.3291317332267,0.016824771711356542
730.4291317332268,0.01663518461256018
730.5291317332268,0.016447413599980414
730.6291317332268,0.016261445445081985
730.7291317332268,0.016077266964063443
730.8291317332269,0.015894865018372346
730.9291317332269,0.01571422651521016
731.0291317332269,0.015535338408027104
731.1291317332269,0.015358187697006833
731.229131733227,0.01518276142954108
731.329131733227,0.015009046700694403
731.429131733227,0.014837030653658888
731.529131733227,0.014666700480199104
731.629131733227,0.014498043421087225
731.7291317332271,0.014331046766528384
731.8291317332271,0.014165697856576382
731.9291317332271,0.01400198408153985
732.0291317332271,0.0138398928823787
732.1291317332272,0.013679411751091311
732.2291317332272,0.01352052823109209
732.3291317332272,0.013363229917579851
732.4291317332272,0.013207504457896778
732.5291317332272,0.01305333955187827
732.6291317332273,0.012900722952193546
732.7291317332273,0.01274964246467724
732.8291317332273,0.01260008594865191
732.9291317332273,0.012452041317241648
733.0291317332274,0.012305496537676782
733.1291317332274,0.012160439631589777
733.2291317332274,0.012016858675302352
733.3291317332274,0.011874741800104012
733.4291317332275,0.011734077192521869
733.5291317332275,0.011594853094581994
733.6291317332275,0.011457057804062285
733.7291317332275,0.011320679674736966
733.8291317332275,0.011185707116612705
733.9291317332276,0.011052128596156563
734.0291317332276,0.010919932636515686
734.1291317332276,0.010789107817728925
734.2291317332276,0.010659642776930463
734.3291317332277,0.0105315262085454
734.4291317332277,0.010404746864477489
734.5291317332277,0.010279293554289078
734.6291317332277,0.01015515514537327
734.7291317332277,0.01003232056311841
734.8291317332278,0.00991077879106504
734.9291317332278,0.009790518871055231
735.0291317332278,0.009671529903374543
735.1291317332278,0.009553801046886603
735.2291317332279,0.009437321519160309
735.3291317332279,0.009322080596589913
735.4291317332279,0.009208067614507862
735.5291317332279,0.00909527196729061
735.629131733228,0.008983683108457402
735.729131733228,0.008873290550762126
735.829131733228,0.00876408386627832
735.929131733228,0.008656052686477386
736.029131733228,0.008549186702300109
736.1291317332281,0.00844347566422151
736.2291317332281,0.008338909382309186
736.3291317332281,0.008235477726275121
736.4291317332281,0.008133170625521095
736.5291317332282,0.008031978069177801
736.6291317332282,0.007931890106137608
736.7291317332282,0.007832896845081212
736.8291317332282,0.007734988454498174
736.9291317332282,0.0076381551627013235
737.0291317332283,0.0075423872578353245
737.1291317332283,0.007447675087879234
737.2291317332283,0.007354009060643304
737.3291317332283,0.007261379643760022
737.4291317332284,0.0071697773646694635
737.5291317332284,0.007079192810599064
737.6291317332284,0.006989616628537832
737.7291317332284,0.006901039525205159
737.8291317332285,0.006813452267014183
737.9291317332285,0.006726845680029863
738.0291317332285,0.006641210649921859
738.1291317332285,0.0065565381219121885
738.2291317332285,0.006472819100717803
738.3291317332286,0.006390044650488161
738.4291317332286,0.0063082058947378245
738.5291317332286,0.006227294016274178
738.6291317332286,0.00614730025712037
738.7291317332287,0.006068215918433451
738.8291317332287,0.005990032360417923
738.9291317332287,0.0059127410022346005
739.0291317332287,0.005836333321905034
739.1291317332287,0.005760800856211369
739.2291317332288,0.005686135200591935
739.3291317332288,0.005612328009032412
739.4291317332288,0.005539370993952781
739.5291317332288,0.005467255926090093
739.6291317332289,0.005395974634377132
739.7291317332289,0.00532551900581699
739.8291317332289,0.00525588098535368
739.9291317332289,0.005187052575738854
740.029131733229,0.00511902583739466
740.129131733229,0.005051792888272758
740.229131733229,0.0049853459037097455
740.329131733229,0.004919677116278783
740.429131733229,0.004854778815637762
740.5291317332291,0.004790643348373868
740.6291317332291,0.004727263117844728
740.7291317332291,0.004664630584016135
740.8291317332291,0.004602738263296488
740.9291317332292,0.004541578728367908
741.0291317332292,0.004481144608014207
741.1291317332292,0.004421428586945674
741.2291317332292,0.004362423405620811
741.3291317332292,0.004304121860065026
741.4291317332293,0.0042465168016863905
741.5291317332293,0.004189601137088511
741.6291317332293,0.00413336782788052
741.7291317332293,0.004077809890484358
741.8291317332294,0.004022920395939278
741.9291317332294,0.0039686924697037345
742.0291317332294,0.003915119291454661
742.1291317332294,0.003862194094884223
742.2291317332295,0.003809910167494044
742.3291317332295,0.003758260850387088
742.4291317332295,0.0037072395380570835
742.5291317332295,0.003656839678175713
742.6291317332295,0.0036070547713775054
742.7291317332296,0.003557878371042541
742.8291317332296,0.0035093040830770188
742.9291317332296,0.003461325565691725
743.0291317332296,0.003413936529178467
743.1291317332297,0.0033671307356845422
743.2291317332297,0.0033209019989852615
743.3291317332297,0.0032752441842545943
743.4291317332297,0.003230151207834014
743.5291317332297,0.0031856170369995583
743.6291317332298,0.003141635689727142
743.7291317332298,0.0030982012344562826
743.8291317332298,0.0030553077898520927
743.9291317332298,0.003012949524565814
744.0291317332299,0.0029711206569937644
744.1291317332299,0.0029298154550348307
744.2291317332299,0.002889028235846552
744.3291317332299,0.0028487533655998216
744.42913173323,0.0028089852592322597
744.52913173323,0.0027697183802003226
744.62913173323,0.002730947240230153
744.72913173323,0.0026926663990672647
744.82913173323,0.0026548704642250895
744.9291317332301,0.0026175540907324235
745.0291317332301,0.002580711980879798
745.1291317332301,0.0025443388839649014
745.2291317332301,0.0025084295960369736
745.3291317332302,0.0024729789596403223
745.4291317332302,0.0024379818635569647
745.5291317332302,0.002403433242548395
745.6291317332302,0.0023693280770966055
745.7291317332302,0.002335661393144332
745.8291317332303,0.0023024282618345805
745.9291317332303,0.002269623799249514
746.0291317332303,0.0022372431661486724
746.1291317332303,0.0022052815677066264
746.2291317332304,0.0021737342532500764
746.3291317332304,0.0021425965159944174
746.4291317332304,0.002111863692779854
746.5291317332304,0.002081531163807058
746.6291317332305,0.002051594352372437
746.7291317332305,0.0020220487246030237
746.8291317332305,0.0019928897891910474
746.9291317332305,0.001964113097128206
747.0291317332305,0.0019357142414396875
747.1291317332306,0.0019076888569179444
747.2291317332306,0.0018800326198563158
747.3291317332306,0.0018527412477824495
747.4291317332306,0.0018258104991916385
747.5291317332307,0.0017992361732800436
747.6291317332307,0.0017730141096778658
747.7291317332307,0.0017471401881824931
747.8291317332307,0.001721610328491649
747.9291317332307,0.0016964204899365756
748.0291317332308,0.001671566671215287
748.1291317332308,0.0016470449101259209
748.2291317332308,0.0016228512833002065
748.3291317332308,0.0015989819059370918
748.4291317332309,0.0015754329315365559
748.5291317332309,0.0015522005516336354
748.6291317332309,0.0015292809955326793
748.7291317332309,0.001506670530041879
748.829131733231,0.0014843654592080944
748.929131733231,0.0014623621240519877
749.029131733231,0.0014406569023035143
749.129131733231,0.0014192462081377777
749.229131733231,0.001398126491911291
749.3291317332311,0.0013772942398986424
749.4291317332311,0.0013567459740296225
749.5291317332311,0.0013364782516268132
749.6291317332311,0.0013164876651436668
749.7291317332312,0.00129677084190311
749.8291317332312,0.0012773244438366762
749.9291317332312,0.0012581451672242048
750.0291317332312,0.0012392297424341182
750.1291317332312,0.0012205749336643072
750.2291317332313,0.0012021775386836376
750.3291317332313,0.0011840343885740996
750.4291317332313,0.0011661423474736328
750.5291317332313,0.001148498312319622
750.6291317332314,0.001131099212593112
750.7291317332314,0.0011139420100637312
750.8291317332314,0.0010970236985353738
750.9291317332314,0.0010803413035926262
751.0291317332315,0.0010638918823479818
751.1291317332315,0.0010476725231898538
751.2291317332315,0.0010316803455313877
751.3291317332315,0.001015912499560118
751.4291317332315,0.0010003661659884616
751.5291317332316,0.0009850385558050807
751.6291317332316,0.0009699269100271136
751.7291317332316,0.0009550284994533047
751.8291317332316,0.0009403406244180489
751.9291317332317,0.0009258606145463387
752.0291317332317,0.0009115858285096744
752.1291317332317,0.0008975136537828979
752.2291317332317,0.0008836415064020155
752.3291317332317,0.0008699668307229761
752.4291317332318,0.0008564870991814573
752.5291317332318,0.0008431998120536445
752.6291317332318,0.0008301024972180244
752.7291317332318,0.0008171927099182144
752.8291317332319,0.0008044680325268183
752.9291317332319,0.0007919260743103406
753.0291317332319,0.0007795644711951601
753.1291317332319,0.0007673808855345698
753.229131733232,0.000755373005876905
753.329131733232,0.0007435385467347554
753.429131733232,0.0007318752483552864
753.529131733232,0.0007203808764916654
753.629131733232,0.0007090532221756102
753.7291317332321,0.0006978901014910638
753.8291317332321,0.0006868893553490108
753.9291317332321,0.0006760488492634322
754.0291317332321,0.0006653664731284185
754.1291317332322,0.0006548401409964419
754.2291317332322,0.0006444677908577993
754.3291317332322,0.0006342473844212221
754.4291317332322,0.0006241769068956808
754.5291317332322,0.0006142543667733665
754.6291317332323,0.0006044777956138759
754.7291317332323,0.0005948452478295939
754.8291317332323,0.0005853548004722788
754.9291317332323,0.0005760045530208692
755.0291317332324,0.0005667926271705009
755.1291317332324,0.0005577171666227483
755.2291317332324,0.000548776336877094
755.3291317332324,0.0005399683250236328
755.4291317332325,0.0005312913395370044
755.5291317332325,0.0005227436100715753
755.6291317332325,0.000514323387257859
