1.0,9.347694605588964
1.1,9.396906187725552
1.2000000000000002,9.446477133505802
1.3000000000000003,9.496410603802605
1.4000000000000004,9.546709789195857
1.5000000000000004,9.597377910211689
1.6000000000000005,9.648418217561488
1.7000000000000006,9.699833992380741
1.8000000000000007,9.75162854646746
1.9000000000000008,9.803805222520241
2.000000000000001,9.856367394375717
2.100000000000001,9.909318467245384
2.200000000000001,9.962661877951634
2.300000000000001,10.016401095162903
2.4000000000000012,10.07053961962781
2.5000000000000013,10.12508098440811
2.6000000000000014,10.180028755110438
2.7000000000000015,10.235386530116553
2.8000000000000016,10.291157940812061
2.9000000000000017,10.347346651813432
3.0000000000000018,10.403956361193101
3.100000000000002,10.460990800702573
3.200000000000002,10.51845373599332
3.300000000000002,10.576348966835287
3.400000000000002,10.63468032733284
3.500000000000002,10.69345168613799
3.6000000000000023,10.752666946660662
3.7000000000000024,10.812330047275815
3.8000000000000025,10.872444961527217
3.9000000000000026,10.93301569832766
4.000000000000003,10.994046302155375
4.100000000000003,11.055540853246416
4.200000000000003,11.117503467782786
4.3000000000000025,11.179938298076046
4.400000000000003,11.242849532746149
4.5000000000000036,11.306241396895226
4.600000000000003,11.370118152276067
4.700000000000003,11.434484097454991
4.800000000000003,11.499343567968804
4.900000000000004,11.564700936475576
5.0000000000000036,11.630560612898865
5.100000000000003,11.696927044565113
5.200000000000004,11.76380471633385
5.300000000000004,11.831198150720322
5.400000000000004,11.899111908010282
5.5000000000000036,11.96755058636643
5.600000000000004,12.036518821926272
5.700000000000005,12.106021288890837
5.800000000000004,12.176062699603976
5.900000000000004,12.24664780462174
6.000000000000004,12.317781392771417
6.100000000000005,12.389468291199798
6.200000000000005,12.461713365410128
6.300000000000004,12.534521519287392
6.400000000000005,12.607897695111284
6.500000000000005,12.681846873556449
6.600000000000005,12.756374073679442
6.700000000000005,12.831484352891827
6.800000000000005,12.907182806918902
6.900000000000006,12.983474569743397
7.000000000000005,13.060364813533617
7.100000000000005,13.137858748555379
7.2000000000000055,13.2159616230671
7.300000000000006,13.294678723197357
7.400000000000006,13.374015372804317
7.500000000000005,13.453976933316245
7.600000000000006,13.534568803552432
7.700000000000006,13.6157964195238
7.800000000000006,13.697665254212383
7.900000000000006,13.780180817328919
8.000000000000007,13.86334865504778
8.100000000000007,13.947174349718338
8.200000000000006,14.031663519551968
8.300000000000006,14.1168218182838
8.400000000000006,14.20265493480826
8.500000000000007,14.28916859278755
8.600000000000007,14.376368550232053
8.700000000000006,14.46426059905167
8.800000000000008,14.55285056457715
8.900000000000007,14.642144305050257
9.000000000000007,14.732147711081815
9.100000000000007,14.822866705076452
9.200000000000006,14.914307240622955
9.300000000000008,15.006475301849086
9.400000000000007,15.09937690273959
9.500000000000007,15.193018086416311
9.600000000000009,15.28740492437899
9.700000000000008,15.382543515705624
9.800000000000008,15.47843998621093
9.900000000000007,15.575100487561663
10.000000000000007,15.672531196347311
10.100000000000009,15.77073831310479
10.200000000000008,15.86972806129569
10.300000000000008,15.969506686234533
10.40000000000001,16.070080453966543
10.500000000000009,16.17145565009332
10.600000000000009,16.273638578544894
10.700000000000008,16.376635560296336
10.800000000000008,16.480452932027497
10.90000000000001,16.585097044723906
11.000000000000009,16.690574262217186
11.100000000000009,16.796890959663205
11.20000000000001,16.904053521955998
11.30000000000001,17.01206834207572
11.40000000000001,17.120941819368618
11.500000000000009,17.23068035775702
11.600000000000009,17.341290363877473
11.70000000000001,17.452778245144813
11.80000000000001,17.565150407740177
11.90000000000001,17.678413254520827
12.00000000000001,17.79257318284956
12.10000000000001,17.907636582341482
12.20000000000001,18.023609832526013
12.30000000000001,18.14049930042159
12.40000000000001,18.25831133802101
12.50000000000001,18.377052279684793
12.60000000000001,18.496728439440272
12.70000000000001,18.61734610818395
12.800000000000011,18.738911550784533
12.900000000000011,18.86143100308421
13.00000000000001,18.984910668795564
13.10000000000001,19.109356716291465
13.20000000000001,19.234775275285358
13.300000000000011,19.36117243339923
13.400000000000011,19.488554232616554
13.50000000000001,19.616926665617463
13.600000000000012,19.746295671993416
13.700000000000012,19.876667134338433
13.800000000000011,20.00804687421427
13.900000000000011,20.140440647986477
14.00000000000001,20.273854142528613
14.100000000000012,20.408292970791656
14.200000000000012,20.5437626672357
14.300000000000011,20.68026868312107
14.400000000000013,20.817816381655835
14.500000000000012,20.956411032996904
14.600000000000012,21.0960578091016
14.700000000000012,21.236761778426928
14.800000000000011,21.37852790047356
14.900000000000013,21.52136102017145
15.000000000000012,21.665265862104473
15.100000000000012,21.810247024570888
15.200000000000014,21.95630897347699
15.300000000000013,22.103456036060912
15.400000000000013,22.251692394443953
15.500000000000012,22.401022079006555
15.600000000000012,22.55144896158623
15.700000000000014,22.70297674849484
15.800000000000013,22.855608973352584
15.900000000000013,23.00934898973616
16.000000000000014,23.164199963638715
16.100000000000016,23.320164865739148
16.200000000000014,23.47724646347861
16.30000000000001,23.635447312941952
16.400000000000013,23.794769750542184
16.500000000000014,23.955215884505847
16.600000000000016,24.11678758615784
16.700000000000014,24.2794864810038
16.800000000000015,24.44331393960868
16.900000000000013,24.60827106827026
17.000000000000014,24.774358699486505
17.100000000000016,24.94157738221575
17.200000000000014,25.109927371929203
17.300000000000015,25.279408620455172
17.400000000000013,25.450020765614827
17.500000000000014,25.621763120649668
17.600000000000016,25.79463466344075
17.700000000000014,25.968634025520597
17.800000000000015,26.143759480878515
17.900000000000016,26.32000893456055
18.000000000000014,26.49737991106583
18.100000000000016,26.675869542541108
18.200000000000017,26.855474556775857
18.300000000000015,27.036191265000767
18.400000000000016,27.21801554949269
18.500000000000014,27.40094285098962
18.600000000000016,27.584968155919956
18.700000000000017,27.770085983450347
18.800000000000015,27.956290372357408
18.900000000000016,28.143574867728805
19.000000000000014,28.33193250749977
19.100000000000016,28.52135580883196
19.200000000000017,28.711836754341803
19.300000000000015,28.90336677818636
19.400000000000016,29.095936752015298
19.500000000000018,29.289536970798164
19.600000000000016,29.484157138536904
19.700000000000017,29.67978635387448
19.80000000000002,29.876413095610626
19.900000000000016,30.074025208137282
20.000000000000018,30.27260988680642
20.100000000000016,30.47215366324404
20.200000000000017,30.67264239062505
20.30000000000002,30.874061228924305
20.400000000000016,31.076394630160184
20.500000000000018,31.27962632364796
20.600000000000016,31.48373930128092
20.700000000000017,31.68871580285839
20.80000000000002,31.894537301480593
20.900000000000016,32.101184489031304
21.000000000000018,32.30863726177018
21.10000000000002,32.516874706057635
21.200000000000017,32.72587508423619
21.30000000000002,32.93561582069332
21.40000000000002,33.14607348813127
21.500000000000018,33.35722379407133
21.60000000000002,33.56904156762011
21.700000000000017,33.78150074652676
21.80000000000002,33.99457436456139
21.90000000000002,34.20823453924528
22.000000000000018,34.42245245996504
22.10000000000002,34.63719837650361
22.200000000000017,34.85244158802189
22.30000000000002,35.068150432526004
22.40000000000002,35.28429227685559
22.500000000000018,35.50083350723014
22.60000000000002,35.71773952039053
22.70000000000002,35.9349747153741
22.80000000000002,36.1525024859623
22.90000000000002,36.37028521384072
23.00000000000002,36.58828426251165
23.10000000000002,36.8064599720005
23.20000000000002,37.02477165439731
23.30000000000002,37.24317759027545
23.40000000000002,37.46163502602993
23.50000000000002,37.68010017217783
23.60000000000002,37.89852820266392
23.70000000000002,38.11687325521435
23.80000000000002,38.33508843278139
23.90000000000002,38.553125806122246
24.00000000000002,38.77093641755466
24.10000000000002,38.988470285931555
24.20000000000002,39.20567641287687
24.300000000000022,39.42250279032377
24.40000000000002,39.638896409396004
24.50000000000002,39.8548032706722
24.600000000000023,40.07016839587168
24.70000000000002,40.28493584099975
24.800000000000022,40.49904871098851
24.90000000000002,40.71244917586801
25.00000000000002,40.92507848850118
25.100000000000023,41.1368770039135
25.20000000000002,41.347784200247105
25.300000000000022,41.55773870136649
25.40000000000002,41.76667830114028
25.50000000000002,41.97453998942209
25.600000000000023,42.18125997974938
25.70000000000002,42.38677373877756
25.800000000000022,42.59101601746282
25.900000000000023,42.79392088400405
26.00000000000002,42.995421758551075
26.100000000000023,43.19545144968243
26.200000000000024,43.39394219265246
26.300000000000022,43.590825689403495
26.400000000000023,43.78603315033469
26.50000000000002,43.97949533781505
26.600000000000023,44.17114261142363
26.700000000000024,44.36090497489561
26.800000000000022,44.54871212474795
26.900000000000023,44.73449350055417
27.00000000000002,44.91817833683224
27.100000000000023,45.09969571650533
27.200000000000024,45.27897462588968
27.300000000000022,45.45594401115914
27.400000000000023,45.63053283623057
27.500000000000025,45.802670142009404
27.600000000000023,45.97228510692941
27.700000000000024,46.13930710871575
27.800000000000026,46.30366578729512
27.900000000000023,46.465291108772085
28.000000000000025,46.624113430385485
28.100000000000023,46.780063566354194
28.200000000000024,46.933072854516595
28.300000000000026,47.08307322366378
28.400000000000023,47.22999726146193
28.500000000000025,47.37377828285526
28.600000000000023,47.51435039883662
28.700000000000024,47.651648585469545
28.800000000000026,47.78560875304163
28.900000000000023,47.916167815226025
29.000000000000025,48.04326375812497
29.100000000000026,48.16683570906657
29.200000000000024,48.28682400502372
29.300000000000026,48.40317026052239
29.400000000000027,48.51581743490458
29.500000000000025,48.624709898810394
29.600000000000026,48.72979349974283
29.700000000000024,48.831015626578456
29.800000000000026,48.92832527288738
29.900000000000027,49.02167309892644
30.000000000000025,49.11101149217043
30.100000000000026,49.196294626247564
30.200000000000024,49.277478518147575
30.300000000000026,49.35452108357276
30.400000000000027,49.42738219030543
30.500000000000025,49.49602370946827
30.600000000000026,49.560409564557894
30.700000000000028,49.62050577813601
30.800000000000026,49.676280516067216
30.900000000000027,49.72770412919728
31.00000000000003,49.77474919237136
31.100000000000026,49.81739054069718
31.200000000000028,49.8556053029646
31.300000000000026,49.889372932139054
31.400000000000027,49.9186752328537
31.50000000000003,49.94349638583171
31.600000000000026,49.96382296917788
31.700000000000028,49.979643976486216
31.800000000000026,49.9909508317178
31.900000000000027,49.99773740081181
32.00000000000003,50.00000000000001
32.10000000000002,49.99680020478136
32.20000000000003,49.98720327595027
32.300000000000026,49.97121657923374
32.40000000000003,49.948852375145705
32.50000000000003,49.92012779549952
32.60000000000003,49.88506481064309
32.70000000000003,49.8436901875332
32.800000000000026,49.79603543879849
32.90000000000003,49.74213676297109
33.00000000000003,49.682034976097846
33.10000000000003,49.61577543497102
33.20000000000003,49.54340795224612
33.300000000000026,49.46498670374097
33.40000000000003,49.380570128234694
33.50000000000003,49.29022082010837
33.60000000000003,49.194005415190134
33.70000000000003,49.09199447018676
33.800000000000026,48.98426233610072
33.90000000000003,48.87088702604709
34.00000000000003,48.75195007789754
34.10000000000003,48.62753641218896
34.20000000000003,48.49773418574388
34.30000000000003,48.36263464145532
34.40000000000003,48.22233195469361
34.50000000000003,48.07692307679467
34.60000000000003,47.9265075760896
34.70000000000003,47.77118747693289
34.80000000000003,47.61106709718355
34.90000000000003,47.44625288458706
35.00000000000003,47.27685325249844
35.10000000000003,47.10297841537825
35.20000000000003,46.92474022448144
35.30000000000003,46.74225200414744
35.400000000000034,46.555628389085854
35.50000000000003,46.36498516303741
35.60000000000003,46.170439099173315
35.70000000000003,45.97210780257996
35.80000000000003,45.77010955515713
35.900000000000034,45.56456316323989
36.00000000000003,45.355587808234915
36.10000000000003,45.143302900542146
36.20000000000003,44.927827937013014
36.30000000000003,44.70928236217564
36.400000000000034,44.48778543343751
36.50000000000003,44.2634560904553
36.60000000000003,44.03641282884149
36.70000000000003,43.806773578357
36.80000000000003,43.57465558571932
36.900000000000034,43.3401753021361
37.00000000000003,43.103448275655204
37.10000000000003,42.86458904840318
37.20000000000003,42.62371105876716
37.30000000000003,42.38092654855652
37.400000000000034,42.136346475165304
37.500000000000036,41.890080428739395
37.60000000000003,41.6422365543383
37.70000000000003,41.39292147906606
37.80000000000003,41.14224024413321
37.900000000000034,40.89029624179835
38.000000000000036,40.63719115712635
38.10000000000003,40.38302491448931
38.20000000000003,40.12789562872603
38.30000000000003,39.871899560866844
38.400000000000034,39.61513107832177
38.500000000000036,39.35768261942284
38.60000000000004,39.0996446622043
38.70000000000003,38.841105697298694
38.80000000000003,38.5821522048214
38.900000000000034,38.32286863511194
39.000000000000036,38.06333739319641
39.10000000000004,37.80363882683256
39.20000000000003,37.543851217996455
39.30000000000003,37.28405077766801
39.400000000000034,37.02431164377155
39.500000000000036,36.764705882126705
39.60000000000004,36.505303490265035
39.70000000000003,36.24617240396832
39.80000000000003,35.987378506384665
39.900000000000034,35.72898563958095
40.000000000000036,35.47105561839047
40.10000000000004,35.21364824641775
40.20000000000003,34.95682133406414
40.30000000000003,34.70063071844075
40.400000000000034,34.4451302850382
40.500000000000036,34.19037199102532
40.60000000000004,33.936405890052846
40.70000000000004,33.68328015844121
40.80000000000003,33.431041122635335
40.900000000000034,33.179733287813015
41.000000000000036,32.92939936753746
41.10000000000004,32.68008031434819
41.20000000000004,32.431815351188924
41.30000000000003,32.18464200357475
41.400000000000034,31.938596132404932
41.500000000000036,31.69371196733231
41.60000000000004,31.45002214060329
41.70000000000004,31.20755772128753
41.80000000000004,30.966348249819585
41.900000000000034,30.726421772779265
42.000000000000036,30.487804877840897
42.10000000000004,30.250522728826034
42.20000000000004,30.014599100797177
42.30000000000004,29.78005641513452
42.400000000000034,29.546915774540643
42.500000000000036,29.315196997921934
42.60000000000004,29.08491865509886
42.70000000000004,28.85609810130021
42.80000000000004,28.62875151139997
42.900000000000034,28.40289391385831
43.000000000000036,28.178539224331097
43.10000000000004,27.955700278915515
43.20000000000004,27.734388867001563
43.30000000000004,27.51461576370224
43.400000000000034,27.296390761837692
43.500000000000036,27.079722703450678
43.60000000000004,26.864619510833453
43.70000000000004,26.651088217047956
43.80000000000004,26.439134995923396
43.90000000000004,26.2287651915174
44.000000000000036,26.01998334702865
44.10000000000004,25.8127932331505
44.20000000000004,25.60719787585733
44.30000000000004,25.40319958361611
44.40000000000004,25.20079997401789
44.500000000000036,24.99999999982491
44.60000000000004,24.80079997443027
44.70000000000004,24.603199596728853
44.80000000000004,24.407197975398425
44.90000000000004,24.21279365259186
45.00000000000004,24.01998462704166
45.10000000000004,23.82876837657938
45.20000000000004,23.639141880073016
45.30000000000004,23.451101638786543
45.40000000000004,23.264643697166168
45.50000000000004,23.079763663058777
45.60000000000004,22.89645672736856
45.70000000000004,22.71471768315827
45.80000000000004,22.534540944202277
45.90000000000004,22.355920562998694
46.00000000000004,22.178850248248573
46.10000000000004,22.00332338181041
46.20000000000004,21.8293330351383
46.30000000000004,21.656871985212867
46.40000000000004,21.4859327299737
46.50000000000004,21.316507503262716
46.60000000000004,21.148588289287893
46.70000000000004,20.982166836616784
46.80000000000004,20.81723467170974
46.90000000000004,20.653783112002344
47.00000000000004,20.491803278547053
47.100000000000044,20.331286108223924
47.20000000000004,20.172222365530196
47.30000000000004,20.01460265395874
47.40000000000004,19.858417426975215
47.50000000000004,19.70365699860375
47.600000000000044,19.550311553630927
47.70000000000004,19.398371157437875
47.80000000000004,19.24782576546996
47.90000000000004,19.098665232353873
48.00000000000004,18.950879320671316
48.100000000000044,18.804457709398797
48.200000000000045,18.659390002022743
48.30000000000004,18.515665734338974
48.40000000000004,18.37327438194555
48.50000000000004,18.23220536743791
48.600000000000044,18.09244806731485
48.700000000000045,17.953991818603924
48.80000000000004,17.81682592521471
48.90000000000004,17.680939664028163
49.00000000000004,17.546322290730085
49.100000000000044,17.412963045396644
49.200000000000045,17.28085115783969
49.30000000000004,17.1499758527195
49.40000000000004,17.020326354432207
49.50000000000004,16.891891891779505
49.600000000000044,16.764661702427226
49.700000000000045,16.638625037160207
49.80000000000004,16.513771163939843
49.90000000000004,16.39008937177106
50.00000000000004,16.267568974385192
50.100000000000044,16.14619931374485
50.200000000000045,16.025969763377056
50.30000000000005,15.90686973154045
50.40000000000004,15.788888664232488
50.50000000000004,15.672016048042076
50.600000000000044,15.556241412853336
50.700000000000045,15.441554334405607
50.80000000000005,15.327944436715008
50.90000000000004,15.21540139436251
51.00000000000004,15.103914934653407
51.100000000000044,14.993474839652968
51.200000000000045,14.884070948102796
51.30000000000005,14.775693157222412
51.40000000000005,14.668331424400368
51.50000000000004,14.561975768779096
51.600000000000044,14.456616272737529
51.700000000000045,14.352243083275509
51.80000000000005,14.248846413303713
51.90000000000005,14.146416542842855
52.00000000000004,14.044943820135737
52.100000000000044,13.944418662675558
52.200000000000045,13.844831558153984
52.30000000000005,13.746173065332046
52.40000000000005,13.648433814837125
52.50000000000004,13.551604509889033
52.600000000000044,13.455675926958083
52.700000000000045,13.360638916358104
52.80000000000005,13.266484402776989
52.90000000000005,13.173203385747557
53.00000000000004,13.080786940061207
53.100000000000044,12.98922621612686
53.200000000000045,12.898512440277646
53.30000000000005,12.808636915027497
53.40000000000005,12.719591019280013
53.50000000000005,12.631366208491645
53.600000000000044,12.543954014791337
53.700000000000045,12.457346047058547
53.80000000000005,12.3715339909617
53.90000000000005,12.286509608958747
54.00000000000005,12.202264740261793
54.100000000000044,12.118791300767416
54.200000000000045,12.036081282954333
54.30000000000005,11.95412675575012
54.40000000000005,11.872919864368384
54.50000000000005,11.792452830117957
54.60000000000005,11.712717950185532
54.700000000000045,11.633707597393094
54.80000000000005,11.555414219931466
54.90000000000005,11.47783034107127
55.00000000000005,11.4009485588525
55.10000000000005,11.324761545753892
55.200000000000045,11.249262048343228
55.30000000000005,11.17444288690962
55.40000000000005,11.100296955078925
55.50000000000005,11.02681721941313
55.60000000000005,10.953996718994837
55.700000000000045,10.881828564997653
55.80000000000005,10.810305940243422
55.90000000000005,10.739422098747179
56.00000000000005,10.669170365250567
56.10000000000005,10.599544134744567
56.200000000000045,10.530536871982283
56.30000000000005,10.462142110982455
56.40000000000005,10.39435345452448
56.50000000000005,10.327164573635487
56.60000000000005,10.260569207070237
56.70000000000005,10.194561160784312
56.80000000000005,10.129134307401312
56.90000000000005,10.064282585674462
57.00000000000005,9.999999999943375
57.10000000000005,9.936280619586222
57.20000000000005,9.873118578468027
57.30000000000005,9.810508074385398
57.40000000000005,9.748443368508218
57.50000000000005,9.686918784818685
57.60000000000005,9.625928709548148
57.70000000000005,9.565467590612032
57.800000000000054,9.505529937043368
57.90000000000005,9.446110318425113
58.00000000000005,9.38720336432175
58.10000000000005,9.328803763710356
58.20000000000005,9.270906264411558
58.300000000000054,9.213505672520547
58.40000000000005,9.156596851838557
58.50000000000005,9.100174723304919
58.60000000000005,9.04423426443011
58.70000000000005,8.988770508729859
58.800000000000054,8.933778545160683
58.90000000000005,8.87925351755696
59.00000000000005,8.825190624069771
59.10000000000005,8.771585116607753
59.20000000000005,8.71843230028006
59.300000000000054,8.665727532841643
59.40000000000005,8.61346622414103
59.50000000000005,8.561643835570685
59.60000000000005,8.510255879520209
59.70000000000005,8.459297918832364
59.800000000000054,8.408765566262186
59.900000000000055,8.35865448393922
60.00000000000005,8.308960382833002
60.10000000000005,8.259679022221917
60.20000000000005,8.210806209165534
60.300000000000054,8.162337797980452
60.400000000000055,8.114269689719782
60.50000000000005,8.066597831656376
60.60000000000005,8.019318216769785
60.70000000000005,7.972426883237122
60.800000000000054,7.925919913927784
60.900000000000055,7.879793435902174
61.00000000000006,7.834043619914425
61.10000000000005,7.788666679919203
61.20000000000005,7.7436588725825874
61.300000000000054,7.699016496797148
61.400000000000055,7.654735893201152
61.50000000000006,7.610813443702016
61.60000000000005,7.567245571003972
61.70000000000005,7.524028738140014
61.800000000000054,7.481159448008111
61.900000000000055,7.4386342429117365
62.00000000000006,7.396449704104679
62.10000000000005,7.354602451340219
62.20000000000005,7.313089142424573
62.300000000000054,7.271906472774761
62.400000000000055,7.231051174980723
62.50000000000006,7.190520018371847
62.60000000000005,7.150309808587786
62.70000000000005,7.110417387153638
62.800000000000054,7.0708396310594495
62.900000000000055,7.031573452344033
63.00000000000006,6.992615797683103
63.10000000000006,6.953963647981712
63.20000000000005,6.915614017970966
63.300000000000054,6.877563955809027
63.400000000000055,6.8398105426863625
63.50000000000006,6.802350892435243
63.60000000000006,6.765182151143443
63.70000000000005,6.728301496772178
63.800000000000054,6.691706138778174
63.900000000000055,6.655393317739947
64.00000000000006,6.619360304988178
64.10000000000005,6.583604402240223
64.20000000000006,6.5481229412386845
64.30000000000005,6.5129132833940915
64.40000000000006,6.477972819431535
64.50000000000006,6.443298969041409
64.60000000000005,6.408889180534035
64.70000000000006,6.374740930498288
64.80000000000005,6.3408517234641595
64.90000000000006,6.307219091569142
65.00000000000006,6.273840594228563
65.10000000000005,6.240713817809661
65.20000000000006,6.20783637530952
65.30000000000005,6.175205906036771
65.40000000000006,6.142820075296968
65.50000000000006,6.110676574081749
65.60000000000005,6.078773118761602
65.70000000000006,6.047107450782291
65.80000000000005,6.015677336364917
65.90000000000006,5.984480566209482
66.00000000000006,5.953514955202065
66.10000000000005,5.922778342125446
66.20000000000006,5.8922685893732245
66.30000000000005,5.861983582667394
66.40000000000006,5.831921230779271
66.50000000000006,5.80207946525384
66.60000000000005,5.772456240137413
66.70000000000006,5.743049531708579
66.80000000000005,5.713857338212469
66.90000000000006,5.6848776795981815
67.00000000000006,5.656108597259494
67.10000000000007,5.627548153778649
67.20000000000006,5.599194432673369
67.30000000000005,5.571045538146882
67.40000000000006,5.543099594841085
67.50000000000006,5.515354747592692
67.60000000000007,5.487809161192404
67.70000000000006,5.4604610201470525
67.80000000000005,5.433308528444645
67.90000000000006,5.40634990932234
68.00000000000006,5.379583405037297
68.10000000000007,5.353007276640322
68.20000000000006,5.326619803752367
68.30000000000005,5.300419284343754
68.40000000000006,5.274404034516172
68.50000000000006,5.248572388287386
68.60000000000007,5.222922697378571
68.70000000000006,5.197453331004374
68.80000000000005,5.172162675665504
68.90000000000006,5.147049134943971
69.00000000000006,5.122111129300854
69.10000000000007,5.097347095876577
69.20000000000006,5.072755488293713
69.30000000000005,5.048334776462215
69.40000000000006,5.024083446387098
69.50000000000006,4.999999999978543
69.60000000000007,4.976082954864325
69.70000000000006,4.9523308442046545
69.80000000000007,4.928742216509267
69.90000000000006,4.9053156354568745
70.00000000000006,4.882049679716804
70.10000000000007,4.858942942772928
70.20000000000006,4.835994032749784
70.30000000000007,4.8132015722408505
70.40000000000006,4.790564198139011
70.50000000000006,4.768080561469118
70.60000000000007,4.745749327222658
70.70000000000006,4.723569174194518
70.80000000000007,4.701538794821744
70.90000000000006,4.679656895024387
71.00000000000006,4.65792219404828
71.10000000000007,4.636333424309841
71.20000000000006,4.614889331242789
71.30000000000007,4.593588673146788
71.40000000000006,4.572430221037998
71.50000000000006,4.5514127585014865
71.60000000000007,4.530535081545492
71.70000000000006,4.509795998457537
71.80000000000007,4.489194329662291
71.90000000000006,4.468728907581283
72.00000000000006,4.448398576494302
72.10000000000007,4.428202192402582
72.20000000000006,4.408138622893682
72.30000000000007,4.388206747008044
72.40000000000006,4.368405455107255
72.50000000000006,4.348733648743908
72.60000000000007,4.329190240533128
72.70000000000006,4.309774154025703
72.80000000000007,4.29048432358276
72.90000000000006,4.271319694252061
73.00000000000006,4.252279221645795
73.10000000000007,4.233361871819922
73.20000000000006,4.214566621155024
73.30000000000007,4.1958924562386075
73.40000000000006,4.177338373748924
73.50000000000007,4.158903380340182
73.60000000000007,4.1405864925292395
73.70000000000006,4.1223867365836595
73.80000000000007,4.104303148411188
73.90000000000006,4.086334773450605
74.00000000000007,4.0684806665639
74.10000000000007,4.050739891929831
74.20000000000006,4.033111522938763
74.30000000000007,4.015594642088831
74.40000000000006,3.9981883408833956
74.50000000000007,3.980891719729742
74.60000000000007,3.963703887839067
74.70000000000006,3.9466239631276654
74.80000000000007,3.929651072119367
74.90000000000006,3.912784349849173
75.00000000000007,3.8960229397680615
75.10000000000007,3.879365993648994
75.20000000000006,3.86281267149406
75.30000000000007,3.846362141442773
75.40000000000006,3.830013579681506
75.50000000000007,3.813766170354008
75.60000000000007,3.7976191054730646
75.70000000000006,3.7815715848331997
75.80000000000007,3.765622815924477
75.90000000000006,3.7497720138473545
76.00000000000007,3.7340184012285635
76.10000000000007,3.718361208138043
76.20000000000007,3.7027996720068668
76.30000000000007,3.687333037546195
76.40000000000006,3.6719605566671905
76.50000000000007,3.6566814884019343
76.60000000000007,3.641495098825301
76.70000000000007,3.6264006609777653
76.80000000000007,3.6113974547891843
76.90000000000006,3.596484767003466
77.00000000000007,3.581661891104183
77.10000000000007,3.5669281272410824
77.20000000000007,3.5522827821574703
77.30000000000007,3.537725169118504
77.40000000000006,3.5232546078403235
77.50000000000007,3.508870424420059
77.60000000000007,3.4945719512666855
77.70000000000007,3.4803585270326916
77.80000000000007,3.4662294965466005
77.90000000000006,3.452184210746277
78.00000000000007,3.4382220266130568
78.10000000000007,3.4243423071066643
78.20000000000007,3.4105444211008993
78.30000000000007,3.396827743320118
78.40000000000006,3.3831916542764517
78.50000000000007,3.3696355402077947
78.60000000000007,3.356158793016537
78.70000000000007,3.342760810209004
78.80000000000007,3.329440994835658
78.90000000000006,3.316198755431975
79.00000000000007,3.3030335059600553
79.10000000000007,3.289944665750917
79.20000000000007,3.27693165944747
79.30000000000007,3.2639939169481895
79.40000000000006,3.25113087335143
79.50000000000007,3.2383419689004214
79.60000000000007,3.2256266489289125
79.70000000000007,3.212984363807448
79.80000000000007,3.200414568890295
79.90000000000008,3.1879167244629847
80.00000000000007,3.175490295690481
80.10000000000007,3.1631347525659574
80.20000000000007,3.1508495698601733
80.30000000000007,3.1386342270714582
80.40000000000008,3.126488208376265
80.50000000000007,3.1144110025803244
80.60000000000007,3.1024021030703524
80.70000000000007,3.090461007766338
80.80000000000007,3.078587219074388
80.90000000000008,3.066780243840111
81.00000000000007,3.0550395933025616
81.10000000000007,3.043364783048711
81.20000000000007,3.0317553329684497
81.30000000000007,3.020210767210124
81.40000000000008,3.00873061413657
81.50000000000007,2.9973144062816823
81.60000000000007,2.985961680307464
81.70000000000007,2.9746719769615875
81.80000000000007,2.963444841035448
81.90000000000008,2.9522798213226906
82.00000000000007,2.941176470578233
82.10000000000007,2.9301343454777395
82.20000000000007,2.919153006577582
82.30000000000007,2.908232018275261
82.40000000000008,2.8973709487702566
82.50000000000007,2.886569370025366
82.60000000000008,2.875826857728453
82.70000000000007,2.8651429912546624
82.80000000000007,2.8545173536290407
82.90000000000008,2.8439495314896024
83.00000000000007,2.83343911505082
83.10000000000008,2.82298569806751
83.20000000000007,2.812588877799163
83.30000000000007,2.8022482549746415
83.40000000000008,2.791963433757309
83.50000000000007,2.781734021710552
83.60000000000008,2.7715596297636687
83.70000000000007,2.7614398721781783
83.80000000000007,2.751374366514485
83.90000000000008,2.7413627335989323
84.00000000000007,2.7314045974912324
84.10000000000008,2.721499585452244
84.20000000000007,2.7116473279121367
84.30000000000007,2.701847458438902
84.40000000000008,2.692099613707211
84.50000000000007,2.682403433467641
84.60000000000008,2.6727585605162294
84.70000000000007,2.6631646406643803
84.80000000000007,2.6536213227090983
84.90000000000008,2.6441282584035624
85.00000000000007,2.6346851024280276
85.10000000000008,2.625291512361048
85.20000000000007,2.615947148651022
85.30000000000007,2.6066516745880515
85.40000000000008,2.5974047562761178
85.50000000000007,2.588206062605569
85.60000000000008,2.5790552652259007
85.70000000000007,2.5699520385188497
85.80000000000007,2.5608960595717787
85.90000000000008,2.551887008151362
86.00000000000007,2.5429245666775526
86.10000000000008,2.534008420197838
86.20000000000007,2.525138256361793
86.30000000000008,2.5163137653958865
86.40000000000008,2.5075346400785934
86.50000000000007,2.4988005757157548
86.60000000000008,2.490111270116224
86.70000000000007,2.4814664235677792
86.80000000000008,2.472865738813284
86.90000000000008,2.464308921027126
87.00000000000007,2.455795677791905
87.10000000000008,2.447325719075368
87.20000000000007,2.4388987572076126
87.30000000000008,2.4305145068585174
87.40000000000008,2.4221726850154393
87.50000000000007,2.413873010961127
87.60000000000008,2.405615206251897
87.70000000000007,2.3973989946960366
87.80000000000008,2.3892241023324323
87.90000000000008,2.3810902574094457
88.00000000000007,2.372997190363999
88.10000000000008,2.364944633800896
88.20000000000007,2.356932322472372
88.30000000000008,2.3489599932578407
88.40000000000008,2.341027385143884
88.50000000000007,2.333134239204438
88.60000000000008,2.3252802985811973
88.70000000000007,2.3174653084642376
88.80000000000008,2.3096890160728236
88.90000000000008,2.3019511706364435
89.00000000000009,2.2942515233760328
89.10000000000008,2.2865898274854017
89.20000000000007,2.278965838112859
89.30000000000008,2.2713793123430293
89.40000000000008,2.2638300091788723
89.50000000000009,2.2563176895238746
89.60000000000008,2.248842116164447
89.70000000000007,2.241403053752499
89.80000000000008,2.234000268788198
89.90000000000008,2.226633529602913
90.00000000000009,2.2193026063423305
90.10000000000008,2.2120072709497616
90.20000000000007,2.204747297149607
90.30000000000008,2.1975224604310086
90.40000000000008,2.1903325380316674
90.50000000000009,2.183177308921828
90.60000000000008,2.176056553788441
90.70000000000007,2.168970055019471
90.80000000000008,2.161917596688389
90.90000000000008,2.1548989645388175
91.00000000000009,2.147913945969327
91.10000000000008,2.1409623300184073
91.20000000000007,2.1340439073495805
91.30000000000008,2.127158470236672
91.40000000000008,2.120305812549244
91.50000000000009,2.1134857297381586
91.60000000000008,2.106698018821311
91.70000000000007,2.099942478369496
91.80000000000008,2.0932189084924278
91.90000000000008,2.0865271108248993
92.00000000000009,2.079866888513082
92.10000000000008,2.073238046200979
92.20000000000007,2.066640390016992
92.30000000000008,2.060073727560653
92.40000000000008,2.053537867889476
92.50000000000009,2.047032621505943
92.60000000000008,2.0405578003446325
92.70000000000009,2.034113217759467
92.80000000000008,2.0276986885110984
92.90000000000008,2.0213140287544205
93.00000000000009,2.014959056026202
93.10000000000008,2.0086335892328564
93.20000000000009,2.002337448638322
93.30000000000008,1.9960704558520792
93.40000000000008,1.9898324338172744
93.50000000000009,1.9836232067989719
93.60000000000008,1.9774426003725267
93.70000000000009,1.9712904414120653
93.80000000000008,1.965166558079091
93.90000000000008,1.9590707798111966
94.00000000000009,1.9530029373108946
94.10000000000008,1.9469628625345627
94.20000000000009,1.9409503886814874
94.30000000000008,1.9349653501830324
94.40000000000008,1.9290075826919022
94.50000000000009,1.9230769230715228
94.60000000000008,1.9171732093855214
94.70000000000009,1.9112962808873113
94.80000000000008,1.905445978009788
94.90000000000008,1.8996221423551143
95.00000000000009,1.8938246166846164
95.10000000000008,1.8880532449087801
95.20000000000009,1.8823078720773385
95.30000000000008,1.8765883443694673
95.40000000000009,1.8708945090840658
95.50000000000009,1.8652262146301455
95.60000000000008,1.8595833105173016
95.70000000000009,1.853965647346289
95.80000000000008,1.8483730767996833
95.90000000000009,1.8428054516326322
96.00000000000009,1.83726262566371
96.10000000000008,1.8317444537658414
96.20000000000009,1.8262507918573336
96.30000000000008,1.8207814968929836
96.40000000000009,1.8153364268552734
96.50000000000009,1.809915440745663
96.60000000000008,1.8045183985759459
96.70000000000009,1.7991451613597085
96.80000000000008,1.7937955911038634
96.90000000000009,1.788469550800266
97.00000000000009,1.7831669044174148
97.10000000000008,1.777887516892225
97.20000000000009,1.7726312541218887
97.30000000000008,1.7673979829558109
97.40000000000009,1.7621875711876214
97.50000000000009,1.7569998875472714
97.60000000000008,1.751834801693191
97.70000000000009,1.746692184204537
97.80000000000008,1.741571906573507
97.90000000000009,1.7364738411977287
98.00000000000009,1.7313978613727259
98.10000000000008,1.7263438412844463
98.20000000000009,1.7213116560018726
98.30000000000008,1.716301181469696
98.40000000000009,1.7113122945010613
98.50000000000009,1.7063448727703874
98.60000000000008,1.7013987948062417
98.70000000000009,1.6964739399842952
98.80000000000008,1.6915701885203402
98.90000000000009,1.6866874214633705
99.00000000000009,1.6818255206887371
99.1000000000001,1.6769843688913517
99.20000000000009,1.6721638495789706
99.30000000000008,1.6673638470655339
99.40000000000009,1.6625842464645664
99.50000000000009,1.6578249336826505
99.6000000000001,1.6530857954129423
99.70000000000009,1.6483667191287645
99.80000000000008,1.6436675930772557
99.90000000000009,1.6389883062730708
100.00000000000009,1.6343287484921547
100.1000000000001,1.6296888102655585
100.20000000000009,1.6250683828733243
100.30000000000008,1.6204673583384233
100.40000000000009,1.615885629420748
100.50000000000009,1.6113230896111692
100.6000000000001,1.6067796331256325
100.70000000000009,1.6022551548993238
100.80000000000008,1.5977495505808827
100.90000000000009,1.5932627165266682
101.00000000000009,1.5887945497950853
101.1000000000001,1.5843449481409497
101.20000000000009,1.5799138100099168
101.30000000000008,1.5755010345329585
101.40000000000009,1.5711065215208884
101.50000000000009,1.5667301714589414
101.6000000000001,1.5623718855013962
101.70000000000009,1.5580315654662553
101.8000000000001,1.553709113829967
101.90000000000009,1.5494044337222022
102.00000000000009,1.5451174289206697
102.1000000000001,1.5408480038459886
102.20000000000009,1.5365960635566007
102.3000000000001,1.53236151374373
102.40000000000009,1.5281442607263962
102.50000000000009,1.5239442114464568
102.6000000000001,1.519761273463711
102.70000000000009,1.5155953549510381
102.8000000000001,1.5114463646895817
102.90000000000009,1.5073142120639853
103.00000000000009,1.5031988070576527
103.1000000000001,1.4991000602480706
103.20000000000009,1.4950178828021632
103.3000000000001,1.4909521864716875
103.40000000000009,1.4869028835886804
103.50000000000009,1.4828698870609294
103.6000000000001,1.4788531103674996
103.70000000000009,1.4748524675542944
103.8000000000001,1.470867873229654
103.90000000000009,1.4668992425599996
104.00000000000009,1.4629464912655072
104.1000000000001,1.459009535615828
104.20000000000009,1.4550882924258441
104.3000000000001,1.4511826790514593
104.40000000000009,1.447292613385436
104.50000000000009,1.443418013853255
104.6000000000001,1.4395587994090242
104.70000000000009,1.4357148895314182
104.8000000000001,1.4318862042196538
104.90000000000009,1.4280726639895067
105.00000000000009,1.4242741898693516
105.1000000000001,1.4204907033962475
105.20000000000009,1.4167221266120542
105.3000000000001,1.4129683820595837
105.40000000000009,1.4092293927787845
105.5000000000001,1.4055050823029547
105.6000000000001,1.4017953746550011
105.70000000000009,1.3981001943437157
105.8000000000001,1.3944194663600953
105.90000000000009,1.3907531161736912
106.0000000000001,1.3871010697289874
106.1000000000001,1.383463253441811
106.20000000000009,1.3798395941957784
106.3000000000001,1.3762300193387673
106.40000000000009,1.3726344566794242
106.5000000000001,1.3690528344836943
106.6000000000001,1.36548508147139
106.70000000000009,1.3619311268127847
106.8000000000001,1.3583909001252354
106.90000000000009,1.3548643314698416
107.0000000000001,1.351351351348119
107.1000000000001,1.3478518906987156
107.20000000000009,1.3443658808941488
107.3000000000001,1.340893253737574
107.40000000000009,1.337433941459579
107.5000000000001,1.3339878767150042
107.6000000000001,1.3305549925797941
107.70000000000009,1.3271352225478734
107.8000000000001,1.3237285005280486
107.90000000000009,1.3203347608409424
108.0000000000001,1.3169539382159434
108.1000000000001,1.3135859677881907
108.2000000000001,1.310230785095581
108.3000000000001,1.3068883260758042
108.40000000000009,1.303558527063396
108.5000000000001,1.300241324786825
108.6000000000001,1.2969366563655993
108.7000000000001,1.2936444593073975
108.8000000000001,1.29036467150523
108.90000000000009,1.2870972312346118
109.0000000000001,1.2838420771507735
109.1000000000001,1.2805991482858845
109.2000000000001,1.2773683840463077
109.3000000000001,1.2741497242098732
109.40000000000009,1.2709431089231715
109.5000000000001,1.26774847869888
109.6000000000001,1.264565774413099
109.7000000000001,1.2613949373027196
109.8000000000001,1.2582359089628121
109.90000000000009,1.2550886313440301
110.0000000000001,1.2519530467500424
110.1000000000001,1.2488290978349856
110.2000000000001,1.245716727600935
110.3000000000001,1.2426158793954023
110.40000000000009,1.2395264969088442
110.5000000000001,1.2364485241722012
110.6000000000001,1.2333819055544537
110.7000000000001,1.2303265857601948
110.8000000000001,1.227282509827232
110.90000000000009,1.2242496231241964
111.0000000000001,1.2212278713481817
111.1000000000001,1.2182172005223988
111.2000000000001,1.21521755699385
111.3000000000001,1.2122288874310234
111.40000000000009,1.2092511388216023
111.5000000000001,1.2062842584702005
111.6000000000001,1.2033281939961085
111.7000000000001,1.2003828933310627
111.8000000000001,1.1974483047170361
111.9000000000001,1.194524376704035
112.0000000000001,1.191611058147928
112.1000000000001,1.1887082982082835
112.2000000000001,1.1858160463462277
112.3000000000001,1.1829342523223227
112.4000000000001,1.1800628661944548
112.5000000000001,1.1772018383157465
112.6000000000001,1.1743511193324834
112.7000000000001,1.1715106601820562
112.8000000000001,1.1686804120909255
112.9000000000001,1.165860326572591
113.0000000000001,1.1630503554255902
113.1000000000001,1.160250450731506
113.2000000000001,1.1574605648529908
113.3000000000001,1.1546806504318101
113.4000000000001,1.1519106603868978
113.5000000000001,1.149150547912428
113.6000000000001,1.146400266475905
113.7000000000001,1.1436597698162643
113.8000000000001,1.1409290119419957
113.9000000000001,1.1382079471292708
114.0000000000001,1.1354965299200954
114.1000000000001,1.1327947151204723
114.2000000000001,1.1301024577985779
114.3000000000001,1.1274197132829582
114.4000000000001,1.1247464371607312
114.5000000000001,1.1220825852758105
114.60000000000011,1.1194281137271396
114.7000000000001,1.1167829788669443
114.8000000000001,1.1141471372989913
114.9000000000001,1.1115205458768675
115.0000000000001,1.1089031617022704
115.10000000000011,1.1062949421233126
115.2000000000001,1.1036958447328393
115.3000000000001,1.101105827366757
115.4000000000001,1.0985248481023808
115.5000000000001,1.095952865256788
115.60000000000011,1.093389837385189
115.7000000000001,1.0908357232793133
115.8000000000001,1.0882904819657993
115.9000000000001,1.085754072704606
116.0000000000001,1.0832264549874315
116.10000000000011,1.0807075885361468
116.2000000000001,1.0781974333012418
116.3000000000001,1.07569594946028
116.4000000000001,1.073203097416369
116.5000000000001,1.0707188377966412
116.60000000000011,1.0682431314507468
116.7000000000001,1.0657759394493604
116.8000000000001,1.0633172230826937
116.9000000000001,1.0608669438590246
117.0000000000001,1.0584250635032386
117.10000000000011,1.055991543955375
117.2000000000001,1.053566347369194
117.3000000000001,1.0511494361107443
117.4000000000001,1.0487407727569495
117.5000000000001,1.046340320094203
117.60000000000011,1.0439480411169715
117.7000000000001,1.0415638990264158
117.8000000000001,1.039187857229012
117.9000000000001,1.0368198793351926
118.0000000000001,1.034459929157993
118.10000000000011,1.0321079707117107
118.2000000000001,1.0297639682105746
118.30000000000011,1.0274278860674206
118.4000000000001,1.0250996888923833
118.5000000000001,1.0227793414915936
118.60000000000011,1.0204668088658877
118.7000000000001,1.0181620562095268
118.80000000000011,1.0158650489089236
118.9000000000001,1.0135757525413802
119.0000000000001,1.0112941328738387
119.10000000000011,1.0090201558616336
119.2000000000001,1.0067537876472634
119.30000000000011,1.0044949945591628
119.4000000000001,1.0022437431104885
119.5000000000001,0.9999999999979144
119.60000000000011,0.9977637321004338
119.7000000000001,0.9955349064781748
119.80000000000011,0.9933134903712167
119.9000000000001,0.9910994511984244
120.0000000000001,0.9888927565562847
120.10000000000011,0.9866933742177559
120.2000000000001,0.9845012721311247
120.30000000000011,0.9823164184188681
120.4000000000001,0.9801387813765293
120.5000000000001,0.9779683294715991
120.60000000000011,0.9758050313424058
120.7000000000001,0.973648855797015
120.80000000000011,0.9714997718121335
120.9000000000001,0.9693577485320273
121.00000000000011,0.9672227552674422
121.10000000000011,0.9650947614945365
121.2000000000001,0.9629737368538189
121.30000000000011,0.9608596511490956
121.4000000000001,0.958752474346424
121.50000000000011,0.956652176573076
121.60000000000011,0.9545587281165095
121.7000000000001,0.9524720994233425
121.80000000000011,0.9503922610983404
121.9000000000001,0.9483191839034085
122.00000000000011,0.946252838756591
122.10000000000011,0.9441931967310819
122.2000000000001,0.9421402290542346
122.30000000000011,0.9400939071065872
122.4000000000001,0.9380542024208908
122.50000000000011,0.9360210866811458
122.60000000000011,0.9339945317216465
122.7000000000001,0.9319745095260281
122.80000000000011,0.9299609922263276
122.9000000000001,0.9279539521020458
123.00000000000011,0.9259533615792186
123.10000000000011,0.9239591932294963
123.2000000000001,0.9219714197692261
123.30000000000011,0.9199900140585436
123.4000000000001,0.9180149491004719
123.50000000000011,0.9160461980400231
123.60000000000011,0.914083734163314
123.7000000000001,0.9121275308966776
123.80000000000011,0.9101775618057907
123.9000000000001,0.908233800594802
124.00000000000011,0.9062962211054684
124.10000000000011,0.9043647973163003
124.2000000000001,0.9024395033417055
124.30000000000011,0.900520313431148
124.4000000000001,0.8986072019683066
124.50000000000011,0.8967001434702426
124.60000000000011,0.8947991125865742
124.70000000000012,0.892904084098652
124.80000000000011,0.891015032918747
124.9000000000001,0.889131934089239
125.00000000000011,0.8872547627818134
125.10000000000011,0.8853834942966659
125.20000000000012,0.8835181040617059
125.30000000000011,0.8816585676317732
125.4000000000001,0.8798048606878556
125.50000000000011,0.8779569590363135
125.60000000000011,0.8761148386081131
125.70000000000012,0.8742784754580568
125.80000000000011,0.872447845764028
125.9000000000001,0.8706229258262363
126.00000000000011,0.8688036920664693
126.10000000000011,0.8669901210273515
126.20000000000012,0.8651821893716026
126.30000000000011,0.8633798738813089
126.4000000000001,0.8615831514571944
126.50000000000011,0.8597919991178982
126.60000000000011,0.8580063939992593
126.70000000000012,0.8562263133536028
126.80000000000011,0.8544517345490329
126.9000000000001,0.8526826350687322
127.00000000000011,0.8509189925102629
127.10000000000011,0.8491607845848778
127.20000000000012,0.8474079891168282
127.30000000000011,0.845660584042685
127.40000000000012,0.843918547410659
127.50000000000011,0.8421818573799303
127.60000000000011,0.8404504922199768
127.70000000000012,0.8387244303099125
127.80000000000011,0.8370036501378277
127.90000000000012,0.8352881303001348
128.0000000000001,0.8335778495009196
128.1000000000001,0.8318727865512934
128.2000000000001,0.8301729203687535
128.30000000000013,0.8284782299765464
128.40000000000012,0.8267886945030377
128.5000000000001,0.8251042931810809
128.6000000000001,0.823425005347396
128.7000000000001,0.8217508104419512
128.80000000000013,0.8200816880073462
128.90000000000012,0.8184176176882038
129.0000000000001,0.8167585792305618
129.1000000000001,0.8151045524812718
129.2000000000001,0.8134555173874006
129.30000000000013,0.8118114539956367
129.40000000000012,0.8101723424517019
129.5000000000001,0.808538162999762
129.6000000000001,0.8069088959818482
129.7000000000001,0.8052845218372783
129.80000000000013,0.803665021102082
129.90000000000012,0.8020503744084336
130.0000000000001,0.8004405624840827
130.1000000000001,0.7988355661517939
130.2000000000001,0.797235366328788
130.30000000000013,0.7956399440261883
130.40000000000012,0.794049280348469
130.5000000000001,0.7924633564929079
130.6000000000001,0.7908821537490444
130.7000000000001,0.7893056534981382
130.80000000000013,0.7877338372126345
130.90000000000012,0.786166686455632
131.0000000000001,0.7846041828803535
131.1000000000001,0.7830463082296201
131.2000000000001,0.7814930443353311
131.30000000000013,0.7799443731179443
131.40000000000012,0.7784002765859638
131.5000000000001,0.7768607368354263
131.6000000000001,0.7753257360493946
131.7000000000001,0.7737952564974528
131.80000000000013,0.7722692805352064
131.90000000000012,0.7707477906037845
132.0000000000001,0.7692307692293445
132.1000000000001,0.7677181990225822
132.2000000000001,0.7662100626782447
132.30000000000013,0.7647063429746432
132.40000000000012,0.7632070227731772
132.5000000000001,0.7617120850178516
132.6000000000001,0.7602215127348034
132.70000000000013,0.758735289031831
132.80000000000013,0.7572533970979269
132.90000000000012,0.7557758202028085
133.0000000000001,0.7543025416964598
133.1000000000001,0.75283354500867
133.20000000000013,0.7513688136485778
133.30000000000013,0.7499083312042203
133.40000000000012,0.7484520813420795
133.5000000000001,0.7470000478066375
133.6000000000001,0.7455522144199326
133.70000000000013,0.7441085650811156
133.80000000000013,0.7426690837660148
133.90000000000012,0.7412337545266987
134.0000000000001,0.7398025614910425
134.1000000000001,0.7383754888623013
134.20000000000013,0.7369525209186797
134.30000000000013,0.7355336420129113
134.40000000000012,0.734118836571835
134.5000000000001,0.732708089095976
134.6000000000001,0.731301384159133
134.70000000000013,0.7298987064079612
134.80000000000013,0.7285000405615656
134.90000000000012,0.7271053714110911
135.0000000000001,0.7257146838193174
135.1000000000001,0.7243279627202577
135.20000000000013,0.7229451931187583
135.30000000000013,0.7215663600901014
135.40000000000012,0.720191448779611
135.5000000000001,0.7188204444022605
135.6000000000001,0.7174533322422819
135.70000000000013,0.7160900976527814
135.80000000000013,0.7147307260553544
135.90000000000012,0.7133752029397006
136.0000000000001,0.7120235138632484
136.1000000000001,0.7106756444507752
136.20000000000013,0.709331580394034
136.30000000000013,0.7079913074513818
136.40000000000012,0.7066548114474076
136.5000000000001,0.7053220782725669
136.6000000000001,0.7039930938828158
136.70000000000013,0.7026678442992486
136.80000000000013,0.7013463156077381
136.90000000000012,0.7000284939585756
137.0000000000001,0.6987143655661168
137.1000000000001,0.6974039167084284
137.20000000000013,0.6960971337269345
137.30000000000013,0.6947940030260717
137.40000000000012,0.6934945110729385
137.5000000000001,0.6921986443969523
137.6000000000001,0.6909063895895081
137.70000000000013,0.6896177333036353
137.80000000000013,0.6883326622536637
137.90000000000012,0.687051163214885
138.0000000000001,0.6857732230232184
138.1000000000001,0.6844988285748822
138.20000000000013,0.6832279668260602
138.30000000000013,0.6819606247925787
138.40000000000012,0.6806967895495777
138.5000000000001,0.6794364482311883
138.60000000000014,0.6781795880302129
138.70000000000013,0.6769261961978055
138.80000000000013,0.6756762600431526
138.90000000000012,0.6744297669331609
139.0000000000001,0.6731867042921416
139.10000000000014,0.6719470596015007
139.20000000000013,0.6707108203994301
139.30000000000013,0.669477974280598
139.40000000000012,0.6682485088958455
139.5000000000001,0.6670224119518833
139.60000000000014,0.6657996712109876
139.70000000000013,0.6645802744907041
139.80000000000013,0.6633642096635473
139.90000000000012,0.6621514646567047
140.0000000000001,0.6609420274517451
140.10000000000014,0.6597358860843225
140.20000000000013,0.6585330286438904
140.30000000000013,0.6573334432734088
140.40000000000012,0.6561371181690588
140.5000000000001,0.6549440415799593
140.60000000000014,0.6537542018078806
140.70000000000013,0.6525675872069658
140.80000000000013,0.6513841861834495
140.90000000000012,0.6502039871953789
141.0000000000001,0.6490269787523394
141.10000000000014,0.6478531494151789
141.20000000000013,0.6466824877957351
141.30000000000013,0.6455149825565639
141.40000000000012,0.6443506224106708
141.5000000000001,0.6431893961212408
141.60000000000014,0.6420312925013753
141.70000000000013,0.6408763004138255
141.80000000000013,0.6397244087707288
141.90000000000012,0.6385756065333495
142.0000000000001,0.637429882711817
142.10000000000014,0.6362872263648688
142.20000000000013,0.6351476265995946
142.30000000000013,0.6340110725711787
142.40000000000012,0.6328775534826492
142.5000000000001,0.6317470585846247
142.60000000000014,0.6306195771750638
142.70000000000013,0.6294950985990183
142.80000000000013,0.6283736122483824
142.90000000000012,0.6272551075616498
143.0000000000001,0.6261395740236683
143.10000000000014,0.625027001165396
143.20000000000013,0.6239173785636628
143.30000000000013,0.6228106958409275
143.40000000000012,0.6217069426650401
143.5000000000001,0.6206061087490063
143.60000000000014,0.6195081838507498
143.70000000000013,0.6184131577728803
143.80000000000013,0.6173210203624591
143.90000000000012,0.6162317615107682
144.0000000000001,0.6151453711530812
144.10000000000014,0.6140618392684334
144.20000000000013,0.6129811558793964
144.30000000000013,0.611903311051851
144.40000000000012,0.6108282948947623
144.5000000000001,0.6097560975599586
144.60000000000014,0.6086867092419078
144.70000000000013,0.607620120177498
144.80000000000013,0.6065563206458183
144.90000000000012,0.6054953009679408
145.0000000000001,0.6044370515067036
145.10000000000014,0.6033815626664968
145.20000000000013,0.6023288248930487
145.30000000000013,0.6012788286732114
145.40000000000012,0.6002315645347513
145.50000000000014,0.5991870230461379
145.60000000000014,0.5981451948163361
145.70000000000013,0.5971060704945981
145.80000000000013,0.5960696407702555
145.90000000000012,0.5950358963725174
146.00000000000014,0.5940048280702632
146.10000000000014,0.5929764266718428
146.20000000000013,0.5919506830248731
146.30000000000013,0.5909275880160377
146.40000000000012,0.5899071325708899
146.50000000000014,0.5888893076536517
146.60000000000014,0.58787410426702
146.70000000000013,0.5868615134519695
146.80000000000013,0.5858515262875573
146.90000000000012,0.584844133890732
147.00000000000014,0.5838393274161398
147.10000000000014,0.5828370980559336
147.20000000000013,0.5818374370395842
147.30000000000013,0.5808403356336903
147.40000000000012,0.5798457851417912
147.50000000000014,0.57885377690418
147.60000000000014,0.57786430229772
147.70000000000013,0.5768773527356568
147.80000000000013,0.5758929196674379
147.90000000000012,0.5749109945785293
148.00000000000014,0.5739315689902341
148.10000000000014,0.5729546344595142
148.20000000000013,0.5719801825788079
148.30000000000013,0.571008204975855
148.40000000000012,0.5700386933135179
148.50000000000014,0.5690716392896066
148.60000000000014,0.5681070346367043
148.70000000000013,0.5671448711219912
148.80000000000013,0.566185140547074
148.90000000000012,0.565227834747813
149.00000000000014,0.5642729455941505
149.10000000000014,0.5633204649899429
149.20000000000013,0.5623703848727897
149.30000000000013,0.5614226972138662
149.40000000000012,0.560477394017757
149.50000000000014,0.559534467322289
149.60000000000014,0.5585939091983682
149.70000000000013,0.5576557117498134
149.80000000000013,0.5567198671131939
149.90000000000012,0.5557863674576679
150.00000000000014,0.5548552049848198
150.10000000000014,0.5539263719285017
150.20000000000013,0.5529998605546724
150.30000000000013,0.5520756631612391
150.40000000000012,0.5511537720779006
150.50000000000014,0.5502341796659896
150.60000000000014,0.5493168783183179
150.70000000000013,0.5484018604590201
150.80000000000013,0.5474891185434011
150.90000000000012,0.5465786450577812
151.00000000000014,0.5456704325193455
151.10000000000014,0.544764473475992
151.20000000000013,0.54386076050618
151.30000000000013,0.5429592862187815
151.40000000000015,0.5420600432529318
151.50000000000014,0.5411630242778821
151.60000000000014,0.5402682219928521
151.70000000000013,0.5393756291268822
151.80000000000013,0.5384852384386911
151.90000000000015,0.5375970427165274
152.00000000000014,0.5367110347780295
152.10000000000014,0.5358272074700796
152.20000000000013,0.5349455536686626
152.30000000000013,0.5340660662787248
152.40000000000015,0.5331887382340331
152.50000000000014,0.5323135624970352
152.60000000000014,0.5314405320587204
152.70000000000013,0.5305696399384815
152.80000000000013,0.529700879183977
152.90000000000015,0.5288342428709943
153.00000000000014,0.5279697241033153
153.10000000000014,0.5271073160125784
153.20000000000013,0.5262470117581468
153.30000000000013,0.5253888045269726
153.40000000000015,0.5245326875334655
153.50000000000014,0.5236786540193603
153.60000000000014,0.5228266972535845
153.70000000000013,0.5219768105321289
153.80000000000013,0.521128987177916
153.90000000000015,0.5202832205406724
154.00000000000014,0.5194395039968001
154.10000000000014,0.5185978309492467
154.20000000000013,0.5177581948273814
154.30000000000013,0.5169205890868651
154.40000000000015,0.5160850072095279
154.50000000000014,0.5152514427032426
154.60000000000014,0.5144198891017998
154.70000000000013,0.5135903399647854
154.80000000000013,0.5127627888774576
154.90000000000015,0.5119372294506233
155.00000000000014,0.5111136553205186
155.10000000000014,0.5102920601486864
155.20000000000013,0.5094724376218561
155.30000000000013,0.5086547814518253
155.40000000000015,0.507839085375339
155.50000000000014,0.5070253431539735
155.60000000000014,0.5062135485740175
155.70000000000013,0.5054036954463544
155.80000000000013,0.5045957776063482
155.90000000000015,0.5037897889137252
156.00000000000014,0.5029857232524614
156.10000000000014,0.5021835745306668
156.20000000000013,0.501383336680471
156.30000000000013,0.5005850036579113
156.40000000000015,0.49978856944281996
156.50000000000014,0.4989940280387115
156.60000000000014,0.49820137347267207
156.70000000000013,0.49741059979524865
156.80000000000013,0.4966217010803382
156.90000000000015,0.4958346714250792
157.00000000000014,0.49504950494974287
157.10000000000014,0.49426619579762304
157.20000000000013,0.49348473813493077
157.30000000000013,0.49270512615068524
157.40000000000015,0.49192735405660837
157.50000000000014,0.4911514160870193
157.60000000000014,0.4903773064987267
157.70000000000013,0.4896050195709268
157.80000000000013,0.48883454960509665
157.90000000000015,0.48806589092489205
158.00000000000014,0.4872990378760444
158.10000000000014,0.4865339848262566
158.20000000000013,0.4857707261651023
158.30000000000015,0.48500925630392444
158.40000000000015,0.48424956967573374
158.50000000000014,0.4834916607351086
158.60000000000014,0.4827355239580953
158.70000000000013,0.48198115384210827
158.80000000000015,0.48122854490583167
158.90000000000015,0.4804776916891219
159.00000000000014,0.4797285887529079
159.10000000000014,0.478981230679096
159.20000000000013,0.47823561207047166
159.30000000000015,0.47749172755060443
159.40000000000015,0.4767495717637523
159.50000000000014,0.4760091393747653
159.60000000000014,0.4752704250689922
159.70000000000013,0.47453342355218575
159.80000000000015,0.47379812955040923
159.90000000000015,0.47306453780994384
160.00000000000014,0.4723326430971947
160.10000000000014,0.47160244019860015
160.20000000000013,0.4708739239205395
160.30000000000015,0.47014708908924147
160.40000000000015,0.4694219305506946
160.50000000000014,0.46869844317055614
160.60000000000014,0.4679766218340624
160.70000000000013,0.4672564614459402
160.80000000000015,0.4665379569303169
160.90000000000015,0.4658211032306338
161.00000000000014,0.4651058953095569
161.10000000000014,0.46439232814888987
161.20000000000013,0.4636803967494875
161.30000000000015,0.4629700961311687
161.40000000000015,0.46226142133263154
161.50000000000014,0.4615543674113665
161.60000000000014,0.46084892944357186
161.70000000000013,0.46014510252406954
161.80000000000015,0.45944288176622
161.90000000000015,0.45874226230183945
162.00000000000014,0.45804323928111584
162.10000000000014,0.4573458078725264
162.20000000000013,0.4566499632627545
162.30000000000015,0.4559557006566087
162.40000000000015,0.4552630152769406
162.50000000000014,0.4545719023645635
162.60000000000014,0.4538823571781723
162.70000000000013,0.45319437499426224
162.80000000000015,0.45250795110704983
162.90000000000015,0.45182308082839356
163.00000000000014,0.4511397594877137
163.10000000000014,0.450457982431915
163.20000000000013,0.44977774502530715
163.30000000000015,0.4490990426495281
163.40000000000015,0.4484218707034665
163.50000000000014,0.4477462246031836
163.60000000000014,0.4470720997818379
163.70000000000013,0.44639949168960796
163.80000000000015,0.44572839579361734
163.90000000000015,0.4450588075778592
164.00000000000014,0.4443907225431201
164.10000000000014,0.4437241362069066
164.20000000000016,0.4430590441033705
164.30000000000015,0.4423954417832349
164.40000000000015,0.44173332481372085
164.50000000000014,0.4410726887784742
164.60000000000014,0.4404135292774925
164.70000000000016,0.4397558419270529
164.80000000000015,0.439099622359641
164.90000000000015,0.4384448662238773
165.00000000000014,0.4377915691844475
165.10000000000014,0.437139726922031
165.20000000000016,0.43648933513323046
165.30000000000015,0.435840389530502
165.40000000000015,0.43519288584208443
165.50000000000014,0.43454681981193094
165.60000000000014,0.4339021871996387
165.70000000000016,0.4332589837803814
165.80000000000015,0.43261720534484066
165.90000000000015,0.43197684769913663
166.00000000000014,0.4313379066647619
166.10000000000014,0.4307003780785137
166.20000000000016,0.43006425779242574
166.30000000000015,0.4294295416737036
166.40000000000015,0.42879622560465697
166.50000000000014,0.42816430548263346
166.60000000000014,0.4275337772199541
166.70000000000016,0.42690463674384654
166.80000000000015,0.426276879996382
166.90000000000015,0.42565050293440876
167.00000000000014,0.42502550152948837
167.10000000000014,0.42440187176783234
167.20000000000016,0.42377960965023725
167.30000000000015,0.4231587111920227
167.40000000000015,0.4225391724229674
167.50000000000014,0.4219209893872462
167.60000000000014,0.4213041581433686
167.70000000000016,0.4206886747641159
167.80000000000015,0.42007453533647987
167.90000000000015,0.41946173596160075
168.00000000000014,0.4188502727547068
168.10000000000014,0.41824014184505265
168.20000000000016,0.41763133937585917
168.30000000000015,0.4170238615042538
168.40000000000015,0.41641770440120907
168.50000000000014,0.4158128642514845
168.60000000000014,0.4152093372535662
168.70000000000016,0.4146071196196084
168.80000000000015,0.4140062075753749
168.90000000000015,0.41340659736017954
169.00000000000014,0.41280828522682933
169.10000000000014,0.4122112674415654
169.20000000000016,0.41161554028400615
169.30000000000015,0.41102110004709036
169.40000000000015,0.4104279430370185
169.50000000000014,0.4098360655731979
169.60000000000014,0.4092454639881851
169.70000000000016,0.4086561346276298
169.80000000000015,0.4080680738502198
169.90000000000015,0.4074812780276244
170.00000000000014,0.40689574354443925
170.10000000000014,0.40631146679813196
170.20000000000016,0.405728444198986
170.30000000000015,0.405146672170048
170.40000000000015,0.40456614714707195
170.50000000000014,0.40398686557846547
170.60000000000014,0.40340882392523697
170.70000000000016,0.40283201866094087
170.80000000000015,0.40225644627162593
170.90000000000015,0.401682103255781
171.00000000000014,0.4011089861242829
171.10000000000016,0.400537091400344
171.20000000000016,0.39996641561946045
171.30000000000015,0.39939695532935915
171.40000000000015,0.39882870708994755
171.50000000000014,0.39826166747326097
171.60000000000016,0.39769583306341233
171.70000000000016,0.3971312004565413
171.80000000000015,0.39656776626076284
171.90000000000015,0.3960055270961174
172.00000000000014,0.3954444795945211
172.10000000000016,0.39488462039971484
172.20000000000016,0.39432594616721584
172.30000000000015,0.3937684535642674
172.40000000000015,0.39321213926978976
172.50000000000014,0.3926569999743318
172.60000000000016,0.39210303238002125
172.70000000000016,0.3915502332005179
172.80000000000015,0.39099859916096386
172.90000000000015,0.39044812699793585
173.00000000000014,0.38989881345939814
173.10000000000016,0.3893506553046543
173.20000000000016,0.3888036493043008
173.30000000000015,0.3882577922401789
173.40000000000015,0.387713080905328
173.50000000000014,0.3871695121039401
173.60000000000016,0.38662708265131224
173.70000000000016,0.38608578937380067
173.80000000000015,0.38554562910877516
173.90000000000015,0.3850065987045734
174.00000000000014,0.38446869502045444
174.10000000000016,0.3839319149265551
174.20000000000016,0.3833962553038438
174.30000000000015,0.3828617130440757
174.40000000000015,0.3823282850497488
174.50000000000014,0.38179596823405854
174.60000000000016,0.3812647595208546
174.70000000000016,0.38073465584459665
174.80000000000015,0.3802056541503099
174.90000000000015,0.3796777513935425
175.00000000000014,0.3791509445403213
175.10000000000016,0.37862523056710956
175.20000000000016,0.3781006064607638
175.30000000000015,0.37757706921849027
175.40000000000015,0.37705461584780364
175.50000000000014,0.37653324336648375
175.60000000000016,0.3760129488025337
175.70000000000016,0.37549372919413865
175.80000000000015,0.3749755815896232
175.90000000000015,0.3744585030474098
176.00000000000014,0.37394249063597845
176.10000000000016,0.3734275414338243
176.20000000000016,0.37291365252941805
176.30000000000015,0.37240082102116423
176.40000000000015,0.37188904401736056
176.50000000000014,0.3713783186361587
176.60000000000016,0.3708686420055226
176.70000000000016,0.3703600112631902
176.80000000000015,0.36985242355663206
176.90000000000015,0.3693458760430127
177.00000000000017,0.36884036588915103
177.10000000000016,0.3683358902714812
177.20000000000016,0.36783244637601326
177.30000000000015,0.36733003139829434
177.40000000000015,0.36682864254337066
177.50000000000017,0.36632827702574783
177.60000000000016,0.3658289320693541
177.70000000000016,0.3653306049075007
177.80000000000015,0.36483329278284476
177.90000000000015,0.3643369929473517
178.00000000000017,0.3638417026622568
178.10000000000016,0.3633474191980288
178.20000000000016,0.3628541398343321
178.30000000000015,0.36236186185998953
178.40000000000015,0.3618705825729459
178.50000000000017,0.361380299280231
178.60000000000016,0.36089100929792345
178.70000000000016,0.3604027099511139
178.80000000000015,0.3599153985738686
178.90000000000015,0.3594290725091945
179.00000000000017,0.358943729109002
179.10000000000016,0.3584593657340702
179.20000000000016,0.35797597975401124
179.30000000000015,0.35749356854723424
179.40000000000015,0.357012129500911
179.50000000000017,0.3565316600109406
179.60000000000016,0.3560521574819145
179.70000000000016,0.35557361932708165
179.80000000000015,0.3550960429683146
179.90000000000015,0.354619425836074
180.00000000000017,0.3541437653693754
180.10000000000016,0.3536690590157553
180.20000000000016,0.35319530423123585
180.30000000000015,0.35272249848029247
180.40000000000015,0.3522506392358198
180.50000000000017,0.3517797239790979
180.60000000000016,0.3513097501997599
180.70000000000016,0.3508407153957577
180.80000000000015,0.3503726170733299
180.90000000000015,0.34990545274696816
181.00000000000017,0.3494392199393854
181.10000000000016,0.3489739161814831
181.20000000000016,0.3485095390123179
181.30000000000015,0.3480460859790706
181.40000000000015,0.34758355463701385
181.50000000000017,0.34712194254947926
181.60000000000016,0.34666124728782716
181.70000000000016,0.34620146643141375
181.80000000000015,0.3457425975675597
181.90000000000015,0.3452846382915198
182.00000000000017,0.3448275862064501
182.10000000000016,0.34437143892337874
182.20000000000016,0.34391619406117363
182.30000000000015,0.34346184924651196
182.40000000000015,0.34300840211384986
182.50000000000017,0.34255585030539165
182.60000000000016,0.3421041914710598
182.70000000000016,0.3416534232684645
182.80000000000015,0.341203543362873
182.90000000000015,0.34075454942718075
183.00000000000017,0.3403064391418808
183.10000000000016,0.33985921019503457
183.20000000000016,0.3394128602822418
183.30000000000015,0.33896738710661184
183.40000000000015,0.33852278837873334
183.50000000000017,0.3380790618166463
183.60000000000016,0.3376362051458126
183.70000000000016,0.3371942160990863
183.80000000000015,0.33675309241668644
183.90000000000018,0.3363128318461667
184.00000000000017,0.33587343214238885
184.10000000000016,0.33543489106749264
184.20000000000016,0.3349972063908682
184.30000000000015,0.33456037588912857
184.40000000000018,0.3341243973460803
184.50000000000017,0.3336892685526975
184.60000000000016,0.3332549873070923
184.70000000000016,0.33282155141448805
184.80000000000015,0.3323889586871922
184.90000000000018,0.33195720694456826
185.00000000000017,0.33152629401300887
185.10000000000016,0.33109621772590886
185.20000000000016,0.33066697592363786
185.30000000000015,0.3302385664535137
185.40000000000018,0.32981098716977547
185.50000000000017,0.32938423593355765
185.60000000000016,0.3289583106128621
185.70000000000016,0.3285332090825334
185.80000000000015,0.32810892922423096
185.90000000000018,0.32768546892640416
186.00000000000017,0.3272628260842658
186.10000000000016,0.3268409985997659
186.20000000000016,0.3264199843815664
186.30000000000015,0.32599978134501495
186.40000000000018,0.32558038741211975
186.50000000000017,0.3251618005115245
186.60000000000016,0.32474401857848156
186.70000000000016,0.32432703955482833
186.80000000000015,0.32391086138896136
186.90000000000018,0.32349548203581097
187.00000000000017,0.32308089945681756
187.10000000000016,0.32266711161990563
187.20000000000016,0.3222541164994595
187.30000000000015,0.32184191207629903
187.40000000000018,0.3214304963376545
187.50000000000017,0.32101986727714327
187.60000000000016,0.32061002289474444
187.70000000000016,0.32020096119677527
187.80000000000015,0.3197926801958673
187.90000000000018,0.3193851779109417
188.00000000000017,0.3189784523671865
188.10000000000016,0.3185725015960322
188.20000000000016,0.3181673236351278
188.30000000000015,0.3177629165283184
188.40000000000018,0.3173592783256205
188.50000000000017,0.31695640708319983
188.60000000000016,0.3165543008633478
188.70000000000016,0.31615295773445756
188.80000000000015,0.31575237577100235
188.90000000000018,0.31535255305351184
189.00000000000017,0.31495348766854914
189.10000000000016,0.31455517770868885
189.20000000000016,0.3141576212724938
189.30000000000015,0.3137608164644928
189.40000000000018,0.31336476139515806
189.50000000000017,0.31296945418088357
189.60000000000016,0.31257489294396185
189.70000000000016,0.31218107581256266
189.80000000000018,0.3117880009207103
189.90000000000018,0.3113956664082628
190.00000000000017,0.31100407042088885
190.10000000000016,0.3106132111100467
190.20000000000016,0.31022308663296255
190.30000000000018,0.3098336951526086
190.40000000000018,0.3094450348376826
190.50000000000017,0.30905710386258517
190.60000000000016,0.3086699004073994
190.70000000000016,0.3082834226578695
190.80000000000018,0.3078976688053797
190.90000000000018,0.3075126370469332
191.00000000000017,0.3071283255851314
191.10000000000016,0.30674473262815316
191.20000000000016,0.30636185638973373
191.30000000000018,0.30597969508914435
191.40000000000018,0.30559824695117216
191.50000000000017,0.30521751020609894
191.60000000000016,0.3048374830896812
191.70000000000016,0.30445816384313
191.80000000000018,0.3040795507130904
191.90000000000018,0.303701641951622
192.00000000000017,0.3033244358161781
192.10000000000016,0.30294793056958647
192.20000000000016,0.30257212448002907
192.30000000000018,0.3021970158210225
192.40000000000018,0.3018226028713986
192.50000000000017,0.30144888391528424
192.60000000000016,0.30107585724208225
192.70000000000016,0.30070352114645216
192.80000000000018,0.3003318739282901
192.90000000000018,0.2999609138927107
193.00000000000017,0.29959063935002694
193.10000000000016,0.2992210486157314
193.20000000000016,0.29885214001047755
193.30000000000018,0.2984839118600602
193.40000000000018,0.2981163624953974
193.50000000000017,0.2977494902525112
193.60000000000016,0.29738329347250886
193.70000000000016,0.29701777050156475
193.80000000000018,0.29665291969090113
193.90000000000018,0.2962887393967707
194.00000000000017,0.29592522798043736
194.10000000000016,0.295562383808158
194.20000000000016,0.29520020525116486
194.30000000000018,0.29483869068564683
194.40000000000018,0.2944778384927318
194.50000000000017,0.2941176470584683
194.60000000000016,0.293758114773808
194.70000000000016,0.29339924003458734
194.80000000000018,0.2930410212415104
194.90000000000018,0.292683456800131
195.00000000000017,0.2923265451208348
195.10000000000016,0.2919702846188222
195.20000000000016,0.2916146737140904
195.30000000000018,0.29125971083141655
195.40000000000018,0.2909053944003406
195.50000000000017,0.29055172285514685
195.60000000000016,0.2901986946348482
195.70000000000016,0.2898463081831683
195.80000000000018,0.2894945619485246
195.90000000000018,0.28914345438401196
196.00000000000017,0.2887929839473848
196.10000000000016,0.2884431491010412
196.20000000000016,0.2880939483120055
196.30000000000018,0.2877453800519122
196.40000000000018,0.2873974427969891
196.50000000000017,0.28705013502804055
196.60000000000016,0.2867034552304314
196.7000000000002,0.28635740189407044
196.80000000000018,0.28601197351339414
196.90000000000018,0.2856671685873501
197.00000000000017,0.2853229856193815
197.10000000000016,0.28497942311741026
197.2000000000002,0.2846364795938213
197.30000000000018,0.2842941535654473
197.40000000000018,0.2839524435535511
197.50000000000017,0.2836113480838115
197.60000000000016,0.2832708656863066
197.7000000000002,0.2829309948954983
197.80000000000018,0.2825917342502169
197.90000000000018,0.2822530822936448
198.00000000000017,0.28191503757330205
198.10000000000016,0.2815775986410297
198.2000000000002,0.2812407640529754
198.30000000000018,0.2809045323695777
198.40000000000018,0.2805689021555505
198.50000000000017,0.28023387197986843
198.60000000000016,0.2798994404157512
198.7000000000002,0.2795656060406486
198.80000000000018,0.279232367436226
198.90000000000018,0.2788997231883488
199.00000000000017,0.2785676718870677
199.10000000000016,0.27823621212660404
199.2000000000002,0.2779053425053347
199.30000000000018,0.27757506162577794
199.40000000000018,0.2772453680945784
199.50000000000017,0.27691626052249213
199.60000000000016,0.27658773752437305
199.7000000000002,0.2762597977191573
199.80000000000018,0.27593243972985015
199.90000000000018,0.27560566218351046
200.00000000000017,0.275279463711237
200.10000000000016,0.2749538429481541
200.2000000000002,0.2746287985333976
200.30000000000018,0.2743043291101005
200.40000000000018,0.273980433325379
200.50000000000017,0.2736571098303188
200.60000000000016,0.2733343572799606
200.7000000000002,0.2730121743332864
200.80000000000018,0.2726905596532064
200.90000000000018,0.27236951190654385
201.00000000000017,0.2720490297640227
201.10000000000016,0.2717291119002529
201.2000000000002,0.27140975699371744
201.30000000000018,0.27109096372675884
201.40000000000018,0.27077273078556496
201.50000000000017,0.2704550568601563
201.60000000000016,0.27013794064437224
201.7000000000002,0.2698213808358578
201.80000000000018,0.26950537613605074
201.90000000000018,0.26918992525016733
202.00000000000017,0.2688750268871904
202.10000000000016,0.2685606797598554
202.2000000000002,0.2682468825846376
202.30000000000018,0.26793363408173915
202.40000000000018,0.2676209329750762
202.50000000000017,0.26730877799226554
202.6000000000002,0.26699716786461225
202.7000000000002,0.26668610132709686
202.80000000000018,0.2663755771183622
202.90000000000018,0.2660655939807012
203.00000000000017,0.26575615066004377
203.1000000000002,0.2654472459059447
203.2000000000002,0.26513887847157086
203.30000000000018,0.26483104711368854
203.40000000000018,0.2645237505926514
203.50000000000017,0.26421698767238766
203.6000000000002,0.26391075712038814
203.7000000000002,0.26360505770769393
203.80000000000018,0.2632998882088836
203.90000000000018,0.2629952474020618
204.00000000000017,0.2626911340688467
204.1000000000002,0.2623875469943576
204.2000000000002,0.2620844849672038
204.30000000000018,0.26178194677947153
204.40000000000018,0.2614799312267127
204.50000000000017,0.26117843710793287
204.6000000000002,0.26087746322557887
204.7000000000002,0.2605770083855281
204.80000000000018,0.2602770713970758
204.90000000000018,0.2599776510729234
205.00000000000017,0.2596787462291676
205.1000000000002,0.25938035568528756
205.2000000000002,0.2590824782641348
205.30000000000018,0.2587851127919204
205.40000000000018,0.258488258098204
205.50000000000017,0.2581919130158827
205.6000000000002,0.25789607638117873
205.7000000000002,0.25760074703362945
205.80000000000018,0.25730592381607487
205.90000000000018,0.25701160557464675
206.00000000000017,0.25671779115875776
206.1000000000002,0.25642447942108987
206.2000000000002,0.25613166921758335
206.30000000000018,0.2558393594074259
206.40000000000018,0.25554754885304126
206.50000000000017,0.2552562364200784
206.6000000000002,0.25496542097740055
206.7000000000002,0.2546751013970746
206.80000000000018,0.25438527655435966
206.90000000000018,0.25409594532769664
207.00000000000017,0.25380710659869726
207.1000000000002,0.2535187592521336
207.2000000000002,0.25323090217592714
207.30000000000018,0.2529435342611382
207.40000000000018,0.25265665440195545
207.50000000000017,0.25237026149568503
207.6000000000002,0.2520843544427403
207.7000000000002,0.2517989321466316
207.80000000000018,0.25151399351395504
207.90000000000018,0.25122953745438276
208.00000000000017,0.2509455628806525
208.1000000000002,0.2506620687085568
208.2000000000002,0.2503790538569335
208.30000000000018,0.2500965172476548
208.40000000000018,0.24981445780561737
208.50000000000017,0.24953287445873218
208.6000000000002,0.24925176613791425
208.7000000000002,0.248971131777073
208.80000000000018,0.24869097031310164
208.90000000000018,0.24841128068586732
209.00000000000017,0.24813206183820163
209.1000000000002,0.2478533127158898
209.2000000000002,0.24757503226766192
209.30000000000018,0.24729721944518213
209.40000000000018,0.24701987320303923
209.5000000000002,0.24674299249873685
209.6000000000002,0.246466576292684
209.7000000000002,0.24619062354818483
209.80000000000018,0.24591513323142933
209.90000000000018,0.24564010431148375
210.0000000000002,0.2453655357602807
210.1000000000002,0.24509142655261004
210.2000000000002,0.24481777566610918
210.30000000000018,0.24454458208125332
210.40000000000018,0.2442718447813465
210.5000000000002,0.24399956275251178
210.6000000000002,0.2437277349836824
210.7000000000002,0.24345636046659194
210.80000000000018,0.24318543819576516
210.90000000000018,0.24291496716850905
211.0000000000002,0.24264494638490303
211.1000000000002,0.24237537484779054
211.2000000000002,0.24210625156276924
211.30000000000018,0.2418375755381821
211.40000000000018,0.24156934578510844
211.5000000000002,0.2413015613173549
211.6000000000002,0.24103422115144613
211.7000000000002,0.24076732430661624
211.80000000000018,0.2405008698047996
211.90000000000018,0.2402348566706219
212.0000000000002,0.23996928393139133
212.1000000000002,0.23970415061709022
212.2000000000002,0.2394394557603653
212.30000000000018,0.2391751983965197
212.40000000000018,0.2389113775635039
212.5000000000002,0.23864799230190703
212.6000000000002,0.23838504165494862
212.7000000000002,0.23812252466846912
212.80000000000018,0.23786044039092213
212.90000000000018,0.23759878787336536
