1.0,4.923676556706142e-31
1.1,5.604431879236452e-31
1.2000000000000002,6.378555856732301e-31
1.3000000000000003,7.2587496884435644e-31
1.4000000000000004,8.259427912338225e-31
1.5000000000000004,9.396947551937873e-31
1.6000000000000005,1.0689867641880792e-30
1.7000000000000006,1.2159243123544683e-30
1.8000000000000007,1.3828957621659638e-30
1.9000000000000008,1.5726100199443382e-30
2.000000000000001,1.7881391851934678e-30
2.100000000000001,2.0329668244581418e-30
2.200000000000001,2.311042604753391e-30
2.300000000000001,2.626844116780534e-30
2.4000000000000012,2.985446825520703e-30
2.5000000000000013,3.392603206925592e-30
2.6000000000000014,3.8548322660554375e-30
2.7000000000000015,4.37952078610573e-30
2.8000000000000016,4.975037831532382e-30
2.9000000000000017,5.650864224410042e-30
3.0000000000000018,6.417738934047066e-30
3.100000000000002,7.287824568873314e-30
3.200000000000002,8.274894440258292e-30
3.300000000000002,9.39454398419338e-30
3.400000000000002,1.0664429683150982e-29
3.500000000000002,1.2104539031967066e-29
3.6000000000000023,1.373749554393037e-29
3.7000000000000024,1.558890330276639e-29
3.8000000000000025,1.7687736140051867e-29
3.9000000000000026,2.0066777163785895e-29
4.000000000000003,2.2763115091453176e-29
4.100000000000003,2.58187046600714e-29
4.200000000000003,2.928099930780965e-29
4.3000000000000025,3.3203665359646404e-29
4.400000000000003,3.764738811753518e-29
4.5000000000000036,4.2680781569864486e-29
4.600000000000003,4.838141491376181e-29
4.700000000000003,5.483697074730889e-29
4.800000000000003,6.214655165999166e-29
4.900000000000004,7.042215405418515e-29
5.0000000000000036,7.979033039712252e-29
5.100000000000003,9.039406376385474e-29
5.200000000000004,1.0239488152334937e-28
5.300000000000004,1.1597523838295611e-28
5.400000000000004,1.3134120278635385e-28
5.5000000000000036,1.4872548490814342e-28
5.600000000000004,1.6839084926172472e-28
5.700000000000005,1.9063396030018045e-28
5.800000000000004,2.1578971541515413e-28
5.900000000000004,2.4423612650614177e-28
6.000000000000004,2.763998188937652e-28
6.100000000000005,3.1276222488624437e-28
6.200000000000005,3.5386655889232537e-28
6.300000000000004,4.0032567173419753e-28
6.400000000000005,4.528308938925085e-28
6.500000000000005,5.121619909728928e-28
6.600000000000005,5.791983698983494e-28
6.700000000000005,6.549316914045491e-28
6.800000000000005,7.404800635709668e-28
6.900000000000006,8.371040126096397e-28
7.000000000000005,9.462244512384598e-28
7.100000000000005,1.0694428919999403e-27
7.2000000000000055,1.2085641832033613e-27
7.300000000000006,1.3656220791619502e-27
7.400000000000006,1.5429079945064197e-27
7.500000000000005,1.7430033350792454e-27
7.600000000000006,1.9688158457966764e-27
7.700000000000006,2.223620469529804e-27
7.800000000000006,2.5111052711899443e-27
7.900000000000006,2.8354230485748385e-27
8.000000000000007,3.2012493270133955e-27
8.100000000000007,3.613847519386286e-27
8.200000000000006,4.079142127792068e-27
8.300000000000006,4.603800969161253e-27
8.400000000000006,5.195327525851156e-27
8.500000000000007,5.8621646551789174e-27
8.600000000000007,6.613811040643675e-27
8.700000000000006,7.46095193413863e-27
8.800000000000008,8.415605924833515e-27
8.900000000000007,9.491289678975453e-27
9.000000000000007,1.070320282820472e-26
9.100000000000007,1.206843544502883e-26
9.200000000000006,1.360620083610457e-26
9.300000000000008,1.5338096710547677e-26
9.400000000000007,1.72883981456999e-26
9.500000000000007,1.9484386181131232e-26
9.600000000000009,2.1956716328175522e-26
9.700000000000008,2.4739831792640722e-26
9.800000000000008,2.7872426778719755e-26
9.900000000000007,3.139796587958915e-26
10.000000000000007,3.536526627250338e-26
10.100000000000009,3.9829150232001625e-26
10.200000000000008,4.4851176363958314e-26
10.300000000000008,5.05004589562446e-26
10.40000000000001,5.685458595091147e-26
10.500000000000009,6.400064728138207e-26
10.600000000000009,7.203638670103306e-26
10.700000000000008,8.107149177355757e-26
10.800000000000008,9.122903841888725e-26
10.90000000000001,1.0264710833215495e-25
11.000000000000009,1.1548059973991514e-25
11.100000000000009,1.299032543532514e-25
11.20000000000001,1.461099260501448e-25
11.30000000000001,1.6431911980088102e-25
11.40000000000001,1.847758326759556e-25
11.500000000000009,2.0775473248501434e-25
11.600000000000009,2.3356371373130892e-25
11.70000000000001,2.6254787517799226e-25
11.80000000000001,2.9509396846385503e-25
11.90000000000001,3.316353729372112e-25
12.00000000000001,3.7265765826452166e-25
12.10000000000001,4.187048034887274e-25
12.20000000000001,4.703861491447302e-25
12.30000000000001,5.283841678767104e-25
12.40000000000001,5.9346314884705015e-25
12.50000000000001,6.6647890219267445e-25
12.60000000000001,7.483896019969619e-25
12.70000000000001,8.402678998455322e-25
12.800000000000011,9.433144561764047e-25
12.900000000000011,1.0588730534922621e-24
13.00000000000001,1.1884474742683897e-24
13.10000000000001,1.3337203472737523e-24
13.20000000000001,1.4965741892662406e-24
13.300000000000011,1.679114894883924e-24
13.400000000000011,1.8836979563274856e-24
13.50000000000001,2.1129577264375116e-24
13.600000000000012,2.3698400743701783e-24
13.700000000000012,2.657638822671706e-24
13.800000000000011,2.980036398576565e-24
13.900000000000011,3.3411491813119636e-24
14.00000000000001,3.745578081607849e-24
14.100000000000012,4.19846495010899e-24
14.200000000000012,4.7055554786169495e-24
14.300000000000011,5.273269332804761e-24
14.400000000000013,5.908778338068994e-24
14.500000000000012,6.62009363241287e-24
14.600000000000012,7.416162802717488e-24
14.700000000000012,8.306978134553836e-24
14.800000000000011,9.303697232074866e-24
14.900000000000013,1.0418777404865961e-23
15.000000000000012,1.1666125374443608e-23
15.100000000000012,1.3061264026073983e-23
15.200000000000014,1.4621518123579855e-23
15.300000000000013,1.6366221117901074e-23
15.400000000000013,1.831694541664821e-23
15.500000000000012,2.049775874425892e-23
15.600000000000012,2.2935509513473326e-23
15.700000000000014,2.5660144451726017e-23
15.800000000000013,2.87050620842046e-23
15.900000000000013,3.210750607249494e-23
16.000000000000014,3.5909002848128404e-23
16.100000000000016,4.01558484686409e-23
16.200000000000014,4.489965016502608e-23
16.30000000000001,5.01979286494366e-23
16.400000000000013,5.611478791693911e-23
16.500000000000014,6.272166001192592e-23
16.600000000000016,7.009813304624276e-23
16.700000000000014,7.833287166046964e-23
16.800000000000015,8.752464012171841e-23
16.900000000000013,9.778343936088505e-23
17.000000000000014,1.0923177048110445e-22
17.100000000000016,1.2200603862979684e-22
17.200000000000014,1.3625811263304633e-22
17.300000000000015,1.521570574586118e-22
17.400000000000013,1.6989105841959337e-22
17.500000000000014,1.8966955807334823e-22
17.600000000000016,2.1172562903062376e-22
17.700000000000014,2.363186083906137e-22
17.800000000000015,2.6373702228422662e-22
17.900000000000016,2.943018320680532e-22
18.000000000000014,3.2837003709589736e-22
18.100000000000016,3.6633867273759003e-22
18.200000000000017,4.0864924645281247e-22
18.300000000000015,4.557926593029472e-22
18.400000000000016,5.083146653411627e-22
18.500000000000014,5.668219269104353e-22
18.600000000000016,6.319887300567736e-22
18.700000000000017,7.045644310901132e-22
18.800000000000015,7.853817128669565e-22
18.900000000000016,8.753657376992984e-22
19.000000000000014,9.755442929960114e-22
19.100000000000016,1.0870590359053321e-21
19.200000000000017,1.2111779544483993e-21
19.300000000000015,1.3493091750244476e-21
19.400000000000016,1.5030162598461024e-21
19.500000000000018,1.6740351529618626e-21
19.600000000000016,1.8642929501867145e-21
19.700000000000017,2.0759286866511156e-21
19.80000000000002,2.3113163559686456e-21
19.900000000000016,2.5730903974092424e-21
20.000000000000018,2.864173912158006e-21
20.100000000000016,3.187809896974597e-21
20.200000000000017,3.547595813608107e-21
20.30000000000002,3.947521845438695e-21
20.400000000000016,4.3920132293377714e-21
20.500000000000018,4.885977090990926e-21
20.600000000000016,5.43485425630058e-21
20.700000000000017,6.044676560386152e-21
20.80000000000002,6.72213022958689e-21
20.900000000000016,7.474625971245897e-21
21.000000000000018,8.310376471464622e-21
21.10000000000002,9.23848207306548e-21
21.200000000000017,1.0269025485356236e-20
21.30000000000002,1.1413176464680921e-20
21.40000000000002,1.2683307500957055e-20
21.500000000000018,1.4093121651343843e-20
21.60000000000002,1.5657793778793626e-20
21.700000000000017,1.7394126581592057e-20
21.80000000000002,1.9320722941252264e-20
21.90000000000002,2.1458176271548218e-20
22.000000000000018,2.3829280722495475e-20
22.10000000000002,2.6459263281199566e-20
22.200000000000017,2.9376040018421087e-20
22.30000000000002,3.261049895728987e-20
22.40000000000002,3.6196812290831e-20
22.500000000000018,4.017278095014326e-20
22.60000000000002,4.458021482753798e-20
22.70000000000002,4.9465352291468526e-20
22.80000000000002,5.487932299551165e-20
22.90000000000002,6.08786583852628e-20
23.00000000000002,6.752585474827701e-20
23.10000000000002,7.488999413696685e-20
23.20000000000002,8.304742902691623e-20
23.30000000000002,9.208253715799334e-20
23.40000000000002,1.020885536479619e-19
23.50000000000002,1.131684881736839e-19
23.60000000000002,1.2543613578935957e-19
23.70000000000002,1.390171908013948e-19
23.80000000000002,1.5405047405261645e-19
23.90000000000002,1.706892849925424e-19
24.00000000000002,1.8910289103427694e-19
24.10000000000002,2.094781679314545e-19
24.20000000000002,2.3202140626131917e-19
24.300000000000022,2.5696030058374424e-19
24.40000000000002,2.845461394731401e-19
24.50000000000002,3.150562164047635e-19
24.600000000000023,3.487964834334186e-19
24.70000000000002,3.8610447174762593e-19
24.800000000000022,4.27352505533761e-19
24.90000000000002,4.729512381616184e-19
25.00000000000002,5.233535425273431e-19
25.100000000000023,5.790587904841579e-19
25.20000000000002,6.406175596818265e-19
25.300000000000022,7.0863680985008195e-19
25.40000000000002,7.837855746289949e-19
25.50000000000002,8.668012195048831e-19
25.600000000000023,9.584963212884895e-19
25.70000000000002,1.0597662299137211e-18
25.800000000000022,1.1715973791826462e-18
25.900000000000023,1.2950764194823154e-18
26.00000000000002,1.4314002525043707e-18
26.100000000000023,1.5818870556629555e-18
26.200000000000024,1.747988392293656e-18
26.300000000000022,1.9313025128914253e-18
26.400000000000023,2.1335889626814126e-18
26.50000000000002,2.3567846217934607e-18
26.600000000000023,2.6030213163150296e-18
26.700000000000024,2.874645151621977e-18
26.800000000000022,3.174237733736226e-18
26.900000000000023,3.504639460144758e-18
27.00000000000002,3.868975078657899e-18
27.100000000000023,4.270681731621242e-18
27.200000000000024,4.713539723266229e-18
27.300000000000022,5.201706270352441e-18
27.400000000000023,5.73975252068658e-18
27.500000000000025,6.3327041507903736e-18
27.600000000000023,6.986085883134476e-18
27.700000000000024,7.705970295182293e-18
27.800000000000026,8.499031327230789e-18
27.900000000000023,9.372602933972793e-18
28.000000000000025,1.0334743366104591e-17
28.100000000000023,1.1394305613490096e-17
28.200000000000024,1.2561014590707895e-17
28.300000000000026,1.3845551699597593e-17
28.400000000000023,1.5259647462126026e-17
28.500000000000025,1.6816182980906517e-17
28.600000000000023,1.8529301054533927e-17
28.700000000000024,2.041452785104346e-17
28.800000000000026,2.2488906125816878e-17
28.900000000000023,2.4771141060783525e-17
29.000000000000025,2.7281759900416434e-17
29.100000000000026,3.0043286667564856e-17
29.200000000000024,3.3080433359357086e-17
29.300000000000026,3.6420309151080003e-17
29.400000000000027,4.009264927508279e-17
29.500000000000025,4.413006539326791e-17
29.600000000000026,4.856831944680475e-17
29.700000000000024,5.344662314645232e-17
29.800000000000026,5.880796546258786e-17
29.900000000000027,6.469947068716737e-17
30.000000000000025,7.117278987178733e-17
30.100000000000026,7.828452869852615e-17
30.200000000000024,8.609671511504652e-17
30.300000000000026,9.467731036440861e-17
30.400000000000027,1.0410076736542791e-16
30.500000000000025,1.1444864075326646e-16
30.600000000000026,1.2581025327491958e-16
30.700000000000028,1.3828342365294287e-16
30.800000000000026,1.5197526148595414e-16
30.900000000000027,1.67003035249508e-16
31.00000000000003,1.8349511999899185e-16
31.100000000000026,2.015920319611212e-16
31.200000000000028,2.2144755783634125e-16
31.300000000000026,2.4322998732517547e-16
31.400000000000027,2.67123458142232e-16
31.50000000000003,2.9332942359689633e-16
31.600000000000026,3.2206825370553767e-16
31.700000000000028,3.535809817620967e-16
31.800000000000026,3.8813120933840197e-16
31.900000000000027,4.2600718382013867e-16
32.00000000000003,4.675240638155615e-16
32.10000000000002,5.130263891109599e-16
32.20000000000003,5.628907732976759e-16
32.300000000000026,6.175288387698366e-16
32.40000000000003,6.773904155004527e-16
32.50000000000003,7.429670268568587e-16
32.60000000000003,8.147956877269699e-16
32.70000000000003,8.93463042408568e-16
32.800000000000026,9.796098720786457e-16
32.90000000000003,1.0739360042237484e-15
33.00000000000003,1.1772056591927317e-15
33.10000000000003,1.2902532720466598e-15
33.20000000000003,1.4139898311470915e-15
33.300000000000026,1.549409778463701e-15
33.40000000000003,1.6975985204179528e-15
33.50000000000003,1.859740602235346e-15
33.60000000000003,2.0371286032800894e-15
33.70000000000003,2.231172815722749e-15
33.800000000000026,2.4434117741713336e-15
33.90000000000003,2.675523709614556e-15
34.00000000000003,2.9293390072169088e-15
34.10000000000003,3.20685375420691e-15
34.20000000000003,3.510244471353485e-15
34.30000000000003,3.841884129376399e-15
34.40000000000003,4.2043595601306705e-15
34.50000000000003,4.600490381596966e-15
34.60000000000003,5.0333495656509614e-15
34.70000000000003,5.506285788341276e-15
34.80000000000003,6.0229477140340755e-15
34.90000000000003,6.587310377360219e-15
35.00000000000003,7.203703840499563e-15
35.10000000000003,7.876844318035033e-15
35.20000000000003,8.61186797750075e-15
35.30000000000003,9.414367640918744e-15
35.400000000000034,1.0290432631174908e-14
35.50000000000003,1.1246692027134663e-14
35.60000000000003,1.229036161305815e-14
35.70000000000003,1.3429294831265634e-14
35.80000000000003,1.4672038072275412e-14
35.900000000000034,1.6027890663915284e-14
36.00000000000003,1.7506969950367288e-14
36.10000000000003,1.9120281883911398e-14
36.20000000000003,2.0879797586449493e-14
36.30000000000003,2.279853637495142e-14
36.400000000000034,2.4890655784926064e-14
36.50000000000003,2.7171549169163334e-14
36.60000000000003,2.965795149552406e-14
36.70000000000003,3.2368054017734024e-14
36.80000000000003,3.532162854728557e-14
36.900000000000034,3.8540162112904286e-14
37.00000000000003,4.204700285698277e-14
37.10000000000003,4.5867518086236226e-14
37.20000000000003,5.002926546694149e-14
37.30000000000003,5.456217843397287e-14
37.400000000000034,5.949876696775037e-14
37.500000000000036,6.487433498473402e-14
37.60000000000003,7.072721568569256e-14
37.70000000000003,7.709902631214622e-14
37.80000000000003,8.403494387573502e-14
37.900000000000034,9.158400354844586e-14
38.000000000000036,9.979942153417803e-14
38.10000000000003,1.0873894438490581e-13
38.20000000000003,1.1846522687830863e-13
38.30000000000003,1.2904624073909657e-13
38.400000000000034,1.4055571666421141e-13
38.500000000000036,1.5307362230347746e-13
38.60000000000004,1.666866790532889e-13
38.70000000000003,1.8148892074237941e-13
38.80000000000003,1.975822975269858e-13
38.900000000000034,2.1507732856890173e-13
39.000000000000036,2.340938073453446e-13
39.10000000000004,2.547615637356589e-13
39.20000000000003,2.772212873481582e-13
39.30000000000003,3.016254168924137e-13
39.400000000000034,3.2813910076987315e-13
39.500000000000036,3.5694123445055364e-13
39.60000000000004,3.882255806277911e-13
39.70000000000003,4.2220197859865984e-13
39.80000000000003,4.590976498069178e-13
39.900000000000034,4.991586070109568e-13
40.000000000000036,5.426511751031638e-13
40.10000000000004,5.898636322128363e-13
40.20000000000003,6.41107980374725e-13
40.30000000000003,6.967218557427771e-13
40.400000000000034,7.570705890772961e-13
40.500000000000036,8.225494280365872e-13
40.60000000000004,8.935859336657983e-13
40.70000000000004,9.706425643994069e-13
40.80000000000003,1.0542194618847721e-12
40.900000000000034,1.1448574539965754e-12
41.000000000000036,1.2431412915508988e-12
41.10000000000004,1.349703136449029e-12
41.20000000000004,1.4652263202892328e-12
41.30000000000003,1.5904493938874259e-12
41.400000000000034,1.7261704896504313e-12
41.500000000000036,1.8732520203549336e-12
41.60000000000004,2.032625739609985e-12
41.70000000000004,2.205298191127959e-12
41.80000000000004,2.392356575905704e-12
41.900000000000034,2.594975068536402e-12
42.000000000000036,2.814421616138988e-12
42.10000000000004,3.052065255818314e-12
42.20000000000004,3.3093839891673373e-12
42.30000000000004,3.587973255100382e-12
42.400000000000034,3.8895550452806024e-12
42.500000000000036,4.215987709586407e-12
42.60000000000004,4.56927650246185e-12
42.70000000000004,4.951584924637523e-12
42.80000000000004,5.365246918596595e-12
42.900000000000034,5.812779980322509e-12
43.000000000000036,6.296899254311606e-12
43.10000000000004,6.8205326835853966e-12
43.20000000000004,7.38683729151989e-12
43.30000000000004,7.999216677733657e-12
43.400000000000034,8.661339816076971e-12
43.500000000000036,9.377161248960013e-12
43.60000000000004,1.0150942778869502e-11
43.70000000000004,1.0987276764994197e-11
43.80000000000004,1.1891111140417895e-11
43.90000000000004,1.286777627339612e-11
44.000000000000036,1.392301380482692e-11
44.10000000000004,1.5063007603203023e-11
44.20000000000004,1.6294416988120568e-11
44.30000000000004,1.7624412383868214e-11
44.40000000000004,1.9060713575762938e-11
44.500000000000036,2.0611630753787605e-11
44.60000000000004,2.2286108540757532e-11
44.70000000000004,2.4093773215765495e-11
44.80000000000004,2.6044983358064727e-11
44.90000000000004,2.815088415190915e-11
45.00000000000004,3.042346560925274e-11
45.10000000000004,3.2875624984651504e-11
45.20000000000004,3.552123367530905e-11
45.30000000000004,3.837520891901671e-11
45.40000000000004,4.145359062383732e-11
45.50000000000004,4.4773623685856936e-11
45.60000000000004,4.835384617526282e-11
45.70000000000004,5.221418379647529e-11
45.80000000000004,5.637605105520456e-11
45.90000000000004,6.086245959415708e-11
46.00000000000004,6.569813418986483e-11
46.10000000000004,7.090963693578832e-11
46.20000000000004,7.652550017163993e-11
46.30000000000004,8.257636875588767e-11
46.40000000000004,8.909515231773794e-11
46.50000000000004,9.611718816677633e-11
46.60000000000004,1.0368041558293688e-10
46.70000000000004,1.1182556225677917e-10
46.80000000000004,1.205963437003546e-10
46.90000000000004,1.3003967650239961e-10
47.00000000000004,1.402059063583769e-10
47.100000000000044,1.5114905186624074e-10
47.20000000000004,1.6292706514291342e-10
47.30000000000004,1.7560211038454643e-10
47.40000000000004,1.892408615659441e-10
47.50000000000004,2.0391482055133032e-10
47.600000000000044,2.1970065697013528e-10
47.70000000000004,2.3668057129801105e-10
47.80000000000004,2.549426826751385e-10
47.90000000000004,2.745814430913033e-10
48.00000000000004,2.956980796706677e-10
48.100000000000044,3.184010668988006e-10
48.200000000000045,3.428066307509141e-10
48.30000000000004,3.690392868036025e-10
48.40000000000004,3.972324145432503e-10
48.50000000000004,4.275288702229136e-10
48.600000000000044,4.6008164076659e-10
48.700000000000045,4.950545413755307e-10
48.80000000000004,5.326229596564321e-10
48.90000000000004,5.729746492662886e-10
49.00000000000004,6.163105762539762e-10
49.100000000000044,6.62845821475017e-10
49.200000000000045,7.128105426638044e-10
49.30000000000004,7.664509999677277e-10
49.40000000000004,8.240306489806727e-10
49.50000000000004,8.858313055600028e-10
49.600000000000044,9.521543869723121e-10
49.700000000000045,1.0233222341894011e-09
49.80000000000004,1.0996795204482277e-09
49.90000000000004,1.1815947514979043e-09
50.00000000000004,1.2694618632835804e-09
50.100000000000044,1.3637019231632382e-09
50.200000000000045,1.46476494111884e-09
50.30000000000005,1.5731317978098384e-09
50.40000000000004,1.6893162967259294e-09
50.50000000000004,1.8138673481274218e-09
50.600000000000044,1.947371292918097e-09
50.700000000000045,2.0904543750775636e-09
50.80000000000005,2.2437853717891114e-09
50.90000000000004,2.4080783909370917e-09
51.00000000000004,2.584095846215824e-09
51.100000000000044,2.772651620691267e-09
51.200000000000045,2.9746144302902076e-09
51.30000000000005,3.1909113993595717e-09
51.40000000000005,3.4225318611432424e-09
51.50000000000004,3.6705313967681166e-09
51.600000000000044,3.936036127115806e-09
51.700000000000045,4.2202472727835254e-09
51.80000000000005,4.524445998211886e-09
51.90000000000005,4.849998556976438e-09
52.00000000000004,5.198361756211293e-09
52.100000000000044,5.5710887591553e-09
52.200000000000045,5.969835245889473e-09
52.30000000000005,6.396365953470862e-09
52.40000000000005,6.852561617863983e-09
52.50000000000004,7.340426341331745e-09
52.600000000000044,7.862095410276583e-09
52.700000000000045,8.41984358991874e-09
52.80000000000005,9.016093923672812e-09
52.90000000000005,9.653427066631363e-09
53.00000000000004,1.0334591184196519e-08
53.100000000000044,1.10625124486167e-08
53.200000000000045,1.1840306167989825e-08
53.30000000000005,1.2671288584196373e-08
53.40000000000005,1.3558989378221667e-08
53.50000000000005,1.4507164923428187e-08
53.600000000000044,1.551981232954858e-08
53.700000000000045,1.6601184322491347e-08
53.80000000000005,1.7755805007492127e-08
53.90000000000005,1.8988486565709874e-08
54.00000000000005,2.0304346937060402e-08
54.100000000000044,2.1708828544912072e-08
54.200000000000045,2.3207718121243235e-08
54.30000000000005,2.480716769398088e-08
54.40000000000005,2.6513716801523115e-08
54.50000000000005,2.833431600288734e-08
54.60000000000005,3.027635175554015e-08
54.700000000000045,3.2347672736755644e-08
54.80000000000005,3.455661768833137e-08
54.90000000000005,3.691204486865616e-08
55.00000000000005,3.942336320051165e-08
55.10000000000005,4.210056520757283e-08
55.200000000000045,4.4954261837387684e-08
55.30000000000005,4.7995719273665216e-08
55.40000000000005,5.1236897845983316e-08
55.50000000000005,5.469049315057567e-08
55.60000000000005,5.836997950166374e-08
55.700000000000045,6.228965583887402e-08
55.80000000000005,6.646469422266808e-08
55.90000000000005,7.091119105636218e-08
56.00000000000005,7.564622118032497e-08
56.10000000000005,8.068789499122613e-08
56.200000000000045,8.605541874688523e-08
56.30000000000005,9.176915822526364e-08
56.40000000000005,9.785070591452117e-08
56.50000000000005,1.0432295191983298e-07
56.60000000000005,1.112101587818169e-07
56.70000000000005,1.1853804041100925e-07
56.80000000000005,1.2633384535284464e-07
56.90000000000005,1.3462644460807646e-07
57.00000000000005,1.4344642424449646e-07
57.10000000000005,1.5282618304728532e-07
57.20000000000005,1.6280003546722668e-07
57.30000000000005,1.7340432013853026e-07
57.40000000000005,1.8467751425102644e-07
57.50000000000005,1.9666035407508685e-07
57.60000000000005,2.0939596195184313e-07
57.70000000000005,2.229299800760977e-07
57.800000000000054,2.373107114147515e-07
57.90000000000005,2.5258926811976205e-07
58.00000000000005,2.68819727811417e-07
58.10000000000005,2.8605929812528835e-07
58.20000000000005,3.0436848993453626e-07
58.300000000000054,3.2381129967826967e-07
58.40000000000005,3.444554012465911e-07
58.50000000000005,3.6637234789363814e-07
58.60000000000005,3.8963778467151607e-07
58.70000000000005,4.143316719005364e-07
58.800000000000054,4.4053852021449953e-07
58.90000000000005,4.683476377442373e-07
59.00000000000005,4.978533900279253e-07
59.10000000000005,5.291554732630909e-07
59.20000000000005,5.623592015427757e-07
59.300000000000054,5.975758087468237e-07
59.40000000000005,6.349227657890399e-07
59.50000000000005,6.745241139518859e-07
59.60000000000005,7.165108150724829e-07
59.70000000000005,7.610211193771654e-07
59.800000000000054,8.082009517965058e-07
59.900000000000055,8.58204317628847e-07
60.00000000000005,9.111937284578096e-07
60.10000000000005,9.673406492682604e-07
60.20000000000005,1.0268259677455153e-06
60.300000000000054,1.08984048678464e-06
60.400000000000055,1.1565854412802128e-06
60.50000000000005,1.227273040312042e-06
60.60000000000005,1.302127035889406e-06
60.70000000000005,1.381383319464695e-06
60.800000000000054,1.4652905474781601e-06
60.900000000000055,1.5541107972474342e-06
61.00000000000006,1.6481202545698263e-06
61.10000000000005,1.7476099344615347e-06
61.20000000000005,1.8528864365161459e-06
61.300000000000054,1.9642727364249032e-06
61.400000000000055,2.0821090152638793e-06
61.50000000000006,2.2067535282175805e-06
61.60000000000005,2.338583514475523e-06
61.70000000000005,2.4779961501075567e-06
61.800000000000054,2.625409545795098e-06
61.900000000000055,2.7812637913699052e-06
62.00000000000006,2.9460220491882515e-06
62.10000000000005,3.1201716984476356e-06
62.20000000000005,3.3042255326352996e-06
62.300000000000054,3.4987230123818248e-06
62.400000000000055,3.704231576081124e-06
62.50000000000006,3.9213480107278295e-06
62.60000000000005,4.150699885516678e-06
62.70000000000005,4.3929470508443615e-06
62.800000000000054,4.64878320545371e-06
62.900000000000055,4.918937534562774e-06
63.00000000000006,5.204176421926388e-06
63.10000000000006,5.505305238887566e-06
63.20000000000005,5.823170213587586e-06
63.300000000000054,6.158660383620102e-06
63.400000000000055,6.512709635533366e-06
63.50000000000006,6.886298834707981e-06
63.60000000000006,7.280458049263742e-06
63.70000000000005,7.696268871779754e-06
63.800000000000054,8.134866842746035e-06
63.900000000000055,8.597443979802364e-06
64.00000000000006,9.085251416963007e-06
64.10000000000005,9.599602158170888e-06
64.20000000000006,1.014187394967583e-05
64.30000000000005,1.071351227588428e-05
64.40000000000006,1.1316033483488748e-05
64.50000000000006,1.195102803884489e-05
64.60000000000005,1.2620163923734634e-05
64.70000000000006,1.3325190174822254e-05
64.80000000000005,1.4067940572287769e-05
64.90000000000006,1.4850337483304588e-05
65.00000000000006,1.5674395866207886e-05
65.10000000000005,1.6542227441397823e-05
65.20000000000006,1.7456045035209117e-05
65.30000000000005,1.8418167103181843e-05
65.40000000000006,1.943102243937323e-05
65.50000000000006,2.0497155078554155e-05
65.60000000000005,2.1619229398355838e-05
65.70000000000006,2.2800035428642877e-05
65.80000000000005,2.404249437561785e-05
65.90000000000006,2.534966436839216e-05
66.00000000000006,2.6724746435985362e-05
66.10000000000005,2.8171090722963008e-05
66.20000000000006,2.969220295215891e-05
66.30000000000005,3.1291751143181043e-05
66.40000000000006,3.297357259565642e-05
66.50000000000006,3.47416811464202e-05
66.60000000000005,3.6600274710132885e-05
66.70000000000006,3.855374311306339e-05
66.80000000000005,4.060667623006014e-05
66.90000000000006,4.2763872435012495e-05
67.00000000000006,4.5030347375375285e-05
67.10000000000007,4.7411343081641185e-05
67.20000000000006,4.991233742291295e-05
67.30000000000005,5.253905392005188e-05
67.40000000000006,5.5297471928162906e-05
67.50000000000006,5.819383720049143e-05
67.60000000000007,6.123467284612943e-05
67.70000000000006,6.442679069422182e-05
67.80000000000005,6.777730307771538e-05
67.90000000000006,7.129363504998975e-05
68.00000000000006,7.498353704805774e-05
68.10000000000007,7.885509801635431e-05
68.20000000000006,8.291675900545666e-05
68.30000000000005,8.717732726044067e-05
68.40000000000006,9.164599081390288e-05
68.50000000000006,9.633233359903398e-05
68.60000000000007,0.00010124635109848862
68.70000000000006,0.00010639846654512432
68.80000000000005,0.00011179954769107266
68.90000000000006,0.0001174609241619306
69.00000000000006,0.00012339440541323692
69.10000000000007,0.0001296122993067714
69.20000000000006,0.00013612743132453974
69.30000000000005,0.00014295316443872235
69.40000000000006,0.00015010341965618107
69.50000000000006,0.0001575926972565124
69.60000000000007,0.00016543609874300713
69.70000000000006,0.0001736493495261959
69.80000000000007,0.00018224882236009328
69.90000000000006,0.00019125156155154312
70.00000000000006,0.00020067530796348955
70.10000000000007,0.00021053852483331515
70.20000000000006,0.00022086042442775425
70.30000000000007,0.00023166099555627532
70.40000000000006,0.00024296103196509854
70.50000000000006,0.00025478216163445875
70.60000000000007,0.0002671468770019674
70.70000000000006,0.00028007856613532705
70.80000000000007,0.0002936015448779649
70.90000000000006,0.0003077410899914323
71.00000000000006,0.00032252347331880945
71.10000000000007,0.00033797599699356883
71.20000000000006,0.0003541270297187121
71.30000000000007,0.0003710060441412811
71.40000000000006,0.00038864365534754575
71.50000000000006,0.0004070716605045518
71.60000000000007,0.00042632307967385366
71.70000000000006,0.00044643219782355595
71.80000000000007,0.0004674346080650389
71.90000000000006,0.0004893672561408427
72.00000000000006,0.0005122684861905316
72.10000000000007,0.0005361780878214125
72.20000000000006,0.0005611373445111791
72.30000000000007,0.0005871890833697743
72.40000000000006,0.0006143777262877247
72.50000000000006,0.0006427493424984766
72.60000000000007,0.0006723517025822123
72.70000000000006,0.0007032343339387276
72.80000000000007,0.0007354485777570518
72.90000000000006,0.0007690476475093296
73.00000000000006,0.000804086688996692
73.10000000000007,0.0008406228419745718
73.20000000000006,0.0008787153033849783
73.30000000000007,0.0009184253922232002
73.40000000000006,0.0009598166160659971
73.50000000000007,0.0010029547392885632
73.60000000000007,0.0010479078529969437
73.70000000000006,0.0010947464467027045
73.80000000000007,0.0011435434817660913
73.90000000000006,0.0011943744666337564
74.00000000000007,0.0012473175338968555
74.10000000000007,0.0013024535191946027
74.20000000000006,0.0013598660419884066
74.30000000000007,0.0014196415882307936
74.40000000000006,0.0014818695949530337
74.50000000000007,0.0015466425367949043
74.60000000000007,0.0016140560144990326
74.70000000000006,0.0016842088453921397
74.80000000000007,0.0017572031558742373
74.90000000000006,0.0018331444759364483
75.00000000000007,0.0019121418357272396
75.10000000000007,0.001994307864185718
75.20000000000006,0.002079758889760173
75.30000000000007,0.002168615043228549
75.40000000000006,0.002261000362636865
75.50000000000007,0.0023570429003704546
75.60000000000007,0.002456874832371345
75.70000000000006,0.002560632569514519
75.80000000000007,0.0026684568711538544
75.90000000000006,0.0027804929608475585
76.00000000000007,0.0028968906442715385
76.10000000000007,0.0030178044293271635
76.20000000000007,0.0031433936484490882
76.30000000000007,0.0032738225831162493
76.40000000000006,0.0034092605905683806
76.50000000000007,0.0035498822327278156
76.60000000000007,0.0036958674073248395
76.70000000000007,0.0038474014812232608
76.80000000000007,0.004004675425939872
76.90000000000006,0.004167885955350726
77.00000000000007,0.004337235665573684
77.10000000000007,0.004512933177015258
77.20000000000007,0.0046951932785675304
77.30000000000007,0.004884237073937549
77.40000000000006,0.005080292130090564
77.50000000000007,0.005283592627784506
77.60000000000007,0.00549437951417133
77.70000000000007,0.005712900657438108
77.80000000000007,0.00593941100345703
77.90000000000006,0.006174172734412133
78.00000000000007,0.00641745542936585
78.10000000000007,0.006669536226726685
78.20000000000007,0.0069306999885759
78.30000000000007,0.007201239466807081
78.40000000000006,0.007481455471030557
78.50000000000007,0.007771657038189686
78.60000000000007,0.008072161603833604
78.70000000000007,0.008383295174987548
78.80000000000007,0.008705392504556783
78.90000000000006,0.009038797267198757
79.00000000000007,0.009383862236591881
79.10000000000007,0.00974094946402703
79.20000000000007,0.01011043045824385
79.30000000000007,0.010492686366428413
79.40000000000006,0.010888108156287012
79.50000000000007,0.011297096799104313
79.60000000000007,0.011720063453691329
79.70000000000007,0.012157429651124459
79.80000000000007,0.012609627480170556
79.90000000000008,0.013077099773291669
80.00000000000007,0.013560300293114745
80.10000000000007,0.014059693919251074
80.20000000000007,0.014575756835341869
80.30000000000007,0.015108976716203957
80.40000000000008,0.01565985291494507
80.50000000000007,0.016228896649910472
80.60000000000007,0.016816631191322436
80.70000000000007,0.01742359204746453
80.80000000000007,0.018050327150260493
80.90000000000008,0.01869739704009319
81.00000000000007,0.019365375049700043
81.10000000000007,0.020054847486982424
81.20000000000007,0.020766413816555272
81.30000000000007,0.021500686839862466
81.40000000000008,0.022258292873677345
81.50000000000007,0.023039871926800532
81.60000000000007,0.023846077874766176
81.70000000000007,0.024677578632358647
81.80000000000007,0.025535056323738665
81.90000000000008,0.026419207449974228
82.00000000000007,0.027330743053761986
82.10000000000007,0.02827038888112608
82.20000000000007,0.029238885539870484
82.30000000000007,0.03023698865455945
82.40000000000008,0.03126546901779675
82.50000000000007,0.03232511273756409
82.60000000000008,0.0334167213803824
82.70000000000007,0.03454111211004652
82.80000000000007,0.035699117821687165
82.90000000000008,0.03689158727090251
83.00000000000007,0.03811938519770192
83.10000000000008,0.03938339244499995
83.20000000000007,0.04068450607138938
83.30000000000007,0.042023639457926545
83.40000000000008,0.04340172240864923
83.50000000000007,0.04481970124454936
83.60000000000008,0.04627853889071919
83.70000000000007,0.04777921495637996
83.80000000000007,0.04932272580750821
83.90000000000008,0.05091008463176171
84.00000000000007,0.05254232149541092
84.10000000000008,0.054220483391978214
84.20000000000007,0.05594563428227812
84.30000000000007,0.05771885512556072
84.40000000000008,0.059541243901445336
84.50000000000007,0.061413915622338736
84.60000000000008,0.06333800233602953
84.70000000000007,0.06531465311814029
84.80000000000007,0.06734503405413182
84.90000000000008,0.06943032821053871
85.00000000000007,0.07157173559512288
85.10000000000008,0.07377047310563317
85.20000000000007,0.07602777446684687
85.30000000000007,0.0783448901555866
85.40000000000008,0.08072308731338934
85.50000000000007,0.08316364964651599
85.60000000000008,0.08566787731298971
85.70000000000007,0.08823708679634429
85.80000000000007,0.09087261076578022
85.90000000000008,0.09357579792241134
86.00000000000007,0.09634801283129987
86.10000000000008,0.099190635738979
86.20000000000007,0.10210506237615334
86.30000000000008,0.10509270374529278
86.40000000000008,0.10815498589281354
86.50000000000007,0.11129334966556934
86.60000000000008,0.1145092504513602
86.70000000000007,0.117804157903182
86.80000000000008,0.12117955564694916
86.90000000000008,0.1246369409724108
87.00000000000007,0.12817782450701398
87.10000000000008,0.13180372987244693
87.20000000000007,0.13551619332362017
87.30000000000008,0.13931676336985208
87.40000000000008,0.14320700037801357
87.50000000000007,0.147188476157426
87.60000000000008,0.15126277352628414
87.70000000000007,0.15543148585940725
87.80000000000008,0.15969621661712782
87.90000000000008,0.16405857885512154
88.00000000000007,0.16852019471502233
88.10000000000008,0.1730826948956467
88.20000000000007,0.17774771810468282
88.30000000000008,0.18251691049071458
88.40000000000008,0.18739192505543953
88.50000000000007,0.1923744210459885
88.60000000000008,0.19746606332723363
88.70000000000007,0.2026685217340066
88.80000000000008,0.20798347040316728
88.90000000000008,0.2134125870854487
89.00000000000009,0.21895755243706497
89.10000000000008,0.22462004929103352
89.20000000000007,0.23040176190823222
89.30000000000008,0.23630437520818015
89.40000000000008,0.24232957397957897
89.50000000000009,0.24847904207067006
89.60000000000008,0.2547544615594486
89.70000000000007,0.26115751190384295
89.80000000000008,0.2676898690719414
89.90000000000008,0.2743532046523909
90.00000000000009,0.2811491849451215
90.10000000000008,0.2880794700325307
90.20000000000007,0.2951457128313389
90.30000000000008,0.3023495581252894
90.40000000000008,0.30969264157893006
90.50000000000009,0.3171765887327252
90.60000000000008,0.32480301397974
90.70000000000007,0.33257351952421504
90.80000000000008,0.34048969432231424
90.90000000000008,0.3485531130053851
91.00000000000009,0.3567653347861022
91.10000000000008,0.36512790234783543
91.20000000000007,0.37364234071768476
91.30000000000008,0.38231015612356734
91.40000000000008,0.3911328348358219
91.50000000000009,0.4001118419938073
91.60000000000008,0.40924862041795984
91.70000000000007,0.41854458940786204
91.80000000000008,0.4280011435268337
91.90000000000008,0.4376196513736169
92.00000000000009,0.44740145434176287
92.10000000000008,0.45734786536729055
92.20000000000007,0.46746016766529724
92.30000000000008,0.477739613456145
92.40000000000008,0.4881874226819132
92.50000000000009,0.49880478171384296
92.60000000000008,0.5095928420514595
92.70000000000009,0.5205527190141715
92.80000000000008,0.5316854904260727
92.90000000000008,0.5429921952947868
93.00000000000009,0.5544738324851383
93.10000000000008,0.5661313593884995
93.20000000000009,0.5779656905886976
93.30000000000008,0.589977696525319
93.40000000000008,0.6021682021553612
93.50000000000009,0.6145379856141245
93.60000000000008,0.6270877768762904
93.70000000000009,0.6398182564181756
93.80000000000008,0.652730053882097
93.90000000000008,0.6658237467439018
94.00000000000009,0.6790998589846323
94.10000000000008,0.6925588597673827
94.20000000000009,0.7062011621204146
94.30000000000008,0.7200271216275527
94.40000000000008,0.7340370351270001
94.50000000000009,0.7482311394196219
94.60000000000008,0.7626096099878247
94.70000000000009,0.7771725597261773
94.80000000000008,0.7919200376848575
94.90000000000008,0.8068520278271296
95.00000000000009,0.8219684478019604
95.10000000000008,0.8372691477329588
95.20000000000009,0.8527539090248342
95.30000000000008,0.8684224431885037
95.40000000000009,0.8842743906861013
95.50000000000009,0.9003093197970138
95.60000000000008,0.9165267255062088
95.70000000000009,0.932926028416004
95.80000000000008,0.9495065736824971
95.90000000000009,0.9662676299778935
96.00000000000009,0.9832083884798686
96.10000000000008,1.0003279618892484
96.20000000000009,1.0176253834771432
96.30000000000008,1.0350996061627598
96.40000000000009,1.0527495016231119
96.50000000000009,1.0705738594357506
96.60000000000008,1.0885713862557709
96.70000000000009,1.1067407050282088
96.80000000000008,1.1250803542370058
96.90000000000009,1.1435887871917345
97.00000000000009,1.162264371353139
97.10000000000008,1.1811053876987172
97.20000000000009,1.200110030129369
97.30000000000008,1.21927640491825
97.40000000000009,1.238602530202921
97.50000000000009,1.2580863355217986
97.60000000000008,1.2777256613960113
97.70000000000009,1.2975182589576297
97.80000000000008,1.3174617896252743
97.90000000000009,1.3375538248281165
98.00000000000009,1.3577918457791383
98.10000000000008,1.3781732432986595
98.20000000000009,1.3986953176889518
98.30000000000008,1.4193552786608339
98.40000000000009,1.440150245313105
98.50000000000009,1.4610772461655488
98.60000000000008,1.4821332192463619
98.70000000000009,1.5033150122346668
98.80000000000008,1.5246193826588414
98.90000000000009,1.5460429981513557
99.00000000000009,1.5675824367606617
99.1000000000001,1.5892341873208258
99.20000000000009,1.6109946498793433
99.30000000000008,1.6328601361837443
99.40000000000009,1.6548268702273712
99.50000000000009,1.6768909888547867
99.6000000000001,1.6990485424272102
99.70000000000009,1.7212954955482516
99.80000000000008,1.7436277278503094
99.90000000000009,1.7660410348418019
100.00000000000009,1.7885311288154542
100.1000000000001,1.811093639817814
100.20000000000009,1.8337241166800182
100.30000000000008,1.8564180281099423
100.40000000000009,1.8791707638456554
100.50000000000009,1.9019776358701534
100.6000000000001,1.924833879687291
100.70000000000009,1.9477346556586805
100.80000000000008,1.9706750504014323
100.90000000000009,1.9936500782463953
101.00000000000009,2.0166546827566076
101.1000000000001,2.039683738305619
101.20000000000009,2.062732051715176
101.30000000000008,2.085794363951879
101.40000000000009,2.1088653518822036
101.50000000000009,2.131939630085321
101.6000000000001,2.1550117527231047
101.70000000000009,2.1780762154665436
101.8000000000001,2.2011274574779027
101.90000000000009,2.224159863447728
102.00000000000009,2.2471677656859166
102.1000000000001,2.270145446265866
102.20000000000009,2.293087139220757
102.3000000000001,2.3159870327909786
102.40000000000009,2.3388392717215334
102.50000000000009,2.3616379596083936
102.6000000000001,2.3843771612925373
102.70000000000009,2.4070509053004723
102.8000000000001,2.429653186329985
102.90000000000009,2.4521779677797024
103.00000000000009,2.4746191843211838
103.1000000000001,2.496970744512021
103.20000000000009,2.519226533448505
103.3000000000001,2.541380415456361
103.40000000000009,2.563426236817901
103.50000000000009,2.585357828534075
103.6000000000001,2.607169009119675
103.70000000000009,2.628853587430033
103.8000000000001,2.650405365517487
103.90000000000009,2.671818141515767
104.00000000000009,2.6930857125505683
104.1000000000001,2.714201877674377
104.20000000000009,2.735160440823689
104.3000000000001,2.7559552137967263
104.40000000000009,2.776580019249612
104.50000000000009,2.7970286937091142
104.6000000000001,2.817295090599855
104.70000000000009,2.837373083283978
104.8000000000001,2.857256568111232
104.90000000000009,2.8769394674772983
105.00000000000009,2.896415732888333
105.1000000000001,2.9156793480295264
105.20000000000009,2.934724331835536
105.3000000000001,2.9535447415606653
105.40000000000009,2.9721346758465264
105.5000000000001,2.9904882777850736
105.6000000000001,3.008599737974719
105.70000000000009,3.026463297567386
105.8000000000001,3.0440732513042286
105.90000000000009,3.0614239505377965
106.0000000000001,3.0785098062384586
106.1000000000001,3.0953252919827854
106.20000000000009,3.111864946921736
106.3000000000001,3.128123378726376
106.40000000000009,3.144095266508921
106.5000000000001,3.1597753637169306
106.6000000000001,3.1751585009983967
106.70000000000009,3.190239589035606
106.8000000000001,3.205013621345556
106.90000000000009,3.2194756770447897
107.0000000000001,3.2336209235765407
107.1000000000001,3.2474446193980224
107.20000000000009,3.260942116625835
107.3000000000001,3.274108863637374
107.40000000000009,3.2869404076262296
107.5000000000001,3.2994323971095842
107.6000000000001,3.311580584385589
107.70000000000009,3.323380827938835
107.8000000000001,3.3348290947919663
107.90000000000009,3.3459214628015803
108.0000000000001,3.3566541228966176
108.1000000000001,3.367023381257396
108.2000000000001,3.3770256614336005
108.3000000000001,3.3866575063994877
108.40000000000009,3.395915580544685
108.5000000000001,3.40479667159895
108.6000000000001,3.413297692489358
108.7000000000001,3.4214156831284077
108.8000000000001,3.4291478121315873
108.90000000000009,3.4364913784630224
109.0000000000001,3.443443813007849
109.1000000000001,3.4500026800700425
109.2000000000001,3.456165678794478
109.3000000000001,3.4619306445120546
109.40000000000009,3.4672955500067904
109.5000000000001,3.4722585067038434
109.6000000000001,3.4768177657774837
109.7000000000001,3.4809717191781178
109.8000000000001,3.484718900577502
109.90000000000009,3.488057986231385
110.0000000000001,3.49098779575886
110.1000000000001,3.4935072928377835
110.2000000000001,3.4956155858156905
110.3000000000001,3.4973119282357032
110.40000000000009,3.498595719276991
110.5000000000001,3.499466504109432
110.6000000000001,3.499923974162164
110.7000000000001,3.4999603578107887
110.8000000000001,3.4995030886286753
110.90000000000009,3.4985343070683608
111.0000000000001,3.4970544379728286
111.1000000000001,3.4950641301625383
111.2000000000001,3.492564255961341
111.3000000000001,3.489555910559301
111.40000000000009,3.4860404112130667
111.5000000000001,3.4820192962846104
111.6000000000001,3.4774943241193252
111.7000000000001,3.472467471764611
111.8000000000001,3.4669409335302737
111.9000000000001,3.4609171193921884
112.0000000000001,3.4543986532408693
112.1000000000001,3.44738837097671
112.2000000000001,3.4398893184538433
112.3000000000001,3.4319047492747083
112.4000000000001,3.4234381224375436
112.5000000000001,3.414493099839213
112.6000000000001,3.405073543635862
112.7000000000001,3.395183513464083
112.8000000000001,3.3848272635253953
112.9000000000001,3.3740092395369383
113.0000000000001,3.3627340755514856
113.1000000000001,3.35100659064991
113.2000000000001,3.3388317855094503
113.3000000000001,3.3262148388511803
113.4000000000001,3.31316110377019
113.5000000000001,3.299676103952174
113.6000000000001,3.2857655297801003
113.7000000000001,3.2714352343348594
113.8000000000001,3.256691229293793
113.9000000000001,3.2415396807311168
114.0000000000001,3.2259869048243797
114.1000000000001,3.2100393634710884
114.2000000000001,3.1937036598197945
114.3000000000001,3.1769865337199503
114.4000000000001,3.159894857094892
114.5000000000001,3.1424356292424447
114.60000000000011,3.124615972067569
114.7000000000001,3.1064431252516633
114.8000000000001,3.087924441363015
114.9000000000001,3.069067380913081
115.0000000000001,3.049879507363205
115.10000000000011,3.030368482086414
115.2000000000001,3.010542059289034
115.3000000000001,2.990408080896737
115.4000000000001,2.96997447140979
115.5000000000001,2.9492492327321758
115.60000000000011,2.928240438979252
115.7000000000001,2.906956231268702
115.8000000000001,2.885404812499371
115.9000000000001,2.8635944421226984
116.0000000000001,2.8415334309113436
116.10000000000011,2.819230135729576
116.2000000000001,2.796692954310047
116.3000000000001,2.77393032004138
116.4000000000001,2.750950696771117
116.5000000000001,2.7277625736284086
116.60000000000011,2.7043744598707846
116.7000000000001,2.680794879759378
116.8000000000001,2.6570323674667478
116.9000000000001,2.6330954620215463
117.0000000000001,2.608992702294097
117.10000000000011,2.5847326220268605
117.2000000000001,2.560323744913808
117.3000000000001,2.5357745797324567
117.4000000000001,2.5110936155323977
117.5000000000001,2.486289316883969
117.60000000000011,2.461370119190592
117.7000000000001,2.4363444240683387
117.8000000000001,2.411220594795998
117.9000000000001,2.3860069518389784
118.0000000000001,2.3607117684501886
118.10000000000011,2.335343266350884
118.2000000000001,2.3099096114945126
118.30000000000011,2.2844189099162686
118.4000000000001,2.25887920367116
118.5000000000001,2.2332984668630558
118.60000000000011,2.2076846017672804
118.7000000000001,2.182045435049036
118.80000000000011,2.1563887140798363
118.9000000000001,2.130722103354136
119.0000000000001,2.105053181008002
119.10000000000011,2.0793894354417586
119.2000000000001,2.0537382620482667
119.30000000000011,2.0281069600483947
119.4000000000001,2.002502729435218
119.5000000000001,1.9769326680281543
119.60000000000011,1.9514037686383348
119.7000000000001,1.9259229163462264
119.80000000000011,1.9004968858924245
119.9000000000001,1.8751323391824992
120.0000000000001,1.8498358229064953
120.10000000000011,1.8246137662737145
120.2000000000001,1.7994724788631973
120.30000000000011,1.7744181485901636
120.4000000000001,1.74945683978871
120.5000000000001,1.7245944914107094
120.60000000000011,1.699836915340964
120.7000000000001,1.6751897948284
120.80000000000011,1.6506586830329928
120.9000000000001,1.62624900168811
121.00000000000011,1.601966039877659
121.10000000000011,1.5778149529275298
121.2000000000001,1.5538007614105056
121.30000000000011,1.5299283502638934
121.4000000000001,1.5062024680189172
121.50000000000011,1.4826277261408036
121.60000000000011,1.4592085984785177
121.7000000000001,1.4359494208228327
121.80000000000011,1.4128543905714999
121.9000000000001,1.3899275665000899
122.00000000000011,1.3671728686369844
122.10000000000011,1.3445940782410348
122.2000000000001,1.3221948378801456
122.30000000000011,1.299978651609141
122.4000000000001,1.277948885245087
122.50000000000011,1.2561087667381778
122.60000000000011,1.2344613866363356
122.7000000000001,1.2130096986414365
122.80000000000011,1.1917565202551907
122.9000000000001,1.1707045335125474
123.00000000000011,1.1498562858004184
123.10000000000011,1.1292141907596078
123.2000000000001,1.108780529267593
123.30000000000011,1.0885574504999405
123.4000000000001,1.068546973067992
123.50000000000011,1.0487509862304254
123.60000000000011,1.029171251176356
123.7000000000001,1.009809402377474
123.80000000000011,0.9906669490068184
123.9000000000001,0.9717452764217008
124.00000000000011,0.953045647708241
124.10000000000011,0.9345692052850808
124.2000000000001,0.9163169725636715
124.30000000000011,0.898289855662669
124.4000000000001,0.88048864517387
124.50000000000011,0.8629140179771292
124.60000000000011,0.845566539101774
124.70000000000012,0.8284466636319088
124.80000000000011,0.8115547386531509
124.9000000000001,0.7948910052382027
125.00000000000011,0.77845560046881
125.10000000000011,0.7622485594915833
125.20000000000012,0.7462698176051823
125.30000000000011,0.7305192123764566
125.4000000000001,0.7149964857830392
125.50000000000011,0.6997012863800324
125.60000000000011,0.684633171488374
125.70000000000012,0.6697916094025067
125.80000000000011,0.6551759816150695
125.9000000000001,0.6407855850562577
126.00000000000011,0.6266196343456366
126.10000000000011,0.6126772640541679
126.20000000000012,0.5989575309742383
126.30000000000011,0.585459416395597
126.4000000000001,0.5721818283850354
126.50000000000011,0.5591236040677997
126.60000000000011,0.5462835119086942
126.70000000000012,0.5336602539908926
126.80000000000011,0.521252468290573
126.9000000000001,0.5090587309454513
127.00000000000011,0.49707755851542873
127.10000000000011,0.48530741023355933
127.20000000000012,0.4737466902455977
127.30000000000011,0.46239374983649434
127.40000000000012,0.45124688964216925
127.50000000000011,0.440304361845046
127.60000000000011,0.429564372351786
127.70000000000012,0.41902508295180535
127.80000000000011,0.4086846134551484
127.90000000000012,0.39854104380836325
128.0000000000001,0.38859241618711415
128.1000000000001,0.3788367370642553
128.2000000000001,0.36927197925221483
128.30000000000013,0.3598960839185417
128.40000000000012,0.350706962573564
128.5000000000001,0.34170249902909977
128.6000000000001,0.33288055132731714
128.7000000000001,0.32423895363878913
128.80000000000013,0.31577551812890925
128.90000000000012,0.3074880367918782
129.0000000000001,0.2993742832514806
129.1000000000001,0.2914320145280067
129.2000000000001,0.28365897277064384
129.30000000000013,0.276052886954759
129.40000000000012,0.2686114745435489
129.5000000000001,0.26133244311353415
129.6000000000001,0.2542134919435056
129.7000000000001,0.24725231356650001
129.80000000000013,0.24044659528447526
129.90000000000012,0.2337940206453995
130.0000000000001,0.22729227088247825
130.1000000000001,0.22093902631535353
130.2000000000001,0.2147319677130865
130.30000000000013,0.2086687776188183
130.40000000000012,0.20274714163604174
130.5000000000001,0.196964749676425
130.6000000000001,0.19131929716922777
130.7000000000001,0.18580848623232854
130.80000000000013,0.18043002680495412
130.90000000000012,0.17518163774223644
131.0000000000001,0.17006104787172893
131.1000000000001,0.16506599701209793
131.2000000000001,0.16019423695418875
131.30000000000013,0.1554435324047241
131.40000000000012,0.15081166189292483
131.5000000000001,0.14629641864034157
131.6000000000001,0.1418956113942663
131.7000000000001,0.13760706522506594
131.80000000000013,0.13342862228783814
131.90000000000012,0.12935814254880892
132.0000000000001,0.12539350447689349
132.1000000000001,0.12153260570090314
132.2000000000001,0.11777336363286231
132.30000000000013,0.11411371605794027
132.40000000000012,0.11055162169152295
132.5000000000001,0.10708506070394261
132.6000000000001,0.10371203521343994
132.70000000000013,0.10043056974790633
132.80000000000013,0.09723871167599951
132.90000000000012,0.09413453160820935
133.0000000000001,0.09111612376849758
133.1000000000001,0.08818160633711117
133.20000000000013,0.08532912176519869
133.30000000000013,0.0825568370618665
133.40000000000012,0.07986294405430218
133.5000000000001,0.07724565962162762
133.6000000000001,0.0747032259031219
133.70000000000013,0.07223391048147511
133.80000000000013,0.06983600654173525
133.90000000000012,0.067507833006602
134.0000000000001,0.06524773464874614
134.1000000000001,0.06305408218080848
134.20000000000013,0.060925272323750904
134.30000000000013,0.05885972785422559
134.40000000000012,0.05685589763161976
134.5000000000001,0.0549122566054499
134.6000000000001,0.05302730580375624
134.70000000000013,0.05119957230315787
134.80000000000013,0.049427609181223305
134.90000000000012,0.047709995451796564
135.0000000000001,0.046045335983933317
135.1000000000001,0.04443226140507496
135.20000000000013,0.04286942798909577
135.30000000000013,0.04135551752984841
135.40000000000012,0.039889237200819126
135.5000000000001,0.03846931940150998
135.6000000000001,0.03709452159114328
135.70000000000013,0.03576362611028262
135.80000000000013,0.034475439990956765
135.90000000000012,0.03322879475585444
136.0000000000001,0.03202254620716302
136.1000000000001,0.030855574205600395
136.20000000000013,0.02972678244018643
136.30000000000013,0.028635098189290366
136.40000000000012,0.02757947207347288
136.5000000000001,0.026558877800642082
136.6000000000001,0.02557231190402036
136.70000000000013,0.024618793473414394
136.80000000000013,0.023697363880268416
136.90000000000012,0.022807086496965015
137.0000000000001,0.021947046410833844
137.1000000000001,0.02111635013330945
137.20000000000013,0.020314125304671457
137.30000000000013,0.019539520394789033
137.40000000000012,0.01879170440027504
137.5000000000001,0.018069866538451267
137.6000000000001,0.017373215938506124
137.70000000000013,0.016700981330219442
137.80000000000013,0.016052410730616
137.90000000000012,0.015426771128894703
138.0000000000001,0.014823348169974741
138.1000000000001,0.01424144583698163
138.20000000000013,0.01368038613298882
138.30000000000013,0.013139508762317955
138.40000000000012,0.012618170811687143
138.5000000000001,0.012115746431490286
138.60000000000014,0.011631626517473875
138.70000000000013,0.011165218393070933
138.80000000000013,0.01071594549263664
138.90000000000012,0.010283247045824747
139.0000000000001,0.009866577763328199
139.10000000000014,0.009465407524199854
139.20000000000013,0.00907922106495868
139.30000000000013,0.00870751767067463
139.40000000000012,0.008349810868219402
139.5000000000001,0.008005628121856425
139.60000000000014,0.007674510531336624
139.70000000000013,0.007356012532656668
139.80000000000013,0.0070497016016256115
139.90000000000012,0.006755157960380309
140.0000000000001,0.006471974286977821
140.10000000000014,0.006199755428186573
140.20000000000013,0.0059381181155896785
140.30000000000013,0.005686690685104079
140.40000000000012,0.005445112800014359
140.5000000000001,0.0052130351776093695
140.60000000000014,0.004990119319504287
140.70000000000013,0.004776037245723345
140.80000000000013,0.004570471232610215
140.90000000000012,0.004373113554628633
141.0000000000001,0.0041836662301069335
141.10000000000014,0.00400184077097541
141.20000000000013,0.003827357936538944
141.30000000000013,0.0036599474913206415
141.40000000000012,0.0034993479670084302
141.5000000000001,0.003345306428529051
141.60000000000014,0.0031975782442699515
141.70000000000013,0.00305592686046436
141.80000000000013,0.002920123579749127
141.90000000000012,0.002789947343901907
142.0000000000001,0.0026651845207581585
142.10000000000014,0.002545628695305226
142.20000000000013,0.002431080464946577
142.30000000000013,0.002321347238924743
142.40000000000012,0.0022162430418890605
142.5000000000001,0.0021155883215896285
142.60000000000014,0.002019209760676236
142.70000000000013,0.0019269400925778712
142.80000000000013,0.0018386179214348992
142.90000000000012,0.0017540875460541627
143.0000000000001,0.0016731987878536002
143.10000000000014,0.0015958068227611738
143.20000000000013,0.0015217720170304122
143.30000000000013,0.0014509597669323203
143.40000000000012,0.0013832403422821317
143.5000000000001,0.0013184887337567555
143.60000000000014,0.0012565845039573908
143.70000000000013,0.0011974116421702033
143.80000000000013,0.0011408584227760954
143.90000000000012,0.0010868172672598437
144.0000000000001,0.0010351846097670255
144.10000000000014,0.0009858607661564229
144.20000000000013,0.000938749806494479
144.30000000000013,0.0008937594309372857
144.40000000000012,0.0008508008489452226
144.5000000000001,0.000809788661774183
144.60000000000014,0.0007706407481870384
144.70000000000013,0.0007332781533284249
144.80000000000013,0.0006976249807053256
144.90000000000012,0.0006636082872159662
145.0000000000001,0.0006311579811689238
145.10000000000014,0.0006002067232343565
145.20000000000013,0.000570689830269206
145.30000000000013,0.0005425451819579814
145.40000000000012,0.0005157131302110971
145.50000000000014,0.0004901364112625391
145.60000000000014,0.0004657600604090193
145.70000000000013,0.00044253132933279294
145.80000000000013,0.00042039960595086637
145.90000000000012,0.0003993163367333967
146.00000000000014,0.00037923495143459007
146.10000000000014,0.00036011079017985755
146.20000000000013,0.00034190103285331244
146.30000000000013,0.0003245646307304129
146.40000000000012,0.0003080622403009039
146.50000000000014,0.00029235615922790323
146.60000000000014,0.0002774102643895738
146.70000000000013,0.00026318995195040353
146.80000000000013,0.0002496620794099132
146.90000000000012,0.0002367949095771665
147.00000000000014,0.00022455805642027487
147.10000000000014,0.00021292243274079997
147.20000000000013,0.0002018601996236688
147.30000000000013,0.00019134471761410413
147.40000000000012,0.00018135049957374768
147.50000000000014,0.00017185316516902323
147.60000000000014,0.0001628293969456053
147.70000000000013,0.00015425689794362242
147.80000000000013,0.0001461143508091729
147.90000000000012,0.00013838137835844928
148.00000000000014,0.00013103850555170064
148.10000000000014,0.00012406712283508645
148.20000000000013,0.00011744945080930215
148.30000000000013,0.00011116850618478093
148.40000000000012,0.00010520806898405532
148.50000000000014,9.955265095277416e-05
148.60000000000014,9.418746514169987e-05
148.70000000000013,8.909839662285257e-05
148.80000000000013,8.427197430385472e-05
148.90000000000012,7.969534380532448e-05
149.00000000000014,7.535624136703344e-05
149.10000000000014,7.124296874937329e-05
149.20000000000013,6.734436909747612e-05
149.30000000000013,6.36498037361919e-05
149.40000000000012,6.014912986489213e-05
149.50000000000014,5.68326791218935e-05
149.60000000000014,5.369123698908201e-05
149.70000000000013,5.071602300808183e-05
149.80000000000013,4.789867178011352e-05
149.90000000000012,4.523121472241327e-05
150.00000000000014,4.2706062554853266e-05
150.10000000000014,4.031598849113454e-05
150.20000000000013,3.805411210963875e-05
150.30000000000013,3.5913883879759246e-05
150.40000000000012,3.3889070320209176e-05
150.50000000000014,3.1973739766505635e-05
150.60000000000014,3.0162248725504186e-05
150.70000000000013,2.8449228795507572e-05
150.80000000000013,2.6829574131143113e-05
150.90000000000012,2.529842943281953e-05
151.00000000000014,2.385117844120744e-05
151.10000000000014,2.248343291779863e-05
151.20000000000013,2.119102209318666e-05
151.30000000000013,1.9969982565309705e-05
151.40000000000015,1.8816548630452233e-05
151.50000000000014,1.772714303037075e-05
151.60000000000014,1.6698368099442185e-05
151.70000000000013,1.5726997296277656e-05
151.80000000000013,1.4809967104749614e-05
151.90000000000015,1.3944369289893582e-05
152.00000000000014,1.3127443494635693e-05
152.10000000000014,1.2356570163774168e-05
152.20000000000013,1.1629263782116221e-05
152.30000000000013,1.0943166414120082e-05
152.40000000000015,1.0296041532837681e-05
152.50000000000014,9.685768126383842e-06
152.60000000000014,9.110335070572727e-06
152.70000000000013,8.567835756775073e-06
152.80000000000013,8.05646296443771e-06
152.90000000000015,7.574503968094939e-06
153.00000000000014,7.120335869072421e-06
153.10000000000014,6.692421142443168e-06
153.20000000000013,6.289303390150135e-06
153.30000000000013,5.909603291544917e-06
153.40000000000015,5.5520147429239205e-06
153.50000000000014,5.215301177962211e-06
153.60000000000014,4.898292061252148e-06
153.70000000000013,4.599879547456797e-06
153.80000000000013,4.319015298873691e-06
153.90000000000015,4.054707454487232e-06
154.00000000000014,3.8060177438583774e-06
154.10000000000014,3.572058739461002e-06
154.20000000000013,3.351991241330221e-06
154.30000000000013,3.1450217881297703e-06
154.40000000000015,2.95040028898389e-06
154.50000000000014,2.7674177706467624e-06
154.60000000000014,2.595404234802194e-06
154.70000000000013,2.4337266205006694e-06
154.80000000000013,2.2817868669440016e-06
154.90000000000015,2.1390200720269794e-06
155.00000000000014,2.004892742235862e-06
155.10000000000014,1.878901129686729e-06
155.20000000000013,1.7605696522652424e-06
155.30000000000013,1.6494493929985515e-06
155.40000000000015,1.5451166749552765e-06
155.50000000000014,1.4471717081275671e-06
155.60000000000014,1.3552373049009343e-06
155.70000000000013,1.2689576608650339e-06
155.80000000000013,1.1879971978584783e-06
155.90000000000015,1.1120394662767419e-06
156.00000000000014,1.0407861038025325e-06
156.10000000000014,9.739558478426014e-07
156.20000000000013,9.112835990760552e-07
156.30000000000013,8.525195336339714e-07
156.40000000000015,7.974282615413815e-07
156.50000000000014,7.457880291592146e-07
156.60000000000014,6.973899634655692e-07
156.70000000000013,6.520373561143419e-07
156.80000000000013,6.095449853026141e-07
156.90000000000015,5.69738473568809e-07
157.00000000000014,5.324536797299372e-07
157.10000000000014,4.97536123248906e-07
157.20000000000013,4.648404394026904e-07
157.30000000000013,4.3422986369769905e-07
157.40000000000015,4.0557574405185184e-07
157.50000000000014,3.787570793324513e-07
157.60000000000014,3.536600829056067e-07
157.70000000000013,3.3017776991705125e-07
157.80000000000013,3.0820956708502283e-07
157.90000000000015,2.876609438444735e-07
158.00000000000014,2.684430637377299e-07
158.10000000000014,2.5047245500000953e-07
158.20000000000013,2.3367069933946923e-07
158.30000000000015,2.1796413796000803e-07
158.40000000000015,2.032835939218119e-07
158.50000000000014,1.8956410997895945e-07
158.60000000000014,1.7674470107607834e-07
158.70000000000013,1.6476812072643184e-07
158.80000000000015,1.5358064053258392e-07
158.90000000000015,1.4313184214774065e-07
159.00000000000014,1.333744210109881e-07
159.10000000000014,1.2426400122336024e-07
159.20000000000013,1.1575896096357788e-07
159.30000000000015,1.0782026787287669e-07
159.40000000000015,1.0041132386742757e-07
159.50000000000014,9.349781886452094e-08
159.60000000000014,8.704759293513839e-08
159.70000000000013,8.103050642061836e-08
159.80000000000015,7.541831757507395e-08
159.90000000000015,7.018456731800111e-08
160.00000000000014,6.530447070315421e-08
160.10000000000014,6.075481473045166e-08
160.20000000000013,5.6513862147212786e-08
160.30000000000015,5.2561260903733055e-08
160.40000000000015,4.8877958945915755e-08
160.50000000000014,4.544612404452346e-08
160.60000000000014,4.224906837666405e-08
160.70000000000013,3.927117759030455e-08
160.80000000000015,3.649784409709229e-08
160.90000000000015,3.391540435247613e-08
161.00000000000014,3.151107989515152e-08
161.10000000000014,2.9272921930245618e-08
161.20000000000013,2.718975925237787e-08
161.30000000000015,2.525114931588534e-08
161.40000000000015,2.34473322700723e-08
161.50000000000014,2.176918778735482e-08
161.60000000000014,2.020819452169457e-08
161.70000000000013,1.875639204370798e-08
161.80000000000015,1.7406345107387666e-08
161.90000000000015,1.615111011146142e-08
162.00000000000014,1.4984203626078234e-08
162.10000000000014,1.3899572862778912e-08
162.20000000000013,1.2891567972576657e-08
162.30000000000015,1.1954916063488767e-08
162.40000000000015,1.1084696835022027e-08
162.50000000000014,1.0276319732941159e-08
162.60000000000014,9.525502533177611e-09
162.70000000000013,8.828251268944237e-09
162.80000000000015,8.180841420065395e-09
162.90000000000015,7.579800288197353e-09
163.00000000000014,7.021890486024435e-09
163.10000000000014,6.5040944726919285e-09
163.20000000000013,6.0236000716731716e-09
163.30000000000015,5.577786910993529e-09
163.40000000000015,5.164213729252094e-09
163.50000000000014,4.780606494200469e-09
163.60000000000014,4.424847283777654e-09
163.70000000000013,4.09496388245701e-09
163.80000000000015,3.789120048557106e-09
163.90000000000015,3.5056064108042187e-09
164.00000000000014,3.2428319549200813e-09
164.10000000000014,2.9993160633566743e-09
164.20000000000016,2.7736810735096185e-09
164.30000000000015,2.564645321828771e-09
164.40000000000015,2.3710166432093647e-09
164.50000000000014,2.1916862969018413e-09
164.60000000000014,2.0256232919218274e-09
164.70000000000016,1.871869086588068e-09
164.80000000000015,1.7295326383646022e-09
164.90000000000015,1.5977857816415167e-09
165.00000000000014,1.4758589124630726e-09
165.10000000000014,1.3630369605035834e-09
165.20000000000016,1.25865562980839e-09
165.30000000000015,1.1620978909621244e-09
165.40000000000015,1.0727907084225031e-09
165.50000000000014,9.902019877717784e-10
165.60000000000014,9.138377285892465e-10
165.70000000000016,8.432393695442508e-10
165.80000000000015,7.779813131505574e-10
165.90000000000015,7.17668618413731e-10
166.00000000000014,6.619348503468498e-10
166.10000000000014,6.104400760275266e-10
166.20000000000016,5.628689975251983e-10
166.30000000000015,5.189292126435321e-10
166.40000000000015,4.783495950005737e-10
166.50000000000014,4.4087878551245855e-10
166.60000000000014,4.062837878553567e-10
166.70000000000016,3.743486609584642e-10
166.80000000000015,3.44873302029199e-10
166.90000000000015,3.176723140320583e-10
167.00000000000014,2.925739519373051e-10
167.10000000000014,2.694191424250041e-10
167.20000000000016,2.4806057207679086e-10
167.30000000000015,2.2836183941249683e-10
167.40000000000015,2.1019666643307086e-10
167.50000000000014,1.9344816561659869e-10
167.60000000000014,1.7800815858113558e-10
167.70000000000016,1.6377654287832828e-10
167.80000000000015,1.5066070361604323e-10
167.90000000000015,1.3857496682737643e-10
168.00000000000014,1.2744009170881643e-10
168.10000000000014,1.171827990422324e-10
168.20000000000016,1.0773533329513033e-10
168.30000000000015,9.903505606169022e-11
168.40000000000015,9.102406866425729e-11
168.50000000000014,8.36488618820371e-11
168.60000000000014,7.685999091109332e-11
168.70000000000016,7.061177378823837e-11
168.80000000000015,6.486201163146818e-11
168.90000000000015,5.957172916171491e-11
169.00000000000014,5.4704934075549495e-11
169.10000000000014,5.022839393627327e-11
169.20000000000016,4.61114293422769e-11
169.30000000000015,4.2325722216877034e-11
169.40000000000015,3.884513814348205e-11
169.50000000000014,3.56455617443218e-11
169.60000000000014,3.2704744170326814e-11
169.70000000000016,3.0002161834479687e-11
169.80000000000015,2.7518885581352685e-11
169.90000000000015,2.5237459541831304e-11
170.00000000000014,2.3141788974557765e-11
170.10000000000014,2.121703644456009e-11
170.20000000000016,1.944952573516638e-11
170.30000000000015,1.7826652931828955e-11
170.40000000000015,1.6336804156091995e-11
170.50000000000014,1.4969279464863554e-11
170.60000000000014,1.3714222464510785e-11
170.70000000000016,1.2562555221326695e-11
170.80000000000015,1.1505918079717005e-11
170.90000000000015,1.0536614027202318e-11
171.00000000000014,9.647557271164483e-12
171.10000000000016,8.832225716289387e-12
171.20000000000016,8.084617054023488e-12
171.30000000000015,7.399208196156512e-12
171.40000000000015,6.770917803992647e-12
171.50000000000014,6.195071682554019e-12
171.60000000000016,5.6673708259871754e-12
171.70000000000016,5.183861915888517e-12
171.80000000000015,4.740910088707977e-12
171.90000000000015,4.3351738018206736e-12
172.00000000000014,3.963581640321112e-12
172.10000000000016,3.6233109181835483e-12
172.20000000000016,3.3117679381883453e-12
172.30000000000015,3.0265697850032e-12
172.40000000000015,2.7655275350837695e-12
172.50000000000014,2.5266307756637355e-12
172.60000000000016,2.3080333330938097e-12
172.70000000000016,2.108040118201051e-12
172.80000000000015,1.925095003214606e-12
172.90000000000015,1.7577696511836677e-12
173.00000000000014,1.6047532247255643e-12
173.10000000000016,1.4648429064266486e-12
173.20000000000016,1.3369351683022182e-12
173.30000000000015,1.2200177324321784e-12
173.40000000000015,1.1131621692570525e-12
173.50000000000014,1.0155170840627498e-12
173.60000000000016,9.263018459308922e-13
173.70000000000016,8.448008169021119e-13
173.80000000000015,7.703580423136201e-13
173.90000000000015,7.023723662487866e-13
174.00000000000014,6.402929387905053e-13
174.10000000000016,5.836150843200902e-13
174.20000000000016,5.318765024627545e-13
174.30000000000015,4.846537754631654e-13
174.40000000000015,4.4155915779442734e-13
174.50000000000014,4.0223762567065037e-13
174.60000000000016,3.663641658606067e-13
174.70000000000016,3.3364128479647837e-13
174.80000000000015,3.037967204473766e-13
174.90000000000015,2.765813407916923e-13
175.00000000000014,2.517672139824528e-13
175.10000000000016,2.291458364644875e-13
175.20000000000016,2.0852650637800645e-13
175.30000000000015,1.8973483057640316e-13
175.40000000000015,1.726113545037982e-13
175.50000000000014,1.570103050245342e-13
175.60000000000016,1.4279843707877808e-13
175.70000000000016,1.2985397575994484e-13
175.80000000000015,1.1806564607536043e-13
175.90000000000015,1.0733178326603703e-13
176.00000000000014,9.755951712788205e-14
176.10000000000016,8.866402429937616e-14
176.20000000000016,8.05678429625796e-14
176.30000000000015,7.320024484858828e-14
176.40000000000015,6.649665984814415e-14
176.50000000000014,6.03981489054541e-14
176.60000000000016,5.4850921221117396e-14
176.70000000000016,4.9805892110448434e-14
176.80000000000015,4.5218278158631e-14
176.90000000000015,4.104722658600166e-14
177.00000000000017,3.725547598702315e-14
177.10000000000016,3.380904583698991e-14
177.20000000000016,3.067695237261516e-14
177.30000000000015,2.7830948647904726e-14
177.40000000000015,2.5245286746348263e-14
177.50000000000017,2.289650029575231e-14
177.60000000000016,2.0763205584084215e-14
177.70000000000016,1.8825919714502832e-14
177.80000000000015,1.706689436636313e-14
177.90000000000015,1.5469963847173604e-14
178.00000000000017,1.4020406229157982e-14
178.10000000000016,1.2704816463958115e-14
178.20000000000016,1.1510990460767441e-14
178.30000000000015,1.042781919752864e-14
178.40000000000015,9.445192012260242e-15
178.50000000000017,8.553908292730862e-15
178.60000000000016,7.745596848016278e-15
178.70000000000016,7.012642305448985e-15
178.80000000000015,6.348117931533846e-15
178.90000000000015,5.745724325922382e-15
179.00000000000017,5.1997334839164395e-15
179.10000000000016,4.704937765511854e-15
179.20000000000016,4.2566033480170285e-15
179.30000000000015,3.850427775082472e-15
179.40000000000015,3.482501247793609e-15
179.50000000000017,3.1492713335803795e-15
179.60000000000016,2.847510796283561e-15
179.70000000000016,2.574288276003009e-15
179.80000000000015,2.3269415705288677e-15
179.90000000000015,2.103053291384586e-15
180.00000000000017,1.900428686962546e-15
180.10000000000016,1.7170754430469941e-15
180.20000000000016,1.5511852873325524e-15
180.30000000000015,1.4011172394852642e-15
180.40000000000015,1.2653823619660321e-15
180.50000000000017,1.1426298793540137e-15
180.60000000000016,1.0316345453611754e-15
180.70000000000016,9.312851472097906e-16
180.80000000000015,8.405740466333865e-16
180.90000000000015,7.58587665530848e-16
181.00000000000017,6.844978323243661e-16
181.10000000000016,6.17553912405418e-16
181.20000000000016,5.570756527573448e-16
181.30000000000015,5.024466769719227e-16
181.40000000000015,4.531085724776218e-16
181.50000000000017,4.0855551691519556e-16
181.60000000000016,3.6832939527198053e-16
181.70000000000016,3.3201536365662314e-16
181.80000000000015,2.992378194971743e-16
181.90000000000015,2.6965674150663615e-16
182.00000000000017,2.4296436601215613e-16
182.10000000000016,2.1888216921231578e-16
182.20000000000016,1.9715812763598108e-16
182.30000000000015,1.775642315485641e-16
182.40000000000015,1.5989422830674034e-16
182.50000000000017,1.4396157472037387e-16
182.60000000000016,1.2959757935688863e-16
182.70000000000016,1.1664971743452268e-16
182.80000000000015,1.0498010251129908e-16
182.90000000000015,9.446410059867142e-17
183.00000000000017,8.49890736253208e-17
183.10000000000016,7.645324035791641e-17
183.20000000000016,6.876464396198917e-17
183.30000000000015,6.18402163668009e-17
183.40000000000015,5.560493049112952e-17
183.50000000000017,4.999103220034417e-17
183.60000000000016,4.4937344605760304e-17
183.70000000000016,4.0388637991490266e-17
183.80000000000015,3.6295059267761393e-17
183.90000000000018,3.261161540816819e-17
184.00000000000017,2.929770583657867e-17
184.10000000000016,2.631669919175635e-17
184.20000000000016,2.363555031837153e-17
184.30000000000015,2.122445371555114e-17
184.40000000000018,1.9056530021952712e-17
184.50000000000017,1.7107542432572226e-17
184.60000000000016,1.5355640229940173e-17
184.70000000000016,1.3781126873634594e-17
184.80000000000015,1.2366250329433121e-17
184.90000000000018,1.1095013535131882e-17
185.00000000000017,9.953003096007374e-18
185.10000000000016,8.927234480856118e-18
185.20000000000016,8.006012151175927e-18
185.30000000000015,7.17880320278046e-18
185.40000000000018,6.436123232357109e-18
185.50000000000017,5.769433262388483e-18
185.60000000000016,5.1710466675817674e-18
185.70000000000016,4.63404514551903e-18
185.80000000000015,4.152202864558655e-18
185.90000000000018,3.7199180039496e-18
186.00000000000017,3.332150975422639e-18
186.10000000000016,2.9843686828927425e-18
186.20000000000016,2.6724942379933763e-18
186.30000000000015,2.3928616045255908e-18
186.40000000000018,2.1421746950888608e-18
186.50000000000017,1.9174704886296707e-18
186.60000000000016,1.7160857788413378e-18
186.70000000000016,1.535627200668653e-18
186.80000000000015,1.3739442159689287e-18
186.90000000000018,1.2291047699907276e-18
187.00000000000017,1.0993733580435914e-18
187.10000000000016,9.831912668190444e-19
187.20000000000016,8.791587775314128e-19
187.30000000000015,7.860191385942572e-19
187.40000000000018,7.026441341422958e-19
187.50000000000017,6.28021091528846e-19
187.60000000000016,5.6124118614272e-19
187.70000000000016,5.014889156489441e-19
187.80000000000015,4.480326281980596e-19
187.90000000000018,4.0021600039761906e-19
188.00000000000017,3.5745037100658954e-19
188.10000000000016,3.192078455022595e-19
188.20000000000016,2.850150949730486e-19
188.30000000000015,2.544477802922985e-19
188.40000000000018,2.271255393050139e-19
188.50000000000017,2.0270748088031022e-19
188.60000000000016,1.8088813520923206e-19
188.70000000000016,1.613938147183796e-19
188.80000000000015,1.4397934447454598e-19
188.90000000000018,1.2842512502190556e-19
189.00000000000017,1.1453449426287758e-19
189.10000000000016,1.0213135830464403e-19
189.20000000000016,9.105806418054654e-20
189.30000000000015,8.117349004967856e-20
189.40000000000018,7.235133090799894e-20
189.50000000000017,6.447856003526806e-20
189.60000000000016,5.745404837743331e-20
189.70000000000016,5.118732584477175e-20
189.80000000000018,4.5597470110803724e-20
189.90000000000018,4.0612109943166894e-20
190.00000000000017,3.616653140050657e-20
190.10000000000016,3.2202876403177773e-20
190.20000000000016,2.8669424242622716e-20
190.30000000000018,2.5519947546297214e-20
190.40000000000018,2.27131350721426e-20
190.50000000000017,2.0212074478228646e-20
190.60000000000016,1.798378890775069e-20
190.70000000000016,1.5998821854594005e-20
190.80000000000018,1.4230865337106903e-20
190.90000000000018,1.2656426913709319e-20
191.00000000000017,1.1254531529085735e-20
191.10000000000016,1.0006454589063854e-20
191.20000000000016,8.895483030336968e-21
191.30000000000018,7.906701482127059e-21
191.40000000000018,7.026800914362863e-21
191.50000000000017,6.2439074343062726e-21
191.60000000000016,5.547429133840395e-21
191.70000000000016,4.927919105490685e-21
191.80000000000018,4.37695293919282e-21
191.90000000000018,3.8870191859998186e-21
192.00000000000017,3.4514214313528324e-21
192.10000000000016,3.064190760997181e-21
192.20000000000016,2.720007528722262e-21
192.30000000000018,2.414131448290169e-21
192.40000000000018,2.142339133501513e-21
192.50000000000017,1.9008683014961615e-21
192.60000000000016,1.6863679361690368e-21
192.70000000000016,1.4958537819375397e-21
192.80000000000018,1.326668603893713e-21
192.90000000000018,1.1764467093751208e-21
193.00000000000017,1.0430822788884752e-21
193.10000000000016,9.247011017442368e-22
193.20000000000016,8.196353542648061e-22
193.30000000000018,7.264010965219853e-22
193.40000000000018,6.4367819769063425e-22
193.50000000000017,5.7029243068259815e-22
193.60000000000016,5.051995041152821e-22
193.70000000000016,4.474708241977349e-22
193.80000000000018,3.9628080108274924e-22
193.90000000000018,3.508955338983658e-22
194.00000000000017,3.1066272627545615e-22
194.10000000000016,2.7500269994365335e-22
194.20000000000016,2.4340038806636934e-22
194.30000000000018,2.153982026004939e-22
194.40000000000018,1.9058968125106698e-22
194.50000000000017,1.6861382968464955e-22
194.60000000000016,1.4915008369186512e-22
194.70000000000016,1.3191382406045708e-22
194.80000000000018,1.166523841359341e-22
194.90000000000018,1.0314149649661227e-22
195.00000000000017,9.118213093402429e-23
195.10000000000016,8.059768108063725e-23
195.20000000000016,7.123146162853649e-23
195.30000000000018,6.294448219364569e-23
195.40000000000018,5.561346755159108e-23
195.50000000000017,4.912909724997162e-23
195.60000000000016,4.3394440529310375e-23
195.70000000000016,3.832356509822344e-23
195.80000000000018,3.3840300641015184e-23
195.90000000000018,2.987714001757247e-23
196.00000000000017,2.6374262972896814e-23
196.10000000000016,2.3278668830764676e-23
196.20000000000016,2.0543406124135404e-23
196.30000000000018,1.8126888433258823e-23
196.40000000000018,1.5992286877987632e-23
196.50000000000017,1.4106990758890543e-23
196.60000000000016,1.244212877608554e-23
196.7000000000002,1.097214408743047e-23
196.80000000000018,9.674417209815583e-24
196.90000000000018,8.52893142849148e-24
197.00000000000017,7.517975968428191e-24
197.10000000000016,6.625882706356436e-24
197.2000000000002,5.838792669410543e-24
197.30000000000018,5.1444489823586276e-24
197.40000000000018,4.532013295820277e-24
197.50000000000017,3.991903057610279e-24
197.60000000000016,3.515647282801455e-24
197.7000000000002,3.0957587392470385e-24
197.80000000000018,2.725620697648806e-24
197.90000000000018,2.3993866019434767e-24
198.00000000000017,2.1118911996257434e-24
198.10000000000016,1.8585718351087096e-24
198.2000000000002,1.6353987545931878e-24
198.30000000000018,1.4388134001502353e-24
198.40000000000018,1.2656737855932267e-24
198.50000000000017,1.1132061488090506e-24
198.60000000000016,9.78962165933917e-25
198.7000000000002,8.607810933585138e-25
198.80000000000018,7.567562751433048e-25
198.90000000000018,6.652055170139287e-25
199.00000000000017,5.846448845769562e-25
199.10000000000016,5.137655335334651e-25
199.2000000000002,4.514132241786883e-25
199.30000000000018,3.96570211983313e-25
199.40000000000018,3.4833924111289427e-25
199.50000000000017,3.0592939885341586e-25
199.60000000000016,2.6864361651098e-25
199.7000000000002,2.358676268374577e-25
199.80000000000018,2.0706020974764797e-25
199.90000000000018,1.817445773487013e-25
200.00000000000017,1.5950076637477103e-25
200.10000000000016,1.3995892125359114e-25
200.2000000000002,1.2279336444560074e-25
200.30000000000018,1.0771736258354462e-25
200.40000000000018,9.447850747318086e-26
200.50000000000017,8.285464034707304e-26
200.60000000000016,7.26502560286644e-26
200.7000000000002,6.369333098398238e-26
200.80000000000018,5.583252572024798e-26
200.90000000000018,4.893471772940456e-26
201.00000000000017,4.2882826254733953e-26
201.10000000000016,3.7573894654905696e-26
201.2000000000002,3.2917400118732096e-26
201.30000000000018,2.883376400440378e-26
201.40000000000018,2.5253039191390172e-26
201.50000000000017,2.2113753587999066e-26
201.60000000000016,1.9361891373794483e-26
201.7000000000002,1.6949995710316155e-26
201.80000000000018,1.4836378558077512e-26
201.90000000000018,1.2984424921339602e-26
202.00000000000017,1.1361980330106312e-26
202.10000000000016,9.94081168362399e-27
202.2000000000002,8.696132741398671e-27
202.30000000000018,7.606186574006101e-27
202.40000000000018,6.651878192423944e-27
202.50000000000017,5.8164513751347e-27
202.6000000000002,5.0852044190715766e-27
202.7000000000002,4.4452401645121235e-27
202.80000000000018,3.885246194843909e-27
202.90000000000018,3.3953015982730845e-27
203.00000000000017,2.9667071075208207e-27
203.1000000000002,2.5918358120393476e-27
203.2000000000002,2.264001971157002e-27
203.30000000000018,1.977345751040742e-27
203.40000000000018,1.7267319680633756e-27
203.50000000000017,1.5076611501385341e-27
203.6000000000002,1.3161914294553926e-27
203.7000000000002,1.1488699579802992e-27
203.80000000000018,1.0026726939077322e-27
203.90000000000018,8.749515454287602e-28
204.00000000000017,7.63387979926035e-28
204.1000000000002,6.65952313950493e-28
204.2000000000002,5.808679937898443e-28
204.30000000000018,5.065802596186593e-28
204.40000000000018,4.417286594586462e-28
204.50000000000017,3.8512294365183993e-28
204.6000000000002,3.3572192730052577e-28
204.7000000000002,2.926149580725305e-28
204.80000000000018,2.550056707177259e-28
204.90000000000018,2.221977483066306e-28
205.00000000000017,1.9358244421320677e-28
205.1000000000002,1.686276487774855e-28
205.2000000000002,1.4686831088891244e-28
205.30000000000018,1.2789804785966253e-28
205.40000000000018,1.1136179728966638e-28
205.50000000000017,9.694938249610387e-29
205.6000000000002,8.438987878595019e-29
205.7000000000002,7.344668165048111e-29
205.80000000000018,6.391319008485374e-29
205.90000000000018,5.560902888609937e-29
206.00000000000017,4.83767431363782e-29
206.1000000000002,4.2078906292222166e-29
206.2000000000002,3.659559051215446e-29
206.30000000000018,3.182215418585764e-29
206.40000000000018,2.766730718486193e-29
206.50000000000017,2.405141923112462e-29
206.6000000000002,2.090504105877558e-29
206.7000000000002,1.816761179817637e-29
206.80000000000018,1.5786329304221233e-29
206.90000000000018,1.3715163038734755e-29
207.00000000000017,1.1913991649189708e-29
207.1000000000002,1.0347849606282052e-29
207.2000000000002,8.986269209261158e-30
207.30000000000018,7.802705973874598e-30
207.40000000000018,6.774036912816334e-30
207.50000000000017,5.8801225285048654e-30
207.6000000000002,5.103424485645069e-30
207.7000000000002,4.428671936266613e-30
207.80000000000018,3.842570350318312e-30
207.90000000000018,3.333547475830969e-30
208.00000000000017,2.8915317276232415e-30
208.1000000000002,2.507758894386445e-30
208.2000000000002,2.174603571138506e-30
208.30000000000018,1.8854321766006356e-30
208.40000000000018,1.6344748110458583e-30
208.50000000000017,1.4167135565898938e-30
208.6000000000002,1.2277851249226513e-30
208.7000000000002,1.0638960224912282e-30
208.80000000000018,9.217486348838758e-31
208.90000000000018,7.984768347733104e-31
209.00000000000017,6.91589894888816e-31
209.1000000000002,5.989236422873613e-31
209.2000000000002,5.1859792547251255e-31
209.30000000000018,4.489795841086788e-31
209.40000000000018,3.8865021434057855e-31
209.5000000000002,3.363781129230622e-31
209.6000000000002,2.910938621396943e-31
209.7000000000002,2.518690862728347e-31
209.80000000000018,2.178979704421875e-31
209.90000000000018,1.8848118505178996e-31
210.0000000000002,1.630119048404662e-31
210.1000000000002,1.4096365145946543e-31
210.2000000000002,1.2187972333971687e-31
210.30000000000018,1.0536400700450648e-31
210.40000000000018,9.107299049364805e-32
210.5000000000002,7.870882268585905e-32
210.6000000000002,6.801328246654623e-32
210.7000000000002,5.876253926523611e-32
210.80000000000018,5.076260180899506e-32
210.90000000000018,4.3845365292577194e-32
211.0000000000002,3.7865178803562335e-32
211.1000000000002,3.2695864980690697e-32
211.2000000000002,2.822813271710998e-32
211.30000000000018,2.436733141464968e-32
211.40000000000018,2.1031501996193343e-32
211.5000000000002,1.8149685718232864e-32
211.6000000000002,1.5660456905806576e-32
211.7000000000002,1.351065015420205e-32
211.80000000000018,1.1654256390741477e-32
211.90000000000018,1.0051465539336326e-32
212.0000000000002,8.667836444796836e-33
212.1000000000002,7.47357724914851e-33
212.2000000000002,6.442921617442603e-33
212.30000000000018,5.55358812840688e-33
212.40000000000018,4.786311812930655e-33
212.5000000000002,4.1244382732772795e-33
212.6000000000002,3.553572076264132e-33
212.7000000000002,3.0612722090782007e-33
212.80000000000018,2.6367883383316358e-33
212.90000000000018,2.2708324400689183e-33
