1.0,20.3281544415388
1.1,20.378360507073328
1.2000000000000002,20.42893702618135
1.3000000000000003,20.479887267149934
1.4000000000000004,20.531214528805773
1.5000000000000004,20.582922140758363
1.6000000000000005,20.6350134636429
1.7000000000000006,20.68749188936303
1.8000000000000007,20.74036084133315
1.9000000000000008,20.793623774720317
2.000000000000001,20.847284176685562
2.100000000000001,20.90134556662454
2.200000000000001,20.95581149640737
2.300000000000001,21.0106855506176
2.4000000000000012,21.065971346790107
2.5000000000000013,21.121672535647832
2.6000000000000014,21.17779280133726
2.7000000000000015,21.234335861662373
2.8000000000000016,21.291305468317113
2.9000000000000017,21.348705407116057
3.0000000000000018,21.406539498223204
3.100000000000002,21.46481159637871
3.200000000000002,21.523525591123416
3.300000000000002,21.582685407020946
3.400000000000002,21.642295003877248
3.500000000000002,21.702358376957363
3.6000000000000023,21.76287955719922
3.7000000000000024,21.823862611424268
3.8000000000000025,21.88531164254473
3.9000000000000026,21.94723078976728
4.000000000000003,22.009624228792866
4.100000000000003,22.07249617201252
4.200000000000003,22.13585086869883
4.3000000000000025,22.199692605192922
4.400000000000003,22.264025705086592
4.5000000000000036,22.32885452939938
4.600000000000003,22.394183476750307
4.700000000000003,22.460016983523975
4.800000000000003,22.52635952403072
4.900000000000004,22.59321561066054
5.0000000000000036,22.66058979403045
5.100000000000003,22.728486663124983
5.200000000000004,22.796910845429444
5.300000000000004,22.86586700705557
5.400000000000004,22.935359852859293
5.5000000000000036,23.005394126550165
5.600000000000004,23.075974610792116
5.700000000000005,23.147106127295046
5.800000000000004,23.218793536896964
5.900000000000004,23.29104173963619
6.000000000000004,23.363855674813127
6.100000000000005,23.437240321041266
6.200000000000005,23.511200696286807
6.300000000000004,23.585741857896586
6.400000000000005,23.660868902613664
6.500000000000005,23.73658696658007
6.600000000000005,23.81290122532632
6.700000000000005,23.889816893746953
6.800000000000005,23.96733922606169
6.900000000000006,24.045473515761472
7.000000000000005,24.124225095538986
7.100000000000005,24.203599337202817
7.2000000000000055,24.283601651574813
7.300000000000006,24.364237488369803
7.400000000000006,24.445512336057146
7.500000000000005,24.527431721703355
7.600000000000006,24.61000121079502
7.700000000000006,24.693226407041397
7.800000000000006,24.77711295215582
7.900000000000006,24.861666525615156
8.000000000000007,24.946892844396547
8.100000000000007,25.03279766269054
8.200000000000006,25.119386771589788
8.300000000000006,25.20666599875245
8.400000000000006,25.294641208039323
8.500000000000007,25.38331829912385
8.600000000000007,25.472703207073984
8.700000000000006,25.56280190190496
8.800000000000008,25.653620388101956
8.900000000000007,25.745164704111538
9.000000000000007,25.83744092180096
9.100000000000007,25.93045514588405
9.200000000000006,26.02421351331266
9.300000000000008,26.11872219263253
9.400000000000007,26.21398738330224
9.500000000000007,26.31001531497425
9.600000000000009,26.40681224673652
9.700000000000008,26.50438446631364
9.800000000000008,26.602738289225968
9.900000000000007,26.701880057905605
10.000000000000007,26.801816140767627
10.100000000000009,26.902552931235256
10.200000000000008,27.004096846717545
10.300000000000008,27.106454327537946
10.40000000000001,27.20963183581236
10.500000000000009,27.313635854274985
10.600000000000009,27.418472885050498
10.700000000000008,27.5241494483707
10.800000000000008,27.63067208123421
10.90000000000001,27.73804733600725
11.000000000000009,27.846281778963842
11.100000000000009,27.95538198876372
11.20000000000001,28.06535455486585
11.30000000000001,28.176206075875974
11.40000000000001,28.287943157826042
11.500000000000009,28.40057241238361
11.600000000000009,28.51410045498927
11.70000000000001,28.62853390291994
11.80000000000001,28.74387937327605
11.90000000000001,28.860143480890372
12.00000000000001,28.977332836156435
12.10000000000001,29.095454042774143
12.20000000000001,29.214513695410574
12.30000000000001,29.33451837727339
12.40000000000001,29.455474657594785
12.50000000000001,29.57738908902335
12.60000000000001,29.70026820492157
12.70000000000001,29.82411851656655
12.800000000000011,29.948946510251254
12.900000000000011,30.074758644283897
13.00000000000001,30.201561345882958
13.10000000000001,30.32936100796495
13.20000000000001,30.458163985822615
13.300000000000011,30.58797659369059
13.400000000000011,30.718805101196025
13.50000000000001,30.850655729691304
13.600000000000012,30.983534648466133
13.700000000000012,31.117447970836146
13.800000000000011,31.25240175010532
13.900000000000011,31.388401975399162
14.00000000000001,31.525454567365934
14.100000000000012,31.663565373743026
14.200000000000012,31.802740164785476
14.300000000000011,31.942984628553766
14.400000000000013,32.084304366057964
14.500000000000012,32.22670488625531
14.600000000000012,32.37019160089818
14.700000000000012,32.51476981922964
14.800000000000011,32.66044474252358
14.900000000000013,32.80722145846638
15.000000000000012,32.95510493537753
15.100000000000012,33.10410001626585
15.200000000000014,33.254211412718945
15.300000000000013,33.40544369862251
15.400000000000013,33.55780130370723
15.500000000000012,33.71128850692004
15.600000000000012,33.86590942961735
15.700000000000014,34.02166802857745
15.800000000000013,34.17856808882948
15.900000000000013,34.33661321629651
16.000000000000014,34.495806830250245
16.100000000000016,34.65615215557497
16.200000000000014,34.81765221483859
16.30000000000001,34.98030982016846
16.400000000000013,35.144127564930145
16.500000000000014,35.30910781520692
16.600000000000016,35.475252701078645
16.700000000000014,35.64256410769804
16.800000000000015,35.81104366616304
16.900000000000013,35.98069274418393
17.000000000000014,36.15151243654428
17.100000000000016,36.32350355535444
17.200000000000014,36.49666662009738
17.300000000000015,36.67100184746599
17.400000000000013,36.84650914099186
17.500000000000014,37.02318808046565
17.600000000000016,37.20103791114899
17.700000000000014,37.38005753277903
17.800000000000015,37.560245488366206
17.900000000000016,37.74159995278655
18.000000000000014,37.92411872117022
18.100000000000016,38.10779919708808
18.200000000000017,38.29263838053876
18.300000000000015,38.47863285573894
18.400000000000016,38.66577877871989
18.500000000000014,38.85407186473404
18.600000000000016,39.04350737547554
18.700000000000017,39.23408010611942
18.800000000000015,39.425784372184324
18.900000000000016,39.61861399622458
19.000000000000014,39.812562294357534
19.100000000000016,40.007622062633075
19.200000000000017,40.20378556325249
19.300000000000015,40.40104451064473
19.400000000000016,40.599390057408606
19.500000000000018,40.79881278013018
19.600000000000016,40.9993026650852
19.700000000000017,41.20084909383759
19.80000000000002,41.40344082874478
19.900000000000016,41.607065998382716
20.000000000000018,41.81171208290303
20.100000000000016,42.01736589933627
20.200000000000017,42.22401358685583
20.30000000000002,42.43164059201795
20.400000000000016,42.64023165399403
20.500000000000018,42.849770789812645
20.600000000000016,43.06024127962915
20.700000000000017,43.27162565204204
20.80000000000002,43.48390566947595
20.900000000000016,43.69706231365238
21.000000000000018,43.91107577116987
21.10000000000002,44.12592541921663
21.200000000000017,44.34158981143943
21.30000000000002,44.55804666399389
21.40000000000002,44.77527284180159
21.500000000000018,44.9932443450414
21.60000000000002,45.21193629590277
21.700000000000017,45.43132292562976
21.80000000000002,45.65137756188607
21.90000000000002,45.87207261647184
22.000000000000018,46.09337957342405
22.10000000000002,46.315268977533826
22.200000000000017,46.53771042331401
22.30000000000002,46.76067254445241
22.40000000000002,46.98412300378573
22.500000000000018,47.20802848383157
22.60000000000002,47.4323546779153
22.70000000000002,47.657066281930476
22.80000000000002,47.882126986771546
22.90000000000002,48.10749947147885
23.00000000000002,48.33314539713603
23.10000000000002,48.559025401560994
23.20000000000002,48.785099094832
23.30000000000002,49.011325055690655
23.40000000000002,49.237660828864406
23.50000000000002,49.46406292335099
23.60000000000002,49.690486811707906
23.70000000000002,49.916886930389865
23.80000000000002,50.143216681176995
23.90000000000002,50.369428433737134
24.00000000000002,50.59547352936464
24.10000000000002,50.82130228593811
24.20000000000002,51.04686400413916
24.300000000000022,51.27210697497341
24.40000000000002,51.496978488634454
24.50000000000002,51.721424844750615
24.600000000000023,51.945391364053066
24.70000000000002,52.168822401503284
24.800000000000022,52.391661360915876
24.90000000000002,52.6138507111115
25.00000000000002,52.8353320036336
25.100000000000023,53.0560458920595
25.20000000000002,53.27593215293598
25.300000000000022,53.494929708366115
25.40000000000002,53.71297665027222
25.50000000000002,53.930010266357534
25.600000000000023,54.14596706778593
25.70000000000002,54.36078281859659
25.800000000000022,54.57439256686726
25.900000000000023,54.78673067763656
26.00000000000002,54.997730867592345
26.100000000000023,55.20732624152947
26.200000000000024,55.41544933057678
26.300000000000022,55.62203213218897
26.400000000000023,55.827006151895
26.50000000000002,56.03030244679054
26.600000000000023,56.23185167075741
26.700000000000024,56.43158412138876
26.800000000000022,56.62942978859374
26.900000000000023,56.82531840485107
27.00000000000002,57.019179497075584
27.100000000000023,57.21094244005756
27.200000000000024,57.400536511428925
27.300000000000022,57.587890948106065
27.400000000000023,57.77293500415332
27.500000000000025,57.95559801000647
27.600000000000023,58.13580943299035
27.700000000000024,58.313498939059556
27.800000000000026,58.48859645568613
27.900000000000023,58.66103223581325
28.000000000000025,58.83073692278894
28.100000000000023,58.99764161618887
28.200000000000024,59.1616779384329
28.300000000000026,59.32277810209503
28.400000000000023,59.480874977802536
28.500000000000025,59.635902162615466
28.600000000000023,59.78779404877367
28.700000000000024,59.93648589269517
28.800000000000026,60.08191388410569
28.900000000000023,60.2240152151762
29.000000000000025,60.362728149542356
29.100000000000026,60.49799209107704
29.200000000000024,60.62974765228497
29.300000000000026,60.7579367221865
29.400000000000027,60.88250253355596
29.500000000000025,61.00338972937903
29.600000000000026,61.12054442839266
29.700000000000024,61.23391428957079
29.800000000000026,61.343448575419245
29.900000000000027,61.4490982139437
30.000000000000025,61.550815859155556
30.100000000000026,61.64855594998201
30.200000000000024,61.74227476744856
30.300000000000026,61.83193049000438
30.400000000000027,61.91748324686399
30.500000000000025,61.99889516924169
30.600000000000026,62.07613043935916
30.700000000000028,62.14915533711045
30.800000000000026,62.21793828427357
30.900000000000027,62.28244988616243
31.00000000000003,62.34266297061866
31.100000000000026,62.39855262424817
31.200000000000028,62.450096225814136
31.300000000000026,62.49727347670369
31.400000000000027,62.54006642839321
31.50000000000003,62.57845950684366
31.600000000000026,62.6124395337652
31.700000000000028,62.64199574469761
31.800000000000026,62.66711980386097
31.900000000000027,62.68780581573933
32.00000000000003,62.704050333367825
32.10000000000002,62.714915167279784
32.20000000000003,62.71946581150742
32.300000000000026,62.717709863191295
32.40000000000003,62.70965981240697
32.50000000000003,62.69533301864961
32.60000000000003,62.67475167804127
32.70000000000003,62.647942781377225
32.800000000000026,62.61493806316088
32.90000000000003,62.57577394180732
33.00000000000003,62.53049145122633
33.10000000000003,62.47913616402482
33.20000000000003,62.42175810659636
33.300000000000026,62.35841166639179
33.40000000000003,62.28915549168984
33.50000000000003,62.214052384209204
33.60000000000003,62.13316918492507
33.70000000000003,62.04657665347211
33.800000000000026,61.95434934153278
33.90000000000003,61.85656546062559
34.00000000000003,61.75330674472018
34.10000000000003,61.6446583081172
34.20000000000003,61.530708499039825
34.30000000000003,61.411548749389645
34.40000000000003,61.287273421124524
34.50000000000003,61.15797964971791
34.60000000000003,61.023767185159315
34.70000000000003,60.88473823095348
34.80000000000003,60.74099728157238
34.90000000000003,60.592650958808036
35.00000000000003,60.43980784746638
35.10000000000003,60.2825783308341
35.20000000000003,60.1210744263382
35.30000000000003,59.95540962180693
35.400000000000034,59.78569871272615
35.50000000000003,59.61205764087103
35.60000000000003,59.434603334676076
35.70000000000003,59.25345355169058
35.80000000000003,59.06872672344749
35.900000000000034,58.880541803055976
36.00000000000003,58.68901811580843
36.10000000000003,58.49427521307282
36.20000000000003,58.296432729721545
36.30000000000003,58.09561024532737
36.400000000000034,57.891927149336766
36.50000000000003,57.685502510410394
36.60000000000003,57.476454950100496
36.70000000000003,57.26490252101421
36.80000000000003,57.05096258959241
36.900000000000034,56.834751723614126
37.00000000000003,56.616385584517346
37.10000000000003,56.395978824608264
37.20000000000003,56.17364498921406
37.30000000000003,55.94949642381541
37.400000000000034,55.723644186179776
37.500000000000036,55.49619796349958
37.60000000000003,55.267265994524905
37.70000000000003,55.03695499666544
37.80000000000003,54.80537009802351
37.900000000000034,54.572614774306736
38.000000000000036,54.338790790557425
38.10000000000003,54.10399814762472
38.20000000000003,53.86833503329536
38.30000000000003,53.631897777989806
38.400000000000034,53.39478081492183
38.500000000000036,53.15707664461227
38.60000000000004,52.918875803640724
38.70000000000003,52.68026683751332
38.80000000000003,52.44133627751882
38.900000000000034,52.202168621441736
39.000000000000036,51.96284631799656
39.10000000000004,51.72344975484475
39.20000000000003,51.48405725005341
39.30000000000003,51.24474504685288
39.400000000000034,51.00558731154949
39.500000000000036,50.76665613444871
39.60000000000004,50.528021533644164
39.70000000000003,50.28975146152834
39.80000000000003,50.05191181388136
39.900000000000034,49.81456644139601
40.000000000000036,49.577777163498254
40.10000000000004,49.34160378432489
40.20000000000003,49.106104110722214
40.30000000000003,48.8713339721321
40.400000000000034,48.63734724223496
40.500000000000036,48.4041958622219
40.60000000000004,48.1719298655719
40.70000000000004,47.94059740421328
40.80000000000003,47.710244775952276
40.900000000000034,47.48091645305535
41.000000000000036,47.25265511187579
41.10000000000004,47.02550166341887
41.20000000000004,46.79949528474404
41.30000000000003,46.57467345110666
41.400000000000034,46.351071968745465
41.500000000000036,46.128725008226795
41.60000000000004,45.907665138259595
41.70000000000004,45.68792335990021
41.80000000000004,45.46952914106941
41.900000000000034,45.25251045130822
42.000000000000036,45.03689379670286
42.10000000000004,44.82270425491329
42.20000000000004,44.60996551024298
42.30000000000004,44.39869988869184
42.400000000000034,44.18892839293734
42.500000000000036,43.98067073719254
42.60000000000004,43.773945381893114
42.70000000000004,43.56876956816857
42.80000000000004,43.36515935205634
42.900000000000034,43.16312963842015
43.000000000000036,42.962694214537116
43.10000000000004,42.76386578332116
43.20000000000004,42.56665599615254
43.30000000000004,42.37107548528629
43.400000000000034,42.177133895814784
43.500000000000036,41.9848399171619
43.60000000000004,41.794201314088816
43.70000000000004,41.605224957193315
43.80000000000004,41.41791685288675
43.90000000000004,41.23228217283479
44.000000000000036,41.048325282849916
44.10000000000004,40.866049771225114
44.20000000000004,40.685458476500536
44.30000000000004,40.50655351465569
44.40000000000004,40.329336305721746
44.500000000000036,40.15380759980972
44.60000000000004,39.9799675025515
44.70000000000004,39.80781549995241
44.80000000000004,39.63735048265413
44.90000000000004,39.4685707696091
45.00000000000004,39.30147413116745
45.10000000000004,39.13605781157912
45.20000000000004,38.97231855091418
45.30000000000004,38.81025260640567
45.40000000000004,38.64985577321932
45.50000000000004,38.4911234046559
45.60000000000004,38.334050431791844
45.70000000000004,38.17863138256504
45.80000000000004,38.024860400312456
45.90000000000004,37.872731261767356
46.00000000000004,37.72223739452376
46.10000000000004,37.57337189397654
46.20000000000004,37.42612753974553
46.30000000000004,37.28049681159264
46.40000000000004,37.13647190484087
46.50000000000004,36.994044745304485
46.60000000000004,36.85320700373999
46.70000000000004,36.71395010982708
46.80000000000004,36.57626526568974
46.90000000000004,36.44014345896681
47.00000000000004,36.30557547544211
47.100000000000044,36.17255191124404
47.20000000000004,36.041063184624264
47.30000000000004,35.91109954732569
47.40000000000004,35.78265109554948
47.50000000000004,35.65570778053093
47.600000000000044,35.53025941873396
47.70000000000004,35.406295701674146
47.80000000000004,35.283806205379626
47.90000000000004,35.16278039949983
48.00000000000004,35.04320765607109
48.100000000000044,34.92507725794881
48.200000000000045,34.808378406915224
48.30000000000004,34.693100231472
48.40000000000004,34.57923179432646
48.50000000000004,34.46676209958056
48.600000000000044,34.35568009963102
48.700000000000045,34.24597470178934
48.80000000000004,34.13763477462997
48.90000000000004,34.03064915407499
49.00000000000004,33.92500664922332
49.100000000000044,33.82069604793229
49.200000000000045,33.7177061221595
49.30000000000004,33.61602563307244
49.40000000000004,33.51564333593318
49.50000000000004,33.41654798476575
49.600000000000044,33.318728336812825
49.700000000000045,33.22217315678906
49.80000000000004,33.1268712209375
49.90000000000004,33.03281132089592
50.00000000000004,32.93998226737931
50.100000000000044,32.84837289368492
50.200000000000045,32.75797205902591
50.30000000000005,32.66876865169949
50.40000000000004,32.58075159209548
50.50000000000004,32.493909835550745
50.600000000000044,32.408232375055114
50.700000000000045,32.323708243814046
50.80000000000005,32.24032651767324
50.90000000000004,32.15807631741016
51.00000000000004,32.07694681089746
51.100000000000044,31.996927215142918
51.200000000000045,31.918006798210598
51.30000000000005,31.840174881027643
51.40000000000005,31.76342083908102
51.50000000000004,31.68773410400844
51.600000000000044,31.613104165087535
51.700000000000045,31.539520570627182
51.80000000000005,31.466972929264863
51.90000000000005,31.395450911173718
52.00000000000004,31.324944249182863
52.100000000000044,31.255442739814498
52.200000000000045,31.18693624424109
52.30000000000005,31.119414689165993
52.40000000000005,31.05286806763047
52.50000000000004,30.987286439750356
52.600000000000044,30.922659933385106
52.700000000000045,30.858978744742295
52.80000000000005,30.796233138920044
52.90000000000005,30.734413450390285
53.00000000000004,30.673510083425242
53.100000000000044,30.613513512469645
53.200000000000045,30.554414282461202
53.30000000000005,30.496203009101386
53.40000000000005,30.43887037907897
53.50000000000005,30.382407150248383
53.600000000000044,30.326804151764932
53.700000000000045,30.272052284178933
53.80000000000005,30.218142519490662
53.90000000000005,30.165065901167942
54.00000000000005,30.112813544128258
54.100000000000044,30.061376634687008
54.200000000000045,30.010746430473596
54.30000000000005,29.96091426031702
54.40000000000005,29.91187152410241
54.50000000000005,29.863609692600058
54.60000000000005,29.816120307268335
54.700000000000045,29.769394980031926
54.80000000000005,29.72342539303657
54.90000000000005,29.67820329838178
55.00000000000005,29.6337205178326
55.10000000000005,29.589968942511604
55.200000000000045,29.54694053257238
55.30000000000005,29.504627316855405
55.40000000000005,29.46302139252756
55.50000000000005,29.422114924706037
55.60000000000005,29.381900146067892
55.700000000000045,29.342369356445936
55.80000000000005,29.30351492241195
55.90000000000005,29.265329276848057
56.00000000000005,29.227804918507132
56.10000000000005,29.19093441156288
56.200000000000045,29.154710385150523
56.30000000000005,29.119125532898657
56.40000000000005,29.084172612453102
56.50000000000005,29.049844444993248
56.60000000000005,29.016133914741744
56.70000000000005,28.98303396846792
56.80000000000005,28.9505376149857
56.90000000000005,28.918637924646376
57.00000000000005,28.88732802882702
57.10000000000005,28.85660111941481
57.20000000000005,28.826450448287858
57.30000000000005,28.796869326793043
57.40000000000005,28.76785112522122
57.50000000000005,28.73938927228025
57.60000000000005,28.711477254566276
57.70000000000005,28.684108616033598
57.800000000000054,28.657276957463594
57.90000000000005,28.630975935932867
58.00000000000005,28.605199264281197
58.10000000000005,28.57994071057935
58.20000000000005,28.555194097597294
58.300000000000054,28.530953302272927
58.40000000000005,28.507212255181663
58.50000000000005,28.483964940007155
58.60000000000005,28.4612053930134
58.70000000000005,28.43892770251835
58.800000000000054,28.41712600836945
58.90000000000005,28.395794501421157
59.00000000000005,28.374927423014647
59.10000000000005,28.354519064460014
59.20000000000005,28.334563766521022
59.300000000000054,28.31505591890263
59.40000000000005,28.295989959741426
59.50000000000005,28.277360375099143
59.60000000000005,28.259161698459422
59.70000000000005,28.24138851022785
59.800000000000054,28.224035437235536
59.900000000000055,28.20709715224622
60.00000000000005,28.190568373467137
60.10000000000005,28.174443864063605
60.20000000000005,28.158718431677585
60.300000000000054,28.143386927950168
60.400000000000055,28.12844424804814
60.50000000000005,28.113885330194712
60.60000000000005,28.09970515520441
60.70000000000005,28.085898746022316
60.800000000000054,28.07246116726757
60.900000000000055,28.05938752478133
61.00000000000006,28.046672965179113
61.10000000000005,28.034312675407683
61.20000000000005,28.022301882306408
61.300000000000054,28.01063585217325
61.400000000000055,27.999309890335304
61.50000000000006,27.988319340723947
61.60000000000005,27.977659585454724
61.70000000000005,27.967326044411827
61.800000000000054,27.957314174837308
61.900000000000055,27.947619470924984
62.00000000000006,27.938237463419078
62.10000000000005,27.92916371921759
62.20000000000005,27.92039384098039
62.300000000000054,27.911923466742067
62.400000000000055,27.90374826952953
62.50000000000006,27.895863956984364
62.60000000000005,27.88826627098984
62.70000000000005,27.880950987302818
62.800000000000054,27.873913915190236
62.900000000000055,27.86715089707038
63.00000000000006,27.86065780815889
63.10000000000006,27.854430556119432
63.20000000000005,27.84846508071901
63.300000000000054,27.84275735348809
63.400000000000055,27.837303377385204
63.50000000000006,27.83209918646633
63.60000000000006,27.827140845558795
63.70000000000005,27.822424449939845
63.800000000000054,27.817946125019716
63.900000000000055,27.813702026029368
64.00000000000006,27.809688337712608
64.10000000000005,27.80590127402285
64.20000000000006,27.802337077824262
64.30000000000005,27.798992020597446
64.40000000000006,27.795862402149467
64.50000000000006,27.792944550328365
64.60000000000005,27.79023482074198
64.70000000000006,27.787729596481142
64.80000000000005,27.78542528784724
64.90000000000006,27.78331833208395
65.00000000000006,27.78140519311338
65.10000000000005,27.7796823612763
65.20000000000006,27.778146353076707
65.30000000000005,27.77679371093047
65.40000000000006,27.77562100291813
65.50000000000006,27.774624822541874
65.60000000000005,27.77380178848651
65.70000000000006,27.773148544384533
65.80000000000005,27.772661758585244
65.90000000000006,27.772338123927767
66.00000000000006,27.772174357518118
66.10000000000005,27.772167200510175
66.20000000000006,27.772313417890537
66.30000000000005,27.77260979826722
66.40000000000006,27.77305315366229
66.50000000000006,27.773640319308193
66.60000000000005,27.77436815344796
66.70000000000006,27.775233537139066
66.80000000000005,27.776233374061135
66.90000000000006,27.777364590327203
67.00000000000006,27.778624134298752
67.10000000000007,27.78000897640431
67.20000000000006,27.781516108961718
67.30000000000005,27.783142546003916
67.40000000000006,27.784885323108355
67.50000000000006,27.786741497229826
67.60000000000007,27.78870814653694
67.70000000000006,27.79078237025196
67.80000000000005,27.79296128849412
67.90000000000006,27.795242042126382
68.00000000000006,27.797621792605597
68.10000000000007,27.800097721836003
68.20000000000006,27.802667032026136
68.30000000000005,27.805326945548984
68.40000000000006,27.80807470480555
68.50000000000006,27.810907572091644
68.60000000000007,27.813822829467895
68.70000000000006,27.816817778633116
68.80000000000005,27.81988974080079
68.90000000000006,27.823036056578836
69.00000000000006,27.82625408585247
69.10000000000007,27.829541207670317
69.20000000000006,27.83289482013364
69.30000000000005,27.83631234028868
69.40000000000006,27.839791204022113
69.50000000000006,27.843328865959627
69.60000000000007,27.84692279936757
69.70000000000006,27.850570496057642
69.80000000000007,27.854269466294667
69.90000000000006,27.858017238707404
70.00000000000006,27.861811360202324
70.10000000000007,27.865649395880517
70.20000000000006,27.869528928957457
70.30000000000007,27.873447560685868
70.40000000000006,27.87740291028151
70.50000000000006,27.88139261485196
70.60000000000007,27.88541432932834
70.70000000000006,27.88946572639997
70.80000000000007,27.893544496452023
70.90000000000006,27.89764834750605
71.00000000000006,27.901775005163465
71.10000000000007,27.90592221255197
71.20000000000006,27.910087730274824
71.30000000000007,27.914269336363084
71.40000000000006,27.91846482623074
71.50000000000006,27.922672012632724
71.60000000000007,27.92688872562581
71.70000000000006,27.93111281253246
71.80000000000007,27.935342137907497
71.90000000000006,27.939574583507685
72.00000000000006,27.94380804826421
72.10000000000007,27.948040448258027
72.20000000000006,27.952269716698076
72.30000000000007,27.95649380390242
72.40000000000006,27.960710677282222
72.50000000000006,27.96491832132861
72.60000000000007,27.96911473760246
72.70000000000006,27.973297944726994
72.80000000000007,27.977465978383336
72.90000000000006,27.981616891308896
73.00000000000006,27.985748753298637
73.10000000000007,27.989859651209308
73.20000000000006,27.993947688966436
73.30000000000007,27.99801098757434
73.40000000000006,28.00204768512895
73.50000000000007,28.006055936833555
73.60000000000007,28.01003391501743
73.70000000000006,28.013979809157412
73.80000000000007,28.01789182590231
73.90000000000006,28.021768189100257
74.00000000000007,28.02560713982897
74.10000000000007,28.02940693642892
74.20000000000006,28.033165854539384
74.30000000000007,28.036882187137422
74.40000000000006,28.04055424457981
74.50000000000007,28.0441803546478
74.60000000000007,28.04775886259487
74.70000000000006,28.05128813119736
74.80000000000007,28.05476654080801
74.90000000000006,28.058192489412427
75.00000000000007,28.061564392688467
75.10000000000007,28.06488068406849
75.20000000000006,28.06813981480458
75.30000000000007,28.071340254036606
75.40000000000006,28.07448048886323
75.50000000000007,28.07755902441577
75.60000000000007,28.080574383934973
75.70000000000006,28.083525108850658
75.80000000000007,28.086409758864242
75.90000000000006,28.08922691203407
76.00000000000007,28.09197516486369
76.10000000000007,28.094653132392885
76.20000000000007,28.097259448291567
76.30000000000007,28.09979276495646
76.40000000000006,28.10225175361061
76.50000000000007,28.104635104405624
76.60000000000007,28.10694152652669
76.70000000000007,28.10916974830034
76.80000000000007,28.11131851730491
76.90000000000006,28.113386600483665
77.00000000000007,28.115372784260636
77.10000000000007,28.11727587465905
77.20000000000007,28.11909469742234
77.30000000000007,28.12082809813777
77.40000000000006,28.12247494236255
77.50000000000007,28.124034115752472
77.60000000000007,28.12550452419297
77.70000000000007,28.126885093932586
77.80000000000007,28.128174771718854
77.90000000000006,28.129372524936407
78.00000000000007,28.130477341747422
78.10000000000007,28.13148823123425
78.20000000000007,28.13240422354417
78.30000000000007,28.133224370036295
78.40000000000006,28.133947743430426
78.50000000000007,28.134573437957954
78.60000000000007,28.13510056951459
78.70000000000007,28.13552827581494
78.80000000000007,28.135855716548797
78.90000000000006,28.136082073539164
79.00000000000007,28.13620655090176
79.10000000000007,28.136228375206095
79.20000000000007,28.13614679563789
79.30000000000007,28.135961084162858
79.40000000000006,28.135670535691602
79.50000000000007,28.135274468245726
79.60000000000007,28.13477222312487
79.70000000000007,28.134163165074597
79.80000000000007,28.133446682455173
79.90000000000008,28.132622187410853
80.00000000000007,28.13168911603976
80.10000000000007,28.130646928564182
80.20000000000007,28.129495109501065
80.30000000000007,28.128233167832683
80.40000000000008,28.126860637177266
80.50000000000007,28.125377075959456
80.60000000000007,28.123782067580464
80.70000000000007,28.12207522058774
80.80000000000007,28.120256168844023
80.90000000000008,28.11832457169556
81.00000000000007,28.11628011413937
81.10000000000007,28.11412250698939
81.20000000000007,28.11185148704122
81.30000000000007,28.109466817235436
81.40000000000008,28.106968286819132
81.50000000000007,28.10435571150561
81.60000000000007,28.10162893363193
81.70000000000007,28.098787822314186
81.80000000000007,28.095832273600244
81.90000000000008,28.09276221061979
82.00000000000007,28.08957758373134
82.10000000000007,28.086278370666186
82.20000000000007,28.082864576668847
82.30000000000007,28.079336234633956
82.40000000000008,28.075693405239164
82.50000000000007,28.071936177074065
82.60000000000008,28.068064666764613
82.70000000000007,28.064079019093008
82.80000000000007,28.059979407112642
82.90000000000008,28.055766032257957
83.00000000000007,28.051439124448862
83.10000000000008,28.04699894218946
83.20000000000007,28.042445772660848
83.30000000000007,28.037779931807677
83.40000000000008,28.033001764418195
83.50000000000007,28.028111644197494
83.60000000000008,28.023109973833677
83.70000000000007,28.017997185056608
83.80000000000007,28.01277373868902
83.90000000000008,28.00744012468966
84.00000000000007,28.001996862188086
84.10000000000008,27.99644449951097
84.20000000000007,27.990783614199415
84.30000000000007,27.985014813017152
84.40000000000008,27.979138731949163
84.50000000000007,27.973156036190538
84.60000000000008,27.96706742012511
84.70000000000007,27.960873607293713
84.80000000000007,27.954575350351575
84.90000000000008,27.94817343101471
85.00000000000007,27.941668659994804
85.10000000000008,27.93506187692241
85.20000000000007,27.928353950258114
85.30000000000007,27.921545777191206
85.40000000000008,27.91468135999949
85.50000000000007,27.90789282300559
85.60000000000008,27.901190200951895
85.70000000000007,27.89457448500449
85.80000000000007,27.888046685358397
85.90000000000008,27.88160783105748
86.00000000000007,27.875258969800477
86.10000000000008,27.86900116773274
86.20000000000007,27.862835509223487
86.30000000000008,27.856763096628207
86.40000000000008,27.85078505003593
86.50000000000007,27.84490250700108
86.60000000000008,27.83911662225961
86.70000000000007,27.83342856742913
86.80000000000008,27.82783953069282
86.90000000000008,27.82235071646673
87.00000000000007,27.816963345050333
87.10000000000008,27.811678652259978
87.20000000000007,27.806497889045048
87.30000000000008,27.80142232108657
87.40000000000008,27.796453228378034
87.50000000000007,27.791591904788156
87.60000000000008,27.786839657605483
87.70000000000007,27.782197807064513
87.80000000000008,27.77766768585316
87.90000000000008,27.773250638601475
88.00000000000007,27.76894802135127
88.10000000000008,27.764761201006678
88.20000000000007,27.760691554765323
88.30000000000008,27.756740469530072
88.40000000000008,27.752909341301212
88.50000000000007,27.749199574548918
88.60000000000008,27.745612581565915
88.70000000000007,27.742149781800308
88.80000000000008,27.73881260116839
88.90000000000008,27.735602471347498
89.00000000000009,27.732520829048795
89.10000000000008,27.72956911526998
89.20000000000007,27.726748774527927
89.30000000000008,27.72406125407123
89.40000000000008,27.72150800307272
89.50000000000009,27.719090471801977
89.60000000000008,27.71681011077787
89.70000000000007,27.714668369901283
89.80000000000008,27.712666697568025
89.90000000000008,27.71080653976214
90.00000000000009,27.709089339129697
90.10000000000008,27.707516534033196
90.20000000000007,27.706089557586857
90.30000000000008,27.704809836672922
90.40000000000008,27.703678790939158
90.50000000000009,27.70269783177794
90.60000000000008,27.701868361286998
90.70000000000007,27.70119177121225
90.80000000000008,27.70066944187299
90.90000000000008,27.700302741069706
91.00000000000009,27.70009302297499
91.10000000000008,27.700041627007757
91.20000000000007,27.700149876691363
91.30000000000008,27.700419078495898
91.40000000000008,27.70085052066512
91.50000000000009,27.701445472028574
91.60000000000008,27.702205180799282
91.70000000000007,27.703130873357644
91.80000000000008,27.70422375302192
91.90000000000008,27.705484998806043
92.00000000000009,27.70691576416521
92.10000000000008,27.708517175729902
92.20000000000007,27.710290332028997
92.30000000000008,27.712236302202612
92.40000000000008,27.71435612470529
92.50000000000009,27.716650806000402
92.60000000000008,27.71912131924625
92.70000000000009,27.721768602974876
92.80000000000008,27.724593559764138
92.90000000000008,27.727597054903974
93.00000000000009,27.73077991505763
93.10000000000008,27.734142926918686
93.20000000000009,27.737686835864743
93.30000000000008,27.74141234460864
93.40000000000008,27.74532011184815
93.50000000000009,27.74941075091504
93.60000000000008,27.75368482842439
93.70000000000009,27.758142862925254
93.80000000000008,27.76278532355353
93.90000000000008,27.767612628688084
94.00000000000009,27.772625144611162
94.10000000000008,27.777823184174096
94.20000000000009,27.783207005469322
94.30000000000008,27.788776810509873
94.40000000000008,27.794532743917337
94.50000000000009,27.800474891619416
94.60000000000008,27.806603279558182
94.70000000000009,27.812917872410146
94.80000000000008,27.819418572319336
94.90000000000008,27.826105217644404
95.00000000000009,27.832977581721046
95.10000000000008,27.840035371640816
95.20000000000009,27.847278227047553
95.30000000000008,27.854705718952587
95.40000000000009,27.862317348569867
95.50000000000009,27.870112546172322
95.60000000000008,27.878090669970483
95.70000000000009,27.886251005014763
95.80000000000008,27.89459276212238
95.90000000000009,27.903115076830325
96.00000000000009,27.911817008375458
96.10000000000008,27.920697538702996
96.20000000000009,27.92975557150453
96.30000000000008,27.938989931286827
96.40000000000009,27.948399362472593
96.50000000000009,27.9579825285344
96.60000000000008,27.967738011162865
96.70000000000009,27.977664309470427
96.80000000000008,27.987759839231657
96.90000000000009,27.99802293216151
97.00000000000009,28.0084518352324
97.10000000000008,28.01904471003143
97.20000000000009,28.029799632158763
97.30000000000008,28.04071459066825
97.40000000000009,28.0517874875515
97.50000000000009,28.06301613726623
97.60000000000008,28.074398266310148
97.70000000000009,28.085931512841327
97.80000000000008,28.097613426345916
97.90000000000009,28.109441467354443
98.00000000000009,28.12141300720735
98.10000000000008,28.133525327870927
98.20000000000009,28.145775621804376
98.30000000000008,28.158160991878916
98.40000000000009,28.170678451349836
98.50000000000009,28.183324923882132
98.60000000000008,28.196097243630696
98.70000000000009,28.20899215537559
98.80000000000008,28.22200631471327
98.90000000000009,28.235136288304297
99.00000000000009,28.248378554178295
99.1000000000001,28.26172950209655
99.20000000000009,28.275185433973
99.30000000000008,28.288742564354003
99.40000000000009,28.302397020957343
99.50000000000009,28.316144845270962
99.6000000000001,28.329981993211717
99.70000000000009,28.34390433584459
99.80000000000008,28.35790766016251
99.90000000000009,28.371987669927172
100.00000000000009,28.386139986570875
100.1000000000001,28.400360150159734
100.20000000000009,28.414643620418097
100.30000000000008,28.42898577781454
100.40000000000009,28.44338192470906
100.50000000000009,28.457827286561738
100.6000000000001,28.47231701320259
100.70000000000009,28.486846180162424
100.80000000000008,28.501409790064642
100.90000000000009,28.516002774077563
101.00000000000009,28.530619993427017
101.1000000000001,28.545256240968833
101.20000000000009,28.55990624282081
101.30000000000008,28.57456466005361
101.40000000000009,28.589226090440192
101.50000000000009,28.60388507026297
101.6000000000001,28.61853607617826
101.70000000000009,28.63317352713721
101.8000000000001,28.64779178636249
101.90000000000009,28.662385163379867
102.00000000000009,28.676947916103906
102.1000000000001,28.691474252976796
102.20000000000009,28.70595833515938
102.3000000000001,28.7203942787733
102.40000000000009,28.734776157193252
102.50000000000009,28.749098003388177
102.6000000000001,28.763353812310214
102.70000000000009,28.777537543330162
102.8000000000001,28.791643122718185
102.90000000000009,28.80566444616845
103.00000000000009,28.81959538136627
103.1000000000001,28.83342977059629
103.20000000000009,28.84716143339036
103.3000000000001,28.86078416921341
103.40000000000009,28.874291760185884
103.50000000000009,28.887677973841015
103.6000000000001,28.900936565915387
103.70000000000009,28.91406128317098
103.8000000000001,28.927045866247
103.90000000000009,28.93988405253971
104.00000000000009,28.9525695791085
104.1000000000001,28.96509618560615
104.20000000000009,28.97745761723167
104.3000000000001,28.98964762770354
104.40000000000009,29.001659982251525
104.50000000000009,29.013488460625062
104.6000000000001,29.025126860116153
104.70000000000009,29.036568998594767
104.8000000000001,29.04780871755468
104.90000000000009,29.05883988516758
105.00000000000009,29.06965639934345
105.1000000000001,29.08025219079498
105.20000000000009,29.090621226103906
105.3000000000001,29.100757510787084
105.40000000000009,29.110655092360155
105.5000000000001,29.12030806339655
105.6000000000001,29.12971056457961
105.70000000000009,29.138856787745745
105.8000000000001,29.14774097891619
105.90000000000009,29.156357441315315
106.0000000000001,29.164700538373204
106.1000000000001,29.17276469671021
106.20000000000009,29.180544409101337
106.3000000000001,29.188034237418222
106.40000000000009,29.195228815546457
106.5000000000001,29.202122852276034
106.6000000000001,29.208711134162833
106.70000000000009,29.214988528358774
106.8000000000001,29.220949985408673
106.90000000000009,29.22659054201145
107.0000000000001,29.23190532374376
107.1000000000001,29.2368895477437
107.20000000000009,29.241538525352766
107.3000000000001,29.24584766471375
107.40000000000009,29.249812473322713
107.5000000000001,29.253428560532946
107.6000000000001,29.25669164000896
107.70000000000009,29.259597532128588
107.8000000000001,29.262142166331238
107.90000000000009,29.264321583410513
108.0000000000001,29.266131937749265
108.1000000000001,29.2675694994954
108.2000000000001,29.2686306566766
108.3000000000001,29.26931191725231
108.40000000000009,29.269609911101355
108.5000000000001,29.269521391943535
108.6000000000001,29.269043239193643
108.7000000000001,29.268172459746474
108.8000000000001,29.266906189691284
108.90000000000009,29.265241695954344
109.0000000000001,29.26317637786829
109.1000000000001,29.26070776866692
109.2000000000001,29.257833536904208
109.3000000000001,29.254551487796498
109.40000000000009,29.25085956448659
109.5000000000001,29.246755849228848
109.6000000000001,29.24223856449425
109.7000000000001,29.237306073994503
109.8000000000001,29.23195688362439
109.90000000000009,29.226189642321543
110.0000000000001,29.22000314284297
110.1000000000001,29.213396322457683
110.2000000000001,29.20636826355475
110.3000000000001,29.19891819416653
110.40000000000009,29.19104548840629
110.5000000000001,29.182749666820158
110.6000000000001,29.174030396653016
110.7000000000001,29.164879882532908
110.8000000000001,29.15522553471977
110.90000000000009,29.1450494707841
111.0000000000001,29.13435209311563
111.1000000000001,29.12313402850775
111.2000000000001,29.111396127680784
111.3000000000001,29.099139464642278
111.40000000000009,29.086365335884757
111.5000000000001,29.073075259421962
111.6000000000001,29.059270973664404
111.7000000000001,29.04495443613542
111.8000000000001,29.030127822029115
111.9000000000001,29.014793522611527
112.0000000000001,28.998954143466747
112.1000000000001,28.98261250258971
112.2000000000001,28.965771628327644
112.3000000000001,28.948434757172215
112.4000000000001,28.930605331404657
112.5000000000001,28.912286996596173
112.6000000000001,28.89348359896629
112.7000000000001,28.87419918260165
112.8000000000001,28.85443798653815
112.9000000000001,28.83420444170938
113.0000000000001,28.81350316776428
113.1000000000001,28.792338969757374
113.2000000000001,28.77071683471472
113.3000000000001,28.748641928079195
113.4000000000001,28.7261195900384
113.5000000000001,28.703155331739033
113.6000000000001,28.67975483139137
113.7000000000001,28.65592393026771
113.8000000000001,28.631668628598746
113.9000000000001,28.606995081371785
114.0000000000001,28.58190959403514
114.1000000000001,28.556418618112538
114.2000000000001,28.53052874673213
114.3000000000001,28.504246710074263
114.4000000000001,28.477579370742326
114.5000000000001,28.450533719061312
114.60000000000011,28.423116868308377
114.7000000000001,28.39533604988013
114.8000000000001,28.367198608401004
114.9000000000001,28.338711996777533
115.0000000000001,28.30988377120306
115.10000000000011,28.280721586117558
115.2000000000001,28.25123318912719
115.3000000000001,28.221426415888473
115.4000000000001,28.191309184961504
115.5000000000001,28.160889492637153
115.60000000000011,28.13017540774279
115.7000000000001,28.09917506643132
115.8000000000001,28.067896666958106
115.9000000000001,28.036348464450455
116.0000000000001,28.004538765674454
116.10000000000011,27.97247592380338
116.2000000000001,27.940168333192688
116.3000000000001,27.907624424165718
116.4000000000001,27.87485265781477
116.5000000000001,27.841861520822036
116.60000000000011,27.808659520304488
116.7000000000001,27.775255178687324
116.8000000000001,27.74165702861
116.9000000000001,27.70787360786909
117.0000000000001,27.67391345440211
117.10000000000011,27.639785101316228
117.2000000000001,27.605497071965836
117.3000000000001,27.571057875082914
117.4000000000001,27.53647599996377
117.5000000000001,27.50175991171602
117.60000000000011,27.466918046569198
117.7000000000001,27.43195880725264
117.8000000000001,27.39689055844385
117.9000000000001,27.36172162229071
118.0000000000001,27.326460274010714
118.10000000000011,27.291114737570133
118.2000000000001,27.255693181446233
118.30000000000011,27.220203714475154
118.4000000000001,27.18465438178837
118.5000000000001,27.14905316084011
118.60000000000011,27.113407957528345
118.7000000000001,27.077726602411595
118.80000000000011,27.042016847023753
118.9000000000001,27.00628636028918
119.0000000000001,26.97054272503975
119.10000000000011,26.93479343463595
119.2000000000001,26.899045889693596
119.30000000000011,26.863307394917765
119.4000000000001,26.827585156045437
119.5000000000001,26.79188627689811
119.60000000000011,26.75621775654565
119.7000000000001,26.72058648658238
119.80000000000011,26.684999248516394
119.9000000000001,26.649462711272882
120.0000000000001,26.613983428812162
120.10000000000011,26.578567837862956
120.2000000000001,26.54322225577142
120.30000000000011,26.5079528784661
120.4000000000001,26.47276577853921
120.5000000000001,26.43766690344403
120.60000000000011,26.402662073808656
120.7000000000001,26.367756981865767
120.80000000000011,26.332957189998076
120.9000000000001,26.298268129399318
121.00000000000011,26.263695098849944
121.10000000000011,26.22924326360718
121.2000000000001,26.194917654408542
121.30000000000011,26.16072316658807
121.4000000000001,26.126664559304352
121.50000000000011,26.092746454879226
121.60000000000011,26.05897333824617
121.7000000000001,26.025349556506995
121.80000000000011,25.99187931859566
121.9000000000001,25.958566695047807
122.00000000000011,25.925415617874357
122.10000000000011,25.892429880537897
122.2000000000001,25.8596131380299
122.30000000000011,25.826968907047288
122.4000000000001,25.79450056626647
122.50000000000011,25.762211356712875
122.60000000000011,25.730104382224305
122.7000000000001,25.698182610005837
122.80000000000011,25.666448871274454
122.9000000000001,25.634905861991136
123.00000000000011,25.603556143678354
123.10000000000011,25.572402144320698
123.2000000000001,25.541446159346435
123.30000000000011,25.510690352687654
123.4000000000001,25.480136757916718
123.50000000000011,25.449787279456572
123.60000000000011,25.419643693862646
123.7000000000001,25.38970765117373
123.80000000000011,25.35998067632955
123.9000000000001,25.33046417065247
124.00000000000011,25.30115941339082
124.10000000000011,25.27206756332143
124.2000000000001,25.24318966040869
124.30000000000011,25.214526627517763
124.4000000000001,25.18607927217936
124.50000000000011,25.157848288403457
124.60000000000011,25.129834258539542
124.70000000000012,25.10203765518076
124.80000000000011,25.07445884310948
124.9000000000001,25.04709808128171
125.00000000000011,25.019955524847916
125.10000000000011,24.993031227207695
125.20000000000012,24.966325142095805
125.30000000000011,24.939837125697203
125.4000000000001,24.913566938788485
125.50000000000011,24.88751424890345
125.60000000000011,24.861678632520373
125.70000000000012,24.83605957726852
125.80000000000011,24.810656484151785
125.9000000000001,24.7854686697869
126.00000000000011,24.760495368654176
126.10000000000011,24.73573573535844
126.20000000000012,24.71118884689796
126.30000000000011,24.686853704939324
126.4000000000001,24.66272923809602
126.50000000000011,24.638814304208786
126.60000000000011,24.615107692625653
126.70000000000012,24.591608126479688
126.80000000000011,24.568314264962574
126.9000000000001,24.545224705592076
127.00000000000011,24.52233798647167
127.10000000000011,24.499652588540442
127.20000000000012,24.47716693781161
127.30000000000011,24.454879407597986
127.40000000000012,24.4327883207227
127.50000000000011,24.410891951713754
127.60000000000011,24.389188528980682
127.70000000000012,24.367676236972095
127.80000000000011,24.346353218312515
127.90000000000012,24.325217575917268
128.0000000000001,24.304267375084073
128.1000000000001,24.283500645560125
128.2000000000001,24.26291538358349
128.30000000000013,24.242509553897662
128.40000000000012,24.222281091738235
128.5000000000001,24.202227904790632
128.6000000000001,24.18234787511798
128.7000000000001,24.16263886105822
128.80000000000013,24.143098699089514
128.90000000000012,24.123725205663312
129.0000000000001,24.104516179004136
129.1000000000001,24.08546940087556
129.2000000000001,24.066582638311644
129.30000000000013,24.047853645313268
129.40000000000012,24.02928016450886
129.5000000000001,24.010859928778913
129.6000000000001,23.99259066284403
129.7000000000001,23.97447008481594
129.80000000000013,23.956495907711265
129.90000000000012,23.938665840927676
130.0000000000001,23.920977591682217
130.1000000000001,23.90342886641154
130.2000000000001,23.88601737213404
130.30000000000013,23.868740817773556
130.40000000000012,23.851596915444766
130.5000000000001,23.834583381700085
130.6000000000001,23.817697938738206
130.7000000000001,23.800938315574236
130.80000000000013,23.784302249171496
130.90000000000012,23.767787485535234
131.0000000000001,23.751391780768248
131.1000000000001,23.735112902088673
131.2000000000001,23.718948628810203
131.30000000000013,23.70289675328489
131.40000000000012,23.686955081808918
131.5000000000001,23.671121435491553
131.6000000000001,23.6553936510877
131.7000000000001,23.63976958179437
131.80000000000013,23.624247098011477
131.90000000000012,23.608824088067415
132.0000000000001,23.59349845890972
132.1000000000001,23.578268136761473
132.2000000000001,23.563131067743747
132.30000000000013,23.54808521846472
132.40000000000012,23.53312857657589
132.5000000000001,23.518259151296
132.6000000000001,23.503474973903142
132.70000000000013,23.488774098195687
132.80000000000013,23.47415460092258
132.90000000000012,23.459614582183576
133.0000000000001,23.44515216580008
133.1000000000001,23.43076549965712
133.20000000000013,23.41645275601718
133.30000000000013,23.40221213180643
133.40000000000012,23.388041848874067
133.5000000000001,23.373940154225327
133.6000000000001,23.359905320228954
133.70000000000013,23.345935644799635
133.80000000000013,23.332029451556153
133.90000000000012,23.318185089955907
134.0000000000001,23.30440093540642
134.1000000000001,23.290675389354583
134.20000000000013,23.277006879354197
134.30000000000013,23.263393859112604
134.40000000000012,23.24983480851691
134.5000000000001,23.236328233640627
134.6000000000001,23.222872666731327
134.70000000000013,23.20946666617988
134.80000000000013,23.196108816472098
134.90000000000012,23.182797728123283
135.0000000000001,23.16953203759641
135.1000000000001,23.156310407204558
135.20000000000013,23.14313152499817
135.30000000000013,23.129994104637905
135.40000000000012,23.11689688525349
135.5000000000001,23.103838631289385
135.6000000000001,23.090818132337745
135.70000000000013,23.077834202959302
135.80000000000013,23.064885682492754
135.90000000000012,23.051971434853215
136.0000000000001,23.03909034832034
136.1000000000001,23.026241335316605
136.20000000000013,23.013423332176373
136.30000000000013,23.000635298906232
136.40000000000012,22.987876218937068
136.5000000000001,22.975145098868545
136.6000000000001,22.962440968206344
136.70000000000013,22.949762879092717
136.80000000000013,22.937109906030837
136.90000000000012,22.924481145603384
137.0000000000001,22.911875716185847
137.1000000000001,22.899292757654987
137.20000000000013,22.88673143109287
137.30000000000013,22.874190918486917
137.40000000000012,22.861670422426364
137.5000000000001,22.84916916579553
137.6000000000001,22.836686391464283
137.70000000000013,22.82422136197608
137.80000000000013,22.811773359233932
137.90000000000012,22.799341684184665
138.0000000000001,22.786925656501747
138.1000000000001,22.774524614267143
138.20000000000013,22.76213791365234
138.30000000000013,22.749764928598996
138.40000000000012,22.73740505049942
138.5000000000001,22.725057687877147
138.60000000000014,22.712722266068
138.70000000000013,22.70039822690172
138.80000000000013,22.688085028384542
138.90000000000012,22.675782144382932
139.0000000000001,22.663489064308653
139.10000000000014,22.65120529280543
139.20000000000013,22.63893034943741
139.30000000000013,22.6266637683796
139.40000000000012,22.61440509811043
139.5000000000001,22.602153901106774
139.60000000000014,22.589909753541303
139.70000000000013,22.577672244982683
139.80000000000013,22.565440978098458
139.90000000000012,22.553215568360937
140.0000000000001,22.540995643756155
140.10000000000014,22.528780844496012
140.20000000000013,22.516570822733783
140.30000000000013,22.504365242282958
140.40000000000012,22.492163778339684
140.5000000000001,22.479966117208768
140.60000000000014,22.467771956033356
140.70000000000013,22.455581002528433
140.80000000000013,22.443392974718073
140.90000000000012,22.431207600676643
141.0000000000001,22.419024618273937
141.10000000000014,22.40684377492429
141.20000000000013,22.39466482733974
141.30000000000013,22.38248754128726
141.40000000000012,22.370311691350118
141.5000000000001,22.358137060693316
141.60000000000014,22.345963440833216
141.70000000000013,22.333790631411354
141.80000000000013,22.32161843997236
141.90000000000012,22.30944668174612
142.0000000000001,22.297275179434074
142.10000000000014,22.285103762999753
142.20000000000013,22.272932269463432
142.30000000000013,22.260760542700957
142.40000000000012,22.24858843324673
142.5000000000001,22.236415798100833
142.60000000000014,22.224242500540214
142.70000000000013,22.21206840993402
142.80000000000013,22.199893401562917
142.90000000000012,22.18771735644249
143.0000000000001,22.175540161150593
143.10000000000014,22.163361707658687
143.20000000000013,22.1511818931671
143.30000000000013,22.139000619944092
143.40000000000012,22.126817795168886
143.5000000000001,22.11463333077836
143.60000000000014,22.10244714331757
143.70000000000013,22.09025915379396
143.80000000000013,22.078069287535186
143.90000000000012,22.065877474050573
144.0000000000001,22.053683646896125
144.10000000000014,22.041487743543016
144.20000000000013,22.029289705249525
144.30000000000013,22.017089476936366
144.40000000000012,22.00488700706537
144.5000000000001,21.992682247521408
144.60000000000014,21.98047515349755
144.70000000000013,21.968265683383443
144.80000000000013,21.956053798656672
144.90000000000012,21.943839463777316
145.0000000000001,21.931622646085394
145.10000000000014,21.91940331570128
145.20000000000013,21.907181445429003
145.30000000000013,21.894957010662353
145.40000000000012,21.88272998929373
145.50000000000014,21.870500361625723
145.60000000000014,21.858268110285337
145.70000000000013,21.846033220140754
145.80000000000013,21.83379567822068
145.90000000000012,21.82155547363614
146.00000000000014,21.809312597504658
146.10000000000014,21.797067042876883
146.20000000000013,21.78481880466539
146.30000000000013,21.77256787957584
146.40000000000012,21.76031426604026
146.50000000000014,21.74805796415253
146.60000000000014,21.735798975605853
146.70000000000013,21.723537303632376
146.80000000000013,21.711272952944682
146.90000000000012,21.699005929679288
147.00000000000014,21.686736241341965
147.10000000000014,21.674463896754943
147.20000000000013,21.662188906005824
147.30000000000013,21.649911280398275
147.40000000000012,21.637631032404382
147.50000000000014,21.62534817561864
147.60000000000014,21.61306272471355
147.70000000000013,21.6007746953967
147.80000000000013,21.588484104369428
147.90000000000012,21.576190969286863
148.00000000000014,21.56389530871942
148.10000000000014,21.551597142115682
148.20000000000013,21.539296489766528
148.30000000000013,21.526993372770654
148.40000000000012,21.514687813001263
148.50000000000014,21.502379833074002
148.60000000000014,21.49006945631607
148.70000000000013,21.477756706736464
148.80000000000013,21.46544160899729
148.90000000000012,21.45312418838619
149.00000000000014,21.440804470789757
149.10000000000014,21.428482482667988
149.20000000000013,21.416158251029657
149.30000000000013,21.403831803408657
149.40000000000012,21.391503167841197
149.50000000000014,21.379172372843946
149.60000000000014,21.366839447392955
149.70000000000013,21.354504420903382
149.80000000000013,21.342167323210077
149.90000000000012,21.32982818454885
150.00000000000014,21.317487035538505
150.10000000000014,21.305143907163597
150.20000000000013,21.292798830757796
150.30000000000013,21.280451837988032
150.40000000000012,21.26810296083913
150.50000000000014,21.255752231599168
150.60000000000014,21.2433996828454
150.70000000000013,21.231045347430673
150.80000000000013,21.218689258470484
150.90000000000012,21.206331449330534
151.00000000000014,21.193971953614742
151.10000000000014,21.18161080515383
151.20000000000013,21.169248037994294
151.30000000000013,21.15688368638788
151.40000000000015,21.144517784781463
151.50000000000014,21.132150367807412
151.60000000000014,21.119781470274226
151.70000000000013,21.10741112715769
151.80000000000013,21.095039373592307
151.90000000000015,21.08266624486317
152.00000000000014,21.070291776398093
152.10000000000014,21.05791600376011
152.20000000000013,21.045538962640315
152.30000000000013,21.033160688850955
152.40000000000015,21.020781218318838
152.50000000000014,21.008400587079034
152.60000000000014,20.996018831268813
152.70000000000013,20.983635987121865
152.80000000000013,20.971252090962736
152.90000000000015,20.95886717920156
153.00000000000014,20.94648128832894
153.10000000000014,20.934094454911104
153.20000000000013,20.921706715585223
153.30000000000013,20.909318107054993
153.40000000000015,20.89692866608632
153.50000000000014,20.88453842950328
153.60000000000014,20.872147434184168
153.70000000000013,20.859755717057773
153.80000000000013,20.847363315099802
153.90000000000015,20.834970265329417
154.00000000000014,20.822576604806
154.10000000000014,20.81018237062595
154.20000000000013,20.797787599919708
154.30000000000013,20.785392329848875
154.40000000000015,20.772996597603424
154.50000000000014,20.760600440399077
154.60000000000014,20.748203895474767
154.70000000000013,20.735807000090198
154.80000000000013,20.72340979152354
154.90000000000015,20.71101230706919
155.00000000000014,20.69861458403564
155.10000000000014,20.686216659743422
155.20000000000013,20.67381857152315
155.30000000000013,20.66142035671365
155.40000000000015,20.649022052660126
155.50000000000014,20.636623696712476
155.60000000000014,20.624225326223577
155.70000000000013,20.611826978547725
155.80000000000013,20.599428691039094
155.90000000000015,20.587030501050258
156.00000000000014,20.574632445930796
156.10000000000014,20.562234563025914
156.20000000000013,20.549836889675156
156.30000000000013,20.537439463211136
156.40000000000015,20.525042320958335
156.50000000000014,20.512645500231958
156.60000000000014,20.50024903833677
156.70000000000013,20.487852972566053
156.80000000000013,20.475457340200574
156.90000000000015,20.463062178507542
157.00000000000014,20.4506675247397
157.10000000000014,20.43827341613433
157.20000000000013,20.425879889912395
157.30000000000013,20.413486983277664
157.40000000000015,20.401094733415853
157.50000000000014,20.388703177493838
157.60000000000014,20.376312352658843
157.70000000000013,20.3639222960377
157.80000000000013,20.351533044736087
157.90000000000015,20.33914463583784
158.00000000000014,20.32675710640425
158.10000000000014,20.314370493473376
158.20000000000013,20.30198483405941
158.30000000000015,20.289600165152038
158.40000000000015,20.277216523715808
158.50000000000014,20.264833946689556
158.60000000000014,20.252452470985798
158.70000000000013,20.240072133490173
158.80000000000015,20.22769297106089
158.90000000000015,20.215315020528177
159.00000000000014,20.20293831869376
159.10000000000014,20.190562902330345
159.20000000000013,20.17818880818112
159.30000000000015,20.165816072959245
159.40000000000015,20.15344473334741
159.50000000000014,20.141074825997308
159.60000000000014,20.128706387529217
159.70000000000013,20.116339454531534
159.80000000000015,20.103974063560315
159.90000000000015,20.09161025113889
160.00000000000014,20.07924805375736
160.10000000000014,20.066887507872238
160.20000000000013,20.05452864990602
160.30000000000015,20.04217151624676
160.40000000000015,20.029816143247714
160.50000000000014,20.0174625672269
160.60000000000014,20.005110824466733
160.70000000000013,19.99276095121366
160.80000000000015,19.980412983677752
160.90000000000015,19.96806695803236
161.00000000000014,19.95572291041374
161.10000000000014,19.943380876920692
161.20000000000013,19.93104089361421
161.30000000000015,19.918702996517123
161.40000000000015,19.906367221613756
161.50000000000014,19.894033604849586
161.60000000000014,19.881702182130894
161.70000000000013,19.869372989324443
161.80000000000015,19.857046062257133
161.90000000000015,19.8447214367157
162.00000000000014,19.83239914844635
162.10000000000014,19.820079233154466
162.20000000000013,19.807761726504282
162.30000000000015,19.795446664118572
162.40000000000015,19.783134081578332
162.50000000000014,19.770824014422473
162.60000000000014,19.7585164981475
162.70000000000013,19.74621156820724
162.80000000000015,19.733909260012503
162.90000000000015,19.721609608930805
163.00000000000014,19.709312650286073
163.10000000000014,19.697018419358322
163.20000000000013,19.684726951383404
163.30000000000015,19.672438281552665
163.40000000000015,19.660152445012727
163.50000000000014,19.647869476865125
163.60000000000014,19.635589412166084
163.70000000000013,19.623312285926193
163.80000000000015,19.611038133110146
163.90000000000015,19.59876698863647
164.00000000000014,19.586498887377232
164.10000000000014,19.574233864157755
164.20000000000016,19.56197195375638
164.30000000000015,19.549713190904164
164.40000000000015,19.53745761028462
164.50000000000014,19.525205246533442
164.60000000000014,19.51295613423825
164.70000000000016,19.500710307938316
164.80000000000015,19.488467802124305
164.90000000000015,19.47622865123801
165.00000000000014,19.46399288967209
165.10000000000014,19.45176055176981
165.20000000000016,19.439531671824795
165.30000000000015,19.427306284080757
165.40000000000015,19.41508442273126
165.50000000000014,19.402866121919438
165.60000000000014,19.39065141573777
165.70000000000016,19.378440338227826
165.80000000000015,19.366232923379997
165.90000000000015,19.35402920513328
166.00000000000014,19.34182921737499
166.10000000000014,19.329632993940564
166.20000000000016,19.31744056861327
166.30000000000015,19.305251975124005
166.40000000000015,19.293067247151022
166.50000000000014,19.28088641831971
166.60000000000014,19.268709522202347
166.70000000000016,19.256536592317865
166.80000000000015,19.244367662131616
166.90000000000015,19.232202765055135
167.00000000000014,19.2200419344459
167.10000000000014,19.20788520360712
167.20000000000016,19.195732605787484
167.30000000000015,19.183584174180936
167.40000000000015,19.171439941926458
167.50000000000014,19.159299942107822
167.60000000000014,19.14716420775339
167.70000000000016,19.13503277183586
167.80000000000015,19.12290566727207
167.90000000000015,19.110782926922774
168.00000000000014,19.098664583592374
168.10000000000014,19.08655067002877
168.20000000000016,19.0744412189231
168.30000000000015,19.062336262909533
168.40000000000015,19.05023583456504
168.50000000000014,19.038139966409204
168.60000000000014,19.026048690903977
168.70000000000016,19.0139620404535
168.80000000000015,19.001880047403855
168.90000000000015,18.98980274404289
169.00000000000014,18.97773016259999
169.10000000000014,18.96566233524586
169.20000000000016,18.953599294092335
169.30000000000015,18.94154107119219
169.40000000000015,18.929487698538892
169.50000000000014,18.917439208066433
169.60000000000014,18.905395631649107
169.70000000000016,18.89335700110133
169.80000000000015,18.88132334817741
169.90000000000015,18.869294704571384
170.00000000000014,18.857271101916794
170.10000000000014,18.845252571786496
170.20000000000016,18.83323914569248
170.30000000000015,18.821230855085652
170.40000000000015,18.809227731355662
170.50000000000014,18.797229805830703
170.60000000000014,18.785237109777313
170.70000000000016,18.773249674400194
170.80000000000015,18.761267530842044
170.90000000000015,18.749290710183324
171.00000000000014,18.737319243442112
171.10000000000016,18.7253531615739
171.20000000000016,18.713392495471407
171.30000000000015,18.701437275964416
171.40000000000015,18.689487533819573
171.50000000000014,18.677543299740208
171.60000000000016,18.665604604366166
171.70000000000016,18.653671478273633
171.80000000000015,18.641743951974938
171.90000000000015,18.629822055918392
172.00000000000014,18.61790582048811
172.10000000000016,18.60599527600384
172.20000000000016,18.594090452720792
172.30000000000015,18.582191380829457
172.40000000000015,18.57029809045545
172.50000000000014,18.558410611659315
172.60000000000016,18.5465289744364
172.70000000000016,18.53465320871665
172.80000000000015,18.52278334436447
172.90000000000015,18.510919411178534
173.00000000000014,18.49906143889164
173.10000000000016,18.48720945717054
173.20000000000016,18.475363495615788
173.30000000000015,18.463523583761564
173.40000000000015,18.451689751075527
173.50000000000014,18.439862026958657
173.60000000000016,18.42804044074508
173.70000000000016,18.416225021701948
173.80000000000015,18.40441579902925
173.90000000000015,18.392612801859663
174.00000000000014,18.380816059258425
174.10000000000016,18.369025600223146
174.20000000000016,18.357241453683702
174.30000000000015,18.34546364850204
174.40000000000015,18.333692213472055
174.50000000000014,18.32192717731944
174.60000000000016,18.310168568701545
174.70000000000016,18.298416416207218
174.80000000000015,18.286670748356666
174.90000000000015,18.274931593601323
175.00000000000014,18.263198980323693
175.10000000000016,18.251472936837217
175.20000000000016,18.239753491386132
175.30000000000015,18.22804067214534
175.40000000000015,18.216334507220253
175.50000000000014,18.204635024646674
175.60000000000016,18.192942252390644
175.70000000000016,18.181256218348334
175.80000000000015,18.169576950345885
175.90000000000015,18.157904476139294
176.00000000000014,18.146238823414265
176.10000000000016,18.134580019786092
176.20000000000016,18.122928092799548
176.30000000000015,18.111283069928703
176.40000000000015,18.099644978576862
176.50000000000014,18.088013846076386
176.60000000000016,18.076389699688598
176.70000000000016,18.06477256660365
176.80000000000015,18.053162473940407
176.90000000000015,18.041559448746305
177.00000000000017,18.029963517997256
177.10000000000016,18.01837470859752
177.20000000000016,18.006793047379567
177.30000000000015,17.995218561103997
177.40000000000015,17.983651276459383
177.50000000000017,17.972091220062186
177.60000000000016,17.960538418456636
177.70000000000016,17.948992898114604
177.80000000000015,17.937454685435497
177.90000000000015,17.925923806746155
178.00000000000017,17.914400288300723
178.10000000000016,17.90288415628057
178.20000000000016,17.891375436794156
178.30000000000015,17.879874155876923
178.40000000000015,17.86838033949121
178.50000000000017,17.85689401352613
178.60000000000016,17.845415203797483
178.70000000000016,17.833943936047632
178.80000000000015,17.822480235945413
178.90000000000015,17.811024129086032
179.00000000000017,17.799575640990966
179.10000000000016,17.788134797107872
179.20000000000016,17.776701622810474
179.30000000000015,17.765276143398463
179.40000000000015,17.753858384097427
179.50000000000017,17.742448370058725
179.60000000000016,17.731046126359416
179.70000000000016,17.719651678002165
179.80000000000015,17.70826504991513
179.90000000000015,17.69688626695189
180.00000000000017,17.685515353891343
180.10000000000016,17.674152335437647
180.20000000000016,17.662797236220086
180.30000000000015,17.651450080793012
180.40000000000015,17.640110893635757
180.50000000000017,17.62877969915254
180.60000000000016,17.617456521672395
180.70000000000016,17.606141385449074
180.80000000000015,17.59483431466097
180.90000000000015,17.583535333411046
181.00000000000017,17.57224446572673
181.10000000000016,17.56096173555987
181.20000000000016,17.549687166786633
181.30000000000015,17.538420783207425
181.40000000000015,17.527162608546828
181.50000000000017,17.515912666453524
181.60000000000016,17.504670980500208
181.70000000000016,17.493437574183538
181.80000000000015,17.482212470924033
181.90000000000015,17.47099569406602
182.00000000000017,17.459787266877562
182.10000000000016,17.448587212550393
182.20000000000016,17.43739555419984
182.30000000000015,17.42621231486475
182.40000000000015,17.415037517507447
182.50000000000017,17.403871185013642
182.60000000000016,17.392713340192394
182.70000000000016,17.381564005776006
182.80000000000015,17.370423204420014
182.90000000000015,17.359290958703077
183.00000000000017,17.34816729112695
183.10000000000016,17.337052224116412
183.20000000000016,17.325945780019204
183.30000000000015,17.314847981105977
183.40000000000015,17.303758849570226
183.50000000000017,17.292678407528246
183.60000000000016,17.281606677019077
183.70000000000016,17.270543680004426
183.80000000000015,17.25948943836865
183.90000000000018,17.248443973918672
184.00000000000017,17.237407308383958
184.10000000000016,17.226379463416436
184.20000000000016,17.215360460590464
184.30000000000015,17.204350321402792
184.40000000000018,17.193349067272486
184.50000000000017,17.18235671954091
184.60000000000016,17.171373299471657
184.70000000000016,17.160398828250518
184.80000000000015,17.14943332698543
184.90000000000018,17.138476816706447
185.00000000000017,17.127529318365674
185.10000000000016,17.116590852837255
185.20000000000016,17.1056614409173
185.30000000000015,17.09474110332387
185.40000000000018,17.083829860696927
185.50000000000017,17.072927733598313
185.60000000000016,17.06203474251169
185.70000000000016,17.051150907842512
185.80000000000015,17.04027624991799
185.90000000000018,17.02941078898707
186.00000000000017,17.018554545220393
186.10000000000016,17.007707538710246
186.20000000000016,16.996869789470548
186.30000000000015,16.98604131743682
186.40000000000018,16.975222142466144
186.50000000000017,16.964412284337158
186.60000000000016,16.95361176274999
186.70000000000016,16.94282059732626
186.80000000000015,16.932038807609057
186.90000000000018,16.92126641306288
187.00000000000017,16.91050343307366
187.10000000000016,16.899749886948698
187.20000000000016,16.88900579391666
187.30000000000015,16.87827117312756
187.40000000000018,16.86754604365271
187.50000000000017,16.856830424484748
187.60000000000016,16.846124334537578
187.70000000000016,16.835427792646367
187.80000000000015,16.824740817567527
187.90000000000018,16.81406342797869
188.00000000000017,16.80339564247872
188.10000000000016,16.79273747958765
188.20000000000016,16.782088957746723
188.30000000000015,16.77145009531833
188.40000000000018,16.760820910586023
188.50000000000017,16.750201421754515
188.60000000000016,16.739591646949634
188.70000000000016,16.728991604218344
188.80000000000015,16.71840131152872
188.90000000000018,16.707820786769943
189.00000000000017,16.697250047752302
189.10000000000016,16.68668911220717
189.20000000000016,16.676137997787013
189.30000000000015,16.66559672206538
189.40000000000018,16.655065302536894
189.50000000000017,16.64454375661726
189.60000000000016,16.634032101643253
189.70000000000016,16.623530354872717
189.80000000000018,16.613038533484566
189.90000000000018,16.602556654578798
190.00000000000017,16.592084735176464
190.10000000000016,16.58162279221969
190.20000000000016,16.571170842571696
190.30000000000018,16.56072890301676
190.40000000000018,16.550296990260254
190.50000000000017,16.539875120928635
190.60000000000016,16.529463311569447
190.70000000000016,16.519061578651346
190.80000000000018,16.508669938564083
190.90000000000018,16.49828840761854
191.00000000000017,16.487917002046697
191.10000000000016,16.47755573800169
191.20000000000016,16.4672046315578
191.30000000000018,16.456863698710436
191.40000000000018,16.446532955376206
191.50000000000017,16.43621241739288
191.60000000000016,16.425902100519426
191.70000000000016,16.41560202043602
191.80000000000018,16.405312192744056
191.90000000000018,16.395032632966174
192.00000000000017,16.384763356546266
192.10000000000016,16.37450437884949
192.20000000000016,16.364255715162308
192.30000000000018,16.354017380692476
192.40000000000018,16.343789390569096
192.50000000000017,16.333571759842606
192.60000000000016,16.32336450348482
192.70000000000016,16.31316763638895
192.80000000000018,16.30298117336961
192.90000000000018,16.292805129162865
193.00000000000017,16.282639518426244
193.10000000000016,16.272484355738754
193.20000000000016,16.26233965560093
193.30000000000018,16.252205432434828
193.40000000000018,16.242081700584095
193.50000000000017,16.231968474313952
193.60000000000016,16.22186576781126
193.70000000000016,16.21177359518452
193.80000000000018,16.201691970463926
193.90000000000018,16.191620907601393
194.00000000000017,16.181560420470564
194.10000000000016,16.17151052286687
194.20000000000016,16.16147122850756
194.30000000000018,16.15144255103171
194.40000000000018,16.141424504000295
194.50000000000017,16.131417100896197
194.60000000000016,16.121420355124247
194.70000000000016,16.111434280011263
194.80000000000018,16.10145888880609
194.90000000000018,16.091494194679637
195.00000000000017,16.08154021072491
195.10000000000016,16.071596949957062
195.20000000000016,16.061664425313424
195.30000000000018,16.051742649653537
195.40000000000018,16.04183163575923
195.50000000000017,16.03193139633462
195.60000000000016,16.02204194400618
195.70000000000016,16.012163291322764
195.80000000000018,16.002295450755675
195.90000000000018,15.992438434698695
196.00000000000017,15.982592255468127
196.10000000000016,15.972756925302853
196.20000000000016,15.962932456364374
196.30000000000018,15.953118860736858
196.40000000000018,15.943316150427192
196.50000000000017,15.933524337365029
196.60000000000016,15.923743433402834
196.7000000000002,15.913973450315932
196.80000000000018,15.904214399802587
196.90000000000018,15.894466293484008
197.00000000000017,15.884729142904431
197.10000000000016,15.875002959531173
197.2000000000002,15.865287754754673
197.30000000000018,15.855583539888556
197.40000000000018,15.845890326169679
197.50000000000017,15.83620812475819
197.60000000000016,15.826536946737598
197.7000000000002,15.816876803114798
197.80000000000018,15.807227704820175
197.90000000000018,15.797589662707608
198.00000000000017,15.787962687554579
198.10000000000016,15.778346790062194
198.2000000000002,15.768741980855268
198.30000000000018,15.759148270482378
198.40000000000018,15.74956566941592
198.50000000000017,15.739994188052172
198.60000000000016,15.730433836711361
198.7000000000002,15.720884625637726
198.80000000000018,15.711346564999584
198.90000000000018,15.701819664889385
199.00000000000017,15.692303935323784
199.10000000000016,15.682799386243701
199.2000000000002,15.673306027514403
199.30000000000018,15.663823868925554
199.40000000000018,15.65435292019129
199.50000000000017,15.644893190950281
199.60000000000016,15.635444690765812
199.7000000000002,15.626007429125835
199.80000000000018,15.61658141544306
199.90000000000018,15.60716665905501
200.00000000000017,15.597763169224097
200.10000000000016,15.58837095513769
200.2000000000002,15.57899002590819
200.30000000000018,15.569620390573117
200.40000000000018,15.560262058095155
200.50000000000017,15.550915037362245
200.60000000000016,15.541579337187663
200.7000000000002,15.532254966310076
200.80000000000018,15.522941933393644
200.90000000000018,15.513640247028075
201.00000000000017,15.504349915728708
201.10000000000016,15.495070947936597
201.2000000000002,15.485803352018575
201.30000000000018,15.476547136267357
201.40000000000018,15.467302308901589
201.50000000000017,15.458068878065955
201.60000000000016,15.448846851831238
201.7000000000002,15.439636238194403
201.80000000000018,15.430437045078701
201.90000000000018,15.421249280333715
202.00000000000017,15.412072951735475
202.10000000000016,15.402908066986516
202.2000000000002,15.393754633715977
202.30000000000018,15.38461265947969
202.40000000000018,15.375482151760242
202.50000000000017,15.366363117967081
202.6000000000002,15.357255565436592
202.7000000000002,15.348159501432196
202.80000000000018,15.339074933144413
202.90000000000018,15.33000186769097
203.00000000000017,15.320940312116885
203.1000000000002,15.311890273394543
203.2000000000002,15.302851758423806
203.30000000000018,15.293824774032089
203.40000000000018,15.284809326974445
203.50000000000017,15.275805423933669
203.6000000000002,15.266813071520376
203.7000000000002,15.257832276273112
203.80000000000018,15.248863044658417
203.90000000000018,15.239905383070951
204.00000000000017,15.230959297833556
204.1000000000002,15.22202479519736
204.2000000000002,15.213101881341892
204.30000000000018,15.204190562375144
204.40000000000018,15.195290844333687
204.50000000000017,15.186402733182756
204.6000000000002,15.17752623481635
204.7000000000002,15.168661355057338
204.80000000000018,15.159808099657539
204.90000000000018,15.150966474297823
205.00000000000017,15.14213648458822
205.1000000000002,15.133318136068006
205.2000000000002,15.124511434205818
205.30000000000018,15.115716384399729
205.40000000000018,15.106932991977366
205.50000000000017,15.09816126219601
205.6000000000002,15.089401200242685
205.7000000000002,15.080652811234275
205.80000000000018,15.071916100217612
205.90000000000018,15.06319107216958
206.00000000000017,15.054477731997228
206.1000000000002,15.045776084537856
206.2000000000002,15.037086134559143
206.30000000000018,15.028407886759222
206.40000000000018,15.019741345766809
206.50000000000017,15.011086516141289
206.6000000000002,15.002443402372831
206.7000000000002,14.9938120088825
206.80000000000018,14.98519234002235
206.90000000000018,14.97658440007553
207.00000000000017,14.96798819325641
207.1000000000002,14.959403723710658
207.2000000000002,14.950830995515387
207.30000000000018,14.942270012679224
207.40000000000018,14.93372077914244
207.50000000000017,14.92518329877706
207.6000000000002,14.916657575386967
207.7000000000002,14.908143612708008
207.80000000000018,14.899641414408112
207.90000000000018,14.8911509840874
208.00000000000017,14.882672325278289
208.1000000000002,14.87420544144561
208.2000000000002,14.865750335986727
208.30000000000018,14.85730701223163
208.40000000000018,14.848875473443062
208.50000000000017,14.840455722816632
208.6000000000002,14.832047763480919
208.7000000000002,14.823651598497607
208.80000000000018,14.815267230861568
208.90000000000018,14.806894663501003
209.00000000000017,14.798533899277547
209.1000000000002,14.790184940986379
209.2000000000002,14.781847791356357
209.30000000000018,14.773522453050113
209.40000000000018,14.765208928664174
209.5000000000002,14.756907220729094
209.6000000000002,14.748617331709557
209.7000000000002,14.740339264004493
209.80000000000018,14.732073019947206
209.90000000000018,14.723818601805494
210.0000000000002,14.715576011781748
210.1000000000002,14.7073452520131
210.2000000000002,14.69912632457152
210.30000000000018,14.690919231463948
210.40000000000018,14.682723974632403
210.5000000000002,14.674540555954113
210.6000000000002,14.666368977241646
210.7000000000002,14.658209240243005
210.80000000000018,14.65006134664177
210.90000000000018,14.641925298057213
211.0000000000002,14.633801096044419
211.1000000000002,14.625688742094416
211.2000000000002,14.617588237634292
211.30000000000018,14.609499584027317
211.40000000000018,14.60142278257307
211.5000000000002,14.593357834507566
211.6000000000002,14.585304741003373
211.7000000000002,14.577263503169744
211.80000000000018,14.569234122052736
211.90000000000018,14.561216598635337
212.0000000000002,14.553210933837592
212.1000000000002,14.54521712851674
212.2000000000002,14.537235183467315
212.30000000000018,14.529265099421298
212.40000000000018,14.52130687704823
212.5000000000002,14.513360516955341
212.6000000000002,14.505426019687684
212.7000000000002,14.497503385728256
212.80000000000018,14.489592615498127
212.90000000000018,14.48169370935657
