461.44520272982743,0.20427756782791676
461.54520272982745,0.20511497311088317
461.6452027298275,0.2059572077252686
461.7452027298275,0.20680430597355637
461.8452027298275,0.2076563024306547
461.94520272982754,0.2085132319460361
462.04520272982757,0.2093751296458891
462.1452027298276,0.21024203093528038
462.2452027298276,0.2111139715003288
462.34520272982763,0.2119909873103899
462.44520272982766,0.21287311462025188
462.5452027298277,0.21376038997234145
462.6452027298277,0.21465285019894115
462.7452027298277,0.21555053242441624
462.84520272982775,0.2164534740674523
462.94520272982777,0.21736171284330233
463.0452027298278,0.21827528676604427
463.1452027298278,0.21919423415084763
463.24520272982784,0.2201185936162491
463.34520272982786,0.22104840408643828
463.4452027298279,0.22198370479355128
463.5452027298279,0.22292453527997347
463.64520272982793,0.22387093540065006
463.74520272982795,0.22482294532540573
463.845202729828,0.22578060554127055
463.945202729828,0.22674395685481444
464.045202729828,0.2277130403944884
464.14520272982804,0.2286878976129726
464.24520272982807,0.22966857028953058
464.3452027298281,0.23065510053237032
464.4452027298281,0.2316475307810099
464.54520272982813,0.23264590380864952
464.64520272982816,0.23365026272454772
464.7452027298282,0.2346606509764025
464.8452027298282,0.23567711235273667
464.9452027298282,0.23669969098528587
465.04520272982825,0.23772843135139088
465.14520272982827,0.23876337827639182
465.2452027298283,0.23980457693602494
465.3452027298283,0.24085207285882057
465.44520272982834,0.24190591192850283
465.54520272982836,0.24296614038638883
465.6452027298284,0.244032804833789
465.7452027298284,0.2451059522344057
465.84520272982843,0.24618562991673124
465.94520272982845,0.2472718855764439
466.0452027298285,0.2483647672788005
466.1452027298285,0.24946432346102698
466.2452027298285,0.25057060293470396
466.34520272982854,0.251683654888148
466.44520272982857,0.25280352888878693
466.5452027298286,0.2539302748855298
466.6452027298286,0.2550639432111285
466.74520272982863,0.25620458458453194
466.84520272982866,0.2573522501132316
466.9452027298287,0.25850699129559745
467.0452027298287,0.25966886002320216
467.1452027298287,0.2608379085831351
467.24520272982875,0.2620141896603026
467.34520272982877,0.2631977563397152
467.4452027298288,0.26438866210875994
467.5452027298288,0.265586960859457
467.64520272982884,0.26679270689069895
467.74520272982886,0.26800595491047324
467.8452027298289,0.26922676003806334
467.9452027298289,0.2704551778062317
468.04520272982893,0.2716912641633792
468.14520272982895,0.2729350754756825
468.245202729829,0.2741866685292066
468.345202729829,0.2754461005319914
468.445202729829,0.27671342911611224
468.54520272982904,0.27798871233970956
468.64520272982907,0.27927200868899116
468.7452027298291,0.2805633770801996
468.8452027298291,0.28186287686154937
468.94520272982913,0.2831705678151264
469.04520272982916,0.28448651015875237
469.1452027298292,0.2858107645478102
469.2452027298292,0.2871433920770292
469.3452027298292,0.28848445428222763
469.44520272982925,0.2898340131420123
469.54520272982927,0.2911921310794312
469.6452027298293,0.29255887096357835
469.7452027298293,0.2939342961111489
469.84520272982934,0.29531847028794145
469.94520272982936,0.2967114577103066
470.0452027298294,0.2981133230465381
470.1452027298294,0.2995241314182051
470.24520272982943,0.30094394840142413
470.34520272982945,0.30237284002806525
470.4452027298295,0.3038108727868935
470.5452027298295,0.30525811362464067
470.6452027298295,0.30671462994700555
470.74520272982954,0.30818048961957967
470.84520272982957,0.30965576096869657
470.9452027298296,0.3111405127821996
471.0452027298296,0.3126348143101285
471.14520272982963,0.3141387352653185
471.24520272982966,0.315652345823911
471.3452027298297,0.3171757166257715
471.4452027298297,0.3187089187748121
471.5452027298297,0.32025202383921475
471.64520272982975,0.3218051038515522
471.74520272982977,0.32336823130880255
471.8452027298298,0.32494147917225435
471.9452027298298,0.32652492086729823
472.04520272982984,0.32811863028310073
472.14520272982986,0.3297226817721576
472.2452027298299,0.33133715014972126
472.3452027298299,0.3329621106930986
472.44520272982993,0.33459763914081603
472.54520272982995,0.3362438116916449
472.64520272983,0.33790070500348607
472.74520272983,0.3395683961921061
472.84520272983,0.34124696282972167
472.94520272983004,0.34293648294342827
473.04520272983007,0.3446370350134661
473.1452027298301,0.34634869797132006
473.2452027298301,0.3480715511976476
473.34520272983013,0.3498056745200294
473.44520272983016,0.35155114821053735
473.5452027298302,0.3533080529831145
473.6452027298302,0.35507646999076126
473.7452027298302,0.356856480822521
473.84520272983025,0.35864816750026135
473.94520272983027,0.36045161247524193
474.0452027298303,0.3622668986244651
474.1452027298303,0.3640941092468021
474.24520272983034,0.36593332805888723
474.34520272983036,0.36778463919077475
474.4452027298304,0.36964812718135126
474.5452027298304,0.3715238769734952
474.64520272983043,0.37341197390897835
474.74520272983045,0.3753125037231008
474.8452027298305,0.3772255525390514
474.9452027298305,0.37915120686198683
475.0452027298305,0.3810895535728216
475.14520272983054,0.3830406799217196
475.24520272983057,0.38500467352128087
475.3452027298306,0.38698162233941286
475.4452027298306,0.3889716146918799
475.54520272983063,0.3909747392345208
475.64520272983066,0.39299108495512525
475.7452027298307,0.39502074116496094
475.8452027298307,0.39706379748994175
475.9452027298307,0.3991203438614266
476.04520272983075,0.40119047050664
476.14520272983077,0.4032742679387046
476.2452027298308,0.40537182694627427
476.3452027298308,0.40748323858275926
476.44520272983084,0.4096085941551304
476.54520272983086,0.41174798521229394
476.6452027298309,0.41390150353302485
476.7452027298309,0.4160692411134467
476.84520272983093,0.41825129015404816
476.94520272983095,0.4204477430462236
477.045202729831,0.4226586923583254
477.145202729831,0.42488423082121685
477.245202729831,0.4271244513133132
477.34520272983104,0.4293794468450966
477.44520272983107,0.4316493105430952
477.5452027298311,0.4339341356333098
477.6452027298311,0.4362340154240781
477.74520272983114,0.43854904328836014
477.84520272983116,0.4408793126454333
477.9452027298312,0.4432249169419816
478.0452027298312,0.4455859496325665
478.1452027298312,0.44796250415946176
478.24520272983125,0.4503546739318418
478.34520272983127,0.45276255230430557
478.4452027298313,0.45518623255472074
478.5452027298313,0.45762580786137547
478.64520272983134,0.46008137127941917
478.74520272983136,0.4625530157165772
478.8452027298314,0.465040833908125
478.9452027298314,0.46754491839110274
479.04520272983143,0.4700653614777553
479.14520272983145,0.47260225522818206
479.2452027298315,0.4751556914221756
479.3452027298315,0.4777257615302363
479.4452027298315,0.4803125566837432
479.54520272983154,0.48291616764426265
479.64520272983157,0.4855366847719794
479.7452027298316,0.4881741979932299
479.8452027298316,0.4908287967671196
479.94520272983164,0.49350057005120745
480.04520272983166,0.4961896062662364
480.1452027298317,0.4988959932598936
480.2452027298317,0.5016198182695795
480.3452027298317,0.5043611678841665
480.44520272983175,0.5071201280047303
480.5452027298318,0.50989678380423
480.6452027298318,0.5126912196861222
480.7452027298318,0.5155035192418854
480.84520272983184,0.5183337652074376
480.94520272983186,0.521182039418425
481.0452027298319,0.5240484227643629
481.1452027298319,0.5269329951416087
481.24520272983193,0.529835835405146
481.34520272983195,0.5327570213191605
481.445202729832,0.5356966295063856
481.545202729832,0.5386547353962015
481.645202729832,0.5416314131714609
481.74520272983204,0.544626735714029
481.84520272983207,0.5476407745490093
481.9452027298321,0.5506735997876434
482.0452027298321,0.553725280068857
482.14520272983214,0.5567958824994376
482.24520272983216,0.5598854725928233
482.3452027298322,0.5629941142064792
482.4452027298322,0.5661218694778479
482.5452027298322,0.5692687987588502
482.64520272983225,0.5724349605489188
482.7452027298323,0.5756204114265493
482.8452027298323,0.5788252059793418
482.9452027298323,0.5820493967325268
483.04520272983234,0.5852930340759482
483.14520272983236,0.5885561661894912
483.2452027298324,0.5918388389669367
483.3452027298324,0.5951410959382274
483.44520272983243,0.5984629781901291
483.54520272983245,0.6018045242852725
483.6452027298325,0.6051657701795622
483.7452027298325,0.6085467491379363
483.8452027298325,0.6119474916484694
483.94520272983254,0.6153680253348012
484.04520272983257,0.6188083748668817
484.1452027298326,0.6222685618700273
484.2452027298326,0.6257486048322682
484.34520272983264,0.6292485190099912
484.44520272983266,0.632768316331861
484.5452027298327,0.6363080053010202
484.6452027298327,0.6398675908955597
484.7452027298327,0.6434470744672591
484.84520272983275,0.6470464536385919
484.9452027298328,0.6506657221979986
485.0452027298328,0.654304869993425
485.1452027298328,0.6579638828241314
485.24520272983284,0.6616427423307755
485.34520272983286,0.6653414258837739
485.4452027298329,0.6690599064699534
485.5452027298329,0.6727981525774982
485.64520272983293,0.6765561280792071
485.74520272983295,0.6803337921140742
485.845202729833,0.6841310989672089
485.945202729833,0.6879479979481132
486.045202729833,0.6917844332673385
486.14520272983304,0.6956403439115437
486.24520272983307,0.6995156635169814
486.3452027298331,0.7034103202414399
486.4452027298331,0.7073242366346743
486.54520272983314,0.7112573295073575
486.64520272983316,0.715209509798592
486.7452027298332,0.71918068244202
486.8452027298332,0.7231707462305779
486.9452027298332,0.7271795936799383
487.04520272983325,0.7312071108906955
487.1452027298333,0.7352531774093413
487.2452027298333,0.7393176660880952
487.3452027298333,0.7434004429436454
487.44520272983334,0.7475013670148686
487.54520272983336,0.7516202902195962
487.6452027298334,0.7557570572105001
487.7452027298334,0.7599115052301776
487.84520272983343,0.7640834639655132
487.94520272983345,0.7682727554014073
488.0452027298335,0.77247919367396
488.1452027298335,0.7767025849232065
488.2452027298335,0.7809427271455043
488.34520272983355,0.7851994100456742
488.44520272983357,0.7894724148890104
488.5452027298336,0.7937615143532702
488.6452027298336,0.7980664723807629
488.74520272983364,0.802387044030667
488.84520272983366,0.8067229753317023
488.9452027298337,0.8110740031352964
489.0452027298337,0.8154398549693823
489.1452027298337,0.8198202488929784
489.24520272983375,0.8242148933517016
489.3452027298338,0.8286234870343702
489.4452027298338,0.833045718730863
489.5452027298338,0.8374812671914034
489.64520272983384,0.8419298009874409
489.74520272983386,0.8463909783743162
489.8452027298339,0.8508644471558917
489.9452027298339,0.855349844551344
490.04520272983393,0.8598467970643145
490.14520272983395,0.864354920354623
490.245202729834,0.8688738191127549
490.345202729834,0.8734030869373366
490.445202729834,0.877942306215822
490.54520272983405,0.8824910480086148
490.64520272983407,0.8870488719368613
490.7452027298341,0.891615326074151
490.8452027298341,0.8961899468423657
490.94520272983414,0.9007722589119301
491.04520272983416,0.9053617751067126
491.1452027298342,0.9099579963138358
491.2452027298342,0.9145604113986621
491.3452027298342,0.919168497125217
491.44520272983425,0.9237817180823251
491.5452027298343,0.9283995266157324
491.6452027298343,0.9330213627664945
491.7452027298343,0.9376466542159134
491.84520272983434,0.9422748162373085
491.94520272983436,0.9469052516549082
492.0452027298344,0.9515373508101568
492.1452027298344,0.9561704915357264
492.24520272983443,0.9608040391375287
492.34520272983445,0.9654373463850233
492.4452027298345,0.9700697535101193
492.5452027298345,0.9747005882149654
492.6452027298345,0.979329165688926
492.74520272983455,0.9839547886350397
492.84520272983457,0.9885767473062541
492.9452027298346,0.9931943195517297
493.0452027298346,0.997806770873503
493.14520272983464,1.0024133544937985
493.24520272983466,1.007013311433269
493.3452027298347,1.0116058706004472
493.4452027298347,1.0161902488926815
493.5452027298347,1.020765651308826
493.64520272983475,1.0253312710739428
493.7452027298348,1.029886289776278
493.8452027298348,1.0344298775167515
493.9452027298348,1.038961193071207
494.04520272983484,1.0434793840656424
494.14520272983486,1.047983587164645
494.2452027298349,1.052472928273237
494.3452027298349,1.0569465227523283
494.44520272983493,1.061403475647956
494.54520272983495,1.0658428819344818
494.645202729835,1.0702638267719036
494.745202729835,1.0746653857774155
494.845202729835,1.079046625311344
494.94520272983505,1.083406602777563
495.04520272983507,1.0877443669384774
495.1452027298351,1.0920589582446447
495.2452027298351,1.0963494091790804
495.34520272983514,1.1006147446162826
495.44520272983516,1.1048539821959793
495.5452027298352,1.1090661327115834
495.6452027298352,1.1132502005133247
495.7452027298352,1.1174051839259909
495.84520272983525,1.1215300756811986
495.9452027298353,1.1256238633640827
496.0452027298353,1.12968552987427
496.1452027298353,1.1337140539009753
496.24520272983534,1.1377084104120314
496.34520272983536,1.1416675711566422
496.4452027298354,1.1455905051816095
496.5452027298354,1.149476179360771
496.64520272983543,1.153323558937342
496.74520272983546,1.1571316080788392
496.8452027298355,1.1608992904442286
496.9452027298355,1.164625569762907
497.0452027298355,1.1683094104251108
497.14520272983555,1.1719497780832968
497.24520272983557,1.1755456402640327
497.3452027298356,1.1790959669898844
497.4452027298356,1.1825997314107761
497.54520272983564,1.1860559104442583
497.64520272983566,1.1894634854240989
497.7452027298357,1.1928214427565773
497.8452027298357,1.1961287745838431
497.9452027298357,1.1993844794536632
498.04520272983575,1.202587562994867
498.1452027298358,1.2057370385977677
498.2452027298358,1.2088319280988093
498.3452027298358,1.2118712624686792
498.44520272983584,1.2148540825030893
498.54520272983586,1.2177794395154191
498.6452027298359,1.2206463960303824
498.7452027298359,1.2234540264778793
498.84520272983593,1.2262014178861538
498.94520272983596,1.228887670573387
499.045202729836,1.231511898836821
499.145202729836,1.2340732316385097
499.245202729836,1.2365708132867776
499.34520272983605,1.2390038041124574
499.44520272983607,1.2413713811389728
499.5452027298361,1.2436727387453272
499.6452027298361,1.2459070893210564
499.74520272983614,1.2480736639121985
499.84520272983616,1.2501717128573444
499.9452027298362,1.2522005064128225
500.0452027298362,1.2541593353660894
500.1452027298362,1.2560475116363938
500.24520272983625,1.2578643688618043
500.3452027298363,1.2596092629716846
500.4452027298363,1.261281572743734
500.5452027298363,1.2628807003447124
500.64520272983634,1.26440607185399
500.74520272983636,1.2658571377690921
500.8452027298364,1.2672333734924133
500.9452027298364,1.2685342797983186
501.04520272983643,1.2697593832798633
501.14520272983646,1.2709082367743973
501.2452027298365,1.2719804197673479
501.3452027298365,1.2729755387735056
501.4452027298365,1.2738932276951784
501.54520272983655,1.2747331481566087
501.64520272983657,1.275494989814082
501.7452027298366,1.2761784706412094
501.8452027298366,1.2767833371888904
501.94520272983664,1.2773093648195084
502.04520272983666,1.2777563579149653
502.1452027298367,1.2781241500581864
502.2452027298367,1.2784126041877895
502.3452027298367,1.2786216127256456
502.44520272983675,1.2787510976771113
502.5452027298368,1.2788010107037613
502.6452027298368,1.2785345133933275
502.7452027298368,1.277572724471141
502.84520272983684,1.2759137769178406
502.94520272983686,1.2735631000186096
503.0452027298369,1.2705283506973006
503.1452027298369,1.2668193515021098
503.24520272983693,1.2624480117826018
503.34520272983696,1.2574282332282736
503.445202729837,1.2517758011494264
503.545202729837,1.2455082630597376
503.645202729837,1.2386447962632445
503.74520272983705,1.2312060662544102
503.84520272983707,1.2232140778075318
503.9452027298371,1.2146920206611946
504.0452027298371,1.2056641116960192
504.14520272983714,1.19615543546181
504.24520272983716,1.1861917848364953
504.3452027298372,1.1757995034976179
504.4452027298372,1.1650053317618634
504.54520272983723,1.1538362572036893
504.64520272983725,1.14231937130524
504.7452027298373,1.130481733221047
504.8452027298373,1.118350241566989
504.9452027298373,1.1059515149678283
505.04520272983734,1.093311781925147
505.14520272983737,1.080456780401013
505.2452027298374,1.0674116673550493
505.3452027298374,1.05420093832604
505.44520272983743,1.0408483570155682
505.54520272983746,1.0273768947116484
505.6452027298375,1.0138086792856602
505.7452027298375,1.0001649534064176
505.8452027298375,0.9864660415408302
505.94520272983755,0.9727313252508788
506.04520272983757,0.9589792262509154
506.1452027298376,0.9452271966565878
506.2452027298376,0.9314917158360118
506.34520272983764,0.9177882932638959
506.44520272983766,0.9041314767789965
506.5452027298377,0.8905348656532055
506.6452027298377,0.8770111278955559
506.74520272983773,0.8635720212352347
506.84520272983775,0.8502284172531579
506.9452027298378,0.8369903281607692
507.0452027298378,0.8238669357564444
507.1452027298378,0.8108666221234011
507.24520272983784,0.7979970016675064
507.34520272983787,0.7852649541282205
507.4452027298379,0.7726766582305143
507.5452027298379,0.7602376256794925
507.64520272983793,0.7479527352322557
507.74520272983796,0.7358262666129407
507.845202729838,0.7238619340666452
507.945202729838,0.7120629193759366
508.045202729838,0.7004319041897075
508.14520272983805,0.6889711015382604
508.24520272983807,0.6776822864306308
508.3452027298381,0.6665668254503159
508.4452027298381,0.655625705283811
508.54520272983814,0.6448595601327307
508.64520272983816,0.6342686979748873
508.7452027298382,0.6238531256526099
508.8452027298382,0.6136125727779282
508.94520272983823,0.6035465144540971
509.04520272983825,0.5936541928214489
509.1452027298383,0.5839346374428145
509.2452027298383,0.5743866845498632
509.3452027298383,0.5650089951768086
509.44520272983834,0.5558000722120668
509.54520272983837,0.5467582764017953
509.6452027298384,0.5378818413418079
509.7452027298384,0.5291688874963043
509.84520272983843,0.5206174352832016
509.94520272983846,0.5122254172667126
510.0452027298385,0.5039906894982383
510.1452027298385,0.49591104204669134
510.2452027298385,0.48798420875909965
510.34520272983855,0.48020787629180745
510.44520272983857,0.47257969245183534
510.5452027298386,0.46509727388702327
510.6452027298386,0.4577582131624968
510.74520272983864,0.4505600852598016
510.84520272983866,0.44350045353375595
510.9452027298387,0.4365768751607288
511.0452027298387,0.4297869061106526
511.14520272983873,0.42312810567365833
511.24520272983875,0.4165980405707897
511.3452027298388,0.41019428867682983
511.4452027298388,0.40391444238185015
511.5452027298388,0.3977561116167051
511.64520272983884,0.39171692656632745
511.74520272983887,0.3857945400933533
511.8452027298389,0.37998662989331616
511.9452027298389,0.3742909004014051
512.0452027298389,0.36870508446958195
512.145202729839,0.3632269448317048
512.245202729839,0.35785427537320086
512.345202729839,0.3525849022207826
512.445202729839,0.3474166846666987
512.545202729839,0.3423475159410602
512.6452027298391,0.33737532384487856
512.7452027298391,0.3324980712555981
512.8452027298391,0.3277137565160977
512.9452027298391,0.32302041371737233
513.0452027298392,0.31841611288438776
513.1452027298392,0.3138989600739239
513.2452027298392,0.3094670973925882
513.3452027298392,0.30511870294258064
513.4452027298393,0.30085199070223473
513.5452027298393,0.2966652103478331
513.6452027298393,0.2925566470227052
513.7452027298393,0.28852462105915605
513.8452027298393,0.2845674876583467
513.9452027298394,0.2806836365328465
514.0452027298394,0.2768714915162039
514.1452027298394,0.27312951014353565
514.2452027298394,0.26945618320681114
514.3452027298395,0.26585003428820475
514.4452027298395,0.26230961927461405
514.5452027298395,0.25883352585617586
514.6452027298395,0.2554203730113773
514.7452027298395,0.2520688104811293
514.8452027298396,0.24877751823396507
514.9452027298396,0.24554520592433676
515.0452027298396,0.24237061234579818
515.1452027298396,0.23925250488070443
515.2452027298397,0.23618967894790308
515.3452027298397,0.23318095744975098
515.4452027298397,0.23022519021966317
515.5452027298397,0.22732125347127743
515.6452027298398,0.22446804925021122
515.7452027298398,0.22166450488928233
515.8452027298398,0.21890957246797466
515.9452027298398,0.21620222827684085
516.0452027298398,0.2135414722874568
516.1452027298399,0.2109263276284703
516.2452027298399,0.20835584006821692
516.3452027298399,0.2058290775043191
516.4452027298399,0.20334512946062394
516.54520272984,0.2009031065917883
516.64520272984,0.19850214019576923
516.74520272984,0.19614138173443826
516.84520272984,0.1938200023624964
516.94520272984,0.19153719246483292
517.0452027298401,0.18929216120243875
517.1452027298401,0.18708413606695448
517.2452027298401,0.18491236244390913
517.3452027298401,0.18277610318467807
517.4452027298402,0.18067463818717158
517.5452027298402,0.17860726398524093
517.6452027298402,0.17657329334677582
517.7452027298402,0.17457205488044822
517.8452027298403,0.17260289265104448
517.9452027298403,0.17066516580331648
518.0452027298403,0.1687582481942688
518.1452027298403,0.1668815280337917
518.2452027298403,0.16503440753353882
518.3452027298404,0.1632163025639434
518.4452027298404,0.1614266423192573
518.5452027298404,0.15966486899049462
518.6452027298404,0.15793043744615448
518.7452027298405,0.15622281492059398
518.8452027298405,0.1545414807099211
518.9452027298405,0.1528859258752703
519.0452027298405,0.1512556529533265
519.1452027298405,0.1496501756739568
519.2452027298406,0.14806901868481193
519.3452027298406,0.14651171728275536
519.4452027298406,0.14497781715198105
519.5452027298406,0.14346687410867712
519.6452027298407,0.1419784538520965
519.7452027298407,0.14051213172189353
519.8452027298407,0.1390674924615874
519.9452027298407,0.13764412998801534
520.0452027298408,0.13624164716663692
520.1452027298408,0.13485965559255567
520.2452027298408,0.1334977753771229
520.3452027298408,0.13215563493999208
520.4452027298408,0.13083287080649308
520.5452027298409,0.12952912741019817
520.6452027298409,0.12824405690055274
520.7452027298409,0.12697731895544653
520.8452027298409,0.1257285805986038
520.945202729841,0.1244975160216708
521.045202729841,0.12328380641088452
521.145202729841,0.1220871397782055
521.245202729841,0.12090721079680283
521.345202729841,0.11974372064077904
521.4452027298411,0.11859637682902728
521.5452027298411,0.11746489307311368
521.6452027298411,0.11634898912908105
521.7452027298411,0.11524839065307257
521.8452027298412,0.11416282906067517
521.9452027298412,0.11309204138988628
522.0452027298412,0.11203577016760824
522.1452027298412,0.11099376327957852
522.2452027298413,0.10996577384364419
522.3452027298413,0.10895156008629348
522.4452027298413,0.1079508852223575
522.5452027298413,0.10696351733779808
522.6452027298413,0.10598922927550047
522.7452027298414,0.10502779852399015
522.8452027298414,0.10407900710899656
522.9452027298414,0.10314264148778729
523.0452027298414,0.10221849244619936
523.1452027298415,0.10130635499829502
523.2452027298415,0.10040602828857233
523.3452027298415,0.09951731549666182
523.4452027298415,0.09864002374444299
523.5452027298415,0.09777396400551566
523.6452027298416,0.09691895101696318
523.7452027298416,0.09607480319334621
523.8452027298416,0.09524134254286692
523.9452027298416,0.09441839458564612
524.0452027298417,0.09360578827405593
524.1452027298417,0.09280335591505373
524.2452027298417,0.09201093309446323
524.3452027298417,0.09122835860315058
524.4452027298418,0.09045547436504547
524.5452027298418,0.0896921253669568
524.6452027298418,0.08893815959013604
524.7452027298418,0.08819342794354079
524.8452027298418,0.08745778419875384
524.9452027298419,0.08673108492651273
525.0452027298419,0.08601318943480807
525.1452027298419,0.08530395970850752
525.2452027298419,0.08460326035046609
525.345202729842,0.0839109585240824
525.445202729842,0.08322692389726281
525.545202729842,0.08255102858775644
525.645202729842,0.08188314710982404
525.745202729842,0.08122315632220618
525.8452027298421,0.0805709353773559
525.9452027298421,0.07992636567190284
526.0452027298421,0.07928933079831596
526.1452027298421,0.07865971649773405
526.2452027298422,0.07803741061393232
526.3452027298422,0.0774223030483962
526.4452027298422,0.0768142857164729
526.5452027298422,0.07621325250457248
526.6452027298423,0.07561909922839133
526.7452027298423,0.07503172359213096
526.8452027298423,0.07445102514868672
526.9452027298423,0.07387690526078063
527.0452027298423,0.07330926706301459
527.1452027298424,0.07274801542481907
527.2452027298424,0.07219305691427524
527.3452027298424,0.07164429976278723
527.4452027298424,0.07110165383058295
527.5452027298425,0.0705650305730219
527.6452027298425,0.07003434300768956
527.7452027298425,0.06950950568225793
527.8452027298425,0.0689904346430929
527.9452027298425,0.06847704740458876
528.0452027298426,0.06796926291921228
528.1452027298426,0.06746700154823743
528.2452027298426,0.06697018503315358
528.3452027298426,0.06647873646773018
528.4452027298427,0.06599258027072105
528.5452027298427,0.06551164215919249
528.6452027298427,0.06503584912245898
528.7452027298427,0.06456512939661176
528.8452027298428,0.06409941243962498
528.9452027298428,0.06363862890702526
529.0452027298428,0.06318271062811014
529.1452027298428,0.0627315905827023
529.2452027298428,0.062285202878425934
529.3452027298429,0.06184348272849189
529.4452027298429,0.0614063664299799
529.5452027298429,0.060973791342604666
529.6452027298429,0.060545695867954566
529.745202729843,0.060122019429190675
529.845202729843,0.059702702451195404
529.945202729843,0.05928768634115947
530.045202729843,0.058876913469596205
530.145202729843,0.058470327151773215
530.2452027298431,0.05806787162955096
530.3452027298431,0.057669492053618474
530.4452027298431,0.05727513446611629
530.5452027298431,0.056884745783637676
530.6452027298432,0.05649827378059866
530.7452027298432,0.05611566707296814
530.8452027298432,0.05573687510234919
530.9452027298432,0.05536184812040349
531.0452027298433,0.054990537173610375
531.1452027298433,0.05462289408835248
531.2452027298433,0.05425887145632049
531.3452027298433,0.05389842262022904
531.4452027298433,0.05354150165983673
531.5452027298434,0.0531880633782626
531.6452027298434,0.05283806328859256
531.7452027298434,0.052491457600768614
531.8452027298434,0.05214820320875423
531.9452027298435,0.05180825767796959
532.0452027298435,0.05147157923299007
532.1452027298435,0.0511381267455022
532.2452027298435,0.05080785972251065
532.3452027298435,0.05048073829479077
532.4452027298436,0.05015672320558078
532.5452027298436,0.04983577579950819
532.6452027298436,0.04951785801174479
532.7452027298436,0.049202932357385286
532.8452027298437,0.048890961921044224
532.9452027298437,0.04858191034666608
533.0452027298437,0.048275741827543954
533.1452027298437,0.04797242109654184
533.2452027298438,0.047671913416515936
533.3452027298438,0.04737418457093037
533.4452027298438,0.0470792008546631
533.5452027298438,0.04678692906499748
533.6452027298438,0.046497336492795534
533.7452027298439,0.046210390913848494
533.8452027298439,0.045926060580401024
533.9452027298439,0.045644314212844914
534.0452027298439,0.045365120991578585
534.145202729844,0.04508845054902868
534.245202729844,0.04481427296183012
534.345202729844,0.0445425587431612
534.445202729844,0.04427327883522998
534.545202729844,0.044006404601909
534.6452027298441,0.04374190782151491
534.7452027298441,0.04347976067972955
534.8452027298441,0.04321993576265988
534.9452027298441,0.04296240605003324
535.0452027298442,0.04270714490852532
535.1452027298442,0.042454126085217606
535.2452027298442,0.04220332370118186
535.3452027298442,0.04195471224518857
535.4452027298443,0.04170826656753686
535.5452027298443,0.04146396187400306
535.6452027298443,0.041221773719905555
535.7452027298443,0.04098167800428337
535.8452027298443,0.04074365096418586
535.9452027298444,0.040507669169071385
536.0452027298444,0.04027370951531244
536.1452027298444,0.04004174922080519
536.2452027298444,0.039811765819680774
536.3452027298445,0.03958373715711674
536.4452027298445,0.0393576413842461
536.5452027298445,0.039133456953162095
536.6452027298445,0.03891116261201658
536.7452027298446,0.038690737400210146
536.8452027298446,0.038472160643672024
536.9452027298446,0.03825541195022773
537.0452027298446,0.03804047120505296
537.1452027298446,0.0378273185662115
537.2452027298447,0.03761593446027584
537.3452027298447,0.03740629957802834
537.4452027298447,0.03719839487024168
537.5452027298447,0.03699220154353669
537.6452027298448,0.036787701056316006
537.7452027298448,0.03658487511477208
537.8452027298448,0.03638370566896793
537.9452027298448,0.03618417490898925
538.0452027298448,0.035986265261166155
538.1452027298449,0.0357899593843635
538.2452027298449,0.03559524016633815
538.3452027298449,0.03540209072016181
538.4452027298449,0.035210494380708265
538.545202729845,0.03502043470120355
538.645202729845,0.03483189544983794
538.745202729845,0.0346448606064383
538.845202729845,0.03445931435919983
538.945202729845,0.034275241101475805
539.0452027298451,0.03409262542862435
539.1452027298451,0.03391145213491083
539.2452027298451,0.03373170621046505
539.3452027298451,0.033553372838292
539.4452027298452,0.03337643739133513
539.5452027298452,0.03320088542959104
539.6452027298452,0.03302670269727474
539.7452027298452,0.03285387512003433
539.8452027298453,0.032682388802214135
539.9452027298453,0.032512230024165464
540.0452027298453,0.03234338523960392
540.1452027298453,0.03217584107301249
540.2452027298453,0.03200958431708931
540.3452027298454,0.031844601930239524
540.4452027298454,0.031680881034110146
540.5452027298454,0.03151840891116719
540.6452027298454,0.031357173002314186
540.7452027298455,0.031197160904551456
540.8452027298455,0.03103836036867515
540.9452027298455,0.030880759297015337
541.0452027298455,0.030724345741212546
541.1452027298456,0.03056910790003184
541.2452027298456,0.030415034117213767
541.3452027298456,0.030262112879361553
541.4452027298456,0.030110332813863737
541.5452027298456,0.029959682686851695
541.6452027298457,0.029810151401191247
541.7452027298457,0.02966172799450786
541.8452027298457,0.029514401637244683
541.9452027298457,0.029368161630752933
542.0452027298458,0.029222997405413825
542.1452027298458,0.029078898518791692
542.2452027298458,0.028935854653817542
542.3452027298458,0.028793855617002533
542.4452027298458,0.02865289133668083
542.5452027298459,0.028512951861281284
542.6452027298459,0.028374027357627417
542.7452027298459,0.028236108109265114
542.8452027298459,0.028099184514817625
542.945202729846,0.027963247086367323
543.045202729846,0.027828286447863646
543.145202729846,0.027694293333556903
543.245202729846,0.02756125858645734
543.345202729846,0.027429173156819076
543.4452027298461,0.027298028100648408
543.5452027298461,0.027167814578236055
543.6452027298461,0.027038523852712954
543.7452027298461,0.026910147288629147
543.8452027298462,0.02678267635055526
543.9452027298462,0.02665610260170634
544.0452027298462,0.026530417702587527
544.1452027298462,0.026405613409661136
544.2452027298463,0.0262816815740349
544.3452027298463,0.026158614140170875
544.4452027298463,0.026036403144614726
544.5452027298463,0.025915040714744927
544.6452027298463,0.025794519067541613
544.7452027298464,0.025674830508374727
544.8452027298464,0.025555967429811068
544.9452027298464,0.025437922310439932
545.0452027298464,0.025320687713717035
545.1452027298465,0.02520425628682641
545.2452027298465,0.02508862075955986
545.3452027298465,0.024973773943213814
545.4452027298465,0.02485970872950316
545.5452027298466,0.024746418089491826
545.6452027298466,0.02463389507253976
545.7452027298466,0.024522132805266057
545.8452027298466,0.02441112449052804
545.9452027298466,0.02430086340641579
546.0452027298467,0.02419134290526209
546.1452027298467,0.024082556412667416
546.2452027298467,0.02397449742653974
546.3452027298467,0.023867159516148793
546.4452027298468,0.023760536321194736
546.5452027298468,0.02365462155089082
546.6452027298468,0.023549408983059853
546.7452027298468,0.02344489246324427
546.8452027298468,0.02334106590382951
546.9452027298469,0.023237923283180566
547.0452027298469,0.02313545864479138
547.1452027298469,0.023033666096446928
547.2452027298469,0.022932539809397787
547.345202729847,0.022832074017546944
547.445202729847,0.02273226301664864
547.545202729847,0.022633101163519073
547.645202729847,0.02253458287525876
547.745202729847,0.022436702628486325
547.8452027298471,0.02233945495858357
547.9452027298471,0.022242834458951595
548.0452027298471,0.02214683578027787
548.1452027298471,0.022051453629813915
548.2452027298472,0.021956682770663594
548.3452027298472,0.021862518021081755
548.4452027298472,0.02176895425378305
548.5452027298472,0.02167598639526072
548.6452027298473,0.021583609425115346
548.7452027298473,0.021491818375393216
548.8452027298473,0.021400608329934217
548.9452027298473,0.02130997442372917
549.0452027298473,0.021219911842286342
549.1452027298474,0.021130415821007057
549.2452027298474,0.02104148164457022
549.3452027298474,0.020953104646325632
549.4452027298474,0.020865280207695968
549.5452027298475,0.02077800375758722
549.6452027298475,0.02069127077180754
549.7452027298475,0.02060507677249429
549.8452027298475,0.02051941732754922
549.9452027298476,0.020434288050081573
550.0452027298476,0.020349684597859075
550.1452027298476,0.020265602672766614
550.2452027298476,0.020182038020272543
550.3452027298476,0.02009898642890241
550.4452027298477,0.02001644372972007
550.5452027298477,0.01993440579581607
550.6452027298477,0.01985286854180307
550.7452027298477,0.019771827923318372
550.8452027298478,0.01969127993653327
550.9452027298478,0.019611220617669258
551.0452027298478,0.01953164604252087
551.1452027298478,0.01945255232598514
551.2452027298478,0.019373935621597487
551.3452027298479,0.019295792121074077
551.4452027298479,0.019218118053860356
551.5452027298479,0.019140909686685786
551.6452027298479,0.019064163323124755
551.745202729848,0.018987875303163322
551.845202729848,0.018912042002772012
551.945202729848,0.018836659833484325
552.045202729848,0.01876172524198096
552.145202729848,0.018687234709679725
552.2452027298481,0.01861318475233097
552.3452027298481,0.018539571919618393
552.4452027298481,0.018466392794765373
552.5452027298481,0.018393643994146478
552.6452027298482,0.018321322166904196
552.7452027298482,0.018249423994570857
552.8452027298482,0.018177946190695547
552.9452027298482,0.01810688550047604
553.0452027298483,0.018036238700395606
553.1452027298483,0.01796600259786466
553.2452027298483,0.01789617403086715
553.3452027298483,0.017826749867611673
553.4452027298483,0.017757727006187118
553.5452027298484,0.017689102374222967
553.6452027298484,0.01762087292855397
553.7452027298484,0.017553035654889262
553.8452027298484,0.01748558756748589
553.9452027298485,0.017418525708826467
554.0452027298485,0.017351847149301235
554.1452027298485,0.0172855489868941
554.2452027298485,0.01721962834687285
554.3452027298486,0.017154082381483436
554.4452027298486,0.017088908269648116
554.5452027298486,0.0170241032166676
554.6452027298486,0.01695966445392702
554.7452027298486,0.016895589238605714
554.8452027298487,0.016831874853390688
554.9452027298487,0.01676851860619387
555.0452027298487,0.016705517829872923
555.1452027298487,0.01664286988195563
555.2452027298488,0.016580572144367894
555.3452027298488,0.016518622023165095
555.4452027298488,0.016457016948266973
555.5452027298488,0.01639575437319586
555.6452027298488,0.016334831774818183
555.7452027298489,0.01627424665308934
555.8452027298489,0.016213996530801758
555.9452027298489,0.01615407895333612
556.0452027298489,0.016094491488415782
556.145202729849,0.01603523172586426
556.245202729849,0.015976297277365728
556.345202729849,0.015917685776228638
556.445202729849,0.01585939487715215
556.545202729849,0.015801422255995637
556.6452027298491,0.015743765609550958
556.7452027298491,0.01568642265531762
556.8452027298491,0.015629391131280753
556.9452027298491,0.0155726687956918
557.0452027298492,0.015516253426851973
557.1452027298492,0.015460142822898364
557.2452027298492,0.015404334801592727
557.3452027298492,0.015348827200112826
557.4452027298493,0.015293617874846416
557.5452027298493,0.015238704701187674
557.6452027298493,0.015184085573336245
557.7452027298493,0.015129758404098645
557.8452027298493,0.015075721124692134
557.9452027298494,0.015021971684551036
558.0452027298494,0.014968508051135334
558.1452027298494,0.014915328209741653
558.2452027298494,0.014862430163316552
558.3452027298495,0.014809811932272028
558.4452027298495,0.014757471554303299
558.5452027298495,0.014705407084208798
558.6452027298495,0.014653616593712298
558.7452027298496,0.014602098171287234
558.8452027298496,0.014550849921983104
558.9452027298496,0.01449986996725396
559.0452027298496,0.014449156444788978
559.1452027298496,0.014398707508345049
559.2452027298497,0.014348521327581347
559.3452027298497,0.01429859608789592
559.4452027298497,0.014248929990264189
559.5452027298497,0.014199521251079374
559.6452027298498,0.014150368101994848
559.7452027298498,0.014101468789768336
559.8452027298498,0.014052821576107927
559.9452027298498,0.014004424737519996
560.0452027298498,0.013956276565158812
560.1452027298499,0.01390837536467802
560.2452027298499,0.013860719456083801
560.3452027298499,0.013813307173589771
560.4452027298499,0.013766136865473613
560.54520272985,0.013719206893935356
560.64520272985,0.013672515634957307
560.74520272985,0.01362606147816565
560.84520272985,0.01357984282669364
560.94520272985,0.01353385809704636
561.0452027298501,0.013488105718967112
561.1452027298501,0.013442584135305292
561.2452027298501,0.013397291801885846
561.3452027298501,0.013352227187380208
561.4452027298502,0.013307388773178714
561.5452027298502,0.013262775053264534
561.6452027298502,0.013218384534089012
561.7452027298502,0.013174215734448446
561.8452027298503,0.01313026718536229
561.9452027298503,0.013086537429952763
562.0452027298503,0.013043025023325784
562.1452027298503,0.012999728532453339
562.2452027298503,0.012956646536057118
562.3452027298504,0.012913777624493522
562.4452027298504,0.012871120399639975
562.5452027298504,0.012828673474782476
562.6452027298504,0.012786435474504495
562.7452027298505,0.012744405034577081
562.8452027298505,0.012702580801850204
562.9452027298505,0.012660961434145366
563.0452027298505,0.01261954560014937
563.1452027298506,0.012578331979309309
563.2452027298506,0.012537319261728746
563.3452027298506,0.012496506148065013
563.4452027298506,0.012455891349427704
563.5452027298506,0.012415473587278288
563.6452027298507,0.01237525159333081
563.7452027298507,0.01233522410945375
563.8452027298507,0.012295389887572939
563.9452027298507,0.012255747689575549
564.0452027298508,0.012216296287215168
564.1452027298508,0.012177034462017922
564.2452027298508,0.012137961005189598
564.3452027298508,0.012099074717523858
564.4452027298508,0.012060374409311398
564.5452027298509,0.01202185890025014
564.6452027298509,0.011983527019356415
564.7452027298509,0.01194537760487709
564.8452027298509,0.011907409504202696
564.945202729851,0.011869621573781469
565.045202729851,0.011832012679034344
565.145202729851,0.01179458169427089
565.245202729851,0.011757327502606135
565.345202729851,0.0117202489958783
565.4452027298511,0.011683345074567449
565.5452027298511,0.01164661464771498
565.6452027298511,0.011610056632844017
565.7452027298511,0.011573669955880666
565.8452027298512,0.01153745355107607
565.9452027298512,0.011501406360929388
566.0452027298512,0.011465527336111517
566.1452027298512,0.011429815435389677
566.2452027298513,0.01139426962555281
566.3452027298513,0.011358888881337752
566.4452027298513,0.011323672185356203
566.5452027298513,0.011288618528022489
566.6452027298513,0.011253726907482083
566.7452027298514,0.01121899632954087
566.8452027298514,0.011184425807595209
566.9452027298514,0.011150014362562676
567.0452027298514,0.011115761022813603
567.1452027298515,0.011081664824103294
567.2452027298515,0.011047724809504963
567.3452027298515,0.011013940029343418
567.4452027298515,0.010980309541129397
567.5452027298516,0.010946832409494607
567.6452027298516,0.010913507706127461
567.7452027298516,0.010880334509709481
567.8452027298516,0.010847311905852345
567.9452027298516,0.010814438987035633
568.0452027298517,0.010781714852545176
568.1452027298517,0.010749138608412102
568.2452027298517,0.010716709367352462
568.3452027298517,0.010684426248707506
568.4452027298518,0.010652288378384603
568.5452027298518,0.010620294888798726
568.6452027298518,0.01058844491881458
568.7452027298518,0.010556737613689313
568.8452027298518,0.010525172125015822
568.9452027298519,0.010493747610666623
569.0452027298519,0.010462463234738343
569.1452027298519,0.010431318167496748
569.2452027298519,0.010400311585322317
569.345202729852,0.010369442670656443
569.445202729852,0.010338710611948092
569.545202729852,0.010308114603601102
569.645202729852,0.010277653845921936
569.745202729852,0.01024732754506802
569.8452027298521,0.010217134912996589
569.9452027298521,0.010187075167414055
570.0452027298521,0.010157147531725875
570.1452027298521,0.010127351234986958
570.2452027298522,0.010097685511852545
570.3452027298522,0.01006814960252958
570.4452027298522,0.010038742752728619
570.5452027298522,0.010009464213616153
570.6452027298523,0.00998031324176748
570.7452027298523,0.009951289099119997
570.8452027298523,0.009922391052926985
570.9452027298523,0.009893618375711863
571.0452027298523,0.009864970345222879
571.1452027298524,0.009836446244388262
571.2452027298524,0.009808045361271837
571.3452027298524,0.00977976698902906
571.4452027298524,0.009751610425863493
571.5452027298525,0.009723574974983728
571.6452027298525,0.009695659944560711
571.7452027298525,0.009667864647685528
571.8452027298525,0.009640188402327568
571.9452027298526,0.009612630531293114
572.0452027298526,0.009585190362184358
572.1452027298526,0.009557867227358796
572.2452027298526,0.009530660463889036
572.3452027298526,0.009503569413522999
572.4452027298527,0.009476593422644506
572.5452027298527,0.009449731842234256
572.6452027298527,0.009422984027831177
572.7452027298527,0.009396349339494176
572.8452027298528,0.00936982714176423
572.9452027298528,0.009343416803626879
573.0452027298528,0.00931711769847505
573.1452027298528,0.009290929204072278
573.2452027298528,0.009264850702516265
573.3452027298529,0.009238881580202776
573.4452027298529,0.009213021227789924
573.5452027298529,0.009187269040162763
573.6452027298529,0.00916162441639824
573.745202729853,0.009136086759730492
573.845202729853,0.009110655477516454
573.945202729853,0.009085329981201817
574.045202729853,0.009060109686287314
574.145202729853,0.009034994012295296
574.2452027298531,0.009009982382736691
574.3452027298531,0.008985074225078214
574.4452027298531,0.00896026897070992
574.5452027298531,0.008935566054913078
574.6452027298532,0.008910964916828325
574.7452027298532,0.008886464999424136
574.8452027298532,0.008862065749465589
574.9452027298532,0.008837766617483445
575.0452027298533,0.00881356705774348
575.1452027298533,0.008789466528216156
575.2452027298533,0.008765464490546536
575.3452027298533,0.008741560410024513
575.4452027298533,0.008717753755555306
575.5452027298534,0.008694043999630223
575.6452027298534,0.00867043061829773
575.7452027298534,0.008646913091134766
575.8452027298534,0.008623490901218315
575.9452027298535,0.008600163535097294
576.0452027298535,0.008576930482764653
576.1452027298535,0.008553791237629747
576.2452027298535,0.008530745296490996
576.3452027298536,0.008507792159508757
576.4452027298536,0.008484931330178476
576.5452027298536,0.008462162315304084
576.6452027298536,0.008439484624971625
576.7452027298536,0.008416897772523154
576.8452027298537,0.008394401274530859
576.9452027298537,0.008371994650771413
577.0452027298537,0.00834967742420059
577.1452027298537,0.008327449120928103
577.2452027298538,0.00830530927019265
577.3452027298538,0.008283257404337229
577.4452027298538,0.008261293058784659
577.5452027298538,0.008239415772013309
577.6452027298538,0.008217625085533095
577.7452027298539,0.00819592054386164
577.8452027298539,0.008174301694500707
577.9452027298539,0.0081527680879128
578.0452027298539,0.008131319277498002
578.145202729854,0.008109954819571032
578.245202729854,0.008088674273338484
578.345202729854,0.008067477200876293
578.445202729854,0.0080463631671074
578.545202729854,0.008025331739779618
578.6452027298541,0.008004382489443691
578.7452027298541,0.007983514989431574
578.8452027298541,0.007962728815834876
578.9452027298541,0.007942023547483523
579.0452027298542,0.007921398765924612
579.1452027298542,0.007900854055401422
579.2452027298542,0.007880389002832668
579.3452027298542,0.007860003197791895
579.4452027298543,0.007839696232487066
579.5452027298543,0.007819467701740362
579.6452027298543,0.0077993172029681215
579.7452027298543,0.007779244336160972
579.8452027298543,0.007759248703864166
579.9452027298544,0.007739329911158042
580.0452027298544,0.007719487565638705
580.1452027298544,0.007699721277398855
580.2452027298544,0.007680030659008782
580.3452027298545,0.007660415325497543
580.4452027298545,0.007640874894334307
580.5452027298545,0.007621408985409832
580.6452027298545,0.007602017221018161
580.7452027298546,0.007582699225838426
580.8452027298546,0.007563454626916843
580.9452027298546,0.007544283053648856
581.0452027298546,0.00752518413776143
581.1452027298546,0.007506157513295522
581.2452027298547,0.007487202816588681
581.3452027298547,0.007468319686257804
581.4452027298547,0.00744950776318206
581.5452027298547,0.007430766690485948
581.6452027298548,0.0074120961135224935
581.7452027298548,0.00739349567985662
581.8452027298548,0.007374965039248637
581.9452027298548,0.007356503843637887
582.0452027298549,0.007338111747126527
582.1452027298549,0.007319788405963454
582.2452027298549,0.007301533478528364
582.3452027298549,0.0072833466253159635
582.4452027298549,0.00726522750892029
582.545202729855,0.007247175794019205
582.645202729855,0.007229191147358979
582.745202729855,0.0072112732377390375
582.845202729855,0.007193421735996837
582.945202729855,0.007175636314992853
583.0452027298551,0.0071579166495957065
583.1452027298551,0.007140262416667429
583.2452027298551,0.007122673295048833
583.3452027298551,0.007105148965545014
583.4452027298552,0.007087689110910991
583.5452027298552,0.00707029341583744
583.6452027298552,0.007052961566936587
583.7452027298552,0.007035693252728178
583.8452027298553,0.0070184881636256
583.9452027298553,0.00700134599192211
584.0452027298553,0.0069842664317771785
584.1452027298553,0.006967249179202939
584.2452027298554,0.006950293932050778
584.3452027298554,0.006933400389998016
584.4452027298554,0.006916568254534695
584.5452027298554,0.006899797228950511
584.6452027298554,0.006883087018321814
584.7452027298555,0.006866437329498747
584.8452027298555,0.0068498478710924855
584.9452027298555,0.006833318353462569
585.0452027298555,0.006816848488704362
585.1452027298556,0.006800437990636609
585.2452027298556,0.00678408657478908
585.3452027298556,0.006767793958390342
585.4452027298556,0.006751559860355625
585.5452027298556,0.006735384001274771
585.6452027298557,0.006719266103400311
585.7452027298557,0.00670320589063562
585.8452027298557,0.006687203088523183
585.9452027298557,0.00667125742423295
586.0452027298558,0.006655368626550783
586.1452027298558,0.006639536425867021
586.2452027298558,0.006623760554165108
586.3452027298558,0.006608040745010335
586.4452027298559,0.006592376733538674
586.5452027298559,0.006576768256445694
586.6452027298559,0.0065612150519755745
586.7452027298559,0.006545716859910208
586.8452027298559,0.006530273421558396
586.945202729856,0.006514884479745117
587.045202729856,0.0064995497788009095
587.145202729856,0.006484269064551311
587.245202729856,0.0064690420843064094
587.345202729856,0.0064538685868504655
587.4452027298561,0.006438748322431615
587.5452027298561,0.006423681042751671
587.6452027298561,0.006408666500956001
587.7452027298561,0.006393704451623471
587.8452027298562,0.006378794650756503
587.9452027298562,0.00636393685577118
588.0452027298562,0.006349130825487452
588.1452027298562,0.00633437632011942
588.2452027298563,0.006319673101265676
588.3452027298563,0.006305020931899754
588.4452027298563,0.006290419576360639
588.5452027298563,0.0062758688003433415
588.6452027298564,0.0062613683708895775
588.7452027298564,0.006246918056378498
588.8452027298564,0.006232517626517495
588.9452027298564,0.0062181668523331
589.0452027298564,0.006203865506161935
589.1452027298565,0.006189613361641737
589.2452027298565,0.0061754101937024726
589.3452027298565,0.006161255778557499
589.4452027298565,0.006147149893694813
589.5452027298566,0.006133092317868363
589.6452027298566,0.006119082831089423
589.7452027298566,0.0061051212146180514
589.8452027298566,0.006091207250954604
589.9452027298566,0.006077340723831312
590.0452027298567,0.006063521418203946
590.1452027298567,0.0060497491202435175
590.2452027298567,0.006036023617328071
590.3452027298567,0.006022344698034526
590.4452027298568,0.006008712152130583
590.5452027298568,0.005995125770566709
590.6452027298568,0.005981585345468163
590.7452027298568,0.005968090670127099
590.8452027298569,0.005954641538994728
590.9452027298569,0.0059412377476735405
591.0452027298569,0.005927879092909585
591.1452027298569,0.005914565372584817
591.2452027298569,0.005901296385709499
591.345202729857,0.005888071932414662
591.445202729857,0.005874891813944622
591.545202729857,0.005861755832649573
591.645202729857,0.005848663791978202
591.745202729857,0.005835615496470402
591.8452027298571,0.005822610751750006
591.9452027298571,0.005809649364517603
592.0452027298571,0.005796731142543399
592.1452027298571,0.005783855894660125
592.2452027298572,0.005771023430756015
592.3452027298572,0.005758233561767834
592.4452027298572,0.005745486099673945
592.5452027298572,0.005732780857487452
592.6452027298573,0.005720117649249383
592.7452027298573,0.005707496290021918
592.8452027298573,0.005694916595881692
592.9452027298573,0.005682378383913118
593.0452027298574,0.005669881472201795
593.1452027298574,0.0056574256798279385
593.2452027298574,0.00564501082685987
593.3452027298574,0.005632636734347569
593.4452027298574,0.0056203032243162514
593.5452027298575,0.005608010119760012
593.6452027298575,0.005595757244635515
593.7452027298575,0.005583544423855727
593.8452027298575,0.00557137148328369
593.9452027298576,0.005559238249726372
594.0452027298576,0.005547144550928517
594.1452027298576,0.005535090215566587
594.2452027298576,0.005523075073242721
594.3452027298576,0.00551109895447875
594.4452027298577,0.005499161690710256
594.5452027298577,0.005487263114280678
594.6452027298577,0.0054754030584354485
594.7452027298577,0.0054635813573162
594.8452027298578,0.005451797845954993
594.9452027298578,0.005440052360268586
595.0452027298578,0.005428344737052772
595.1452027298578,0.005416674813976728
595.2452027298579,0.005405042429577431
595.3452027298579,0.005393447423254096
595.4452027298579,0.00538188963526267
595.5452027298579,0.00537036890671036
595.6452027298579,0.005358885079550203
595.745202729858,0.005347437996575674
595.845202729858,0.00533602750141534
595.945202729858,0.005324653438527551
596.045202729858,0.00531331565319516
596.145202729858,0.005302013991520304
596.2452027298581,0.005290748300419201
596.3452027298581,0.005279518427617001
596.4452027298581,0.005268324221642665
596.5452027298581,0.005257165531823886
596.6452027298582,0.005246042208282053
596.7452027298582,0.005234954101927242
596.8452027298582,0.005223901064453241
596.9452027298582,0.0052128829483326315
597.0452027298583,0.005201899606811887
597.1452027298583,0.005190950893906506
597.2452027298583,0.005180036664396202
597.3452027298583,0.005169156773820105
597.4452027298584,0.005158311078472007
597.5452027298584,0.005147499435395649
597.6452027298584,0.005136721702380028
597.7452027298584,0.0051259777379547514
597.8452027298584,0.005115267401385421
597.9452027298585,0.005104590552669043
598.0452027298585,0.005093947052529482
598.1452027298585,0.005083336762412945
598.2452027298585,0.00507275954448349
598.3452027298586,0.005062215261618579
598.4452027298586,0.00505170377740466
598.5452027298586,0.005041224956132768
598.6452027298586,0.005030778662794181
598.7452027298586,0.0050203647630760835
598.8452027298587,0.00500998312335728
598.9452027298587,0.004999633610703931
599.0452027298587,0.00498931609286531
599.1452027298587,0.004979030438269615
599.2452027298588,0.004968776516019789
599.3452027298588,0.004958554195889375
599.4452027298588,0.0049483633483184035
599.5452027298588,0.004938203844409319
599.6452027298589,0.004928075555922911
599.7452027298589,0.004917978355274294
599.8452027298589,0.004907912115528919
599.9452027298589,0.004897876710398589
600.0452027298589,0.004887872014237525
600.145202729859,0.0048778979020384665
600.245202729859,0.004867954249428765
600.345202729859,0.004858040932666539
600.445202729859,0.004848157828636847
600.545202729859,0.004838304814847874
600.6452027298591,0.004828481769427165
600.7452027298591,0.0048186885711178715
600.8452027298591,0.004808925099275028
600.9452027298591,0.004799191233861856
601.0452027298592,0.004789486855446095
601.1452027298592,0.004779811845196357
601.2452027298592,0.004770166084878499
601.3452027298592,0.004760549456852047
601.4452027298593,0.00475096184406661
601.5452027298593,0.00474140313005834
601.6452027298593,0.004731873198946418
601.7452027298593,0.004722371935429561
601.8452027298594,0.004712899224782543
601.9452027298594,0.00470345495285275
602.0452027298594,0.004694039006056774
602.1452027298594,0.004684651271376988
602.2452027298594,0.004675291636358196
602.3452027298595,0.00466595998910427
602.4452027298595,0.004656656218274821
602.5452027298595,0.0046473802130819
602.6452027298595,0.004638131863286714
602.7452027298596,0.004628911059196364
602.8452027298596,0.00461971769166061
602.9452027298596,0.00461055165206866
603.0452027298596,0.004601412832345975
603.1452027298596,0.004592301124951092
603.2452027298597,0.004583216422872492
603.3452027298597,0.004574158619625458
603.4452027298597,0.004565127609248973
603.5452027298597,0.0045561232863026435
603.6452027298598,0.0045471455458636284
603.7452027298598,0.0045381942835236
603.8452027298598,0.004529269395385726
603.9452027298598,0.004520370778061664
604.0452027298599,0.004511498328668581
604.1452027298599,0.0045026519448262
604.2452027298599,0.00449383152465386
604.3452027298599,0.004485036966767588
604.44520272986,0.004476268170277207
604.54520272986,0.004467525034783457
604.64520272986,0.004458807460375133
604.74520272986,0.004450115347626235
604.84520272986,0.004441448597593165
604.9452027298601,0.00443280711181191
605.0452027298601,0.004424190792295258
605.1452027298601,0.004415599541530048
605.2452027298601,0.004407033262474405
605.3452027298601,0.004398491858555023
605.4452027298602,0.004389975233664458
605.5452027298602,0.00438148329215843
605.6452027298602,0.00437301593885315
605.7452027298602,0.0043645730790226765
605.8452027298603,0.004356154618396263
605.9452027298603,0.004347760463155746
606.0452027298603,0.00433939051993295
606.1452027298603,0.004331044695807087
606.2452027298604,0.0043227228983022045
606.3452027298604,0.004314425035384623
606.4452027298604,0.0043061510154604205
606.5452027298604,0.004297900747372892
606.6452027298604,0.0042896741404000694
606.7452027298605,0.004281471104252237
606.8452027298605,0.004273291549069454
606.9452027298605,0.004265135385419114
607.0452027298605,0.004257002524293511
607.1452027298606,0.004248892877107418
607.2452027298606,0.004240806355695685
607.3452027298606,0.004232742872310866
607.4452027298606,0.004224702339620828
607.5452027298606,0.004216684670706415
607.6452027298607,0.004208689779059101
607.7452027298607,0.004200717578578667
607.8452027298607,0.0041927679835708975
607.9452027298607,0.004184840908745284
608.0452027298608,0.004176936269212748
608.1452027298608,0.004169053980483377
608.2452027298608,0.004161193958464184
608.3452027298608,0.004153356119456866
608.4452027298609,0.004145540380155584
608.5452027298609,0.004137746657644772
608.6452027298609,0.004129974869396935
608.7452027298609,0.004122224933270479
608.845202729861,0.004114496767507546
608.945202729861,0.004106790290731874
609.045202729861,0.004099105421946661
609.145202729861,0.00409144208053244
609.245202729861,0.004083800186244985
609.3452027298611,0.004076179659213209
609.4452027298611,0.004068580419937092
609.5452027298611,0.004061002389285616
609.6452027298611,0.00405344548849471
609.7452027298611,0.004045909639165217
609.8452027298612,0.004038394763260867
609.9452027298612,0.004030900783106264
610.0452027298612,0.004023427621384889
610.1452027298612,0.004015975201137118
610.2452027298613,0.00400854344575824
610.3452027298613,0.004001132278996501
610.4452027298613,0.003993741624951165
610.5452027298613,0.003986371408070563
610.6452027298614,0.003979021553150181
610.7452027298614,0.0039716919853307504
610.8452027298614,0.00396438263009634
610.9452027298614,0.0039570934132724805
611.0452027298614,0.0039498242610242875
611.1452027298615,0.003942575099854595
611.2452027298615,0.003935345856602112
611.3452027298615,0.003928136458439577
611.4452027298615,0.0039209468328719405
611.5452027298616,0.003913776907734543
611.6452027298616,0.003906626611191311
611.7452027298616,0.003899495871732974
611.8452027298616,0.003892384618175271
611.9452027298616,0.003885292779657191
612.0452027298617,0.0038782202856392145
612.1452027298617,0.00387116706590156
612.2452027298617,0.0038641330505424527
612.3452027298617,0.003857118169976404
612.4452027298618,0.003850122354932486
612.5452027298618,0.003843145536452638
612.6452027298618,0.003836187645889973
612.7452027298618,0.0038292486149070918
612.8452027298619,0.003822328375474412
612.9452027298619,0.003815426859868515
613.0452027298619,0.0038085440006704876
613.1452027298619,0.00380167973076428
613.245202729862,0.0037948339833350896
613.345202729862,0.003788006691867726
613.445202729862,0.0037811977901450115
613.545202729862,0.003774407212246177
613.645202729862,0.0037676348925452796
613.7452027298621,0.003760880765709613
613.8452027298621,0.0037541447666981464
613.9452027298621,0.003747426830759963
614.0452027298621,0.003740726893432708
614.1452027298621,0.0037340448905410465
614.2452027298622,0.003727380758195143
614.3452027298622,0.0037207344327891277
614.4452027298622,0.003714105850999589
614.5452027298622,0.0037074949497840773
614.6452027298623,0.0037009016663796025
614.7452027298623,0.0036943259383011547
614.8452027298623,0.0036877677033402335
614.9452027298623,0.003681226899563372
615.0452027298624,0.0036747034653106894
615.1452027298624,0.0036681973391944427
615.2452027298624,0.0036617084600975825
615.3452027298624,0.003655236767172326
615.4452027298624,0.0036487821998387425
615.5452027298625,0.003642344697783329
615.6452027298625,0.0036359242009576143
615.7452027298625,0.0036295206495767654
615.8452027298625,0.003623133984118197
615.9452027298626,0.0036167641453201936
616.0452027298626,0.0036104110741805415
616.1452027298626,0.0036040747119551715
616.2452027298626,0.0035977550001567975
616.3452027298626,0.0035914518805535782
616.4452027298627,0.0035851652951677812
616.5452027298627,0.0035788951862744498
616.6452027298627,0.0035726414964000865
616.7452027298627,0.003566404168321344
616.8452027298628,0.0035601831450637112
616.9452027298628,0.003553978369900228
617.0452027298628,0.0035477897863501907
617.1452027298628,0.0035416173381778737
617.2452027298629,0.003535460969391252
617.3452027298629,0.003529320624240747
617.4452027298629,0.0035231962472179567
617.5452027298629,0.003517087783054413
617.645202729863,0.003510995176720338
617.745202729863,0.0035049183734234095
617.845202729863,0.0034988573186075307
617.945202729863,0.003492811957951616
618.045202729863,0.0034867822373683736
618.1452027298631,0.003480768103003101
618.2452027298631,0.003474769501232485
618.3452027298631,0.0034687863786634202
618.4452027298631,0.0034628186821318136
618.5452027298631,0.0034568663587014096
618.6452027298632,0.003450929355662631
618.7452027298632,0.0034450076205314027
618.8452027298632,0.003439101101048003
618.9452027298632,0.0034332097451759166
619.0452027298633,0.003427333501100686
619.1452027298633,0.0034214723172287815
619.2452027298633,0.0034156261421864737
619.3452027298633,0.0034097949248187067
619.4452027298634,0.003403978614187985
619.5452027298634,0.0033981771595732705
619.6452027298634,0.003392390510468872
619.7452027298634,0.0033866186165833548
619.8452027298634,0.0033808614278384537
619.9452027298635,0.0033751188943679862
620.0452027298635,0.0033693909665167767
620.1452027298635,0.0033636775948395928
620.2452027298635,0.0033579787301000748
620.3452027298636,0.0033522943232696814
620.4452027298636,0.003346624325526643
620.5452027298636,0.0033409686882549094
620.6452027298636,0.003335327363043117
620.7452027298636,0.0033297003016835532
620.8452027298637,0.003324087456171136
620.9452027298637,0.0033184887787023843
621.0452027298637,0.0033129042216744112
621.1452027298637,0.003307333737683914
621.2452027298638,0.0033017772795261692
621.3452027298638,0.003296234800194038
621.4452027298638,0.0032907062528769767
621.5452027298638,0.00328519159096005
621.6452027298639,0.003279690768022949
621.7452027298639,0.0032742037378390263
621.8452027298639,0.0032687304543743186
621.9452027298639,0.003263270871786588
622.045202729864,0.003257824944424371
622.145202729864,0.0032523926268260175
622.245202729864,0.0032469738737187508
622.345202729864,0.003241568640017731
622.445202729864,0.0032361768808251115
622.5452027298641,0.0032307985514291163
622.6452027298641,0.0032254336073031177
622.7452027298641,0.003220082004104711
622.8452027298641,0.0032147436976748063
622.9452027298641,0.003209418644036719
623.0452027298642,0.0032041067993952704
623.1452027298642,0.0031988081201358848
623.2452027298642,0.003193522562823699
623.3452027298642,0.00318825008420268
623.4452027298643,0.0031829906411947363
623.5452027298643,0.003177744190898843
623.6452027298643,0.0031725106905901744
623.7452027298643,0.003167290097719229
623.8452027298644,0.0031620823699109743
623.9452027298644,0.003156887464963987
624.0452027298644,0.0031517053408496015
624.1452027298644,0.003146535955711059
624.2452027298644,0.0031413792678626744
624.3452027298645,0.0031362352357889884
624.4452027298645,0.003131103818143938
624.5452027298645,0.0031259849737500347
624.6452027298645,0.0031208786615975308
624.7452027298646,0.0031157848408436073
624.8452027298646,0.00311070347081156
624.9452027298646,0.0031056345109899863
625.0452027298646,0.003100577921031983
625.1452027298646,0.0030955336607543468
625.2452027298647,0.0030905016901367766
625.3452027298647,0.003085481969321082
625.4452027298647,0.003080474458610398
625.5452027298647,0.0030754791184684055
625.6452027298648,0.003070495909518546
625.7452027298648,0.0030655247925432537
625.8452027298648,0.0030605657284831873
625.9452027298648,0.003055618678436461
626.0452027298649,0.0030506836036578847
626.1452027298649,0.0030457604655582133
626.2452027298649,0.0030408492257033874
626.3452027298649,0.0030359498458137884
626.445202729865,0.0030310622877634985
626.545202729865,0.0030261865135795558
626.645202729865,0.00302132248544122
626.745202729865,0.0030164701656792484
626.845202729865,0.0030116295167751574
626.9452027298651,0.003006800501360508
627.0452027298651,0.003001983082216185
627.1452027298651,0.002997177222271681
627.2452027298651,0.0029923828846043837
627.3452027298652,0.0029876000324388753
627.4452027298652,0.0029828286291462233
627.5452027298652,0.0029780686382432824
627.6452027298652,0.002973320023392001
627.7452027298652,0.0029685827483987314
627.8452027298653,0.0029638567772135383
627.9452027298653,0.0029591420739295154
628.0452027298653,0.0029544386027821118
628.1452027298653,0.0029497463281484455
628.2452027298654,0.0029450652145466398
628.3452027298654,0.0029403952266351526
628.4452027298654,0.002935736329212107
628.5452027298654,0.0029310884872146333
628.6452027298654,0.0029264516657182154
628.7452027298655,0.0029218258299360286
628.8452027298655,0.002917210945218293
628.9452027298655,0.002912606977051629
629.0452027298655,0.0029080138910584116
629.1452027298656,0.0029034316529961274
629.2452027298656,0.0028988602287567467
629.3452027298656,0.002894299584366082
629.4452027298656,0.0028897496859831627
629.5452027298657,0.0028852104998996118
629.6452027298657,0.002880681992539017
629.7452027298657,0.002876164130456317
629.8452027298657,0.002871656880337185
629.9452027298657,0.002867160208997414
630.0452027298658,0.0028626740833823097
630.1452027298658,0.002858198470566084
630.2452027298658,0.002853733337751256
630.3452027298658,0.002849278652268047
630.4452027298659,0.002844834381573788
630.5452027298659,0.0028404004932523303
630.6452027298659,0.00283597695501345
630.7452027298659,0.0028315637346922637
630.845202729866,0.0028271608002486508
630.945202729866,0.002822768119766666
631.045202729866,0.002818385661453966
631.145202729866,0.002814013393641239
631.245202729866,0.0028096512847816295
631.3452027298661,0.002805299303450171
631.4452027298661,0.0028009574183432274
631.5452027298661,0.002796625598277925
631.6452027298661,0.002792303812191597
631.7452027298662,0.0027879920291412306
631.8452027298662,0.00278369021830291
631.9452027298662,0.0027793983489712705
632.0452027298662,0.002775116390558953
632.1452027298662,0.0027708443125960564
632.2452027298663,0.002766582084729601
632.3452027298663,0.0027623296767229884
632.4452027298663,0.002758087058455471
632.5452027298663,0.002753854199921614
632.6452027298664,0.0027496310712307698
632.7452027298664,0.002745417642606554
632.8452027298664,0.0027412138843863174
632.9452027298664,0.0027370197670206283
633.0452027298664,0.002732835261072755
633.1452027298665,0.0027286603372181483
633.2452027298665,0.0027244949662439313
633.3452027298665,0.0027203391190483914
633.4452027298665,0.002716192766640468
633.5452027298666,0.0027120558801392537
633.6452027298666,0.0027079284307734916
633.7452027298666,0.002703810389881074
633.8452027298666,0.0026997017289085478
633.9452027298667,0.002695602419410623
634.0452027298667,0.002691512433049679
634.1452027298667,0.0026874317415952753
634.2452027298667,0.0026833603169236706
634.3452027298667,0.0026792981310173347
634.4452027298668,0.002675245155964469
634.5452027298668,0.0026712013639585315
634.6452027298668,0.002667166727297757
634.7452027298668,0.0026631412183846866
634.8452027298669,0.0026591248097256937
634.9452027298669,0.0026551174739305235
635.0452027298669,0.002651119183711818
635.1452027298669,0.0026471299118846574
635.245202729867,0.0026431496313661026
635.345202729867,0.0026391783151747286
635.445202729867,0.0026352159364301754
635.545202729867,0.002631262468352692
635.645202729867,0.002627317884262685
635.7452027298671,0.0026233821575802688
635.8452027298671,0.002619455261824823
635.9452027298671,0.002615537170614543
636.0452027298671,0.0026116278576660016
636.1452027298672,0.0026077272967937083
636.2452027298672,0.002603835461909672
636.3452027298672,0.0025999523270229656
636.4452027298672,0.0025960778662392956
636.5452027298672,0.002592212053760567
636.6452027298673,0.00258835486388446
636.7452027298673,0.002584506271004001
636.8452027298673,0.002580666249607139
636.9452027298673,0.0025768347742763245
637.0452027298674,0.00257301181968809
637.1452027298674,0.002569197360612634
637.2452027298674,0.002565391371913403
637.3452027298674,0.0025615938285466796
637.4452027298674,0.0025578047055611745
637.5452027298675,0.0025540239780976128
637.6452027298675,0.0025502516213883296
637.7452027298675,0.002546487610756869
637.8452027298675,0.002542731921617575
637.9452027298676,0.0025389845294751957
638.0452027298676,0.002535245409924484
638.1452027298676,0.002531514538649801
638.2452027298676,0.00252779189142472
638.3452027298677,0.00252407744411164
638.4452027298677,0.002520371172661387
638.5452027298677,0.002516673053112832
638.6452027298677,0.002512983061592505
638.7452027298677,0.0025093011743142057
638.8452027298678,0.002505627367578625
638.9452027298678,0.002501961617772965
639.0452027298678,0.0024983039013705593
639.1452027298678,0.0024946541949304947
639.2452027298679,0.002491012475097241
639.3452027298679,0.0024873787186002745
639.4452027298679,0.002483752902253708
639.5452027298679,0.0024801350029559238
639.645202729868,0.0024765249976892063
639.745202729868,0.002472922863519373
639.845202729868,0.0024693285775954157
639.945202729868,0.0024657421171491397
640.045202729868,0.002462163459494798
640.1452027298681,0.002458592582028739
640.2452027298681,0.002455029462229051
640.3452027298681,0.0024514740776552025
640.4452027298681,0.002447926405947695
640.5452027298682,0.0024443864248277114
640.6452027298682,0.0024408541120967647
640.7452027298682,0.0024373294456363523
640.8452027298682,0.0024338124034076133
640.9452027298682,0.0024303029634509797
641.0452027298683,0.0024268011038858376
641.1452027298683,0.0024233068029101885
641.2452027298683,0.0024198200388003076
641.3452027298683,0.0024163407899104074
641.4452027298684,0.0024128690346723056
641.5452027298684,0.002409404751595088
641.6452027298684,0.002405947919264779
641.7452027298684,0.0024024985163440113
641.8452027298684,0.0023990565215716965
641.9452027298685,0.0023956219137626997
642.0452027298685,0.0023921946718075122
642.1452027298685,0.002388774774671931
642.2452027298685,0.0023853622013967337
642.3452027298686,0.0023819569310973604
642.4452027298686,0.002378558942963594
642.5452027298686,0.002375168216259244
642.6452027298686,0.0023717847303218282
642.7452027298687,0.002368408464562264
642.8452027298687,0.0023650393984645493
642.9452027298687,0.0023616775115854567
643.0452027298687,0.0023583227835542227
643.1452027298687,0.002354975194072239
643.2452027298688,0.0023516347229127457
643.3452027298688,0.0023483013499205306
643.4452027298688,0.0023449750550116207
643.5452027298688,0.0023416558181729823
643.6452027298689,0.002338343619462223
643.7452027298689,0.00233503843900729
643.8452027298689,0.002331740257006172
643.9452027298689,0.00232844905372661
644.045202729869,0.0023251648095057925
644.145202729869,0.0023218875047500706
644.245202729869,0.002318617119934663
644.345202729869,0.00231535363560337
644.445202729869,0.002312097032368277
644.5452027298691,0.0023088472909094733
644.6452027298691,0.002305604391974767
644.7452027298691,0.0023023683163793966
644.8452027298691,0.002299139045005749
644.9452027298692,0.002295916558803081
645.0452027298692,0.002292700838787234
645.1452027298692,0.002289491866040358
645.2452027298692,0.0022862896217106365
645.3452027298692,0.0022830940870120038
645.4452027298693,0.0022799052432238755
645.5452027298693,0.002276723071690874
645.6452027298693,0.0022735475538225546
645.7452027298693,0.0022703786710931346
645.8452027298694,0.002267216405041228
645.9452027298694,0.00226406073726957
646.0452027298694,0.002260911649444757
646.1452027298694,0.0022577691232969774
646.2452027298694,0.002254633140619747
646.3452027298695,0.002251503683269648
646.4452027298695,0.0022483807331660647
646.5452027298695,0.0022452642722909258
646.6452027298695,0.0022421542826884426
646.7452027298696,0.002239050746464851
646.8452027298696,0.002235953645788159
646.9452027298696,0.002232862962887884
647.0452027298696,0.0022297786800548032
647.1452027298697,0.002226700779640703
647.2452027298697,0.0022236292440581196
647.3452027298697,0.0022205640557800936
647.4452027298697,0.002217505197339921
647.5452027298697,0.0022144526513309024
647.6452027298698,0.002211406400406096
647.7452027298698,0.0022083664272780747
647.8452027298698,0.0022053327147186774
647.9452027298698,0.0022023052455587685
648.0452027298699,0.0021992840026879954
648.1452027298699,0.002196268969054544
648.2452027298699,0.0021932601276649023
648.3452027298699,0.002190257461583622
648.44520272987,0.002187260953933077
648.54520272987,0.002184270587893227
648.64520272987,0.0021812863467013882
648.74520272987,0.002178308213651992
648.84520272987,0.0021753361720963536
648.9452027298701,0.002172370205442441
649.0452027298701,0.002169410297154645
649.1452027298701,0.002166456430753547
649.2452027298701,0.0021635085898156887
649.3452027298702,0.0021605667579733495
649.4452027298702,0.0021576309189143155
649.5452027298702,0.002154701056381654
649.6452027298702,0.0021517771541734927
649.7452027298702,0.002148859196142792
649.8452027298703,0.0021459471661971234
649.9452027298703,0.002143041048298452
650.0452027298703,0.0021401408264629107
650.1452027298703,0.002137246484760583
650.2452027298704,0.002134358007315287
650.3452027298704,0.0021314753783043556
650.4452027298704,0.002128598581958419
650.5452027298704,0.0021257276025611954
650.6452027298704,0.0021228624244492692
650.7452027298705,0.002120003032011883
650.8452027298705,0.002117149409690725
650.9452027298705,0.0021143015419797153
651.0452027298705,0.0021114594134247983
651.1452027298706,0.0021086230086237306
651.2452027298706,0.002105792312225878
651.3452027298706,0.0021029673089320022
651.4452027298706,0.002100147983494057
651.5452027298707,0.0020973343207149856
651.6452027298707,0.0020945263054485126
651.7452027298707,0.00209172392259894
651.8452027298707,0.0020889271571209503
651.9452027298707,0.0020861359940193996
652.0452027298708,0.002083350418349118
652.1452027298708,0.0020805704152147123
652.2452027298708,0.0020777959697703655
652.3452027298708,0.0020750270672196375
652.4452027298709,0.0020722636928152734
652.5452027298709,0.0020695058318590015
652.6452027298709,0.0020667534697013422
652.7452027298709,0.002064006591741413
652.845202729871,0.0020612651834267344
652.945202729871,0.0020585292302530375
653.045202729871,0.002055798717764075
653.145202729871,0.0020530736315514282
653.245202729871,0.002050353957254317
653.3452027298711,0.0020476396805594135
653.4452027298711,0.0020449307872006522
653.5452027298711,0.002042227262959043
653.6452027298711,0.0020395290936624857
653.7452027298712,0.002036836265185586
653.8452027298712,0.0020341487634494664
653.9452027298712,0.002031466574421588
654.0452027298712,0.002028789684115566
654.1452027298712,0.002026118078590984
654.2452027298713,0.0020234517439532184
654.3452027298713,0.002020790666353256
654.4452027298713,0.0020181348319875123
654.5452027298713,0.0020154842270976568
654.6452027298714,0.0020128388379704316
654.7452027298714,0.0020101986509374783
654.8452027298714,0.0020075636523751565
654.9452027298714,0.002004933828704374
655.0452027298714,0.0020023091663904096
655.1452027298715,0.0019996896519427374
655.2452027298715,0.0019970752719148574
655.3452027298715,0.0019944660129041225
655.4452027298715,0.0019918618615515638
655.5452027298716,0.0019892628045417252
655.6452027298716,0.001986668828602489
655.7452027298716,0.00198407992050491
655.8452027298716,0.001981496067063045
655.9452027298717,0.001978917255133786
656.0452027298717,0.001976343471616693
