461.44520272982743,1.84660297597363
461.54520272982745,1.8475892122101667
461.6452027298275,1.8485799967138192
461.7452027298275,1.8495753630387655
461.8452027298275,1.8505753450126403
461.94520272982754,1.8515799767386798
462.04520272982757,1.8525892925978815
462.1452027298276,1.8536033272511707
462.2452027298276,1.854622115641582
462.34520272982763,1.8556456929964489
462.44520272982766,1.8566740948296072
462.5452027298277,1.8577073569436067
462.6452027298277,1.8587455154319341
462.7452027298277,1.8597886066812468
462.84520272982775,1.8608366673736167
462.94520272982777,1.8618897344887826
463.0452027298278,1.8629478453064157
463.1452027298278,1.8640110374083898
463.24520272982784,1.8650793486810664
463.34520272982786,1.866152817317583
463.4452027298279,1.867231481820156
463.5452027298279,1.868315381002388
463.64520272982793,1.869404553991584
463.74520272982795,1.870499040231079
463.845202729828,1.8715988794825684
463.945202729828,1.8727041118284498
464.045202729828,1.8738147776741692
464.14520272982804,1.874930917750576
464.24520272982807,1.8760525731162838
464.3452027298281,1.8771797851600358
464.4452027298281,1.8783125956030786
464.54520272982813,1.8794510465015386
464.64520272982816,1.8805951802488057
464.7452027298282,1.88174503957792
464.8452027298282,1.8829006675639623
464.9452027298282,1.8840621076264499
465.04520272982825,1.8852294035317336
465.14520272982827,1.8864025993953981
465.2452027298283,1.8875817396846664
465.3452027298283,1.8887668692208006
465.44520272982834,1.8899580331815118
465.54520272982836,1.891155277103361
465.6452027298284,1.892358646884169
465.7452027298284,1.8935681887854194
465.84520272982843,1.8947839494346619
465.94520272982845,1.896005975827916
466.0452027298285,1.897234315332068
466.1452027298285,1.8984690156872694
466.2452027298285,1.8997101250093265
466.34520272982854,1.9009576917920883
466.44520272982857,1.9022117649098285
466.5452027298286,1.9034723936196203
466.6452027298286,1.9047396275637045
466.74520272982863,1.90601351677185
466.84520272982866,1.9072941116637043
466.9452027298287,1.9085814630511364
467.0452027298287,1.9098756221405653
467.1452027298287,1.9111766405352824
467.24520272982875,1.9124845702377546
467.34520272982877,1.9137994636519204
467.4452027298288,1.9151213735854657
467.5452027298288,1.9164503532520873
467.64520272982884,1.917786456273739
467.74520272982886,1.9191297366828572
467.8452027298289,1.9204802489245707
467.9452027298289,1.9218380478588877
468.04520272982893,1.923203188762862
468.14520272982895,1.9245757273327357
468.245202729829,1.9259557196860575
468.345202729829,1.927343222363775
468.445202729829,1.9287382923323018
468.54520272982904,1.9301409869855517
468.64520272982907,1.9315513641469475
468.7452027298291,1.932969482071394
468.8452027298291,1.9343953994472207
468.94520272982913,1.9358291753980872
469.04520272982916,1.9372708694848533
469.1452027298292,1.9387205417074096
469.2452027298292,1.9401782525064695
469.3452027298292,1.9416440627653164
469.44520272982925,1.943118033811509
469.54520272982927,1.9446002274185403
469.6452027298293,1.9460907058074475
469.7452027298293,1.9475895316483727
469.84520272982934,1.9490967680620714
469.94520272982936,1.9506124786213663
470.0452027298294,1.9521367273525438
470.1452027298294,1.9536695787366924
470.24520272982943,1.9552110977109796
470.34520272982945,1.9567613496698641
470.4452027298295,1.958320400466243
470.5452027298295,1.9598883164125283
470.6452027298295,1.9614651642816534
470.74520272982954,1.9630510113080044
470.84520272982957,1.9646459251882744
470.9452027298296,1.9662499740822368
471.0452027298296,1.967863226613438
471.14520272982963,1.969485751869801
471.24520272982966,1.971117619404143
471.3452027298297,1.9727588992345972
471.4452027298297,1.9744096618449418
471.5452027298297,1.976069978184828
471.64520272982975,1.9777399196699068
471.74520272982977,1.9794195581818488
471.8452027298298,1.9811089660682553
471.9452027298298,1.9828082161424538
472.04520272982984,1.984517381683179
472.14520272982986,1.98623653643413
472.2452027298299,1.9879657546034037
472.3452027298299,1.9897051108627988
472.44520272982993,1.9914546803469846
472.54520272982995,1.993214538652532
472.64520272983,1.9949847618368048
472.74520272983,1.9967654264166999
472.84520272983,1.9985566093672367
472.94520272983004,2.000358388119992
473.04520272983007,2.002170840561371
473.1452027298301,2.003994045030712
473.2452027298301,2.0058280803182202
473.34520272983013,2.007673025662722
473.44520272983016,2.00952896074924
473.5452027298302,2.0113959657063782
473.6452027298302,2.0132741211035112
473.7452027298302,2.0151635079477774
473.84520272983025,2.017064207680864
473.94520272983027,2.0189763021755796
474.0452027298303,2.020899873732212
474.1452027298303,2.0228350050746573
474.24520272983034,2.0247817793463203
474.34520272983036,2.0267402801057757
474.4452027298304,2.0287105913221866
474.5452027298304,2.030692797370468
474.64520272983043,2.0326869830261947
474.74520272983045,2.034693233460239
474.8452027298305,2.0367116342331384
474.9452027298305,2.0387422712891787
475.0452027298305,2.040785230950189
475.14520272983054,2.0428405999090375
475.24520272983057,2.044908465222826
475.3452027298306,2.0469889143057616
475.4452027298306,2.049082034921715
475.54520272983063,2.051187915176442
475.64520272983066,2.0533066435094627
475.7452027298307,2.0554383086855963
475.8452027298307,2.057582999786133
475.9452027298307,2.0597408061996374
476.04520272983075,2.0619118176123736
476.14520272983077,2.064096123998344
476.2452027298308,2.066293815608927
476.3452027298308,2.0685049829621036
476.44520272983084,2.0707297168312717
476.54520272983086,2.0729681082336215
476.6452027298309,2.075220248418076
476.7452027298309,2.0774862288527736
476.84520272983093,2.079766141212091
476.94520272983095,2.0820600773631885
477.045202729831,2.0843681293520646
477.145202729831,2.086690389389117
477.245202729831,2.0890269498341856
477.34520272983104,2.0913779031810735
477.44520272983107,2.09374334204153
477.5452027298311,2.0961233591286828
477.6452027298311,2.0985180472399048
477.74520272983114,2.100927499239108
477.84520272983116,2.103351808038437
477.9452027298312,2.1057910665793695
478.0452027298312,2.108245367813187
478.1452027298312,2.110714804680816
478.24520272983125,2.1131994700920207
478.34520272983127,2.11569945690393
478.4452027298313,2.1182148578988897
478.5452027298313,2.1207457657616136
478.64520272983134,2.1232922730556334
478.74520272983136,2.1258544721990145
478.8452027298314,2.1284324554393366
478.9452027298314,2.131026314827912
479.04520272983143,2.1336361421932297
479.14520272983145,2.136262029113609
479.2452027298315,2.1389040668890447
479.3452027298315,2.1415623465122238
479.4452027298315,2.1442369586387007
479.54520272983154,2.146927993556212
479.64520272983157,2.1496355411531107
479.7452027298316,2.152359690885903
479.8452027298316,2.1551005317458705
479.94520272983164,2.1578581522247595
480.04520272983166,2.1606326402795157
480.1452027298317,2.1634240832960465
480.2452027298317,2.1662325680519974
480.3452027298317,2.1690581806785123
480.44520272983175,2.1719010066209696
480.5452027298318,2.174761130598668
480.6452027298318,2.177638636563441
480.7452027298318,2.180533607657191
480.84520272983184,2.1834461261683042
480.94520272983186,2.1863762734869496
481.0452027298319,2.1893241300592203
481.1452027298319,2.19228977534011
481.24520272983193,2.1952732877453043
481.34520272983195,2.1982747446017576
481.445202729832,2.2012942220970446
481.545202729832,2.204331795227461
481.645202729832,2.2073875377448564
481.74520272983204,2.2104615221021753
481.84520272983207,2.2135538193976885
481.9452027298321,2.2166644993178948
482.0452027298321,2.2197936300790735
482.14520272983214,2.2229412783674647
482.24520272983216,2.2261075092780604
482.3452027298322,2.2292923862519873
482.4452027298322,2.2324959710124594
482.5452027298322,2.2357183234992832
482.64520272983225,2.2389595018018946
482.7452027298323,2.2422195620909138
482.8452027298323,2.2454985585481904
482.9452027298323,2.2487965432953336
483.04520272983234,2.252113566320699
483.14520272983236,2.2554496754048183
483.2452027298324,2.2588049160442596
483.3452027298324,2.2621793313738956
483.44520272983243,2.2655729620875698
483.54520272983245,2.2689858463571406
483.6452027298325,2.2724180197498938
483.7452027298325,2.2758695151443074
483.8452027298325,2.279340362644156
483.94520272983254,2.282830589490944
484.04520272983257,2.286340219974655
484.1452027298326,2.28986927534281
484.2452027298326,2.2934177737078176
484.34520272983264,2.296985729952623
484.44520272983266,2.3005731556346305
484.5452027298327,2.3041800588879067
484.6452027298327,2.3078064443236563
484.7452027298327,2.3114523129289632
484.84520272983275,2.315117661963801
484.9452027298328,2.3188024848563082
485.0452027298328,2.322506771096331
485.1452027298328,2.326230506127235
485.24520272983284,2.329973671235991
485.34520272983286,2.33373624344154
485.4452027298329,2.3375181953814477
485.5452027298329,2.3413194951968563
485.64520272983293,2.3451401064157418
485.74520272983295,2.3489799878345012
485.845202729833,2.352839093397873
485.945202729833,2.356717372077218
486.045202729833,2.3606147677471823
486.14520272983304,2.3645312190607535
486.24520272983307,2.3684666593227535
486.3452027298331,2.3724210163617823
486.4452027298331,2.376394212400652
486.54520272983314,2.380386163925342
486.64520272983316,2.3843967815525113
486.7452027298332,2.3884259698956143
486.8452027298332,2.392473627429656
486.9452027298332,2.3965396463546393
487.04520272983325,2.40062391245775
487.1452027298333,2.4047263049743393
487.2452027298333,2.4088466964477537
487.3452027298333,2.4129849525880807
487.44520272983334,2.4171409321298705
487.54520272983336,2.4213144866889054
487.6452027298334,2.4255054606180884
487.7452027298334,2.42971369086253
487.84520272983343,2.4339390068139144
487.94520272983345,2.438181230164229
488.0452027298335,2.4424401747589526
488.1452027298335,2.4467156464497926
488.2452027298335,2.4510074429470725
488.34520272983355,2.4553153536718826
488.44520272983357,2.4596391596080833
488.5452027298336,2.463978633154305
488.6452027298336,2.468333537976035
488.74520272983364,2.4727036288579405
488.84520272983366,2.47708865155654
488.9452027298337,2.4814883426533747
489.0452027298337,2.4859024294088066
489.1452027298337,2.490330629616605
489.24520272983375,2.4947726514594555
489.3452027298338,2.499228193365571
489.4452027298338,2.503696943866551
489.5452027298338,2.5081785814566677
489.64520272983384,2.512672774453751
489.74520272983386,2.517179180861855
489.8452027298339,2.5216974482358907
489.9452027298339,2.5262272135484203
490.04520272983393,2.530768103058814
490.14520272983395,2.535319732184959
490.245202729834,2.5398817053777556
490.345202729834,2.5444536159985907
490.445202729834,2.5490350462000273
490.54520272983405,2.55362556680993
490.64520272983407,2.558224737219259
490.7452027298341,2.562832105273774
490.8452027298341,2.5674472071698817
490.94520272983414,2.572069567354895
491.04520272983416,2.576698698431929
491.1452027298342,2.5813341010697184
491.2452027298342,2.585975263917603
491.3452027298342,2.590621663525952
491.44520272983425,2.5952727642723055
491.5452027298343,2.599928018293495
491.6452027298343,2.6045868654240354
491.7452027298343,2.6092487331410634
491.84520272983434,2.6139130365161103
491.94520272983436,2.618579178173995
492.0452027298344,2.623246548259135
492.1452027298344,2.627914524409556
492.24520272983443,2.6325824717389086
492.34520272983445,2.6372497428267785
492.4452027298345,2.6419156777175887
492.5452027298345,2.64657960392839
492.6452027298345,2.651240836465842
492.74520272983455,2.6558986778526714
492.84520272983457,2.660552418163908
492.9452027298346,2.665201335073192
493.0452027298346,2.669844693909437
493.14520272983464,2.6744817477241445
493.24520272983466,2.679111737369645
493.3452027298347,2.683733891588552
493.4452027298347,2.6883474271147
493.5452027298347,2.6929515487858335
493.64520272983475,2.6975454496683136
493.7452027298348,2.702128311194093
493.8452027298348,2.7066993033102094
493.9452027298348,2.711257584641036
494.04520272983484,2.715802302663512
494.14520272983486,2.720332593895581
494.2452027298349,2.724847584098039
494.3452027298349,2.7293463884899842
494.44520272983493,2.7338281119780623
494.54520272983495,2.7382918493996624
494.645202729835,2.7427366857802307
494.745202729835,2.747161696604832
494.845202729835,2.751565948104088
494.94520272983505,2.7559484975545905
495.04520272983507,2.7603083935938892
495.1452027298351,2.7646446765501143
495.2452027298351,2.76895637878628
495.34520272983514,2.7732425250593145
495.44520272983516,2.7775021328938045
495.5452027298352,2.781734212970454
495.6452027298352,2.785937769529215
495.7452027298352,2.7901118007870336
495.84520272983525,2.794255299370117
495.9452027298353,2.7983672527606256
496.0452027298353,2.80244664375765
496.1452027298353,2.8064924509523053
496.24520272983534,2.810503649216763
496.34520272983536,2.8144792102070046
496.4452027298354,2.8184181028790496
496.5452027298354,2.822319294018393
496.64520272983543,2.8261817487823526
496.74520272983546,2.8300044312549857
496.8452027298355,2.8337863050142453
496.9452027298355,2.837526333710958
497.0452027298355,2.8412234816592346
497.14520272983555,2.844876714437853
497.24520272983557,2.848484999502146
497.3452027298356,2.8520473068058934
497.4452027298356,2.8555626094326794
497.54520272983564,2.859029884236164
497.64520272983566,2.862448112488672
497.7452027298357,2.8658162805374894
497.8452027298357,2.869133380468223
497.9452027298357,2.8723984107745455
498.04520272983575,2.875610377033645
498.1452027298358,2.878768292586644
498.2452027298358,2.881871179223247
498.3452027298358,2.884918067869855
498.44520272983584,2.887907999280346
498.54520272983586,2.8908400247287185
498.6452027298359,2.893713206702759
498.7452027298359,2.8965266195978954
498.84520272983593,2.8992793504103505
498.94520272983596,2.9019704994287423
499.045202729836,2.904599180923203
499.145202729836,2.907164523831131
499.245202729836,2.9096656724386523
499.34520272983605,2.912101787056855
499.44520272983607,2.9144720446918764
499.5452027298361,2.9167756397078866
499.6452027298361,2.919011784482046
499.74520272983614,2.9211797100504726
499.84520272983616,2.923278666744295
499.9452027298362,2.9253079248148346
500.0452027298362,2.9272667750469985
500.1452027298362,2.9291545293599417
500.24520272983625,2.930970521394096
500.3452027298363,2.9327141070836453
500.4452027298363,2.9343846652135657
500.5452027298363,2.93598159796035
500.64520272983634,2.9375043314155587
500.74520272983636,2.938952316091364
500.8452027298364,2.940325027407263
500.9452027298364,2.94162196615718
501.04520272983643,2.9428426589561862
501.14520272983646,2.9439866586661028
501.2452027298365,2.9450535447992845
501.3452027298365,2.9460429238999044
501.4452027298365,2.9469544299021098
501.54520272983655,2.9477877244644364
501.64520272983657,2.948542497279919
501.7452027298366,2.949218466361371
501.8452027298366,2.9498153783013503
501.94520272983664,2.9503330085063526
502.04520272983666,2.950771161404844
502.1452027298367,2.9511296706287693
502.2452027298367,2.9514083991682183
502.3452027298367,2.951607239498986
502.44520272983675,2.951726113682806
502.5452027298368,2.9517649734400804
502.6452027298368,2.9514869804198205
502.7452027298368,2.9505132534110885
502.84520272983684,2.948841925460702
502.94520272983686,2.946478425922476
503.0452027298369,2.9434304117913417
503.1452027298369,2.939707705689023
503.24520272983693,2.935322217041061
503.34520272983696,2.930287847615375
503.445202729837,2.9246203828031376
503.545202729837,2.9183373702013418
503.645202729837,2.911457987199787
503.74520272983705,2.9040028993811435
503.84520272983707,2.895994111610359
503.9452027298371,2.8874548137191134
504.0452027298371,2.8784092226835636
504.14520272983714,2.868882423151494
504.24520272983716,2.858900208101253
504.3452027298372,2.848488921313243
504.4452027298372,2.837675303209452
504.54520272983723,2.826486341472075
504.64520272983725,2.814949127693434
504.7452027298373,2.8030907211406753
504.8452027298373,2.7909380205447274
504.9452027298373,2.778517644647838
505.04520272983734,2.7658558220715106
505.14520272983737,2.7529782909001668
505.2452027298374,2.739910208218216
505.3452027298374,2.72667606969166
505.44520272983743,2.7132996391517312
505.54520272983746,2.6998038880185224
505.6452027298375,2.6862109442979207
505.7452027298375,2.672542050795675
505.8452027298375,2.6588175321180567
505.94520272983755,2.645056769968834
506.04520272983757,2.63127818620657
506.1452027298376,2.6174992330935494
506.2452027298376,2.603736390146945
506.34520272983764,2.590005166992945
506.44520272983766,2.5763201116242045
506.5452027298377,2.562694823468935
506.6452027298377,2.5491419706949054
506.74520272983773,2.5356733111924563
506.84520272983775,2.5222997167060734
506.9452027298378,2.5090311996131835
507.0452027298378,2.4958769418805598
507.1452027298378,2.482845325762229
507.24520272983784,2.4699439658372784
507.34520272983787,2.4571797420207977
507.4452027298379,2.4445588332157975
507.5452027298379,2.4320867513078266
507.64520272983793,2.4197683752368393
507.74520272983796,2.407607984912228
507.845202729838,2.3956092947667504
507.945202729838,2.383775486773038
508.045202729838,2.3721092427724457
508.14520272983805,2.3606127759901403
508.24520272983807,2.349287861632419
508.3452027298381,2.3381358664824385
508.4452027298381,2.3271577774287495
508.54520272983814,2.316354228877416
508.64520272983816,2.305725529013094
508.7452027298382,2.2952716848873482
508.8452027298382,2.2849924263238344
508.94520272983823,2.2748872286398227
509.04520272983825,2.26495533419205
509.1452027298383,2.2551957727621375
509.2452027298383,2.2456073808029307
509.3452027298383,2.236188819572204
509.44520272983834,2.226938592184318
509.54520272983837,2.217855059613754
509.6452027298384,2.2089364556870326
509.7452027298384,2.200180901101438
509.84520272983843,2.19158641651035
509.94520272983846,2.1831509347158207
510.0452027298385,2.174872312009465
510.1452027298385,2.1667483387027855
510.2452027298385,2.15877674888777
510.34520272983855,2.1509552294680967
510.44520272983857,2.1432814285004884
510.5452027298386,2.135752962884858
510.6452027298386,2.1283674254407705
510.74520272983864,2.1211223914065784
510.84520272983866,2.114015424396272
510.9452027298387,2.1070440818477567
511.0452027298387,2.1002059199948646
511.14520272983873,2.093498498393988
511.24520272983875,2.0869193840347933
511.3452027298388,2.0804661550630454
511.4452027298388,2.074136404142157
511.5452027298388,2.0679277414786803
511.64520272983884,2.0618377975356035
511.74520272983887,2.0558642254559736
511.8452027298389,2.0500047032180895
511.9452027298389,2.044256935542258
512.0452027298389,2.0386186555679138
512.145202729839,2.0330876263187374
512.245202729839,2.027661641972331
512.345202729839,2.0223385289499314
512.445202729839,2.017116146840661
512.545202729839,2.0119923891738534
512.6452027298391,2.00696518405209
512.7452027298391,2.0020324946567327
512.8452027298391,1.997192319636924
512.9452027298391,1.9924426933922685
513.0452027298392,1.9877816862586877
513.1452027298392,1.9832074046062609
513.2452027298392,1.97871799085724
513.3452027298392,1.9743116234318139
513.4452027298393,1.9699865166286474
513.5452027298393,1.965740920446699
513.6452027298393,1.9615731203543163
513.7452027298393,1.957481437011166
513.8452027298393,1.953464225948113
513.9452027298394,1.9495198772097737
514.0452027298394,1.9456468149640864
514.1452027298394,1.9418434970829004
514.2452027298394,1.9381084146972605
514.3452027298395,1.9344400917307598
514.4452027298395,1.9308370844140583
514.5452027298395,1.9272979807833992
514.6452027298395,1.92382140016572
514.7452027298395,1.9204059926527273
514.8452027298396,1.9170504385660951
514.9452027298396,1.9137534479157634
515.0452027298396,1.9105137598531203
515.1452027298396,1.9073301421207034
515.2452027298397,1.9042013904998922
515.3452027298397,1.9011263282579252
515.4452027298397,1.8981038055954507
515.5452027298397,1.8951326990956925
515.6452027298398,1.8922119111762083
515.7452027298398,1.8893403695441124
515.8452027298398,1.8865170266555418
515.9452027298398,1.8837408591800617
516.0452027298398,1.881010867470623
516.1452027298399,1.8783260750396105
516.2452027298399,1.8756855280414626
516.3452027298399,1.8730882947622733
516.4452027298399,1.870533465116731
516.54520272984,1.8680201501527067
516.64520272984,1.8655474815637483
516.74520272984,1.8631146112096966
516.84520272984,1.860720710645604
516.94520272984,1.8583649706590966
517.0452027298401,1.8560466008162906
517.1452027298401,1.8537648290163449
517.2452027298401,1.8515189010547024
517.3452027298401,1.8493080801950532
517.4452027298402,1.847131646750027
517.5452027298402,1.844988897670603
517.6452027298402,1.8428791461442127
517.7452027298402,1.8408017212014887
517.8452027298403,1.8387559673316005
517.9452027298403,1.8367412441061133
518.0452027298403,1.8347569258112781
518.1452027298403,1.8328024010886723
518.2452027298403,1.8308770725840828
518.3452027298404,1.8289803566045282
518.4452027298404,1.8271116827833045
518.5452027298404,1.8252704937529356
518.6452027298404,1.8234562448259035
518.7452027298405,1.8216684036830273
518.8452027298405,1.8199064500693654
518.9452027298405,1.8181698754974973
519.0452027298405,1.816458182958057
519.1452027298405,1.8147708866373735
519.2452027298406,1.813107511642079
519.3452027298406,1.8114675937305496
519.4452027298406,1.8098506790510311
519.5452027298406,1.8082563238863134
519.6452027298407,1.8066840944048097
519.7452027298407,1.805133566417906
519.8452027298407,1.8036043251434337
519.9452027298407,1.8020959649751345
520.0452027298408,1.8006080892579763
520.1452027298408,1.7991403100691876
520.2452027298408,1.7976922480048732
520.3452027298408,1.7962635319720808
520.4452027298408,1.7948537989861906
520.5452027298409,1.7934626939734928
520.6452027298409,1.7920898695788343
520.7452027298409,1.7907349859782036
520.8452027298409,1.789397710696136
520.945202729841,1.7880777184278185
521.045202729841,1.7867746908657725
521.145202729841,1.785488316531004
521.245202729841,1.784218290608507
521.345202729841,1.7829643147870042
521.4452027298411,1.7817260971028241
521.5452027298411,1.7805033517878015
521.6452027298411,1.7792957991210998
521.7452027298411,1.7781031652848571
521.8452027298412,1.7769251822235475
521.9452027298412,1.7757615875069708
522.0452027298412,1.7746121241967683
522.1452027298412,1.7734765407163757
522.2452027298413,1.7723545907243206
522.3452027298413,1.7712460329907778
522.4452027298413,1.7701506312772959
522.5452027298413,1.7690681542196107
522.6452027298413,1.7679983752134636
522.7452027298414,1.7669410723033445
522.8452027298414,1.7658960280740845
522.9452027298414,1.7648630295452177
523.0452027298414,1.763841868068041
523.1452027298415,1.7628323392253011
523.2452027298415,1.7618342427334355
523.3452027298415,1.7608473823472992
523.4452027298415,1.759871565767317
523.5452027298415,1.7589066045489847
523.6452027298416,1.7579523140146698
523.7452027298416,1.7570085131676378
523.8452027298416,1.756075024608255
523.9452027298416,1.7551516744523012
524.0452027298417,1.7542382922513415
524.1452027298417,1.7533347109150996
524.2452027298417,1.752440766635778
524.3452027298417,1.7515562988142772
524.4452027298418,1.750681149988258
524.5452027298418,1.749815165762001
524.6452027298418,1.7489581947380153
524.7452027298418,1.7481100884503478
524.8452027298418,1.7472707012995483
524.9452027298419,1.7464398904892493
525.0452027298419,1.7456175159643121
525.1452027298419,1.7448034403505026
525.2452027298419,1.743997528895654
525.345202729842,1.7431996494122755
525.445202729842,1.7424096722215723
525.545202729842,1.7416274700988363
525.645202729842,1.740852918220173
525.745202729842,1.7400858941105284
525.8452027298421,1.7393262775929825
525.9452027298421,1.738573950739276
526.0452027298421,1.7378287978215348
526.1452027298421,1.7370907052651683
526.2452027298422,1.7363595616029013
526.3452027298422,1.7356352574299159
526.4452027298422,1.734917685360074
526.5452027298422,1.7342067399831906
526.6452027298423,1.73350231782333
526.7452027298423,1.7328043172980991
526.8452027298423,1.7321126386789159
526.9452027298423,1.7314271840522188
527.0452027298423,1.7307478572816022
527.1452027298424,1.7300745639708472
527.2452027298424,1.7294072114278292
527.3452027298424,1.7287457086292766
527.4452027298424,1.72808996618636
527.5452027298425,1.727439896311092
527.6452027298425,1.726795412783514
527.7452027298425,1.7261564309196515
527.8452027298425,1.7255228675402199
527.9452027298425,1.7248946409400585
528.0452027298426,1.7242716708582757
528.1452027298426,1.7236538784490887
528.2452027298426,1.7230411862533388
528.3452027298426,1.7224335181706643
528.4452027298427,1.721830799432317
528.5452027298427,1.7212329565746047
528.6452027298427,1.7206399174129425
528.7452027298427,1.7200516110165025
528.8452027298428,1.71946796768344
528.9452027298428,1.7188889189166894
529.0452027298428,1.7183143974003094
529.1452027298428,1.7177443369763679
529.2452027298428,1.7171786726223508
529.3452027298429,1.716617340429085
529.4452027298429,1.7160602775791578
529.5452027298429,1.7155074223258266
529.6452027298429,1.7149587139724023
529.745202729843,1.7144140928520968
529.845202729843,1.7138735003083232
529.945202729843,1.7133368786754386
530.045202729843,1.712804171259915
530.145202729843,1.7122753223219338
530.2452027298431,1.7117502770573898
530.3452027298431,1.7112289815802946
530.4452027298431,1.7107113829055716
530.5452027298431,1.710197428932234
530.6452027298432,1.7096870684269334
530.7452027298432,1.7091802510078742
530.8452027298432,1.7086769271290807
530.9452027298432,1.7081770480650138
531.0452027298433,1.707680565895524
531.1452027298433,1.707187433491137
531.2452027298433,1.7066976044986601
531.3452027298433,1.706211033327107
531.4452027298433,1.7057276751339285
531.5452027298434,1.7052474858115447
531.6452027298434,1.704770421974171
531.7452027298434,1.7042964409449344
531.8452027298434,1.7038255007432648
531.9452027298435,1.703357560072566
532.0452027298435,1.7028925783081525
532.1452027298435,1.7024305154854482
532.2452027298435,1.7019713322884416
532.3452027298435,1.701514990038391
532.4452027298436,1.7010614506827755
532.5452027298436,1.7006106767844833
532.6452027298436,1.7001626315112355
532.7452027298436,1.6997172786252386
532.8452027298437,1.699274582473059
532.9452027298437,1.698834507975718
533.0452027298437,1.6983970206189993
533.1452027298437,1.6979620864439684
533.2452027298438,1.6975296720376922
533.3452027298438,1.6970997445241627
533.4452027298438,1.696672271555415
533.5452027298438,1.6962472213028377
533.6452027298438,1.6958245624486692
533.7452027298439,1.69540426417768
533.8452027298439,1.6949862961690332
533.9452027298439,1.6945706285883202
534.0452027298439,1.6941572320797702
534.145202729844,1.6937460777586282
534.245202729844,1.6933371372036956
534.345202729844,1.6929303824500357
534.445202729844,1.692525785981835
534.545202729844,1.6921233207254214
534.6452027298441,1.6917229600424313
534.7452027298441,1.6913246777231299
534.8452027298441,1.6909284479798725
534.9452027298441,1.6905342454407122
535.0452027298442,1.6901420451431446
535.1452027298442,1.6897518225279926
535.2452027298442,1.6893635534334233
535.3452027298442,1.6889772140890964
535.4452027298443,1.6885927811104449
535.5452027298443,1.688210231493078
535.6452027298443,1.6878295426073118
535.7452027298443,1.6874506921928192
535.8452027298443,1.6870736583534014
535.9452027298444,1.6866984195518753
536.0452027298444,1.686324954605075
536.1452027298444,1.6859532426789676
536.2452027298444,1.6855832632838799
536.3452027298445,1.6852149962698313
536.4452027298445,1.6848484218219757
536.5452027298445,1.6844835204561472
536.6452027298445,1.6841202730145077
536.7452027298446,1.6837586606612966
536.8452027298446,1.6833986648786785
536.9452027298446,1.6830402674626885
537.0452027298446,1.6826834505192734
537.1452027298446,1.6823281964604266
537.2452027298447,1.6819744880004137
537.3452027298447,1.6816223081520916
537.4452027298447,1.6812716402233137
537.5452027298447,1.6809224678134238
537.6452027298448,1.6805747748098374
537.7452027298448,1.6802285453847048
537.8452027298448,1.679883763991659
537.9452027298448,1.6795404153626456
538.0452027298448,1.6791984845048324
538.1452027298449,1.6788579566975976
538.2452027298449,1.6785188174895975
538.3452027298449,1.6781810526959093
538.4452027298449,1.6778446483952503
538.545202729845,1.677509590927269
538.645202729845,1.6771758668899133
538.745202729845,1.6768434631368667
538.845202729845,1.6765123667750568
538.945202729845,1.6761825651622337
539.0452027298451,1.6758540459046172
539.1452027298451,1.6755267968546104
539.2452027298451,1.6752008061085806
539.3452027298451,1.674876062004707
539.4452027298452,1.6745525531208914
539.5452027298452,1.6742302682727324
539.6452027298452,1.673909196511565
539.7452027298452,1.6735893271225586
539.8452027298453,1.67327064962288
539.9452027298453,1.672953153759912
540.0452027298453,1.6726368295095364
540.1452027298453,1.6723216670744714
540.2452027298453,1.6720076568826703
540.3452027298454,1.6716947895857734
540.4452027298454,1.6713830560576202
540.5452027298454,1.6710724473928142
540.6452027298454,1.6707629549053444
540.7452027298455,1.6704545701272597
540.8452027298455,1.6701472848073968
540.9452027298455,1.6698410909101624
541.0452027298455,1.6695359806143657
541.1452027298456,1.669231946312103
541.2452027298456,1.6689289806076937
541.3452027298456,1.668627076316666
541.4452027298456,1.6683262264647924
541.5452027298456,1.6680264242871738
541.6452027298457,1.6677276632273734
541.7452027298457,1.6674299369365964
541.8452027298457,1.667133239272919
541.9452027298457,1.6668375643005635
542.0452027298458,1.6665429062892196
542.1452027298458,1.6662492597134118
542.2452027298458,1.6659566192519104
542.3452027298458,1.665664979787191
542.4452027298458,1.6653743364049338
542.5452027298459,1.6650846843935698
542.6452027298459,1.6647960192438696
542.7452027298459,1.6645083366485736
542.8452027298459,1.6642216325020673
542.945202729846,1.6639359029000953
543.045202729846,1.66365114413952
543.145202729846,1.6633673527181183
543.245202729846,1.6630845253344222
543.345202729846,1.6628026588875964
543.4452027298461,1.6625217504773573
543.5452027298461,1.662241797403932
543.6452027298461,1.661962797168055
543.7452027298461,1.661684747471004
543.8452027298462,1.6614076462146734
543.9452027298462,1.6611314915016866
544.0452027298462,1.6608562816355452
544.1452027298462,1.6605820151208142
544.2452027298463,1.6603086906633453
544.3452027298463,1.6600363071705362
544.4452027298463,1.659764863751625
544.5452027298463,1.65949435971802
544.6452027298463,1.6592247945836671
544.7452027298464,1.658956168065448
544.8452027298464,1.6586884800836157
544.9452027298464,1.6584217307622637
545.0452027298464,1.6581559204298277
545.1452027298465,1.657891049619622
545.2452027298465,1.6576271190704075
545.3452027298465,1.657364129726994
545.4452027298465,1.6571020827408736
545.5452027298466,1.656840979470885
545.6452027298466,1.6565808214839124
545.7452027298466,1.656321610555613
545.8452027298466,1.6560633486711762
545.9452027298466,1.6558060380261128
546.0452027298467,1.6555496810270753
546.1452027298467,1.6552942802927078
546.2452027298467,1.6550398386545235
546.3452027298467,1.6547863591578145
546.4452027298468,1.6545338450625875
546.5452027298468,1.6542822998445286
546.6452027298468,1.6540317271959968
546.7452027298468,1.6537821310270446
546.8452027298468,1.6535335154664654
546.9452027298469,1.6532858848628686
547.0452027298469,1.6530392437857804
547.1452027298469,1.6527935970267706
547.2452027298469,1.6525489496006067
547.345202729847,1.6523053067464308
547.445202729847,1.6520626739289637
547.545202729847,1.651821056839732
547.645202729847,1.6515804613983203
547.745202729847,1.651340893753647
547.8452027298471,1.651102360285262
547.9452027298471,1.6508648676046698
548.0452027298471,1.6506284225566739
548.1452027298471,1.6503930322207414
548.2452027298472,1.6501587039123933
548.3452027298472,1.6499254451846121
548.4452027298472,1.649693263829273
548.5452027298472,1.6494621678785926
548.6452027298473,1.6492321656066011
548.7452027298473,1.649003265530631
548.8452027298473,1.6487754764128253
548.9452027298473,1.6485488072616659
549.0452027298473,1.6483232673335169
549.1452027298474,1.648098866134189
549.2452027298474,1.647875613420519
549.3452027298474,1.6476535192019648
549.4452027298474,1.6474325937422192
549.5452027298475,1.6472128475608367
549.6452027298475,1.6469942914348774
549.7452027298475,1.6467769364005633
549.8452027298475,1.6465607937549511
549.9452027298476,1.646345875057615
550.0452027298476,1.6461321921323462
550.1452027298476,1.645919757068862
550.2452027298476,1.6457085822245268
550.3452027298476,1.645498680226087
550.4452027298477,1.6452900639714119
550.5452027298477,1.645082746631249
550.6452027298477,1.6448767416509862
550.7452027298477,1.6446720627524234
550.8452027298478,1.644468723935552
550.9452027298478,1.6442667394803425
551.0452027298478,1.644066123948539
551.1452027298478,1.6438668921854587
551.2452027298478,1.6436690593217989
551.3452027298479,1.643472640775447
551.4452027298479,1.6432776522532968
551.5452027298479,1.643084109753066
551.6452027298479,1.6428920295651188
551.745202729848,1.642701428274289
551.845202729848,1.6425123227617058
551.945202729848,1.6423247302066186
552.045202729848,1.6421386680882242
552.145202729848,1.6419541541874914
552.2452027298481,1.6417712065889838
552.3452027298481,1.6415898436826826
552.4452027298481,1.6414100841658033
552.5452027298481,1.6412319470446108
552.6452027298482,1.6410554516362295
552.7452027298482,1.640880617570446
552.8452027298482,1.6407074647915092
552.9452027298482,1.6405360135599185
553.0452027298483,1.640366284454209
553.1452027298483,1.6401982983727241
553.2452027298483,1.64003207653538
553.3452027298483,1.6398676404854198
553.4452027298483,1.6397050120911556
553.5452027298484,1.6395442135476985
553.6452027298484,1.639385267378675
553.7452027298484,1.6392281964379307
553.8452027298484,1.6390730239112161
553.9452027298485,1.638919773317859
554.0452027298485,1.6387684685124198
554.1452027298485,1.6386191336863254
554.2452027298485,1.6384717933694901
554.3452027298486,1.6383264724319107
554.4452027298486,1.638183196085245
554.5452027298486,1.6380419898843661
554.6452027298486,1.637902879728894
554.7452027298486,1.6377658918647044
554.8452027298487,1.6376310528854123
554.9452027298487,1.6374983897338278
555.0452027298487,1.6373679297033874
555.1452027298487,1.637239700439556
555.2452027298488,1.6371137299411986
555.3452027298488,1.6369900465619245
555.4452027298488,1.636868679011397
555.5452027298488,1.636749656356613
555.6452027298488,1.6366330080231477
555.7452027298489,1.6365187637963654
555.8452027298489,1.6364069538225938
555.9452027298489,1.6362976086102616
556.0452027298489,1.636190759030998
556.145202729849,1.6360864363206933
556.245202729849,1.6359846720805176
556.345202729849,1.6358854982779003
556.445202729849,1.6357889472474638
556.545202729849,1.6356950516919166
556.6452027298491,1.635603844682898
556.7452027298491,1.635515359661778
556.8452027298491,1.6354296304404095
556.9452027298491,1.6353466912018317
557.0452027298492,1.635266576500923
557.1452027298492,1.6351893212650026
557.2452027298492,1.63511496079438
557.3452027298492,1.63504353076285
557.4452027298493,1.6349750672181333
557.5452027298493,1.634909606582261
557.6452027298493,1.6348471856518998
557.7452027298493,1.6347878415986206
557.8452027298493,1.634731611969105
557.9452027298494,1.6346785346852923
558.0452027298494,1.6346286480444618
558.1452027298494,1.634581990719252
558.2452027298494,1.6345386017576153
558.3452027298495,1.6344985205827045
558.4452027298495,1.634461786992692
558.5452027298495,1.6344284411605212
558.6452027298495,1.6343985236335843
558.7452027298496,1.6343720753333315
558.8452027298496,1.6343491375548056
558.9452027298496,1.6343297519661004
559.0452027298496,1.6343139606077475
559.1452027298496,1.6343018058920218
559.2452027298497,1.634293330602171
559.3452027298497,1.6342885778915648
559.4452027298497,1.6342875912827628
559.5452027298497,1.6342904146665003
559.6452027298498,1.6342970923005895
559.7452027298498,1.6343076688087386
559.8452027298498,1.6343221891792794
559.9452027298498,1.6343406987638136
560.0452027298498,1.6343632432757649
560.1452027298499,1.6343898687888432
560.2452027298499,1.6344206217354178
560.3452027298499,1.6344555489047965
560.4452027298499,1.634494697441411
560.54520272985,1.6345381148429068
560.64520272985,1.6345858489581373
560.74520272985,1.634637947985059
560.84520272985,1.634694460468527
560.94520272985,1.6347554352979916
561.0452027298501,1.6348209217050926
561.1452027298501,1.6348909692611495
561.2452027298501,1.6349656278745481
561.3452027298501,1.6350449477880236
561.4452027298502,1.6351289795758335
561.5452027298502,1.6352177741408258
561.6452027298502,1.635311382711396
561.7452027298502,1.6354098568383357
561.8452027298503,1.6355132483915675
561.9452027298503,1.6356216095567697
562.0452027298503,1.6357349928318858
562.1452027298503,1.6358534510235196
562.2452027298503,1.6359770372432145
562.3452027298504,1.6361058049036152
562.4452027298504,1.636239807714512
562.5452027298504,1.636379099678765
562.6452027298504,1.6365237350881086
562.7452027298505,1.6366737685188348
562.8452027298505,1.6368292548273535
562.9452027298505,1.63699024914563
563.0452027298505,1.637156806876498
563.1452027298506,1.6373289836888463
563.2452027298506,1.6375068355126823
563.3452027298506,1.6376904185340644
563.4452027298506,1.6378797891899084
563.5452027298506,1.638075004162666
563.6452027298507,1.6382761203748701
563.7452027298507,1.6384831949835537
563.8452027298507,1.6386962853745333
563.9452027298507,1.6389154491565632
564.0452027298508,1.639140744155355
564.1452027298508,1.6393722284074639
564.2452027298508,1.6396099601540404
564.3452027298508,1.639853997834447
564.4452027298508,1.6401044000797398
564.5452027298509,1.6403612257060116
564.6452027298509,1.6406245337076002
564.7452027298509,1.6408943832501586
564.8452027298509,1.641170833663586
564.945202729851,1.6414539444348208
565.045202729851,1.6417437752004962
565.145202729851,1.642040385739452
565.245202729851,1.6423438359651124
565.345202729851,1.6426541859177166
565.4452027298511,1.6429714957564152
565.5452027298511,1.6432958257512218
565.6452027298511,1.643627236274824
565.7452027298511,1.6439657877942528
565.8452027298512,1.6443115408624125
565.9452027298512,1.6446645561094644
566.0452027298512,1.6450248942340737
566.1452027298512,1.6453926159945094
566.2452027298513,1.6457677821996062
566.3452027298513,1.646150453699581
566.4452027298513,1.6465406913767104
566.5452027298513,1.6469385561358627
566.6452027298513,1.6473441088948917
566.7452027298514,1.6477574105748851
566.8452027298514,1.6481785220902747
566.9452027298514,1.648607504338803
567.0452027298514,1.6490444181913495
567.1452027298515,1.6494893244816162
567.2452027298515,1.6499422839956734
567.3452027298515,1.6504033574613646
567.4452027298515,1.6508726055375722
567.5452027298516,1.6513500888033459
567.6452027298516,1.6518358677468887
567.7452027298516,1.6523300027544106
567.8452027298516,1.6528325540988398
567.9452027298516,1.6533435819284017
568.0452027298517,1.65386314625506
568.1452027298517,1.6543913069428227
568.2452027298517,1.6549281236959152
568.3452027298517,1.6554736560468204
568.4452027298518,1.6560279633441852
568.5452027298518,1.6565911047405968
568.6452027298518,1.6571631391802284
568.7452027298518,1.6577441253863574
568.8452027298518,1.6583341218487522
568.9452027298519,1.6589331868109365
569.0452027298519,1.6595413782573247
569.1452027298519,1.660158753900236
569.2452027298519,1.6607853711667826
569.345202729852,1.6614212871856402
569.445202729852,1.6620665587736951
569.545202729852,1.6627212424225755
569.645202729852,1.663385394285064
569.745202729852,1.6640590701613978
569.8452027298521,1.6647423254854514
569.9452027298521,1.6654352153108116
570.0452027298521,1.6661377942967395
570.1452027298521,1.6668501166940262
570.2452027298522,1.6675722363307415
570.3452027298522,1.66830420659788
570.4452027298522,1.6690460804349012
570.5452027298522,1.669797910315174
570.6452027298523,1.6705597482313208
570.7452027298523,1.6713316456804654
570.8452027298523,1.6721136536493888
570.9452027298523,1.672905822599593
571.0452027298523,1.6737082024522754
571.1452027298524,1.674520842573218
571.2452027298524,1.6753437917575917
571.3452027298524,1.6761770982146786
571.4452027298524,1.6770208095525163
571.5452027298525,1.6778749727624653
571.6452027298525,1.6787396342037042
571.7452027298525,1.6796148395876513
571.8452027298525,1.6805006339623203
571.9452027298526,1.6813970616966107
572.0452027298526,1.6823041664645348
572.1452027298526,1.6832219912293858
572.2452027298526,1.6841505782278499
572.3452027298526,1.6850899689540657
572.4452027298527,1.686040204143631
572.5452027298527,1.6870013237575665
572.6452027298527,1.6879733669662313
572.7452027298527,1.6889563721332022
572.8452027298528,1.6899503767991126
572.9452027298528,1.6909554176654606
573.0452027298528,1.691971530578384
573.1452027298528,1.6929987505124098
573.2452027298528,1.6940371115541817
573.3452027298529,1.6950866468861658
573.4452027298529,1.696147388770341
573.5452027298529,1.6972193685318784
573.6452027298529,1.6983026165428097
573.745202729853,1.699397162205693
573.845202729853,1.7005030339372769
573.945202729853,1.7016202591521665
574.045202729853,1.702748864246498
574.145202729853,1.7038888745816234
574.2452027298531,1.7050403144678086
574.3452027298531,1.706203207147953
574.4452027298531,1.7073775747813298
574.5452027298531,1.7085634384273554
574.6452027298532,1.7097608180293877
574.7452027298532,1.7109697323985626
574.8452027298532,1.7121901991976682
574.9452027298532,1.7134222349250645
575.0452027298533,1.7146658548986498
575.1452027298533,1.7159210732398822
575.2452027298533,1.717187902857857
575.3452027298533,1.7184663554334452
575.4452027298533,1.7197564414034991
575.5452027298534,1.7210581699451293
575.6452027298534,1.7223715489600542
575.7452027298534,1.7236965850590324
575.8452027298534,1.7250332835463773
575.9452027298535,1.726381648404561
576.0452027298535,1.727741682278914
576.1452027298535,1.7291133864624193
576.2452027298535,1.7304967608806139
576.3452027298536,1.7318918040765938
576.4452027298536,1.7332985131961354
576.5452027298536,1.7347168839729321
576.6452027298536,1.7361469107139524
576.7452027298536,1.7375885862849267
576.8452027298537,1.7390419020959653
576.9452027298537,1.740506848087312
577.0452027298537,1.7419834127152396
577.1452027298537,1.743471582938093
577.2452027298538,1.7449713442024806
577.3452027298538,1.7464826804296256
577.4452027298538,1.7480055740018745
577.5452027298538,1.7495400057493746
577.6452027298538,1.751085954936919
577.7452027298539,1.7526433992509713
577.8452027298539,1.7542123147868673
577.9452027298539,1.755792676036204
578.0452027298539,1.7573844558744187
578.145202729854,1.758987625548564
578.245202729854,1.7606021546652824
578.345202729854,1.7622280111789854
578.445202729854,1.763865161380245
578.545202729854,1.7655135698843976
578.6452027298541,1.7671731996203688
578.7452027298541,1.7688440118197237
578.8452027298541,1.7705259660059458
578.9452027298541,1.7722190199839498
579.0452027298542,1.7739231298298352
579.1452027298542,1.7756382498808825
579.2452027298542,1.7773643327257984
579.3452027298542,1.7791013291952167
579.4452027298543,1.780849188352453
579.5452027298543,1.7826078574845274
579.6452027298543,1.784377282093451
579.7452027298543,1.7861574058877874
579.8452027298543,1.7879481707744889
579.9452027298544,1.789749516851017
580.0452027298544,1.7915613823977452
580.1452027298544,1.7933837038706564
580.2452027298544,1.795216415894333
580.3452027298545,1.7970594512552462
580.4452027298545,1.798912740895352
580.5452027298545,1.8007762139059913
580.6452027298545,1.8026497975221063
580.7452027298546,1.804533417116772
580.8452027298546,1.8064269961960484
580.9452027298546,1.8083304563941593
581.0452027298546,1.8102437174689996
581.1452027298546,1.8121666972979749
581.2452027298547,1.8140993118741808
581.3452027298547,1.8160414753029221
581.4452027298547,1.8179930997985765
581.5452027298547,1.8199540956818085
581.6452027298548,1.8219243713771367
581.7452027298548,1.8239038334108546
581.8452027298548,1.8258923864093155
581.9452027298548,1.8278899330975773
582.0452027298549,1.8298963742984171
582.1452027298549,1.8319116089317147
582.2452027298549,1.83393553401421
582.3452027298549,1.8359680446596398
582.4452027298549,1.838009034079251
582.545202729855,1.840058393582701
582.645202729855,1.8421160125793428
582.745202729855,1.8441817785798977
582.845202729855,1.846255577198525
582.945202729855,1.8483372921552814
583.0452027298551,1.8504268052789823
583.1452027298551,1.8525239965104607
583.2452027298551,1.8546287439062312
583.3452027298551,1.8567409236425558
583.4452027298552,1.858860410019922
583.5452027298552,1.8609870754679267
583.6452027298552,1.8631207905505736
583.7452027298552,1.8652614239719851
583.8452027298553,1.86740884258253
583.9452027298553,1.8695629113853665
584.0452027298553,1.8717234935434095
584.1452027298553,1.8738904503867135
584.2452027298554,1.8760636414202838
584.3452027298554,1.8782429243323069
584.4452027298554,1.8804281550028086
584.5452027298554,1.8826191875127392
584.6452027298554,1.8848158741534857
584.7452027298555,1.887018065436812
584.8452027298555,1.88922561010523
584.9452027298555,1.8914383551428007
585.0452027298555,1.8936561457863652
585.1452027298556,1.895878825537209
585.2452027298556,1.8981062361731573
585.3452027298556,1.9003382177611017
585.4452027298556,1.9025746086699624
585.5452027298556,1.904815245584078
585.6452027298557,1.9070599635170338
585.7452027298557,1.9093085958259162
585.8452027298557,1.911560974226004
585.9452027298557,1.9138169288058893
586.0452027298558,1.916076288043028
586.1452027298558,1.918338878819724
586.2452027298558,1.92060452643954
586.3452027298558,1.9228730546441386
586.4452027298559,1.9251442856305503
586.5452027298559,1.9274180400688679
586.6452027298559,1.929694137120367
586.7452027298559,1.9319723944560492
586.8452027298559,1.9342526282756078
586.945202729856,1.9365346533268144
587.045202729856,1.9388182829253235
587.145202729856,1.941103328974894
587.245202729856,1.9433896019880266
587.345202729856,1.945676911107012
587.4452027298561,1.9479650641253905
587.5452027298561,1.9502538675098187
587.6452027298561,1.9525431264223414
587.7452027298561,1.954832644743067
587.8452027298562,1.9571222250932414
587.9452027298562,1.9594116688587173
588.0452027298562,1.9617007762138212
588.1452027298562,1.9639893461456066
588.2452027298563,1.9662771764784956
588.3452027298563,1.9685640638993052
588.4452027298563,1.970849803982651
588.5452027298563,1.9731341912167304
588.6452027298564,1.9754170190294742
588.7452027298564,1.9776980798150694
588.8452027298564,1.9799771649608453
588.9452027298564,1.982254064874519
589.0452027298564,1.9845285690117977
589.1452027298565,1.9868004659043301
589.2452027298565,1.9890695431880068
589.3452027298565,1.9913355876315992
589.4452027298565,1.9935983851657397
589.5452027298566,1.995857720912228
589.6452027298566,1.9981133792136694
589.7452027298566,2.000365143663432
589.8452027298566,2.00261279713592
589.9452027298566,2.0048561218171583
590.0452027298567,2.007094899235683
590.1452027298567,2.0093289102937293
590.2452027298567,2.0115579352987156
590.3452027298567,2.013781753995011
590.4452027298568,2.0160001455959917
590.5452027298568,2.018212888816365
590.6452027298568,2.0204197619047677
590.7452027298568,2.0226205426766244
590.8452027298569,2.0248150085472663
590.9452027298569,2.027002936565294
591.0452027298569,2.0291841034461897
591.1452027298569,2.03135828560616
591.2452027298569,2.033525259196212
591.345202729857,2.035684800136453
591.445202729857,2.0378366841506
591.545202729857,2.0399806868007033
591.645202729857,2.042116583522069
591.745202729857,2.044244149658373
591.8452027298571,2.0463631604969676
591.9452027298571,2.0484733913043565
592.0452027298571,2.0505746173618538
592.1452027298571,2.0526666140013927
592.2452027298572,2.054749156641502
592.3452027298572,2.056822020823424
592.4452027298572,2.058884982247369
592.5452027298572,2.060937816808913
592.6452027298573,2.062980300635506
592.7452027298573,2.065012210123104
592.8452027298573,2.0670333219729073
592.9452027298573,2.069043413228196
593.0452027298574,2.071042261311255
593.1452027298574,2.0730296440603877
593.2452027298574,2.0750053397669945
593.3452027298574,2.076969127212725
593.4452027298574,2.0789207857066803
593.5452027298575,2.0808600951226675
593.6452027298575,2.0827868359364934
593.7452027298575,2.0847007892632865
593.8452027298575,2.0866017368948406
593.9452027298576,2.0884894613369784
594.0452027298576,2.0903637458469078
594.1452027298576,2.092224374470584
594.2452027298576,2.094071132080053
594.3452027298576,2.095903804410773
594.4452027298577,2.097722178098903
594.5452027298577,2.0995260407185574
594.6452027298577,2.1013151808190007
594.7452027298577,2.103089387961794
594.8452027298578,2.1048484527578664
594.9452027298578,2.1065921669045133
595.0452027298578,2.108320323222307
595.1452027298578,2.110032715691916
595.2452027298579,2.111729139490815
595.3452027298579,2.1134093910298866
595.4452027298579,2.115073267989897
595.5452027298579,2.1167205693578444
595.6452027298579,2.1183510954631632
595.745202729858,2.119964648013781
595.845202729858,2.1215610301320167
595.945202729858,2.12314004639031
596.045202729858,2.124701502846777
596.145202729858,2.126245207080576
596.2452027298581,2.1277709682270824
596.3452027298581,2.129278597012859
596.4452027298581,2.130767905790411
596.5452027298581,2.132238708572726
596.6452027298582,2.1336908210675745
596.7452027298582,2.135124060711581
596.8452027298582,2.1365382467040415
596.9452027298582,2.137933200040484
597.0452027298583,2.139308743545967
597.1452027298583,2.1406647019080998
597.2452027298583,2.1420009017097867
597.3452027298583,2.143317171461673
597.4452027298584,2.1446133416342934
597.5452027298584,2.1458892446899176
597.6452027298584,2.1471447151140715
597.7452027298584,2.1483795894467397
597.8452027298584,2.149593706313233
597.9452027298585,2.150786906454715
598.0452027298585,2.151959032758377
598.1452027298585,2.153109930287264
598.2452027298585,2.1542394463097247
598.3452027298586,2.155347430328499
598.4452027298586,2.156433734109416
598.5452027298586,2.157498211709712
598.6452027298586,2.1585407195059454
598.7452027298586,2.159561116221515
598.8452027298587,2.1605592629537633
598.9452027298587,2.161535023200663
599.0452027298587,2.162488262887079
599.1452027298587,2.1634188503906002
599.2452027298588,2.1643266565669275
599.3452027298588,2.165211554774821
599.4452027298588,2.1660734209005916
599.5452027298588,2.1669121333821346
599.6452027298589,2.167727573232497
599.7452027298589,2.1685196240629745
599.8452027298589,2.169288172105726
599.9452027298589,2.17003310623591
600.0452027298589,2.170754317993323
600.145202729859,2.171451701603548
600.245202729859,2.172125153998599
600.345202729859,2.1727745748370535
600.445202729859,2.1733998665236793
600.545202729859,2.1740009342285354
600.6452027298591,2.1745776859055543
600.7452027298591,2.1751300323105927
600.8452027298591,2.175657887018949
600.9452027298591,2.1761611664423413
601.0452027298592,2.1766397898453453
601.1452027298592,2.1770936793612785
601.2452027298592,2.177522760007538
601.3452027298592,2.1779269597003794
601.4452027298593,2.1783062092691337
601.5452027298593,2.1786604424698632
601.6452027298593,2.1789895959984458
601.7452027298593,2.17929360950309
601.8452027298594,2.179572425596274
601.9452027298594,2.179825989866104
602.0452027298594,2.180054250887096
602.1452027298594,2.180257160230367
602.2452027298594,2.1804346724732437
602.3452027298595,2.1805867452082768
602.4452027298595,2.1807133390516658
602.5452027298595,2.1808144176510886
602.6452027298595,2.1808899476929318
602.7452027298596,2.180939898908924
602.8452027298596,2.1809642440821673
602.9452027298596,2.1809629590525663
603.0452027298596,2.1809360227216525
603.1452027298596,2.1808834170568048
603.2452027298597,2.1808051270948603
603.3452027298597,2.1807011409451214
603.4452027298597,2.180571449791752
603.5452027298597,2.1804160478955628
603.6452027298598,2.1802356886423957
603.7452027298598,2.1800339012802725
603.8452027298598,2.179811135398916
603.9452027298598,2.1795673954601957
604.0452027298599,2.179302687980898
604.1452027298599,2.1790170215317013
604.2452027298599,2.178710406735821
604.3452027298599,2.178382856267323
604.44520272986,2.1780343848491004
604.54520272986,2.1776650092505245
604.64520272986,2.1772747482847628
604.74520272986,2.1768636228057643
604.84520272986,2.176431655704918
604.9452027298601,2.1759788719073816
605.0452027298601,2.1755052983680834
605.1452027298601,2.175010964067392
605.2452027298601,2.1744959000064688
605.3452027298601,2.1739601392022867
605.4452027298602,2.173403716682329
605.5452027298602,2.1728266694789653
605.6452027298602,2.172229036623505
605.7452027298602,2.171610859139931
605.8452027298603,2.1709721800383157
605.9452027298603,2.1703130443079157
606.0452027298603,2.169633498909957
606.1452027298603,2.168933592770101
606.2452027298604,2.1682133767706007
606.3452027298604,2.1674729037421447
606.4452027298604,2.1667122284553932
606.5452027298604,2.165931407612208
606.6452027298604,2.165130499836575
606.7452027298605,2.164309565665227
606.8452027298605,2.163468667537963
606.9452027298605,2.1626078697876716
607.0452027298605,2.1617272386300543
607.1452027298606,2.1608268421530585
607.2452027298606,2.159906750306016
607.3452027298606,2.158967034888495
607.4452027298606,2.1580077695388624
607.5452027298606,2.1570290297225636
607.6452027298607,2.1560308927201213
607.7452027298607,2.155013437614852
607.8452027298607,2.1539767452803122
607.9452027298607,2.1529208983674635
608.0452027298608,2.151845981291575
608.1452027298608,2.150752080218853
608.2452027298608,2.1496392830528075
608.3452027298608,2.148507679420357
608.4452027298609,2.147357360657675
608.5452027298609,2.146188419795781
608.6452027298609,2.145000951545878
608.7452027298609,2.143795052284446
608.845202729861,2.1425708200380797
608.945202729861,2.1413283544680963
609.045202729861,2.1400677568548936
609.145202729861,2.1387891300820803
609.245202729861,2.1374925786203685
609.3452027298611,2.136178208511242
609.4452027298611,2.1348461273503982
609.5452027298611,2.1334964442709667
609.6452027298611,2.1321292699265113
609.7452027298611,2.130744716473824
609.8452027298612,2.1293428975554956
609.9452027298612,2.127923928282295
610.0452027298612,2.1264879252153346
610.1452027298612,2.125035006348042
610.2452027298613,2.123565291087937
610.3452027298613,2.1220789002382165
610.4452027298613,2.120575955979151
610.5452027298613,2.1190565818493035
610.6452027298614,2.1175209027265636
610.7452027298614,2.115969044809009
610.8452027298614,2.1144011355956005
610.9452027298614,2.1128173038667013
611.0452027298614,2.111217679664444
611.1452027298615,2.109602394272933
611.2452027298615,2.107971580198294
611.3452027298615,2.1063253711485768
611.4452027298615,2.1046639020135083
611.5452027298616,2.1029873088441087
611.6452027298616,2.101295728832166
611.7452027298616,2.099589300289584
611.8452027298616,2.0978681626275955
611.9452027298616,2.096132456335858
612.0452027298617,2.094382322961425
612.1452027298617,2.0926179050876055
612.2452027298617,2.090839346312711
612.3452027298617,2.0890467912286965
612.4452027298618,2.0872403853997037
612.5452027298618,2.085420275340498
612.6452027298618,2.0835866084948225
612.7452027298618,2.081739533213659
612.8452027298619,2.0798791987334013
612.9452027298619,2.078005755153959
613.0452027298619,2.0761193534167774
613.1452027298619,2.0742201452827898
613.245202729862,2.072308283310304
613.345202729862,2.070383920832831
613.445202729862,2.0684472119368484
613.545202729862,2.0664983114395183
613.645202729862,2.0645373748663567
613.7452027298621,2.0625645584288543
613.8452027298621,2.0605800190020642
613.9452027298621,2.0585839141021522
614.0452027298621,2.056576401863917
614.1452027298621,2.0545576410182838
614.2452027298622,2.052527790869781
614.3452027298622,2.050487011273995
614.4452027298622,2.048435462615016
614.5452027298622,2.0463733057828732
614.6452027298623,2.044300702150971
614.7452027298623,2.0422178135535205
614.8452027298623,2.0401248022629814
614.9452027298623,2.0380218309675087
615.0452027298624,2.0359090627484187
615.1452027298624,2.033786661057668
615.2452027298624,2.0316547896953594
615.3452027298624,2.0295136127872713
615.4452027298624,2.0273632947624227
615.5452027298625,2.025204000330667
615.6452027298625,2.023035894460331
615.7452027298625,2.0208591423558966
615.8452027298625,2.0186739094357278
615.9452027298626,2.0164803613098536
616.0452027298626,2.0142786637578025
616.1452027298626,2.012068982706503
616.2452027298626,2.0098514842082427
616.3452027298626,2.0076263344186986
616.4452027298627,2.005393699575041
616.5452027298627,2.0031537459741107
616.6452027298627,2.0009066399506774
616.7452027298627,1.9986525478557833
616.8452027298628,1.9963916360351734
616.9452027298628,1.9941240708078176
617.0452027298628,1.9918500184445298
617.1452027298628,1.989569645146683
617.2452027298629,1.9872831170250311
617.3452027298629,1.9849906000786348
617.4452027298629,1.9826922601738983
617.5452027298629,1.9803882630237206
617.645202729863,1.9780787741667631
617.745202729863,1.9757639589468385
617.845202729863,1.9734439824924241
617.945202729863,1.9711190096963018
618.045202729863,1.9687892051953315
618.1452027298631,1.9664547333503566
618.2452027298631,1.964115758226247
618.3452027298631,1.9617724435720856
618.4452027298631,1.9594249528014964
618.5452027298631,1.9570734489731205
618.6452027298632,1.954718094771243
618.7452027298632,1.9523590524865715
618.8452027298632,1.9499964839971744
618.9452027298632,1.9476305507495733
619.0452027298633,1.9452614137400026
619.1452027298633,1.9428892334958314
619.2452027298633,1.9405141700571535
619.3452027298633,1.9381363829585476
619.4452027298634,1.935756031211012
619.5452027298634,1.9333732732840736
619.6452027298634,1.9309882670880762
619.7452027298634,1.9286011699566497
619.8452027298634,1.9262121386293614
619.9452027298635,1.9238213292345552
620.0452027298635,1.921428897272378
620.1452027298635,1.919034997597995
620.2452027298635,1.9166397844050003
620.3452027298636,1.9142434112090208
620.4452027298636,1.9118460308315175
620.5452027298636,1.909447795383786
620.6452027298636,1.907048856251159
620.7452027298636,1.9046493640774083
620.8452027298637,1.902249468749358
620.9452027298637,1.899849319381699
621.0452027298637,1.897449064302015
621.1452027298637,1.8950488510360177
621.2452027298638,1.8926488262929952
621.3452027298638,1.890249135951474
621.4452027298638,1.8878499250450942
621.5452027298638,1.8854513377487057
621.6452027298639,1.883053517364678
621.7452027298639,1.8806566063094332
621.8452027298639,1.878260746100198
621.9452027298639,1.8758660773419795
622.045202729864,1.8734727397147628
622.145202729864,1.8710808719609344
622.245202729864,1.8686906118729323
622.345202729864,1.86630209628112
622.445202729864,1.863915461041892
622.5452027298641,1.8615308410260052
622.6452027298641,1.8591483701071412
622.7452027298641,1.856768181150699
622.8452027298641,1.8543904060028193
622.9452027298641,1.8520151754796397
623.0452027298642,1.8496426193567825
623.1452027298642,1.8472728663590787
623.2452027298642,1.84490604415052
623.3452027298642,1.8425422793244517
623.4452027298643,1.840181697393994
623.5452027298643,1.837824422782703
623.6452027298643,1.835470578815465
623.7452027298643,1.833120287709626
623.8452027298644,1.8307736705663578
623.9452027298644,1.8284308473622604
624.0452027298644,1.826091936941199
624.1452027298644,1.8237570570063786
624.2452027298644,1.8214263241126538
624.3452027298645,1.8190998536590748
624.4452027298645,1.8167777598816692
624.5452027298645,1.8144601558464601
624.6452027298645,1.8121471534427185
624.7452027298646,1.8098388633764517
624.8452027298646,1.8075353951641266
624.9452027298646,1.8052368571266284
625.0452027298646,1.8029433563834503
625.1452027298646,1.8006549988471205
625.2452027298647,1.7983718892178604
625.3452027298647,1.796094130978475
625.4452027298647,1.7938218263894763
625.5452027298647,1.7915550764844368
625.6452027298648,1.7892939810655748
625.7452027298648,1.7870386386995678
625.8452027298648,1.7847891467135963
625.9452027298648,1.7825456011916145
626.0452027298649,1.7803080969708494
626.1452027298649,1.7780767276385239
626.2452027298649,1.7758515855288088
626.3452027298649,1.773632761719994
626.445202729865,1.771420346031888
626.545202729865,1.7692144270234351
626.645202729865,1.7670150919905556
626.745202729865,1.7648224269642054
626.845202729865,1.7626365167086537
626.9452027298651,1.760457444719977
627.0452027298651,1.7582852932247706
627.1452027298651,1.756120143179072
627.2452027298651,1.7539620742675004
627.3452027298652,1.7518111649026042
627.4452027298652,1.7496674922244217
627.5452027298652,1.7475311321002478
627.6452027298652,1.74540215912461
627.7452027298652,1.743280646619447
627.8452027298653,1.7411666666344945
627.9452027298653,1.7390602899478695
628.0452027298653,1.7369615860668586
628.1452027298653,1.7348706232289013
628.2452027298654,1.7327874684027738
628.3452027298654,1.7307121872899653
628.4452027298654,1.7286448443262499
628.5452027298654,1.726585502683447
628.6452027298654,1.7245342242713755
628.7452027298655,1.7224910697399922
628.8452027298655,1.7204560984817174
628.9452027298655,1.7184293686339447
629.0452027298655,1.716410937081733
629.1452027298656,1.7144008594606768
629.2452027298656,1.7123991901599558
629.3452027298656,1.7104059823255604
629.4452027298656,1.7084212878636906
629.5452027298657,1.706445157444326
629.6452027298657,1.7044776405049664
629.7452027298657,1.70251878525454
629.8452027298657,1.7005686386774752
629.9452027298657,1.6986272465379373
630.0452027298658,1.6966946533842255
630.1452027298658,1.6947709025533284
630.2452027298658,1.6928560361756362
630.3452027298658,1.690950095179807
630.4452027298659,1.689053119297786
630.5452027298659,1.687165147069972
630.6452027298659,1.685286215850534
630.7452027298659,1.6834163618128726
630.845202729866,1.681555619955221
630.945202729866,1.6797040241063919
631.045202729866,1.677861606931657
631.145202729866,1.6760283999387662
631.245202729866,1.6742044334840986
631.3452027298661,1.6723897367789446
631.4452027298661,1.670584337895917
631.5452027298661,1.6687882637754883
631.6452027298661,1.6670015402326517
631.7452027298662,1.6652241919637039
631.8452027298662,1.6634562425531467
631.9452027298662,1.6616977144807064
632.0452027298662,1.6599486291284649
632.1452027298662,1.658209006788105
632.2452027298663,1.6564788666682655
632.3452027298663,1.6547582269020005
632.4452027298663,1.6530471045543456
632.5452027298663,1.651345515629986
632.6452027298664,1.6496534750810246
632.7452027298664,1.647970996814844
632.8452027298664,1.6462980937020697
632.9452027298664,1.6446347775846202
633.0452027298664,1.6429810592838485
633.1452027298665,1.6413369486087737
633.2452027298665,1.6397024543643948
633.3452027298665,1.6380775843600874
633.4452027298665,1.6364623454180838
633.5452027298666,1.6348567433820274
633.6452027298666,1.6332607831256043
633.7452027298666,1.631674468561248
633.8452027298666,1.6300978026489161
633.9452027298667,1.6285307874049315
634.0452027298667,1.626973423910894
634.1452027298667,1.6254257123226536
634.2452027298667,1.6238876518793446
634.3452027298667,1.6223592409124794
634.4452027298668,1.620840476855099
634.5452027298668,1.6193313562509768
634.6452027298668,1.6178318747638762
634.7452027298668,1.6163420271868554
634.8452027298669,1.6148618074516221
634.9452027298669,1.6133912086379312
635.0452027298669,1.611930222983026
635.1452027298669,1.6104788418911207
635.245202729867,1.6090370559429208
635.345202729867,1.6076048549051785
635.445202729867,1.606182227740283
635.545202729867,1.6047691626158838
635.645202729867,1.6033656469145396
635.7452027298671,1.6019716672433986
635.8452027298671,1.6005872094439022
635.9452027298671,1.5992122586015107
636.0452027298671,1.5978467990554526
636.1452027298672,1.5964908144084897
636.2452027298672,1.5951442875367015
636.3452027298672,1.5938072005992825
636.4452027298672,1.592479535048353
636.5452027298672,1.5911612716387795
636.6452027298673,1.5898523904380062
636.7452027298673,1.5885528708358894
636.8452027298673,1.5872626915545391
636.9452027298673,1.5859818306581632
637.0452027298674,1.5847102655629108
637.1452027298674,1.5834479730467161
637.2452027298674,1.5821949292591386
637.3452027298674,1.5809511097311968
637.4452027298674,1.5797164893851987
637.5452027298675,1.5784910425445597
637.6452027298675,1.5772747429436134
637.7452027298675,1.5760675637374075
637.8452027298675,1.5748694775114878
637.9452027298676,1.5736804562916655
638.0452027298676,1.5725004715537676
638.1452027298676,1.571329494233367
638.2452027298676,1.570167494735494
638.3452027298677,1.5690144429443227
638.4452027298677,1.567870308232836
638.5452027298677,1.5667350594724638
638.6452027298677,1.5656086650426924
638.7452027298677,1.5644910928406488
638.8452027298678,1.563382310290651
638.9452027298678,1.5622822843537287
639.0452027298678,1.5611909815371103
639.1452027298678,1.5601083679036745
639.2452027298679,1.559034409081367
639.3452027298679,1.5579690702725781
639.4452027298679,1.5569123162634828
639.5452027298679,1.555864111433339
639.645202729868,1.5548244197637457
639.745202729868,1.5537932048478582
639.845202729868,1.5527704298995568
639.945202729868,1.5517560577625726
640.045202729868,1.5507500509195657
640.1452027298681,1.549752371501155
640.2452027298681,1.548762981294899
640.3452027298681,1.547781841754228
640.4452027298681,1.546808914007321
640.5452027298682,1.545844158865935
640.6452027298682,1.544887536834177
640.7452027298682,1.5439390081172228
640.8452027298682,1.5429985326299798
640.9452027298682,1.5420660700056938
641.0452027298683,1.5411415796044963
641.1452027298683,1.540225020521896
641.2452027298683,1.5393163515972075
641.3452027298683,1.5384155314219221
641.4452027298684,1.5375225183480163
641.5452027298684,1.5366372704961968
641.6452027298684,1.5357597457640848
641.7452027298684,1.5348899018343347
641.8452027298684,1.5340276961826889
641.9452027298685,1.5331730860859663
642.0452027298685,1.532326028629986
642.1452027298685,1.5314864807174227
642.2452027298685,1.5306543990755952
642.3452027298686,1.5298297402641867
642.4452027298686,1.5290124606828965
642.5452027298686,1.5282025165790205
642.6452027298686,1.5273998640549642
642.7452027298687,1.5266044590756829
642.8452027298687,1.525816257476051
642.9452027298687,1.5250352149681607
643.0452027298687,1.524261287148548
643.1452027298687,1.5234944295053434
643.2452027298688,1.522734597425354
643.3452027298688,1.5219817462010687
643.4452027298688,1.5212358310375889
643.5452027298688,1.5204968070594878
643.6452027298689,1.5197646293175913
643.7452027298689,1.5190392527956866
643.8452027298689,1.5183206324171539
643.9452027298689,1.5176087230515218
644.045202729869,1.5169034795209477
644.145202729869,1.5162048566066213
644.245202729869,1.5155128090550916
644.345202729869,1.5148272915845162
644.445202729869,1.5141482588908362
644.5452027298691,1.5134756656538693
644.6452027298691,1.5128094665433305
644.7452027298691,1.5121496162247716
644.8452027298691,1.5114960693654451
644.9452027298692,1.5108487806400888
645.0452027298692,1.5102077047366338
645.1452027298692,1.5095727963618337
645.2452027298692,1.5089440102468166
645.3452027298692,1.5083213011525585
645.4452027298693,1.507704623875278
645.5452027298693,1.5070939332517554
645.6452027298693,1.5064891841645704
645.7452027298693,1.5058903315472645
645.8452027298694,1.5052973303894246
645.9452027298694,1.5047101357416883
646.0452027298694,1.5041287027206722
646.1452027298694,1.503552986513822
646.2452027298694,1.5029829423841854
646.3452027298695,1.502418525675107
646.4452027298695,1.5018596918148477
646.5452027298695,1.501306396321124
646.6452027298695,1.500758594805573
646.7452027298696,1.500216242978141
646.8452027298696,1.4996792966513923
646.9452027298696,1.4991477117447456
647.0452027298696,1.498621444288632
647.1452027298697,1.4981004504285782
647.2452027298697,1.4975846864292137
647.3452027298697,1.4970741086782036
647.4452027298697,1.4965686736901052
647.5452027298697,1.4960683381101514
647.6452027298698,1.4955730587179588
647.7452027298698,1.4950827924311623
647.8452027298698,1.4945974963089756
647.9452027298698,1.4941171275556795
648.0452027298699,1.4936416435240356
648.1452027298699,1.49317100171863
648.2452027298699,1.4927051597991414
648.3452027298699,1.492244075583541
648.44520272987,1.4917877070512195
648.54520272987,1.4913360123460417
648.64520272987,1.4908889497793338
648.74520272987,1.4904464778327977
648.84520272987,1.4900085551613589
648.9452027298701,1.4895751405959408
649.0452027298701,1.4891461931461751
649.1452027298701,1.4887216720030416
649.2452027298701,1.4883015365414392
649.3452027298702,1.4878857463226924
649.4452027298702,1.4874742610969898
649.5452027298702,1.4870670408057556
649.6452027298702,1.4866640455839564
649.7452027298702,1.4862652357623436
649.8452027298703,1.485870571869629
649.9452027298703,1.4854800146345981
650.0452027298703,1.4850935249881596
650.1452027298703,1.484711064065331
650.2452027298704,1.4843325932071625
650.3452027298704,1.4839580739625995
650.4452027298704,1.483587468090282
650.5452027298704,1.4832207375602862
650.6452027298704,1.4828578445558018
650.7452027298705,1.4824987514747543
650.8452027298705,1.4821434209313646
650.9452027298705,1.4817918157576524
651.0452027298705,1.481443899004881
651.1452027298706,1.4810996339449445
651.2452027298706,1.4807589840716995
651.3452027298706,1.4804219131022391
651.4452027298706,1.4800883849781141
651.5452027298707,1.4797583638664964
651.6452027298707,1.4794318141612903
651.7452027298707,1.4791087004841899
651.8452027298707,1.4787889876856828
651.9452027298707,1.478472640846002
652.0452027298708,1.4781596252760267
652.1452027298708,1.4778499065181314
652.2452027298708,1.4775434503469838
652.3452027298708,1.4772402227702948
652.4452027298709,1.4769401900295178
652.5452027298709,1.4766433186005004
652.6452027298709,1.4763495751940867
652.7452027298709,1.4760589267566755
652.845202729871,1.4757713404707278
652.945202729871,1.475486783755231
653.045202729871,1.4752052242661178
653.145202729871,1.4749266298966388
653.245202729871,1.4746509687776927
653.3452027298711,1.474378209278111
653.4452027298711,1.474108320004903
653.5452027298711,1.4738412698034553
653.6452027298711,1.4735770277576918
653.7452027298712,1.4733155631901926
653.8452027298712,1.473056845662272
653.9452027298712,1.4728008449740169
654.0452027298712,1.4725475311642875
654.1452027298712,1.4722968745106777
654.2452027298713,1.4720488455294387
654.3452027298713,1.4718034149753665
654.4452027298713,1.4715605538416505
654.5452027298713,1.4713202333596886
654.6452027298714,1.4710824249988659
654.7452027298714,1.4708471004662982
654.8452027298714,1.4706142317065436
654.9452027298714,1.470383790901278
655.0452027298714,1.47015575046894
655.1452027298715,1.4699300830643425
655.2452027298715,1.4697067615782529
655.3452027298715,1.4694857591369421
655.4452027298715,1.4692670491017046
655.5452027298716,1.469050605068346
655.6452027298716,1.4688364008666448
655.7452027298716,1.4686244105597819
655.8452027298716,1.4684146084437455
655.9452027298717,1.4682069690467063
656.0452027298717,1.4680014671283672
