461.44520272982743,2.676871474249868e-18
461.54520272982745,2.831938863657823e-18
461.6452027298275,2.995870357039718e-18
461.7452027298275,3.1691656985085506e-18
461.8452027298275,3.3523524047531593e-18
461.94520272982754,3.545987285496614e-18
462.04520272982757,3.750658045901436e-18
462.1452027298276,3.966984975266049e-18
462.2452027298276,4.195622726583743e-18
462.34520272982763,4.437262191773119e-18
462.44520272982766,4.692632477639804e-18
462.5452027298277,4.962502987890981e-18
462.6452027298277,5.247685616802117e-18
462.7452027298277,5.549037060424571e-18
462.84520272982775,5.867461251528455e-18
462.94520272982777,6.203911924796139e-18
463.0452027298278,6.5593953191188735e-18
463.1452027298278,6.9349730242018795e-18
463.24520272982784,7.331764979058354e-18
463.34520272982786,7.750952630360616e-18
463.4452027298279,8.193782259030339e-18
463.5452027298279,8.66156848387891e-18
463.64520272982793,9.155697951565024e-18
463.74520272982795,9.67763322261091e-18
463.845202729828,1.0228916863720697e-17
463.945202729828,1.0811175757167823e-17
464.045202729828,1.142612563857459e-17
464.14520272982804,1.2075575874981633e-17
464.24520272982807,1.276143449571859e-17
464.3452027298281,1.3485713489225942e-17
464.4452027298281,1.4250534379646042e-17
464.54520272982813,1.5058134097714404e-17
464.64520272982816,1.5910871161214447e-17
464.7452027298282,1.6811232181044072e-17
464.8452027298282,1.7761838709754464e-17
464.9452027298282,1.8765454450281326e-17
465.04520272982825,1.9824992843488433e-17
465.14520272982827,2.0943525054088856e-17
465.2452027298283,2.2124288375500387e-17
465.3452027298283,2.3370695075236896e-17
465.44520272982834,2.468634170352344e-17
465.54520272982836,2.607501888898184e-17
465.6452027298284,2.7540721646424834e-17
465.7452027298284,2.9087660223074504e-17
465.84520272982843,3.072027151083542e-17
465.94520272982845,3.244323105365606e-17
466.0452027298285,3.4261465680467364e-17
466.1452027298285,3.6180166795718626e-17
466.2452027298285,3.8204804361151985e-17
466.34520272982854,4.034114160412767e-17
466.44520272982857,4.2595250489600675e-17
466.5452027298286,4.497352799469669e-17
466.6452027298286,4.74827132267907e-17
466.74520272982863,5.012990542803635e-17
466.84520272982866,5.292258291143802e-17
466.9452027298287,5.586862297581427e-17
467.0452027298287,5.897632284935591e-17
467.1452027298287,6.22544217139635e-17
467.24520272982875,6.571212386514591e-17
467.34520272982877,6.935912306498265e-17
467.4452027298288,7.320562814852098e-17
467.5452027298288,7.726238994695555e-17
467.64520272982884,8.15407295941053e-17
467.74520272982886,8.605256828597316e-17
467.8452027298289,9.081045856665654e-17
467.9452027298289,9.582761721745896e-17
468.04520272982893,1.0111795982990668e-16
468.14520272982895,1.0669613714729815e-16
468.245202729829,1.125775732636323e-16
468.345202729829,1.187785057731222e-16
468.445202729829,1.2531602796807834e-16
468.54520272982904,1.3220813318777087e-16
468.64520272982907,1.394737614259185e-16
468.7452027298291,1.471328483097231e-16
468.8452027298291,1.552063765689183e-16
468.94520272982913,1.637164301190994e-16
469.04520272982916,1.7268625088967724e-16
469.1452027298292,1.821402985331879e-16
469.2452027298292,1.9210431315935387e-16
469.3452027298292,2.026053812442829e-16
469.44520272982925,2.136720048725487e-16
469.54520272982927,2.253341744775691e-16
469.6452027298293,2.3762344525371386e-16
469.7452027298293,2.505730174220664e-16
469.84520272982934,2.6421782054055237e-16
469.94520272982936,2.785946020583977e-16
470.0452027298294,2.937420203246111e-16
470.1452027298294,3.0970074227030545e-16
470.24520272982943,3.2651354599532105e-16
470.34520272982945,3.442254285007212e-16
470.4452027298295,3.6288371882046324e-16
470.5452027298295,3.825381968176741e-16
470.6452027298295,4.0324121792384836e-16
470.74520272982954,4.2504784411258366e-16
470.84520272982957,4.480159814135667e-16
470.9452027298296,4.722065242872047e-16
471.0452027298296,4.97683507195612e-16
471.14520272982963,5.245142637218705e-16
471.24520272982966,5.527695936062092e-16
471.3452027298297,5.825239380854893e-16
471.4452027298297,6.138555639408406e-16
471.5452027298297,6.468467566775765e-16
471.64520272982975,6.815840232818164e-16
471.74520272982977,7.181583050193646e-16
471.8452027298298,7.566652007646848e-16
471.9452027298298,7.972052013708026e-16
472.04520272982984,8.398839356155456e-16
472.14520272982986,8.848124282845832e-16
472.2452027298299,9.321073709787478e-16
472.3452027298299,9.818914062605179e-16
472.44520272982993,1.0342934257839519e-15
472.54520272982995,1.0894488830827495e-15
472.64520272983,1.1475001217229353e-15
472.74520272983,1.2085967195600183e-15
472.84520272983,1.2728958498755187e-15
472.94520272983004,1.3405626602039053e-15
473.04520272983007,1.4117706696996315e-15
473.1452027298301,1.4867021859333592e-15
473.2452027298301,1.5655487420487343e-15
473.34520272983013,1.6485115552543092e-15
473.44520272983016,1.7358020076713224e-15
473.5452027298302,1.8276421506053047e-15
473.6452027298302,1.9242652333601046e-15
473.7452027298302,2.0259162577643365e-15
473.84520272983025,2.132852559635981e-15
473.94520272983027,2.2453444184666097e-15
474.0452027298303,2.3636756966678675e-15
474.1452027298303,2.4881445097842783e-15
474.24520272983034,2.6190639291419793e-15
474.34520272983036,2.756762718471523e-15
474.4452027298304,2.901586106114033e-15
474.5452027298304,3.053896594494353e-15
474.64520272983043,3.214074808623095e-15
474.74520272983045,3.3825203854711467e-15
474.8452027298305,3.5596529061445674e-15
474.9452027298305,3.7459128728777406e-15
475.0452027298305,3.94176273295531e-15
475.14520272983054,4.14768795177003e-15
475.24520272983057,4.364198137326595e-15
475.3452027298306,4.591828218605995e-15
475.4452027298306,4.831139680317412e-15
475.54520272983063,5.082721856679434e-15
475.64520272983066,5.347193286993768e-15
475.7452027298307,5.625203135901728e-15
475.8452027298307,5.917432681344443e-15
475.9452027298307,6.224596873387585e-15
476.04520272983075,6.547445967214154e-15
476.14520272983077,6.886767233739922e-15
476.2452027298308,7.243386751464241e-15
476.3452027298308,7.618171283331277e-15
476.44520272983084,8.012030242551081e-15
476.54520272983086,8.425917751505705e-15
476.6452027298309,8.860834798056735e-15
476.7452027298309,9.31783149376199e-15
476.84520272983093,9.798009438715897e-15
476.94520272983095,1.0302524197940501e-14
477.045202729831,1.0832587894475993e-14
477.145202729831,1.1389471924551756e-14
477.245202729831,1.1974509800463157e-14
477.34520272983104,1.2589100127029432e-14
477.44520272983107,1.3234709717775786e-14
477.5452027298311,1.3912876857255153e-14
477.6452027298311,1.4625214716215964e-14
477.74520272983114,1.537341492662082e-14
477.84520272983116,1.6159251323835236e-14
477.9452027298312,1.6984583863633584e-14
478.0452027298312,1.7851362722009442e-14
478.1452027298312,1.8761632586136363e-14
478.24520272983125,1.971753714519361e-14
478.34520272983127,2.0721323790164344e-14
478.4452027298313,2.177534853211339e-14
478.5452027298313,2.2882081148879106e-14
478.64520272983134,2.4044110570550604e-14
478.74520272983136,2.5264150514566422e-14
478.8452027298314,2.6545045381743566e-14
478.9452027298314,2.7889776425054554e-14
479.04520272983143,2.9301468203485585e-14
479.14520272983145,3.0783395333856534e-14
479.2452027298315,3.2338989554051884e-14
479.3452027298315,3.397184711170227e-14
479.4452027298315,3.568573649297574e-14
479.54520272983154,3.748460650678086e-14
479.64520272983157,3.9372594740357755e-14
479.7452027298316,4.1354036402930594e-14
479.8452027298316,4.34334735748295e-14
479.94520272983164,4.561566488024732e-14
480.04520272983166,4.790559560259614e-14
480.1452027298317,5.0308488262249636e-14
480.2452027298317,5.282981367732752e-14
480.3452027298317,5.547530252907403e-14
480.44520272983175,5.825095745432123e-14
480.5452027298318,6.116306568850524e-14
480.6452027298318,6.421821228372548e-14
480.7452027298318,6.742329392739517e-14
480.84520272983184,7.078553338814022e-14
480.94520272983186,7.43124946167598e-14
481.0452027298319,7.801209853125956e-14
481.1452027298319,8.189263951622388e-14
481.24520272983193,8.596280266810296e-14
481.34520272983195,9.023168181933914e-14
481.445202729832,9.470879837569162e-14
481.545202729832,9.940412100257895e-14
481.645202729832,1.0432808619780794e-13
481.74520272983204,1.0949161978965232e-13
481.84520272983207,1.1490615940092706e-13
481.9452027298321,1.2058367792142542e-13
482.0452027298321,1.2653670803291147e-13
482.14520272983214,1.3277836783274317e-13
482.24520272983216,1.3932238760416682e-13
482.3452027298322,1.4618313778336738e-13
482.4452027298322,1.533756581754959e-13
482.5452027298322,1.6091568847410871e-13
482.64520272983225,1.6881970014077387e-13
482.7452027298323,1.7710492970399612e-13
482.8452027298323,1.8578941353912323e-13
482.9452027298323,1.9489202419350726e-13
483.04520272983234,2.0443250832391328e-13
483.14520272983236,2.144315263159744e-13
483.2452027298324,2.2491069365847963e-13
483.3452027298324,2.3589262414829505e-13
483.44520272983243,2.474009750049448e-13
483.54520272983245,2.5946049397718535e-13
483.6452027298325,2.720970685273641e-13
483.7452027298325,2.853377771829535e-13
483.8452027298325,2.9921094314837275e-13
483.94520272983254,3.1374619027415963e-13
484.04520272983257,3.289745014845342e-13
484.1452027298326,3.4492827976866977e-13
484.2452027298326,3.6164141184537875e-13
484.34520272983264,3.7914933461541297e-13
484.44520272983266,3.9748910452044844e-13
484.5452027298327,4.166994699326481e-13
484.6452027298327,4.368209467039212e-13
484.7452027298327,4.578958970093225e-13
484.84520272983275,4.799686116245652e-13
484.9452027298328,5.030853957834672e-13
485.0452027298328,5.272946587671343e-13
485.1452027298328,5.52647007382943e-13
485.24520272983284,5.791953434979182e-13
485.34520272983286,6.069949657978477e-13
485.4452027298329,6.361036759505408e-13
485.5452027298329,6.665818893589622e-13
485.64520272983293,6.984927506975355e-13
485.74520272983295,7.319022544329033e-13
485.845202729833,7.668793705386326e-13
485.945202729833,8.034961756218358e-13
486.045202729833,8.418279896887649e-13
486.14520272983304,8.819535187854127e-13
486.24520272983307,9.2395500375904e-13
486.3452027298331,9.67918375396382e-13
486.4452027298331,1.0139334162046615e-12
486.54520272983314,1.0620939291124431e-12
486.64520272983316,1.1124979133785136e-12
486.7452027298332,1.1652477480085754e-12
486.8452027298332,1.2204503829918097e-12
486.9452027298332,1.278217538681785e-12
487.04520272983325,1.3386659136594183e-12
487.1452027298333,1.4019174014291814e-12
487.2452027298333,1.4680993163139072e-12
487.3452027298333,1.5373446289282715e-12
487.44520272983334,1.6097922116261905e-12
487.54520272983336,1.6855870943332048e-12
487.6452027298334,1.7648807311915825e-12
487.7452027298334,1.847831278462518e-12
487.84520272983343,1.9346038841481063e-12
487.94520272983345,2.0253709898137474e-12
488.0452027298335,2.120312645111004e-12
488.1452027298335,2.2196168355208237e-12
488.2452027298335,2.3234798238575836e-12
488.34520272983355,2.4321065060959045e-12
488.44520272983357,2.545710782104476e-12
488.5452027298336,2.6645159418943252e-12
488.6452027298336,2.7887550680125666e-12
488.74520272983364,2.918671454738286e-12
488.84520272983366,3.0545190447623542e-12
488.9452027298337,3.196562884060367e-12
489.0452027298337,3.3450795956954748e-12
489.1452027298337,3.5003578733168816e-12
489.24520272983375,3.6626989951499775e-12
489.3452027298338,3.8324173593049345e-12
489.4452027298338,4.009841041263384e-12
489.5452027298338,4.195312374435811e-12
489.64520272983384,4.389188554717783e-12
489.74520272983386,4.59184227000872e-12
489.8452027298339,4.8036623556947894e-12
489.9452027298339,5.025054477136559e-12
490.04520272983393,5.256441840241533e-12
490.14520272983395,5.498265931245275e-12
490.245202729834,5.750987286866374e-12
490.345202729834,6.015086296047281e-12
490.445202729834,6.291064034538557e-12
490.54520272983405,6.579443133633368e-12
490.64520272983407,6.8807686844096e-12
490.7452027298341,7.195609178887729e-12
490.8452027298341,7.524557489569027e-12
490.94520272983414,7.868231888872511e-12
491.04520272983416,8.227277110048967e-12
491.1452027298342,8.602365451210057e-12
491.2452027298342,8.994197924172921e-12
491.3452027298342,9.40350544988646e-12
491.44520272983425,9.831050102271761e-12
491.5452027298343,1.0277626402379473e-11
491.6452027298343,1.0744062664839778e-11
491.7452027298343,1.1231222398654448e-11
491.84520272983434,1.1740005764459188e-11
491.94520272983436,1.2271351090464526e-11
492.0452027298344,1.2826236449367593e-11
492.1452027298344,1.3405681298613085e-11
492.24520272983443,1.4010748186471646e-11
492.34520272983445,1.4642544526497418e-11
492.4452027298345,1.5302224443022035e-11
492.5452027298345,1.5990990690442624e-11
492.6452027298345,1.6710096649164934e-11
492.74520272983455,1.7460848401170214e-11
492.84520272983457,1.824460688828408e-11
492.9452027298346,1.9062790156342656e-11
493.0452027298346,1.9916875688569783e-11
493.14520272983464,2.0808402831601184e-11
493.24520272983466,2.1738975317721747e-11
493.3452027298347,2.271026388701329e-11
493.4452027298347,2.3724009013247175e-11
493.5452027298347,2.4782023737499117e-11
493.64520272983475,2.588619661360995e-11
493.7452027298348,2.703849476976979e-11
493.8452027298348,2.824096709065896e-11
493.9452027298348,2.94957475247449e-11
494.04520272983484,3.080505852150152e-11
494.14520272983486,3.2171214603493527e-11
494.2452027298349,3.359662607845053e-11
494.3452027298349,3.5083802896642155e-11
494.44520272983493,3.663535865906019e-11
494.54520272983495,3.825401478211686e-11
494.645202729835,3.994260482477329e-11
494.745202729835,4.170407898423263e-11
494.845202729835,4.35415087665496e-11
494.94520272983505,4.5458091838745264e-11
495.04520272983507,4.745715706925138e-11
495.1452027298351,4.954216976375662e-11
495.2452027298351,5.171673710378418e-11
495.34520272983514,5.3984613795592496e-11
495.44520272983516,5.634970793727155e-11
495.5452027298352,5.881608711218002e-11
495.6452027298352,6.138798471717406e-11
495.7452027298352,6.406980653437201e-11
495.84520272983525,6.686613755552089e-11
495.9452027298353,6.978174906835009e-11
496.0452027298353,7.282160601463711e-11
496.1452027298353,7.599087463005492e-11
496.24520272983534,7.929493037623442e-11
496.34520272983536,8.273936617584072e-11
496.4452027298354,8.633000096185372e-11
496.5452027298354,9.007288855263517e-11
496.64520272983543,9.397432686477741e-11
496.74520272983546,9.804086747615714e-11
496.8452027298355,1.02279325552052e-10
496.9452027298355,1.0669679014763397e-10
497.0452027298355,1.1130063490062767e-10
497.14520272983555,1.1609852912839772e-10
497.24520272983557,1.2109844934424502e-10
497.3452027298356,1.2630869120819322e-10
497.4452027298356,1.3173788192810067e-10
497.54520272983564,1.373949931274746e-10
497.64520272983566,1.4328935419694713e-10
497.7452027298357,1.494306661469526e-10
497.8452027298357,1.558290159797688e-10
497.9452027298357,1.624948915997124e-10
498.04520272983575,1.6943919728093546e-10
498.1452027298358,1.7667326971293192e-10
498.2452027298358,1.8420889464458388e-10
498.3452027298358,1.9205832414826832e-10
498.44520272983584,2.0023429452632538e-10
498.54520272983586,2.0875004488291747e-10
498.6452027298359,2.176193363851334e-10
498.7452027298359,2.2685647223800456e-10
498.84520272983593,2.3647631839893365e-10
498.94520272983596,2.464943250579344e-10
499.045202729836,2.5692654891096476e-10
499.145202729836,2.6778967625456955e-10
499.245202729836,2.791010469310471e-10
499.34520272983605,2.9087867915428144e-10
499.44520272983607,3.0314129524747494e-10
499.5452027298361,3.1590834832505515e-10
499.6452027298361,3.292000499520978e-10
499.74520272983614,3.4303739881577425e-10
499.84520272983616,3.5744221044448946e-10
499.9452027298362,3.724371480115608e-10
500.0452027298362,3.880457542615644e-10
500.1452027298362,4.0429248459872855e-10
500.24520272983625,4.2120274137809087e-10
500.3452027298363,4.388029094415135e-10
500.4452027298363,4.571203929420385e-10
500.5452027298363,4.761836535015316e-10
500.64520272983634,4.960222497480686e-10
500.74520272983636,5.166668782810743e-10
500.8452027298364,5.381494161137885e-10
500.9452027298364,5.605029646443075e-10
501.04520272983643,5.837618952081914e-10
501.14520272983646,6.079618962672721e-10
501.2452027298365,6.331400222912264e-10
501.3452027298365,6.593347443902777e-10
501.4452027298365,6.865860027593242e-10
501.54520272983655,7.149352609957926e-10
501.64520272983657,7.444255623555587e-10
501.7452027298366,7.751015880133568e-10
501.8452027298366,8.070097173963733e-10
501.94520272983664,8.401980906618073e-10
502.04520272983666,8.747166733916688e-10
502.1452027298367,9.106173235803236e-10
502.2452027298367,9.479538609928895e-10
502.3452027298367,9.86782138974979e-10
502.44520272983675,1.0271601187970148e-09
502.5452027298368,1.0691479466190568e-09
502.6452027298368,1.1128080331646443e-09
502.7452027298368,1.1582051361953689e-09
502.84520272983684,1.2054064458804836e-09
502.94520272983686,1.2544816731591566e-09
503.0452027298369,1.3055031411960209e-09
503.1452027298369,1.358545880033785e-09
503.24520272983693,1.4136877245502787e-09
503.34520272983696,1.4710094158303823e-09
503.445202729837,1.530594706067135e-09
503.545202729837,1.5925304671097214e-09
503.645202729837,1.6569068027799562e-09
503.74520272983705,1.7238171650825808e-09
503.84520272983707,1.7933584744388618e-09
503.9452027298371,1.865631244076813e-09
504.0452027298371,1.9407397087158776e-09
504.14520272983714,2.0187919576879705e-09
504.24520272983716,2.099900072641489e-09
504.3452027298372,2.184180269979288e-09
504.4452027298372,2.2717530481865615e-09
504.54520272983723,2.362743340209285e-09
504.64520272983725,2.457280671049004e-09
504.7452027298373,2.555499320744856e-09
504.8452027298373,2.657538492919097e-09
504.9452027298373,2.7635424890679253e-09
505.04520272983734,2.8736608887847995e-09
505.14520272983737,2.988048736109591e-09
505.2452027298374,3.106866732202682e-09
505.3452027298374,3.230281434549269e-09
505.44520272983743,3.358465462905552e-09
505.54520272983746,3.4915977122048923e-09
505.6452027298375,3.629863572648907e-09
505.7452027298375,3.7734551572150486e-09
505.8452027298375,3.922571536819775e-09
505.94520272983755,4.077418983383106e-09
506.04520272983757,4.2382112210484635e-09
506.1452027298376,4.4051696858190934e-09
506.2452027298376,4.5785237938803205e-09
506.34520272983764,4.758511218884987e-09
506.44520272983766,4.945378178488409e-09
506.5452027298377,5.139379730426697e-09
506.6452027298377,5.340780078442249e-09
506.74520272983773,5.549852888369076e-09
506.84520272983775,5.766881614699342e-09
506.9452027298378,5.992159837963334e-09
507.0452027298378,6.225991613263783e-09
507.1452027298378,6.468691830316665e-09
507.24520272983784,6.720586585360559e-09
507.34520272983787,6.9820135653075086e-09
507.4452027298379,7.253322444519414e-09
507.5452027298379,7.534875294605648e-09
507.64520272983793,7.827047007648871e-09
507.74520272983796,8.13022573327826e-09
507.845202729838,8.444813330021801e-09
507.945202729838,8.771225831382113e-09
508.045202729838,9.109893927092737e-09
508.14520272983805,9.461263460025725e-09
508.24520272983807,9.82579593923569e-09
508.3452027298381,1.0203969069637935e-08
508.4452027298381,1.0596277298834898e-08
508.54520272983814,1.1003232381618297e-08
508.64520272983816,1.142536396269116e-08
508.7452027298382,1.1863220178168297e-08
508.8452027298382,1.2317368276431568e-08
508.94520272983823,1.2788395258930673e-08
509.04520272983825,1.3276908541540315e-08
509.1452027298383,1.3783536637098646e-08
509.2452027298383,1.4308929859772926e-08
509.3452027298383,1.4853761051914865e-08
509.44520272983834,1.5418726334087684e-08
509.54520272983837,1.600454587896666e-08
509.6452027298384,1.6611964709834893e-08
509.7452027298384,1.724175352441531e-08
509.84520272983843,1.7894709544803213e-08
509.94520272983846,1.857165739428295e-08
510.0452027298385,1.9273450001836405e-08
510.1452027298385,2.000096953517189e-08
510.2452027298385,2.0755128363127667e-08
510.34520272983855,2.153687004832526e-08
510.44520272983857,2.2347170370975254e-08
510.5452027298386,2.3187038384761963e-08
510.6452027298386,2.405751750575896e-08
510.74520272983864,2.4959686635354552e-08
510.84520272983866,2.5894661318194007e-08
510.9452027298387,2.6863594936171854e-08
511.0452027298387,2.786767993953692e-08
511.14520272983873,2.890814911620355e-08
511.24520272983875,2.998627690038815e-08
511.3452027298388,3.110338072172823e-08
511.4452027298388,3.226082239606381e-08
511.5452027298388,3.346000955910242e-08
511.64520272983884,3.470239714421592e-08
511.74520272983887,3.598948890565219e-08
511.8452027298389,3.732283898848502e-08
511.9452027298389,3.8704053546652625e-08
512.0452027298389,4.0134792410480195e-08
512.145202729839,4.161677080511419e-08
512.245202729839,4.315176112133551e-08
512.345202729839,4.474159474026257e-08
512.445202729839,4.638816391348712e-08
512.545202729839,4.809342370023673e-08
512.6452027298391,4.985939396319344e-08
512.7452027298391,5.1688161424643095e-08
512.8452027298391,5.358188178467947e-08
512.9452027298391,5.554278190322385e-08
513.0452027298392,5.757316204767483e-08
513.1452027298392,5.967539820804979e-08
513.2452027298392,6.185194448152444e-08
513.3452027298392,6.410533552833299e-08
513.4452027298393,6.643818910103826e-08
513.5452027298393,6.885320864923485e-08
513.6452027298393,7.135318600180552e-08
513.7452027298393,7.394100412890121e-08
513.8452027298393,7.661963998587425e-08
513.9452027298394,7.939216744145336e-08
514.0452027298394,8.226176029250584e-08
514.1452027298394,8.523169536779387e-08
514.2452027298394,8.830535572319378e-08
514.3452027298395,9.148623393091084e-08
514.4452027298395,9.477793546528807e-08
514.5452027298395,9.818418218787129e-08
514.6452027298395,1.0170881593446258e-07
514.7452027298395,1.0535580220696332e-07
514.8452027298396,1.0912923397288212e-07
514.9452027298396,1.130333355754468e-07
515.0452027298396,1.1707246675734725e-07
515.1452027298396,1.212511268011991e-07
515.2452027298397,1.255739587899067e-07
515.3452027298397,1.3004575399017236e-07
515.4452027298397,1.3467145636249706e-07
515.5452027298397,1.3945616720107715e-07
515.6452027298398,1.4440514990711152e-07
515.7452027298398,1.4952383489910418e-07
515.8452027298398,1.5481782466384076e-07
515.9452027298398,1.6029289895181102e-07
516.0452027298398,1.659550201209401e-07
516.1452027298399,1.7181033863258415e-07
516.2452027298399,1.7786519870384776e-07
516.3452027298399,1.8412614412037644e-07
516.4452027298399,1.9059992421387827e-07
516.54520272984,1.972935000087387e-07
516.64520272984,2.0421405054218404e-07
516.74520272984,2.113689793625762e-07
516.84520272984,2.1876592121051767e-07
516.94520272984,2.2641274888756312e-07
517.0452027298401,2.3431758031744397e-07
517.1452027298401,2.4248878580485085e-07
517.2452027298401,2.509349954968999e-07
517.3452027298401,2.5966510705257256e-07
517.4452027298402,2.6868829352552297e-07
517.5452027298402,2.780140114657662e-07
517.6452027298402,2.8765200924591965e-07
517.7452027298402,2.976123356177743e-07
517.8452027298403,3.079053485051213e-07
517.9452027298403,3.185417240389064e-07
518.0452027298403,3.295324658409062e-07
518.1452027298403,3.408889145622818e-07
518.2452027298403,3.526227576835125e-07
518.3452027298404,3.6474603958233776e-07
518.4452027298404,3.772711718765411e-07
518.5452027298404,3.902109440484981e-07
518.6452027298404,4.035785343586379e-07
518.7452027298405,4.173875210550774e-07
518.8452027298405,4.3165189388688687e-07
518.9452027298405,4.463860659286044e-07
519.0452027298405,4.6160488572377683e-07
519.1452027298405,4.77323649755517e-07
519.2452027298406,4.935581152521969e-07
519.3452027298406,5.103245133366217e-07
519.4452027298406,5.276395625272063e-07
519.5452027298406,5.455204825998427e-07
519.6452027298407,5.639850088193798e-07
519.7452027298407,5.830514065497986e-07
519.8452027298407,6.027384862523938e-07
519.9452027298407,6.230656188814639e-07
520.0452027298408,6.440527516872309e-07
520.1452027298408,6.657204244359086e-07
520.2452027298408,6.880897860570752e-07
520.3452027298408,7.111826117287204e-07
520.4452027298408,7.350213204105491e-07
520.5452027298409,7.596289928363704e-07
520.6452027298409,7.850293899766467e-07
520.7452027298409,8.112469719824634e-07
520.8452027298409,8.383069176224905e-07
520.945202729841,8.662351442246963e-07
521.045202729841,8.950583281348823e-07
521.145202729841,9.248039257042893e-07
521.245202729841,9.555001948188632e-07
521.345202729841,9.871762169829823e-07
521.4452027298411,1.0198619199707468e-06
521.5452027298411,1.053588101058168e-06
521.6452027298411,1.0883864508499395e-06
521.7452027298411,1.1242895777146857e-06
521.8452027298412,1.161331032842902e-06
521.9452027298412,1.1995453359421312e-06
522.0452027298412,1.2389680015841533e-06
522.1452027298412,1.2796355662193007e-06
522.2452027298413,1.32158561587336e-06
522.3452027298413,1.3648568145427532e-06
522.4452027298413,1.4094889333040838e-06
522.5452027298413,1.4555228801544334e-06
522.6452027298413,1.5030007305990987e-06
522.7452027298414,1.5519657590038598e-06
522.8452027298414,1.602462470729106e-06
522.9452027298414,1.6545366350636656e-06
523.0452027298414,1.7082353189763052e-06
523.1452027298415,1.76360692170346e-06
523.2452027298415,1.820701210191921e-06
523.3452027298415,1.8795693554157488e-06
523.4452027298415,1.940263969586899e-06
523.5452027298415,2.0028391442795643e-06
523.6452027298416,2.0673504894885014e-06
523.7452027298416,2.1338551736421394e-06
523.8452027298416,2.2024119645915264e-06
523.9452027298416,2.273081271596699e-06
524.0452027298417,2.3459251883323475e-06
524.1452027298417,2.42100753693525e-06
524.2452027298417,2.498393913116109e-06
524.3452027298417,2.5781517323591373e-06
524.4452027298418,2.6603502772329873e-06
524.5452027298418,2.745060745837116e-06
524.6452027298418,2.832356301408114e-06
524.7452027298418,2.9223121231110778e-06
524.8452027298418,3.015005458041381e-06
524.9452027298419,3.110515674462876e-06
525.0452027298419,3.208924316308831e-06
525.1452027298419,3.310315158972622e-06
525.2452027298419,3.4147742664154205e-06
525.345202729842,3.5223900496188793e-06
525.445202729842,3.6332533264110624e-06
525.545202729842,3.7474573826946614e-06
525.645202729842,3.865098035106738e-06
525.745202729842,3.986273695140063e-06
525.8452027298421,4.111085434756383e-06
525.9452027298421,4.239637053522699e-06
526.0452027298421,4.372035147302034e-06
526.1452027298421,4.508389178530793e-06
526.2452027298422,4.648811548115415e-06
526.3452027298422,4.793417668981338e-06
526.4452027298422,4.942326041308326e-06
526.5452027298422,5.095658329486219e-06
526.6452027298423,5.253539440826313e-06
526.7452027298423,5.416097606063723e-06
526.8452027298423,5.583464461686846e-06
526.9452027298423,5.755775134130844e-06
527.0452027298423,5.933168325872256e-06
527.1452027298424,6.115786403462865e-06
527.2452027298424,6.3037754875413805e-06
527.3452027298424,6.497285544862079e-06
527.4452027298424,6.696470482380365e-06
527.5452027298425,6.901488243435753e-06
527.6452027298425,7.112500906073353e-06
527.7452027298425,7.3296747835457094e-06
527.8452027298425,7.553180527037687e-06
527.9452027298425,7.783193230657193e-06
528.0452027298426,8.019892538735828e-06
528.1452027298426,8.263462755484148e-06
528.2452027298426,8.514092957046266e-06
528.3452027298426,8.771977106000302e-06
528.4452027298427,9.037314168350892e-06
528.5452027298427,9.31030823306136e-06
528.6452027298427,9.591168634173369e-06
528.7452027298427,9.88011007556323e-06
528.8452027298428,1.0177352758383957e-05
528.9452027298428,1.0483122511243654e-05
529.0452027298428,1.0797650923171175e-05
529.1452027298428,1.1121175479420585e-05
529.2452027298428,1.1453939700167477e-05
529.3452027298429,1.1796193282149761e-05
529.4452027298429,1.214819224330749e-05
529.5452027298429,1.251019907047631e-05
529.6452027298429,1.2882482870190225e-05
529.745202729843,1.3265319522649973e-05
529.845202729843,1.3658991838914378e-05
529.945202729843,1.4063789721372373e-05
530.045202729843,1.4480010327554782e-05
530.145202729843,1.4907958237345164e-05
530.2452027298431,1.5347945623650314e-05
530.3452027298431,1.580029242659148e-05
530.4452027298431,1.626532653127854e-05
530.5452027298431,1.674338394922967e-05
530.6452027298432,1.723480900350029e-05
530.7452027298432,1.773995451758623e-05
530.8452027298432,1.8259182008165632e-05
530.9452027298432,1.8792861881746466e-05
531.0452027298433,1.934137363528633e-05
531.1452027298433,1.9905106060852683e-05
531.2452027298433,2.048445745439167e-05
531.3452027298433,2.1079835828676083e-05
531.4452027298433,2.1691659130501603e-05
531.5452027298434,2.232035546220367e-05
531.6452027298434,2.2966363307566936e-05
531.7452027298434,2.3630131762199237e-05
531.8452027298434,2.4312120768445876e-05
531.9452027298435,2.501280135491674e-05
532.0452027298435,2.5732655880703915e-05
532.1452027298435,2.647217828436442e-05
532.2452027298435,2.7231874337746475e-05
532.3452027298435,2.8012261904737432e-05
532.4452027298436,2.8813871205011483e-05
532.5452027298436,2.9637245082858567e-05
532.6452027298436,3.0482939281173504e-05
532.7452027298436,3.135152272068818e-05
532.8452027298437,3.22435777845291e-05
532.9452027298437,3.315970060818286e-05
533.0452027298437,3.4100501374954705e-05
533.1452027298437,3.506660461700477e-05
533.2452027298438,3.605864952204789e-05
533.3452027298438,3.7077290245803104e-05
533.4452027298438,3.8123196230282404e-05
533.5452027298438,3.919705252800387e-05
533.6452027298438,4.029956013222232e-05
533.7452027298439,4.1431436313264e-05
533.8452027298439,4.259341496105845e-05
533.9452027298439,4.378624693395864e-05
534.0452027298439,4.501070041394105e-05
534.145202729844,4.626756126828074e-05
534.245202729844,4.755763341779367e-05
534.345202729844,4.888173921174271e-05
534.445202729844,5.024071980950134e-05
534.545202729844,5.1635435569073664e-05
534.6452027298441,5.30667664425656e-05
534.7452027298441,5.4535612378707204e-05
534.8452027298441,5.604289373252314e-05
534.9452027298441,5.7589551682251965e-05
535.0452027298442,5.917654865361356e-05
535.1452027298442,6.0804868751526374e-05
535.2452027298442,6.247551819937473e-05
535.3452027298442,6.41895257859296e-05
535.4452027298443,6.594794332002494e-05
535.5452027298443,6.775184609309386e-05
535.6452027298443,6.960233334966795e-05
535.7452027298443,7.150052876594438e-05
535.8452027298443,7.344758093652728e-05
535.9452027298444,7.544466386944861e-05
536.0452027298444,7.749297748957487e-05
536.1452027298444,7.959374815050628e-05
536.2452027298444,8.174822915507732e-05
536.3452027298445,8.395770128456598e-05
536.4452027298445,8.622347333671999e-05
536.5452027298445,8.854688267270855e-05
536.6452027298445,9.09292957731113e-05
536.7452027298446,9.33721088030513e-05
536.8452027298446,9.58767481865853e-05
536.9452027298446,9.844467119045849e-05
537.0452027298446,0.00010107736651733891
537.1452027298446,0.00010377635490863879
537.2452027298447,0.0001065431897570365
537.3452027298447,0.00010937945772881221
537.4452027298447,0.00011228677939610447
537.5452027298447,0.00011526680987920607
537.6452027298448,0.00011832123949900691
537.7452027298448,0.00012145179443970044
537.8452027298448,0.00012466023742186075
537.9452027298448,0.00012794836838600948
538.0452027298448,0.00013131802518678032
538.1452027298449,0.0001347710842977984
538.2452027298449,0.00013830946152738096
538.3452027298449,0.00014193511274517877
538.4452027298449,0.00014565003461986748
538.545202729845,0.0001494562653680006
538.645202729845,0.00015335588551413783
538.745202729845,0.00015735101866236185
538.845202729845,0.00016144383227929148
538.945202729845,0.0001656365384887063
539.0452027298451,0.00016993139487789325
539.1452027298451,0.00017433070531582315
539.2452027298451,0.00017883682078327076
539.3452027298451,0.00018345214021498583
539.4452027298452,0.00018817911135402636
539.5452027298452,0.0001930202316183601
539.6452027298452,0.00019797804897984237
539.7452027298452,0.0002030551628556835
539.8452027298453,0.00020825422501250147
539.9452027298453,0.0002135779404830751
540.0452027298453,0.00021902906849589768
540.1452027298453,0.00022461042341763755
540.2452027298453,0.0002303248757086057
540.3452027298454,0.00023617535289133408
540.4452027298454,0.00024216484053236732
540.5452027298454,0.0002482963832373638
540.6452027298454,0.0002545730856596057
540.7452027298455,0.00026099811352201804
540.8452027298455,0.00026757469465279023
540.9452027298455,0.00027430612003469213
541.0452027298455,0.00028119574486818437
541.1452027298456,0.00028824698964840796
541.2452027298456,0.0002954633412561474
541.3452027298456,0.0003028483540628513
541.4452027298456,0.00031040565104980297
541.5452027298456,0.00031813892494152044
541.6452027298457,0.00032605193935347125
541.7452027298457,0.00033414852995418073
541.8452027298457,0.0003424326056418177
541.9452027298457,0.0003509081497353287
542.0452027298458,0.00035957922118019613
542.1452027298458,0.00036844995576889726
542.2452027298458,0.00037752456737613014
542.3452027298458,0.00038680734920887256
542.4452027298458,0.00039630267507134465
542.5452027298459,0.00040601500064493167
542.6452027298459,0.00041594886478313125
542.7452027298459,0.0004261088908215803
542.8452027298459,0.0004364997879032159
542.945202729846,0.00044712635231861954
543.045202729846,0.00045799346886159947
543.145202729846,0.00046910611220004884
543.245202729846,0.00048046934826212657
543.345202729846,0.000492088335637795
543.4452027298461,0.0005039683269957595
543.5452027298461,0.0005161146705158258
543.6452027298461,0.0005285328113367236
543.7452027298461,0.0005412282930194007
543.8452027298462,0.0005542067590258258
543.9452027298462,0.0005674739542133048
544.0452027298462,0.0005810357263443318
544.1452027298462,0.0005948980276119804
544.2452027298463,0.0006090669161808385
544.3452027298463,0.0006235485577434919
544.4452027298463,0.0006383492270925519
544.5452027298463,0.0006534753097082134
544.6452027298463,0.0006689333033613395
544.7452027298464,0.0006847298197320535
544.8452027298464,0.0007008715860438013
544.9452027298464,0.0007173654467128872
545.0452027298464,0.0007342183650134238
545.1452027298465,0.0007514374247576674
545.2452027298465,0.0007690298319917094
545.3452027298465,0.0007870029167064506
545.4452027298465,0.0008053641345638367
545.5452027298466,0.0008241210686382696
545.6452027298466,0.0008432814311731405
545.7452027298466,0.0008628530653524277
545.8452027298466,0.0008828439470872588
545.9452027298466,0.0009032621868173752
546.0452027298467,0.0009241160313274072
546.1452027298467,0.0009454138655778574
546.2452027298467,0.0009671642145507049
546.3452027298467,0.000989375745109513
546.4452027298468,0.0010120572678739344
546.5452027298468,0.0010352177391084968
546.6452027298468,0.0010588662626255195
546.7452027298468,0.0010830120917020756
546.8452027298468,0.0011076646310107946
546.9452027298469,0.0011328334385644293
547.0452027298469,0.0011585282276739633
547.1452027298469,0.001184758868920154
547.2452027298469,0.001211535392138308
547.345202729847,0.0012388679884161194
547.445202729847,0.0012667670121043982
547.545202729847,0.0012952429828404768
547.645202729847,0.0013243065875841145
547.745202729847,0.0013539686826656717
547.8452027298471,0.0013842402958463603
547.9452027298471,0.0014151326283903174
548.0452027298471,0.001446657057148301
548.1452027298471,0.0014788251366527386
548.2452027298472,0.001511648601223894
548.3452027298472,0.0015451393670868872
548.4452027298472,0.0015793095344993132
548.5452027298472,0.0016141713898891498
548.6452027298473,0.0016497374080027187
548.7452027298473,0.0016860202540623557
548.8452027298473,0.001723032785933522
548.9452027298473,0.001760788056301017
549.0452027298473,0.0017992993148540015
549.1452027298474,0.001838580010479459
549.2452027298474,0.001878643793463792
549.3452027298474,0.0019195045177021702
549.4452027298474,0.001961176242915295
549.5452027298475,0.0020036732368731835
549.6452027298475,0.0020470099776256252
549.7452027298475,0.0020912011557388662
549.8452027298475,0.0021362616765381822
549.9452027298476,0.002182206662355884
550.0452027298476,0.002229051454784331
550.1452027298476,0.002276811616933577
550.2452027298476,0.002325502935693097
550.3452027298476,0.0023751414239972734
550.4452027298477,0.002425743323094056
550.5452027298477,0.0024773251048163993
550.6452027298477,0.0025299034738559545
550.7452027298477,0.002583495370038519
550.8452027298478,0.0026381179706007553
550.9452027298478,0.0026937886924676274
551.0452027298478,0.0027505251945300563
551.1452027298478,0.0028083453799222224
551.2452027298478,0.002867267398297979
551.3452027298479,0.0029273096481058033
551.4452027298479,0.0029884907788617267
551.5452027298479,0.0030508296934195966
551.6452027298479,0.003114345550238157
551.745202729848,0.0031790577656442697
551.845202729848,0.003244986016091664
551.945202729848,0.00331215024041461
552.045202729848,0.003380570642075825
552.145202729848,0.0034502676914079807
552.2452027298481,0.003521262127848157
552.3452027298481,0.003593574962164494
552.4452027298481,0.0036672274786744316
552.5452027298481,0.00374224123745376
552.6452027298482,0.0038186380765358016
552.7452027298482,0.0038964401140999905
552.8452027298482,0.003975669750649088
552.9452027298482,0.004056349671174288
553.0452027298483,0.004138502847307475
553.1452027298483,0.004222152539459779
553.2452027298483,0.004307322298945729
553.3452027298483,0.004394035970092166
553.4452027298483,0.004482317692331046
553.5452027298484,0.004572191902275419
553.6452027298484,0.004663683335777606
553.7452027298484,0.004756817029968888
553.8452027298484,0.004851618325279689
553.9452027298485,0.004948112867439466
554.0452027298485,0.0050463266094554066
554.1452027298485,0.0051462858135690286
554.2452027298485,0.005248017053189765
554.3452027298486,0.005351547214804633
554.4452027298486,0.0054569034998630415
554.5452027298486,0.005564113426635795
554.6452027298486,0.005673204832047321
554.7452027298486,0.0057842058734802046
554.8452027298487,0.005897145030550999
554.9452027298487,0.006012051106856362
555.0452027298487,0.006128953231688447
555.1452027298487,0.006247880861718684
555.2452027298488,0.006368863782648735
555.3452027298488,0.006491932110827766
555.4452027298488,0.0066171162948348745
555.5452027298488,0.006744447117025674
555.6452027298488,0.006873955695041967
555.7452027298489,0.007005673483283421
555.8452027298489,0.007139632274340159
555.9452027298489,0.007275864200385182
556.0452027298489,0.007414401734525504
556.145202729849,0.0075552776921109215
556.245202729849,0.007698525231999257
556.345202729849,0.007844177857776961
556.445202729849,0.007992269418933894
556.545202729849,0.008142834111991225
556.6452027298491,0.008295906481581223
556.7452027298491,0.00845152142147773
556.8452027298491,0.00860971417557631
556.9452027298491,0.008770520338822625
557.0452027298492,0.00893397585808814
557.1452027298492,0.009100117032991744
557.2452027298492,0.009268980516666163
557.3452027298492,0.009440603316467927
557.4452027298493,0.009615022794629776
557.5452027298493,0.009792276668854035
557.6452027298493,0.009972403012846052
557.7452027298493,0.01015544025678615
557.8452027298493,0.010341427187739047
557.9452027298494,0.010530402949999499
558.0452027298494,0.01072240704537268
558.1452027298494,0.010917479333388368
558.2452027298494,0.0111156600314475
558.3452027298495,0.011316989714899663
558.4452027298495,0.011521509317050677
558.5452027298495,0.011729260129098595
558.6452027298495,0.011940283799996966
558.7452027298496,0.01215462233624424
558.8452027298496,0.012372318101597753
558.9452027298496,0.012593413816711262
559.0452027298496,0.012817952558694515
559.1452027298496,0.013045977760593812
559.2452027298497,0.013277533210792043
559.3452027298497,0.013512663052327017
559.4452027298497,0.013751411782126854
559.5452027298497,0.01399382425016098
559.6452027298498,0.01423994565850558
559.7452027298498,0.014489821560322233
559.8452027298498,0.014743497858748242
559.9452027298498,0.015001020805697684
560.0452027298498,0.015262437000571618
560.1452027298499,0.015527793388876289
560.2452027298499,0.015797137260748134
560.3452027298499,0.016070516249384142
560.4452027298499,0.01634797832937644
560.54520272985,0.016629571814949777
560.64520272985,0.016915345358100665
560.74520272985,0.01720534794663694
560.84520272985,0.017499628902116485
560.94520272985,0.01779823787768383
561.0452027298501,0.01810122485580352
561.1452027298501,0.018408640145888857
561.2452027298501,0.018720534381825006
561.3452027298501,0.019036958519385028
561.4452027298502,0.019357963833537894
561.5452027298502,0.01968360191564697
561.6452027298502,0.020013924670558254
561.7452027298502,0.02034898431357666
561.8452027298503,0.02068883336732967
561.9452027298503,0.02103352465851692
562.0452027298503,0.02138311131454468
562.1452027298503,0.021737646760044176
562.2452027298503,0.022097184713272534
562.3452027298504,0.022461779182395274
562.4452027298504,0.02283148446164954
562.5452027298504,0.023206355127386488
562.6452027298504,0.023586446033992313
562.7452027298505,0.023971812309686667
562.8452027298505,0.02436250935219731
562.9452027298505,0.024758592824310435
563.0452027298505,0.025160118649295127
563.1452027298506,0.02556714300620157
563.2452027298506,0.02597972232503166
563.3452027298506,0.026397913281781385
563.4452027298506,0.02682177279335381
563.5452027298506,0.027251358012342103
563.6452027298507,0.027686726321681603
563.7452027298507,0.028127935329169983
563.8452027298507,0.02857504286185506
563.9452027298507,0.02902810696028902
564.0452027298508,0.029487185872648865
564.1452027298508,0.02995233804872172
564.2452027298508,0.030423622133754876
564.3452027298508,0.030901096962169555
564.4452027298508,0.03138482155113795
564.5452027298509,0.03187485509402266
564.6452027298509,0.03237125695367835
564.7452027298509,0.03287408665561464
564.8452027298509,0.03338340388102001
564.945202729851,0.03389926845964614
565.045202729851,0.034421740362552064
565.145202729851,0.034950879694708
565.245202729851,0.0354867466874582
565.345202729851,0.0360294016908426
565.4452027298511,0.03657890516577691
565.5452027298511,0.0371353176760907
565.6452027298511,0.03769869988042364
565.7452027298511,0.03826911252397895
565.8452027298512,0.038846616430134755
565.9452027298512,0.039431272491912375
566.0452027298512,0.04002314166330201
566.1452027298512,0.04062228495044548
566.2452027298513,0.041228763402675915
566.3452027298513,0.04184263810341472
566.4452027298513,0.042463970160925416
566.5452027298513,0.0430928206989249
566.6452027298513,0.04372925084705183
566.7452027298514,0.044373321731192565
566.8452027298514,0.045025094463664796
566.9452027298514,0.04568463013325909
567.0452027298514,0.04635198979513865
567.1452027298515,0.0470272344605977
567.2452027298515,0.047710425086678644
567.3452027298515,0.048401622565648846
567.4452027298515,0.049100887714337016
567.5452027298516,0.049808281263330104
567.6452027298516,0.05052386384603106
567.7452027298516,0.0512476959875781
567.8452027298516,0.05197983809362624
567.9452027298516,0.05272035043899162
568.0452027298517,0.05346929315615968
568.1452027298517,0.05422672622365755
568.2452027298517,0.05499270945429185
568.3452027298517,0.05576730248325283
568.4452027298518,0.056550564756085525
568.5452027298518,0.057342555516529094
568.6452027298518,0.058143333794225385
568.7452027298518,0.058952958392298055
568.8452027298518,0.059771487874802805
568.9452027298519,0.060598980554050594
569.0452027298519,0.061435494477804796
569.1452027298519,0.06228108741635341
569.2452027298519,0.06313581684945821
569.345202729852,0.06399973995318184
569.445202729852,0.06487291358659451
569.545202729852,0.06575539427836156
569.645202729852,0.06664723821321394
569.745202729852,0.06754850121830293
569.8452027298521,0.0684592387494407
569.9452027298521,0.06937950587722876
570.0452027298521,0.070309357273076
570.1452027298521,0.07124884719510792
570.2452027298522,0.07219802947396925
570.3452027298522,0.07315695749852207
570.4452027298522,0.07412568420144083
570.5452027298522,0.07510426204470722
570.6452027298523,0.07609274300500592
570.7452027298523,0.07709117855902492
570.8452027298523,0.07809961966866107
570.9452027298523,0.07911811676613402
571.0452027298523,0.08014671973901126
571.1452027298524,0.08118547791514556
571.2452027298524,0.08223444004752826
571.3452027298524,0.08329365429906058
571.4452027298524,0.08436316822724556
571.5452027298525,0.0854430287688028
571.6452027298525,0.08653328222421013
571.7452027298525,0.0876339742421729
571.8452027298525,0.08874514980402527
571.9452027298526,0.08986685320806617
572.0452027298526,0.09099912805383172
572.1452027298526,0.09214201722630862
572.2452027298526,0.09329556288009043
572.3452027298526,0.09445980642348033
572.4452027298527,0.0956347885025432
572.5452027298527,0.09682054898511051
572.6452027298527,0.0980171269447409
572.7452027298527,0.09922456064464023
572.8452027298528,0.10044288752154375
572.9452027298528,0.1016721441695645
573.0452027298528,0.1029123663240109
573.1452027298528,0.10416358884517724
573.2452027298528,0.10542584570211055
573.3452027298529,0.10669916995635735
573.4452027298529,0.10798359374569427
573.5452027298529,0.10927914826784577
573.6452027298529,0.11058586376419291
573.745202729853,0.11190376950347725
573.845202729853,0.11323289376550308
573.945202729853,0.11457326382484252
574.045202729853,0.11592490593454688
574.145202729853,0.11728784530986872
574.2452027298531,0.11866210611199816
574.3452027298531,0.12004771143181805
574.4452027298531,0.12144468327368141
574.5452027298531,0.12285304253921604
574.6452027298532,0.12427280901115989
574.7452027298532,0.1257040013372317
574.8452027298532,0.12714663701404105
574.9452027298532,0.12860073237104244
575.0452027298533,0.13006630255453724
575.1452027298533,0.13154336151172813
575.2452027298533,0.13303192197483066
575.3452027298533,0.13453199544524616
575.4452027298533,0.13604359217780007
575.5452027298534,0.13756672116505128
575.6452027298534,0.13910139012167602
575.7452027298534,0.140647605468931
575.8452027298534,0.14220537231920122
575.9452027298535,0.143774694460636
576.0452027298535,0.14535557434187854
576.1452027298535,0.1469480130568938
576.2452027298535,0.14855201032989848
576.3452027298536,0.15016756450039942
576.4452027298536,0.15179467250834341
576.5452027298536,0.15343332987938474
576.6452027298536,0.15508353071027392
576.7452027298536,0.15674526765437347
576.8452027298537,0.1584185319073053
576.9452027298537,0.16010331319273385
577.0452027298537,0.16179959974829103
577.1452027298537,0.16350737831164663
577.2452027298538,0.16522663410673036
577.3452027298538,0.16695735083010885
577.4452027298538,0.16869951063752409
577.5452027298538,0.17045309413059737
577.6452027298538,0.17221808034370317
577.7452027298539,0.17399444673101963
577.8452027298539,0.1757821691537582
577.9452027298539,0.17758122186757927
578.0452027298539,0.17939157751019816
578.145202729854,0.18121320708918554
578.245202729854,0.18304607996996886
578.345202729854,0.18489016386403767
578.445202729854,0.18674542481735976
578.545202729854,0.18861182719901137
578.6452027298541,0.19048933369002727
578.7452027298541,0.19237790527247556
578.8452027298541,0.19427750121876153
578.9452027298541,0.19618807908116562
579.0452027298542,0.1981095946816205
579.1452027298542,0.20004200210173254
579.2452027298542,0.2019852536730506
579.3452027298542,0.20393929996758942
579.4452027298543,0.20590408978861066
579.5452027298543,0.20787957016166617
579.6452027298543,0.2098656863259098
579.7452027298543,0.21186238172568045
579.8452027298543,0.21386959800236235
579.9452027298544,0.21588727498652663
580.0452027298544,0.21791535069035856
580.1452027298544,0.21995376130037544
580.2452027298544,0.2220024411704393
580.3452027298545,0.22406132281506894
580.4452027298545,0.2261303369030558
580.5452027298545,0.2282094122513877
580.6452027298545,0.23029847581948507
580.7452027298546,0.23239745270375403
580.8452027298546,0.2345062661324601
580.9452027298546,0.2366248374609269
581.0452027298546,0.23875308616706434
581.1452027298546,0.2408909298472298
581.2452027298547,0.243038284212426
581.3452027298547,0.24519506308484104
581.4452027298547,0.24736117839473282
581.5452027298547,0.24953654017766191
581.6452027298548,0.25172105657207816
581.7452027298548,0.25391463381726237
581.8452027298548,0.2561171762516287
581.9452027298548,0.25832858631139016
582.0452027298549,0.2605487645295911
582.1452027298549,0.2627776095355102
582.2452027298549,0.26501501805443717
582.3452027298549,0.26726088490782585
582.4452027298549,0.2695151030138286
582.545202729855,0.27177756338821285
582.645202729855,0.27404815514566444
582.745202729855,0.2763267655014804
582.845202729855,0.27861327977365324
582.945202729855,0.2809075813853508
583.0452027298551,0.28320955186779306
583.1452027298551,0.2855190708635297
583.2452027298551,0.2878360161301199
583.3452027298551,0.29016026354421726
583.4452027298552,0.2924916871060627
583.5452027298552,0.2948301589443866
583.6452027298552,0.2971755493217223
583.7452027298552,0.2995277266401345
583.8452027298553,0.30188655744736304
583.9452027298553,0.3042519064433833
584.0452027298553,0.306623636487388
584.1452027298553,0.30900160860518794
584.2452027298554,0.31138568199703687
584.3452027298554,0.3137757140458793
584.4452027298554,0.31617156032602395
584.5452027298554,0.31857307461224393
584.6452027298554,0.3209801088893043
584.7452027298555,0.32339251336191793
584.8452027298555,0.3258101364651314
584.9452027298555,0.3282328248751409
585.0452027298555,0.33066042352053865
585.1452027298556,0.3330927755939915
585.2452027298556,0.33552972256435043
585.3452027298556,0.33797110418919335
585.4452027298556,0.34041675852779907
585.5452027298556,0.34286652195455436
585.6452027298557,0.3453202291727934
585.7452027298557,0.3477777132290689
585.8452027298557,0.35023880552785563
585.9452027298557,0.35270333584668495
586.0452027298558,0.35517113235171077
586.1452027298558,0.3576420216137054
586.2452027298558,0.36011582862448466
586.3452027298558,0.36259237681376244
586.4452027298559,0.36507148806643147
586.5452027298559,0.36755298274027176
586.6452027298559,0.370036679684083
586.7452027298559,0.37252239625624123
586.8452027298559,0.3750099483436775
586.945202729856,0.37749915038127674
587.045202729856,0.37998981537169546
587.145202729856,0.3824817549055957
587.245202729856,0.38497477918229456
587.345202729856,0.3874686970308247
587.4452027298561,0.38996331593140626
587.5452027298561,0.39245844203732577
587.6452027298561,0.39495388019722016
587.7452027298561,0.3974494339777636
587.8452027298562,0.3999449056867529
587.9452027298562,0.40244009639659073
588.0452027298562,0.4049348059681611
588.1452027298562,0.40742883307509603
588.2452027298563,0.40992197522842855
588.3452027298563,0.41241402880162936
588.4452027298563,0.41490478905602307
588.5452027298563,0.4173940501665808
588.6452027298564,0.41988160524808454
588.7452027298564,0.4223672463816604
588.8452027298564,0.42485076464167487
588.9452027298564,0.4273319501229923
589.0452027298564,0.4298105919685865
589.1452027298565,0.4322864783975045
589.2452027298565,0.4347593967331754
589.3452027298565,0.43722913343206204
589.4452027298565,0.43969547411264887
589.5452027298566,0.44215820358476116
589.6452027298566,0.44461710587921205
589.7452027298566,0.44707196427776963
589.8452027298566,0.4495225613434409
589.9452027298566,0.4519686789510667
590.0452027298567,0.45441009831822055
590.1452027298567,0.4568466000364079
590.2452027298567,0.4592779641025584
590.3452027298567,0.4617039699508058
590.4452027298568,0.4641243964845496
590.5452027298568,0.46653902210879206
590.6452027298568,0.4689476247627444
590.7452027298568,0.4713499819526956
590.8452027298569,0.473745870785138
590.9452027298569,0.47613506800014244
591.0452027298569,0.47851735000497614
591.1452027298569,0.48089249290795755
591.2452027298569,0.4832602725525402
591.345202729857,0.4856204645516194
591.445202729857,0.48797284432205357
591.545202729857,0.4903171871193949
591.645202729857,0.49265326807282006
591.745202729857,0.4949808622202546
591.8452027298571,0.4972997445436845
591.9452027298571,0.4996096900046447
592.0452027298571,0.5019104735798806
592.1452027298571,0.5042018702971708
592.2452027298572,0.5064836552713072
592.3452027298572,0.5087556037402221
592.4452027298572,0.5110174911012542
592.5452027298572,0.5132690929475482
592.6452027298573,0.5155101851045761
592.7452027298573,0.5177405436667757
592.8452027298573,0.5199599450342949
592.9452027298573,0.5221681659498362
593.0452027298574,0.524364983535591
593.1452027298574,0.5265501753302569
593.2452027298574,0.5287235193261283
593.3452027298574,0.5308847940062517
593.4452027298574,0.5330337783816387
593.5452027298575,0.5351702520285267
593.6452027298575,0.537293995125679
593.7452027298575,0.5394047884917144
593.8452027298575,0.54150241362246
593.9452027298576,0.5435866527283175
594.0452027298576,0.5456572887716316
594.1452027298576,0.547714105504055
594.2452027298576,0.5497568875039004
594.3452027298576,0.5517854202134684
594.4452027298577,0.5537994899763451
594.5452027298577,0.5557988840746584
594.6452027298577,0.5577833907662848
594.7452027298577,0.5597527993219984
594.8452027298578,0.5617069000625508
594.9452027298578,0.5636454843956754
595.0452027298578,0.5655683448530057
595.1452027298578,0.5674752751268975
595.2452027298579,0.5693660701071495
595.3452027298579,0.5712405259176073
595.4452027298579,0.573098439952649
595.5452027298579,0.5749396109135362
595.6452027298579,0.5767638388446267
595.745202729858,0.5785709251694366
595.845202729858,0.5803606727265443
595.945202729858,0.5821328858053268
596.045202729858,0.5838873701815189
596.145202729858,0.5856239331525877
596.2452027298581,0.587342383572911
596.3452027298581,0.5890425318887541
596.4452027298581,0.5907241901730315
596.5452027298581,0.5923871721598494
596.6452027298582,0.5940312932788163
596.7452027298582,0.5956563706891156
596.8452027298582,0.5972622233133293
596.9452027298582,0.5988486718710058
597.0452027298583,0.6004155389119611
597.1452027298583,0.6019626488493082
597.2452027298583,0.6034898279922009
597.3452027298583,0.6049969045782893
597.4452027298584,0.6064837088058737
597.5452027298584,0.6079500728657512
597.6452027298584,0.6093958309727463
597.7452027298584,0.6108208193969155
597.8452027298584,0.6122248764944209
597.9452027298585,0.6136078427380607
598.0452027298585,0.6149695607474522
598.1452027298585,0.6163098753188573
598.2452027298585,0.6176286334546421
598.3452027298586,0.6189256843923651
598.4452027298586,0.6202008796334836
598.5452027298586,0.6214540729716729
598.6452027298586,0.622685120520749
598.7452027298586,0.6238938807421882
598.8452027298587,0.6250802144722369
598.9452027298587,0.6262439849486021
599.0452027298587,0.6273850578367183
599.1452027298587,0.6285033012555812
599.2452027298588,0.6295985858031435
599.3452027298588,0.6306707845812638
599.4452027298588,0.6317197732202032
599.5452027298588,0.6327454299026635
599.6452027298589,0.6337476353873578
599.7452027298589,0.6347262730321114
599.8452027298589,0.635681228816482
599.9452027298589,0.6366123913638974
600.0452027298589,0.6375196519633007
600.145202729859,0.6384029045903012
600.245202729859,0.6392620459278217
600.345202729859,0.6400969753862372
600.445202729859,0.6409075951230034
600.545202729859,0.641693810061763
600.6452027298591,0.6424555279109304
600.7452027298591,0.6431926591817463
600.8452027298591,0.6439051172057995
600.9452027298591,0.6445928181520079
601.0452027298592,0.6452556810430593
601.1452027298592,0.6458936277713009
601.2452027298592,0.6465065831140792
601.3452027298592,0.6470944747485216
601.4452027298593,0.6476572332657589
601.5452027298593,0.6481947921845822
601.6452027298593,0.6487070879645321
601.7452027298593,0.6491940600184166
601.8452027298594,0.6496556507242524
601.9452027298594,0.6500918054366284
602.0452027298594,0.6505024724974884
602.1452027298594,0.650887603246327
602.2452027298594,0.6512471520298001
602.3452027298595,0.6515810762107439
602.4452027298595,0.6518893361766014
602.5452027298595,0.6521718953472548
602.6452027298595,0.6524287201822598
602.7452027298596,0.6526597801874809
602.8452027298596,0.6528650479211262
602.9452027298596,0.6530444989991787
603.0452027298596,0.6531981121002245
603.1452027298596,0.6533258689696746
603.2452027298597,0.6534277544233801
603.3452027298597,0.6535037563506405
603.4452027298597,0.6535538657166025
603.5452027298597,0.6535780765640501
603.6452027298598,0.6535771420617881
603.7452027298598,0.6535545912417964
603.8452027298598,0.6535108734787526
603.9452027298598,0.6534459930204793
604.0452027298599,0.6533599561707174
604.1452027298599,0.653252771288104
604.2452027298599,0.6531244487848195
604.3452027298599,0.6529750011249024
604.44520272986,0.6528044428222307
604.54520272986,0.6526127904381731
604.64520272986,0.652400062578909
604.74520272986,0.6521662798924176
604.84520272986,0.651911465065138
604.9452027298601,0.6516356428182996
605.0452027298601,0.6513388399039256
605.1452027298601,0.6510210851005078
605.2452027298601,0.6506824092083566
605.3452027298601,0.650322845044625
605.4452027298602,0.6499424274380085
605.5452027298602,0.6495411932231226
605.6452027298602,0.6491191812345594
605.7452027298602,0.6486764323006217
605.8452027298603,0.6482129892367411
605.9452027298603,0.6477288968385766
606.0452027298603,0.6472242018747988
606.1452027298603,0.6466989530795592
606.2452027298604,0.6461532011446475
606.3452027298604,0.645586998711338
606.4452027298604,0.6450004003619269
606.5452027298604,0.6443934626109639
606.6452027298604,0.6437662438961766
606.7452027298605,0.6431188045690949
606.8452027298605,0.6424512068853714
606.9452027298605,0.6417635149948061
607.0452027298605,0.6410557949310728
607.1452027298606,0.6403281146011517
607.2452027298606,0.6395805437744714
607.3452027298606,0.6388131540717598
607.4452027298606,0.63802601895361
607.5452027298606,0.6372192137087604
607.6452027298607,0.6363928154420948
607.7452027298607,0.6355469030623612
607.8452027298607,0.6346815572696172
607.9452027298607,0.6337968605424
608.0452027298608,0.6328928971246263
608.1452027298608,0.6319697530122248
608.2452027298608,0.6310275159395041
608.3452027298608,0.6300662753652585
608.4452027298609,0.6290861224586155
608.5452027298609,0.6280871500846276
608.6452027298609,0.6270694527896126
608.7452027298609,0.6260331267862439
608.845202729861,0.6249782699383956
608.945202729861,0.623904981745745
609.045202729861,0.6228133633281366
609.145202729861,0.62170351740971
609.245202729861,0.6205755483027954
609.3452027298611,0.6194295618915818
609.4452027298611,0.6182656656155592
609.5452027298611,0.6170839684527396
609.6452027298611,0.6158845809026606
609.7452027298611,0.6146676149691753
609.8452027298612,0.6134331841430309
609.9452027298612,0.6121814033842422
610.0452027298612,0.6109123891042615
610.1452027298612,0.6096262591479507
610.2452027298613,0.6083231327753571
610.3452027298613,0.6070031306433007
610.4452027298613,0.6056663747867719
610.5452027298613,0.6043129886001484
610.6452027298614,0.6029430968182318
610.7452027298614,0.601556825497111
610.8452027298614,0.6001543019948533
610.9452027298614,0.5987356549520296
611.0452027298614,0.597301014272078
611.1452027298615,0.5958505111015081
611.2452027298615,0.5943842778099517
611.3452027298615,0.5929024479700644
611.4452027298615,0.5914051563372803
611.5452027298616,0.5898925388294277
611.6452027298616,0.5883647325062055
611.7452027298616,0.5868218755485289
611.8452027298616,0.5852641072377464
611.9452027298616,0.5836915679347323
612.0452027298617,0.5821043990588609
612.1452027298617,0.5805027430668648
612.2452027298617,0.5788867434315829
612.3452027298617,0.5772565446206019
612.4452027298618,0.5756122920747974
612.5452027298618,0.573954132186775
612.6452027298618,0.5722822122792214
612.7452027298618,0.5705966805831655
612.8452027298619,0.5688976862161553
612.9452027298619,0.5671853791603572
613.0452027298619,0.565459910240578
613.1452027298619,0.5637214311022183
613.245202729862,0.5619700941891588
613.345202729862,0.560206052721586
613.445202729862,0.5584294606737595
613.545202729862,0.5566404727517289
613.645202729862,0.5548392443710006
613.7452027298621,0.5530259316341624
613.8452027298621,0.5512006913084684
613.9452027298621,0.5493636808033897
614.0452027298621,0.5475150581481351
614.1452027298621,0.5456549819691451
614.2452027298622,0.5437836114675665
614.3452027298622,0.5419011063967086
614.4452027298622,0.5400076270394882
614.5452027298622,0.5381033341858658
614.6452027298623,0.536188389110279
614.7452027298623,0.5342629535490766
614.8452027298623,0.5323271896779577
614.9452027298623,0.5303812600894208
615.0452027298624,0.5284253277702269
615.1452027298624,0.52645955607888
615.2452027298624,0.5244841087231318
615.3452027298624,0.5224991497375115
615.4452027298624,0.5205048434608883
615.5452027298625,0.5185013545140681
615.6452027298625,0.51648884777743
615.7452027298625,0.5144674883686072
615.8452027298625,0.5124374416202158
615.9452027298626,0.510398873057634
616.0452027298626,0.5083519483768396
616.1452027298626,0.506296833422307
616.2452027298626,0.5042336941649679
616.3452027298626,0.5021626966802404
616.4452027298627,0.5000840071261317
616.5452027298627,0.4979977917214151
616.6452027298627,0.495904216723889
616.7452027298627,0.4938034484087183
616.8452027298628,0.49169565304686474
616.9452027298628,0.4895809968836087
617.0452027298628,0.4874596461171665
617.1452027298628,0.48533176687740676
617.2452027298629,0.4831975252046696
617.3452027298629,0.48105708702869315
617.4452027298629,0.47891061814764907
617.5452027298629,0.47675828420729305
617.645202729863,0.47460025068023154
617.745202729863,0.47243668284531043
617.845202729863,0.47026774576712715
617.945202729863,0.46809360427567054
618.045202729863,0.4659144229460924
618.1452027298631,0.4637303660786124
618.2452027298631,0.4615415976785618
618.3452027298631,0.4593482814365668
618.4452027298631,0.45715058070887743
618.5452027298631,0.4549486584978419
618.6452027298632,0.4527426774325327
618.7452027298632,0.45053279974952504
618.8452027298632,0.4483191872738324
618.9452027298632,0.4461020014000005
619.0452027298633,0.443881403073364
619.1452027298633,0.44165755277146773
619.2452027298633,0.43943061048565635
619.3452027298633,0.43720073570283335
619.4452027298634,0.4349680873873945
619.5452027298634,0.43273282396333607
619.6452027298634,0.4304951032965422
619.7452027298634,0.42825508267725254
619.8452027298634,0.42601291880271336
619.9452027298635,0.42376876776001493
620.0452027298635,0.42152278500911666
620.1452027298635,0.4192751253660624
620.2452027298635,0.41702594298638884
620.3452027298636,0.4147753913487291
620.4452027298636,0.41252362323861225
620.5452027298636,0.4102707907324631
620.6452027298636,0.4080170451818026
620.7452027298636,0.4057625371976511
620.8452027298637,0.4035074166351373
620.9452027298637,0.4012518325783132
621.0452027298637,0.39899593332517885
621.1452027298637,0.39673986637291636
621.2452027298638,0.39448377840333665
621.3452027298638,0.39222781526853984
621.4452027298638,0.3899721219767909
621.5452027298638,0.3877168426786122
621.6452027298639,0.38546212065309393
621.7452027298639,0.3832080982944249
621.8452027298639,0.38095491709864376
621.9452027298639,0.3787027176506126
622.045202729864,0.37645163961121414
622.145202729864,0.3742018217047737
622.245202729864,0.37195340170670693
622.345202729864,0.3697065164313941
622.445202729864,0.3674613017202825
622.5452027298641,0.3652178924302177
622.6452027298641,0.3629764224220038
622.7452027298641,0.3607370245491952
622.8452027298641,0.3584998306471188
622.9452027298641,0.35626497152212827
623.0452027298642,0.3540325769410911
623.1452027298642,0.3518027756211088
623.2452027298642,0.3495756952194706
623.3452027298642,0.3473514623238416
623.4452027298643,0.34513020244268583
623.5452027298643,0.3429120399959233
623.6452027298643,0.34069709830582356
623.7452027298643,0.3384854995881338
623.8452027298644,0.33627736494344374
623.9452027298644,0.33407281434878555
624.0452027298644,0.3318719666494705
624.1452027298644,0.32967493955116084
624.2452027298644,0.3274818496121788
624.3452027298645,0.32529281223605067
624.4452027298645,0.3231079416642871
624.5452027298645,0.3209273509693993
624.6452027298645,0.3187511520481503
624.7452027298646,0.31657945561504197
624.8452027298646,0.3144123711960359
624.9452027298646,0.3122500071225102
625.0452027298646,0.31009247052544914
625.1452027298646,0.30793986732986706
625.2452027298647,0.30579230224946513
625.3452027298647,0.3036498787815205
625.4452027298647,0.3015126992020076
625.5452027298647,0.2993808645609506
625.6452027298648,0.2972544746780058
625.7452027298648,0.29513362813827454
625.8452027298648,0.2930184222883446
625.9452027298648,0.29090895323255944
626.0452027298649,0.28880531582951496
626.1452027298649,0.28670760368878234
626.2452027298649,0.2846159091678558
626.3452027298649,0.2825303233693249
626.445202729865,0.2804509361382697
626.545202729865,0.2783778360598779
626.645202729865,0.2763111104572828
626.745202729865,0.2742508453896206
626.845202729865,0.2721971256503065
626.9452027298651,0.27015003476552746
627.0452027298651,0.26810965499295086
627.1452027298651,0.2660760673206473
627.2452027298651,0.2640493514662268
627.3452027298652,0.26202958587618574
627.4452027298652,0.26001684772546463
627.5452027298652,0.25801121291721424
627.6452027298652,0.256012756082768
627.7452027298652,0.25402155058182047
627.8452027298653,0.25203766850280984
627.9452027298653,0.25006118066350136
628.0452027298653,0.24809215661177247
628.1452027298653,0.24613066462659608
628.2452027298654,0.24417677171922048
628.3452027298654,0.24223054363454508
628.4452027298654,0.24029204485268915
628.5452027298654,0.23836133859075212
628.6452027298654,0.2364384868047635
628.7452027298655,0.23452355019182103
628.8452027298655,0.23261658819241382
628.9452027298655,0.23071765899293015
629.0452027298655,0.22882681952834688
629.1452027298656,0.22694412548509874
629.2452027298656,0.22506963130412574
629.3452027298656,0.22320339018409618
629.4452027298656,0.22134545408480358
629.5452027298657,0.21949587373073506
629.6452027298657,0.21765469861481007
629.7452027298657,0.21582197700228528
629.8452027298657,0.21399775593482614
629.9452027298657,0.21218208123474022
630.0452027298658,0.21037499750937272
630.1452027298658,0.20857654815565965
630.2452027298658,0.2067867753648383
630.3452027298658,0.2050057201273111
630.4452027298659,0.20323342223766255
630.5452027298659,0.20146992029982466
630.6452027298659,0.19971525173239052
630.7452027298659,0.1979694527740733
630.845202729866,0.19623255848930676
630.945202729866,0.1945046027739877
631.045202729866,0.1927856183613558
631.145202729866,0.19107563682800877
631.245202729866,0.18937468860005216
631.3452027298661,0.1876828029593792
631.4452027298661,0.18600000805007957
631.5452027298661,0.18432633088497466
631.6452027298661,0.18266179735227658
631.7452027298662,0.18100643222236876
631.8452027298662,0.17936025915470508
631.9452027298662,0.17772330070482692
632.0452027298662,0.1760955783314931
632.1452027298662,0.17447711240392255
632.2452027298663,0.172867922209146
632.3452027298663,0.17126802595946491
632.4452027298663,0.16967744080001484
632.5452027298663,0.168096182816431
632.6452027298664,0.16652426704261344
632.7452027298664,0.1649617074685897
632.8452027298664,0.16340851704847226
632.9452027298664,0.1618647077085081
633.0452027298664,0.16033029035521906
633.1452027298665,0.1588052748836289
633.2452027298665,0.15728967018557596
633.3452027298665,0.15578348415810891
633.4452027298665,0.15428672371196198
633.5452027298666,0.15279939478010895
633.6452027298666,0.15132150232639238
633.7452027298666,0.14985305035422572
633.8452027298666,0.14839404191536665
633.9452027298667,0.14694447911875846
634.0452027298667,0.14550436313943763
634.1452027298667,0.1440736942275049
634.2452027298667,0.14265247171715753
634.3452027298667,0.14124069403578104
634.4452027298668,0.13983835871309663
634.5452027298668,0.13844546239036384
634.6452027298668,0.13706200082963443
634.7452027298668,0.1356879689230563
634.8452027298669,0.1343233607022246
634.9452027298669,0.13296816934757796
635.0452027298669,0.1316223871978376
635.1452027298669,0.13028600575948665
635.245202729867,0.1289590157162885
635.345202729867,0.12764140693884035
635.445202729867,0.12633316849416112
635.545202729867,0.12503428865531105
635.645202729867,0.12374475491104062
635.7452027298671,0.12246455397546685
635.8452027298671,0.12119367179777461
635.9452027298671,0.11993209357194146
636.0452027298671,0.11867980374648246
636.1452027298672,0.11743678603421505
636.2452027298672,0.1162030234220394
636.3452027298672,0.11497849818073426
636.4452027298672,0.11376319187476507
636.5452027298672,0.11255708537210286
636.6452027298673,0.11136015885405146
636.7452027298673,0.11017239182508146
636.8452027298673,0.10899376312266877
636.9452027298673,0.1078242509271359
637.0452027298674,0.10666383277149373
637.1452027298674,0.10551248555128251
637.2452027298674,0.10437018553440931
637.3452027298674,0.10323690837098098
637.4452027298674,0.10211262910313006
637.5452027298675,0.10099732217483194
637.6452027298675,0.09989096144171217
637.7452027298675,0.09879352018084099
637.8452027298675,0.09770497110051421
637.9452027298676,0.09662528635001816
638.0452027298676,0.09555443752937773
638.1452027298676,0.09449239569908449
638.2452027298676,0.09343913138980504
638.3452027298677,0.09239461461206604
638.4452027298677,0.09135881486591572
638.5452027298677,0.09033170115055973
638.6452027298677,0.08931324197396939
638.7452027298677,0.08830340536246188
638.8452027298678,0.08730215887024921
638.9452027298678,0.08630946958895636
639.0452027298678,0.08532530415710547
639.1452027298678,0.08434962876956535
639.2452027298679,0.08338240918696545
639.3452027298679,0.08242361074507124
639.4452027298679,0.0814731983641218
639.5452027298679,0.08053113655812603
639.645202729868,0.07959738944411787
639.745202729868,0.07867192075136852
639.845202729868,0.0777546938305541
639.945202729868,0.07684567166287815
640.045202729868,0.07594481686914721
640.1452027298681,0.07505209171879873
640.2452027298681,0.07416745813887944
640.3452027298681,0.07329087772297378
640.4452027298681,0.07242231174008086
640.5452027298682,0.07156172114343883
640.6452027298682,0.07070906657929563
640.7452027298682,0.06986430839562525
640.8452027298682,0.06902740665078808
640.9452027298682,0.06819832112213475
641.0452027298683,0.06737701131455201
641.1452027298683,0.06656343646895037
641.2452027298683,0.0657575555706917
641.3452027298683,0.0649593273579567
641.4452027298684,0.06416871033005082
641.5452027298684,0.06338566275564797
641.6452027298684,0.06261014268097105
641.7452027298684,0.06184210793790882
641.8452027298684,0.06108151615206788
641.9452027298685,0.060328324750759325
642.0452027298685,0.05958249097091924
642.1452027298685,0.058843971866961976
642.2452027298685,0.05811272431856649
642.3452027298686,0.057388705038393675
642.4452027298686,0.05667187057973535
642.5452027298686,0.055962177344093526
642.6452027298686,0.05525958158868944
642.7452027298687,0.05456403943390202
642.8452027298687,0.053875506870635165
642.9452027298687,0.05319393976761317
643.0452027298687,0.05251929387860376
643.1452027298687,0.05185152484956856
643.2452027298688,0.051190588225740234
643.3452027298688,0.05053643945862604
643.4452027298688,0.04988903391293715
643.5452027298688,0.04924832687344364
643.6452027298689,0.04861427355175468
643.7452027298689,0.047986829093023285
643.8452027298689,0.04736594858257591
643.9452027298689,0.046751587052465834
644.045202729869,0.046143699487950746
644.145202729869,0.045542240833893716
644.245202729869,0.044947166001087696
644.345202729869,0.04435842987250304
644.445202729869,0.04377598730945814
644.5452027298691,0.0431997931577126
644.6452027298691,0.042629802253483215
644.7452027298691,0.04206596942938222
644.8452027298691,0.04150824952027803
644.9452027298692,0.04095659736907807
645.0452027298692,0.04041096783243378
645.1452027298692,0.03987131578636768
645.2452027298692,0.03933759613182243
645.3452027298692,0.038809763800131965
645.4452027298693,0.0382877737584144
645.5452027298693,0.037771581014887055
645.6452027298693,0.037261140624103496
645.7452027298693,0.036756407692112456
645.8452027298694,0.03625733738153888
645.9452027298694,0.03576388491658728
646.0452027298694,0.03527600558796711
646.1452027298694,0.03479365475774072
646.2452027298694,0.034316787864093444
646.3452027298695,0.03384536042602675
646.4452027298695,0.0333793280479737
646.5452027298695,0.032918646424337644
646.6452027298695,0.0324632713439539
646.7452027298696,0.03201315869447475
646.8452027298696,0.03156826446667799
646.9452027298696,0.031128544758699136
647.0452027298696,0.030693955780187764
647.1452027298697,0.030264453856387947
647.2452027298697,0.02983999543214329
647.3452027298697,0.029420537075826696
647.4452027298697,0.029006035483195303
647.5452027298697,0.028596447481170694
647.6452027298698,0.02819173003154488
647.7452027298698,0.027791840234612387
647.8452027298698,0.02739673533272855
647.9452027298698,0.027006372713794767
648.0452027298699,0.02662070991467066
648.1452027298699,0.0262397046245139
648.2452027298699,0.025863314688047718
648.3452027298699,0.025491498108756866
648.44520272987,0.02512421305201214
648.54520272987,0.02476141784812405
648.64520272987,0.02440307099532606
648.74520272987,0.02404913116268768
648.84520272987,0.02369955719295816
648.9452027298701,0.02335430810534086
649.0452027298701,0.023013343098199177
649.1452027298701,0.02267662155169411
649.2452027298701,0.02234410303035427
649.3452027298702,0.022015747285578566
649.4452027298702,0.02169151425807232
649.5452027298702,0.021371364080217125
649.6452027298702,0.021055257078374974
649.7452027298702,0.020743153775127365
649.8452027298703,0.02043501489144968
649.9452027298703,0.020130801348821472
650.0452027298703,0.019830474271273345
650.1452027298703,0.019533994987370594
650.2452027298704,0.019241325032134698
650.3452027298704,0.01895242614890264
650.4452027298704,0.01866726029112521
650.5452027298704,0.01838578962410429
650.6452027298704,0.018107976526670178
650.7452027298705,0.017833783592799222
650.8452027298705,0.01756317363317247
650.9452027298705,0.01729610967667599
651.0452027298705,0.017032554971843323
651.1452027298706,0.016772472988240663
651.2452027298706,0.01651582741779554
651.3452027298706,0.01626258217606947
651.4452027298706,0.01601270140347515
651.5452027298707,0.015766149466438988
651.6452027298707,0.01552289095850932
651.7452027298707,0.015282890701411261
651.8452027298707,0.01504611374604844
651.9452027298707,0.014812525373452621
652.0452027298708,0.014582091095681477
652.1452027298708,0.014354776656665463
652.2452027298708,0.014130548033004193
652.3452027298708,0.013909371434713004
652.4452027298709,0.01369121330592046
652.5452027298709,0.013476040325517228
652.6452027298709,0.01326381940775715
652.7452027298709,0.013054517702811012
652.845202729871,0.012848102597273732
652.945202729871,0.012644541714625512
653.045202729871,0.012443802915647695
653.145202729871,0.01224585429879397
653.245202729871,0.012050664200517319
653.3452027298711,0.011858201195553732
653.4452027298711,0.011668434097163045
653.5452027298711,0.011481331957327576
653.6452027298711,0.011296864066909287
653.7452027298712,0.011114999955766085
653.8452027298712,0.010935709392827736
653.9452027298712,0.01075896238613229
654.0452027298712,0.01058472918282346
654.1452027298712,0.010412980269109603
654.2452027298713,0.010243686370185003
654.3452027298713,0.010076818450114025
654.4452027298713,0.009912347711678784
654.5452027298713,0.009750245596190948
654.6452027298714,0.009590483783268301
654.7452027298714,0.009433034190576688
654.8452027298714,0.00927786897353791
654.9452027298714,0.009124960525004253
655.0452027298714,0.008974281474900295
655.1452027298715,0.008825804689832352
655.2452027298715,0.008679503272666585
655.3452027298715,0.008535350562075945
655.4452027298715,0.008393320132056861
655.5452027298716,0.0082533857914161
655.6452027298716,0.008115521583228496
655.7452027298716,0.007979701784266042
655.8452027298716,0.007845900904398982
655.9452027298717,0.007714093685969538
656.0452027298717,0.007584255103138729
