463.37213970293055,0.04886762118154257
463.4721397029306,0.049174708479539475
463.5721397029306,0.04948465433692494
463.6721397029306,0.04979749375914884
463.77213970293064,0.05011326227965015
463.87213970293067,0.05043199596925558
463.9721397029307,0.05075373144576969
464.0721397029307,0.05107850588376081
464.17213970293074,0.051406357024547156
464.27213970293076,0.05173732318638785
464.3721397029308,0.0520714432748834
464.4721397029308,0.052408756793590625
464.5721397029308,0.052749303854856704
464.67213970293085,0.053093125190877645
464.7721397029309,0.053440262164986006
464.8721397029309,0.05379075678317379
464.9721397029309,0.054144651705855154
465.07213970293094,0.05450199025987515
465.17213970293096,0.05486281645076995
465.272139702931,0.05522717497528428
465.372139702931,0.05559511123415252
465.47213970293103,0.055966671345149106
465.57213970293105,0.0563419021564149
465.6721397029311,0.056720851260065853
465.7721397029311,0.05710356700609068
465.8721397029311,0.05749009851654435
465.97213970293114,0.05788049570004436
466.07213970293117,0.05827480926657689
466.1721397029312,0.05867309074262029
466.2721397029312,0.059075392486593506
466.37213970293124,0.05948176770463692
466.47213970293126,0.05989227046673382
466.5721397029313,0.06030695572318041
466.6721397029313,0.06072587932141278
466.7721397029313,0.06114909802319964
466.87213970293135,0.061576669522209054
466.9721397029314,0.06200865246195873
467.0721397029314,0.06244510645415875
467.1721397029314,0.06288609209745644
467.27213970293144,0.06333167099659297
467.37213970293146,0.06378190578198174
467.4721397029315,0.06423686012971866
467.5721397029315,0.064696598782035
467.67213970293153,0.06516118756820356
467.77213970293155,0.06563069342590913
467.8721397029316,0.0661051844230945
467.9721397029316,0.06658472978029403
468.0721397029316,0.06706939989346634
468.17213970293164,0.06755926635733842
468.27213970293167,0.0680544019892742
468.3721397029317,0.06855488085367964
468.4721397029317,0.0690607782869586
468.57213970293174,0.0695721709230321
468.67213970293176,0.07008913671943572
468.7721397029318,0.0706117549840089
468.8721397029318,0.07114010640219112
468.9721397029318,0.07167427306494001
469.07213970293185,0.07221433849728663
469.1721397029319,0.07276038768754417
469.2721397029319,0.07331250711718602
469.3721397029319,0.0738707847914101
469.47213970293194,0.07443531027040651
469.57213970293196,0.07500617470134625
469.672139702932,0.07558347085110897
469.772139702932,0.07616729313976807
469.87213970293203,0.07675773767485275
469.97213970293205,0.07735490228640586
470.0721397029321,0.07795888656285807
470.1721397029321,0.07856979188773855
470.2721397029321,0.07918772147724361
470.37213970293215,0.07981278041868457
470.47213970293217,0.08044507570983722
470.5721397029322,0.0810847162992158
470.6721397029322,0.0817318131272944
470.77213970293224,0.08238647916870029
470.87213970293226,0.08304882947540337
470.9721397029323,0.08371898122092718
471.0721397029323,0.08439705374560702
471.1721397029323,0.08508316860292219
471.27213970293235,0.0857774496069291
471.3721397029324,0.08648002288082329
471.4721397029324,0.08719101690665929
471.5721397029324,0.08791056257625689
471.67213970293244,0.08863879324332483
471.77213970293246,0.0893758447768319
471.8721397029325,0.09012185561565769
471.9721397029325,0.09087696682455496
472.07213970293253,0.09164132215145684
472.17213970293255,0.0924150680861634
472.2721397029326,0.09319835392044157
472.3721397029326,0.093991331809575
472.4721397029326,0.09479415683539964
472.57213970293265,0.09560698707086326
472.67213970293267,0.09642998364614644
472.7721397029327,0.0972633108163852
472.8721397029327,0.09810713603103469
472.97213970293274,0.09896163000491538
473.07213970293276,0.09982696679098418
473.1721397029328,0.10070332385487278
473.2721397029328,0.10159088215123824
473.3721397029328,0.10248982620196982
473.47213970293285,0.10340034417629913
473.5721397029329,0.10432262797285988
473.6721397029329,0.10525687330374554
473.7721397029329,0.10620327978061452
473.87213970293294,0.10716205100289203
473.97213970293296,0.10813339464812098
474.072139702933,0.10911752256451303
474.172139702933,0.1101146508657541
474.27213970293303,0.11112500002811801
474.37213970293305,0.11214879498994354
474.4721397029331,0.11318626525353227
474.5721397029331,0.1142376449895232
474.6721397029331,0.11530317314380392
474.77213970293315,0.11638309354701697
474.87213970293317,0.11747765502672215
474.9721397029332,0.11858711152227595
475.0721397029332,0.1197117222024908
475.17213970293324,0.12085175158613683
475.27213970293326,0.12200746966535067
475.3721397029333,0.12317915203201593
475.4721397029333,0.12436708000718093
475.5721397029333,0.12557154077358068
475.67213970293335,0.12679282751132886
475.7721397029334,0.12803123953684903
475.8721397029334,0.12928708244511164
475.9721397029334,0.13056066825524634
476.07213970293344,0.1318523155595982
476.17213970293346,0.1331623496762962
476.2721397029335,0.1344911028054043
476.3721397029335,0.13583891418872285
476.47213970293353,0.13720613027331033
476.57213970293355,0.13859310487879242
476.6721397029336,0.14000019936852853
476.7721397029336,0.1414277828247003
476.8721397029336,0.14287623222739065
476.97213970293365,0.14434593263771694
477.07213970293367,0.14583727738508245
477.1721397029337,0.14735066825860807
477.2721397029337,0.14888651570280334
477.37213970293374,0.15044523901753576
477.47213970293376,0.15202726656235138
477.5721397029338,0.15363303596519945
477.6721397029338,0.15526299433560922
477.7721397029338,0.15691759848236203
477.87213970293385,0.1585973151356999
477.9721397029339,0.16030262117410313
478.0721397029339,0.16203400385566788
478.1721397029339,0.16379196105410476
478.27213970293394,0.1655770014993754
478.37213970293396,0.1673896450229739
478.472139702934,0.16923042280785328
478.572139702934,0.17109987764298754
478.67213970293403,0.1729985641825477
478.77213970293406,0.17492704920966232
478.8721397029341,0.1768859119047167
478.9721397029341,0.17887574411813517
479.0721397029341,0.18089715064757286
479.17213970293415,0.18295074951942925
479.27213970293417,0.18503717227457753
479.3721397029342,0.18715706425818412
479.4721397029342,0.18931108491347298
479.57213970293424,0.19149990807926476
479.67213970293426,0.19372422229109879
479.7721397029343,0.19598473108571648
479.8721397029343,0.1982821533086579
479.9721397029343,0.20061722342469035
480.07213970293435,0.20299069183075466
480.1721397029344,0.20540332517107876
480.2721397029344,0.20785590665406561
480.3721397029344,0.21034923637052486
480.47213970293444,0.2128841316127646
480.57213970293446,0.21546142719401687
480.6721397029345,0.2180819757676106
480.7721397029345,0.22074664814525147
480.87213970293453,0.22345633361370573
480.97213970293456,0.22621194024911492
481.0721397029346,0.2290143952281008
481.1721397029346,0.23186464513473765
481.2721397029346,0.23476365626239
481.37213970293465,0.23771241490932166
481.47213970293467,0.24071192766688654
481.5721397029347,0.24376322169901132
481.6721397029347,0.24686734501156576
481.77213970293474,0.25002536671010245
481.87213970293476,0.25323837724431886
481.9721397029348,0.25650748863746137
482.0721397029348,0.259833834698745
482.1721397029348,0.2632185712167101
482.27213970293485,0.2666628761312707
482.3721397029349,0.27016794968203584
482.4721397029349,0.27373501453029536
482.5721397029349,0.27736531585186563
482.67213970293494,0.28106012139777353
482.77213970293496,0.2848207215195376
482.872139702935,0.2886484291555582
482.972139702935,0.2925445797748799
483.07213970293503,0.2965105312743142
483.17213970293506,0.30054766382462805
483.2721397029351,0.304657379661196
483.3721397029351,0.30884110281419813
483.4721397029351,0.31310027877310065
483.57213970293515,0.31743637407980474
483.67213970293517,0.32185087584446703
483.7721397029352,0.3263452911776013
483.8721397029352,0.3309211465316528
483.97213970293524,0.3355799869448005
484.07213970293526,0.3403233751792824
484.1721397029353,0.345152890746062
484.2721397029353,0.3500701288071533
484.3721397029353,0.35507669894640237
484.47213970293535,0.3601742237989816
484.5721397029354,0.3653643375292956
484.6721397029354,0.3706486841464169
484.7721397029354,0.3760289156455764
484.87213970293544,0.3815066899636219
484.97213970293546,0.38708366873573463
485.0721397029355,0.3927615148400576
485.1721397029355,0.39854188971624843
485.27213970293553,0.4044264504433221
485.37213970293556,0.410416846561502
485.4721397029356,0.4165147166221586
485.5721397029356,0.4227216844492828
485.6721397029356,0.4290393550953334
485.77213970293565,0.43546931047371035
485.87213970293567,0.4420131046495566
485.9721397029357,0.4486722587700883
486.0721397029357,0.45544825561520463
486.17213970293574,0.46234253374875145
486.27213970293576,0.46935648125052337
486.3721397029358,0.47649142900889285
486.4721397029358,0.48374864355388736
486.57213970293583,0.49112931941060006
486.67213970293585,0.49863457095304636
486.7721397029359,0.5062654237389936
486.8721397029359,0.5140228053069125
486.9721397029359,0.5219075354170604
487.07213970293594,0.5299203157198444
487.17213970293597,0.53806171883604
487.272139702936,0.546332176835217
487.372139702936,0.5547319691008734
487.47213970293603,0.5632612095733309
487.57213970293606,0.5719198333644628
487.6721397029361,0.5807075827418321
487.7721397029361,0.5896239924838612
487.8721397029361,0.5986683746122797
487.97213970293615,0.6078398025133459
488.07213970293617,0.6171370944652478
488.1721397029362,0.6265587965957093
488.2721397029362,0.6361031653011787
488.37213970293624,0.6457681491671077
488.47213970293626,0.6555513704377549
488.5721397029363,0.6654501060936918
488.6721397029363,0.6754612686057565
488.77213970293633,0.685581386445596
488.87213970293635,0.6958065844451371
488.9721397029364,0.7061325641103069
489.0721397029364,0.7165545840080247
489.1721397029364,0.7270674403598523
489.27213970293644,0.7376654479906039
489.37213970293647,0.7483424217955814
489.4721397029365,0.7590916589057473
489.5721397029365,0.7699059217458979
489.67213970293653,0.7807774221965555
489.77213970293656,0.791697807085576
489.8721397029366,0.80265814525012
489.9721397029366,0.8136489164233085
490.0721397029366,0.8246600022122342
490.17213970293665,0.835680679444635
490.27213970293667,0.8466996161700244
490.3721397029367,0.8577048706069731
490.4721397029367,0.868683893331072
490.57213970293674,0.8796235329973959
490.67213970293676,0.890510045886546
490.7721397029368,0.9013291095540903
490.8721397029368,0.9120658408490092
490.97213970293683,0.9227048185471373
491.07213970293685,0.9332301108202503
491.1721397029369,0.9436253077300387
491.2721397029369,0.9538735588985838
491.3721397029369,0.9639576164629768
491.47213970293694,0.973859883371467
491.57213970293697,0.9835624670221663
491.672139702937,0.9930472381832217
491.772139702937,1.0022958950660408
491.87213970293703,1.0112900323513105
491.97213970293706,1.0200112148921143
492.0721397029371,1.0284410557404995
492.1721397029371,1.0365612980646746
492.2721397029371,1.0443539004450466
492.37213970293715,1.0518011249601276
492.47213970293717,1.0588856273996667
492.5721397029372,1.065590548873937
492.6721397029372,1.0718996080267424
492.77213970293724,1.0777971930071955
492.87213970293726,1.0832684523133282
492.9721397029373,1.0882993835907275
493.0721397029373,1.0928769194529895
493.17213970293733,1.096989009389001
493.27213970293735,1.1006246968356923
493.3721397029374,1.1037741905244585
493.4721397029374,1.1064289292549938
493.5721397029374,1.108581639311547
493.67213970293744,1.1102263838128328
493.77213970293747,1.1113586033769256
493.8721397029375,1.1119751475848738
493.9721397029375,1.1120148278574138
494.07213970293753,1.110587768623432
494.17213970293756,1.1074088941484512
494.2721397029376,1.1025082075188164
494.3721397029376,1.09593145907784
494.4721397029376,1.0877390914278657
494.57213970293765,1.0780048771585407
494.67213970293767,1.0668143054088124
494.7721397029377,1.0542627810526655
494.8721397029377,1.04045370407187
494.97213970293774,1.0254964965983742
495.07213970293776,1.0095046415304012
495.1721397029378,0.9925937901409579
495.2721397029378,0.9748799874483877
495.37213970293783,0.9564780541132394
495.47213970293785,0.9375001530546102
495.5721397029379,0.9180545585503865
495.6721397029379,0.898244635879416
495.7721397029379,0.8781680310071203
495.87213970293794,0.8579160626798014
495.97213970293797,0.8375733037010461
496.072139702938,0.8172173341159006
496.172139702938,0.796918646427954
496.27213970293803,0.7767406816568924
496.37213970293806,0.7567399748056703
496.4721397029381,0.7369663889276771
496.5721397029381,0.7174634182486368
496.6721397029381,0.6982685425055247
496.77213970293815,0.6794136166405897
496.87213970293817,0.6609252820870607
496.9721397029382,0.6428253879889947
497.0721397029382,0.6251314127246139
497.17213970293824,0.6078568779898506
497.27213970293826,0.5910117494083185
497.3721397029383,0.5746028191451837
497.4721397029383,0.5586340673090883
497.57213970293833,0.5431070000324757
497.67213970293835,0.5280209630376742
497.7721397029384,0.5133734302398846
497.8721397029384,0.49916026752731396
497.9721397029384,0.4853759723125761
498.07213970293844,0.47201388978751124
498.17213970293847,0.45906640705412094
498.2721397029385,0.44652512646429404
498.3721397029385,0.4343810195956245
498.47213970293853,0.4226245633332031
498.57213970293856,0.41124585952934406
498.6721397029386,0.400234739684506
498.7721397029386,0.3895808560413409
498.8721397029386,0.3792737604165369
498.97213970293865,0.3693029720173208
499.07213970293867,0.3596580354054573
499.1721397029387,0.3503285696846993
499.2721397029387,0.34130430990048316
499.37213970293874,0.33257514155515333
499.47213970293876,0.3241311290595381
499.5721397029388,0.3159625388632641
499.6721397029388,0.3080598579323947
499.77213970293883,0.30041380817420243
499.87213970293885,0.2930153573452595
499.9721397029389,0.28585572692058653
500.0721397029389,0.2789263973482034
500.1721397029389,0.2722191110649015
500.27213970293894,0.2657258736051389
500.37213970293897,0.25943895309538795
500.472139702939,0.25335087839071424
500.572139702939,0.2474544360785461
500.67213970293903,0.2417426665461876
500.77213970293906,0.236208859283342
500.8721397029391,0.23084654756845627
500.9721397029391,0.22564950266780345
501.0721397029391,0.22061172765863687
501.17213970293915,0.21572745097223334
501.27213970293917,0.21099111973899068
501.3721397029392,0.20639739300574567
501.4721397029392,0.20194113488495774
501.57213970293924,0.19761740768620023
501.67213970293926,0.19342146507235827
501.7721397029393,0.18934874527592424
501.8721397029393,0.1853948644046881
501.97213970293933,0.1815556098608287
502.07213970293935,0.17782693389282977
502.1721397029394,0.17420494729569308
502.2721397029394,0.17068591327151025
502.3721397029394,0.16726624145952865
502.47213970293944,0.16394248214234589
502.57213970293947,0.16071132063272756
502.6721397029395,0.15756957184373088
502.7721397029395,0.15451417504328485
502.87213970293953,0.15154218879308728
502.97213970293956,0.14865078607060336
503.0721397029396,0.14583724957206026
503.1721397029396,0.14309896719359794
503.2721397029396,0.14043342768714362
503.37213970293965,0.13783821648710215
503.47213970293967,0.13531101170358095
503.5721397029397,0.13284958027758356
503.6721397029397,0.13045177429339583
503.77213970293974,0.12811552744324253
503.87213970293976,0.1258388516392
503.9721397029398,0.12361983376730534
504.0721397029398,0.12145663257879465
504.17213970293983,0.1193474757134273
504.27213970293985,0.11729065684990628
504.3721397029399,0.11528453297847646
504.4721397029399,0.11332752179087496
504.5721397029399,0.11141809918291377
504.67213970293994,0.10955479686509112
504.77213970293997,0.10773620007675387
504.87213970294,0.10596094539946624
504.97213970294,0.1042277186653757
505.07213970294004,0.10253525295650752
505.17213970294006,0.10088232669105959
505.2721397029401,0.09926776179291232
505.3721397029401,0.09769042194070826
505.4721397029401,0.09614921089299637
505.57213970294015,0.094643070886074
505.67213970294017,0.09317098110129489
505.7721397029402,0.09173195619874341
505.8721397029402,0.09032504491430549
505.97213970294024,0.08894932871729157
506.07213970294026,0.0876039205258887
506.1721397029403,0.08628796347783799
506.2721397029403,0.08500062975384666
506.37213970294033,0.08374111945135468
506.47213970294035,0.08250865950638199
506.5721397029404,0.08130250266128439
506.6721397029404,0.08012192647634425
506.7721397029404,0.07896623238321654
506.87213970294044,0.0778347447783411
506.97213970294047,0.07672681015451846
507.0721397029405,0.07564179626892961
507.1721397029405,0.07457909134595977
507.27213970294054,0.0735381033132614
507.37213970294056,0.07251825906956494
507.4721397029406,0.07151900378281506
507.5721397029406,0.07053980021727552
507.6721397029406,0.06958012808831023
507.77213970294065,0.06863948344360725
507.8721397029407,0.06771737806967061
507.9721397029407,0.06681333892245934
508.0721397029407,0.06592690758110577
508.17213970294074,0.06505763972369405
508.27213970294076,0.06420510462412886
508.3721397029408,0.0633688846691677
508.4721397029408,0.06254857489473471
508.57213970294083,0.06174378254067413
508.67213970294085,0.06095412662314093
508.7721397029409,0.06017923752386344
508.8721397029409,0.0594187565955477
508.9721397029409,0.05867233578272784
509.07213970294094,0.05793963725739819
509.17213970294097,0.057220333068793656
509.272139702941,0.05651410480671427
509.372139702941,0.055820643277816995
509.47213970294104,0.055139648194324715
509.57213970294106,0.05447082787462738
509.6721397029411,0.053813898955274005
509.7721397029411,0.053168586113877224
509.8721397029411,0.052534621802473536
509.97213970294115,0.05191174599090348
510.0721397029412,0.051299705919794866
510.1721397029412,0.050698255862752
510.2721397029412,0.050107156897370476
510.37213970294124,0.04952617668471513
510.47213970294126,0.04895508925691428
510.5721397029413,0.048393674812539075
510.6721397029413,0.047841719519451216
510.77213970294133,0.04729901532481687
510.87213970294135,0.04676535977199711
510.9721397029414,0.046240555824038604
511.0721397029414,0.04572441169350006
511.1721397029414,0.04521674067836165
511.27213970294144,0.044717361003775186
511.37213970294147,0.04422609566942428
511.4721397029415,0.0437427723022725
511.5721397029415,0.043267223014488085
511.67213970294154,0.04279928426634231
511.77213970294156,0.04233879673388756
511.8721397029416,0.0418856051812291
511.9721397029416,0.04143955833721304
512.0721397029416,0.04100050877635983
512.1721397029416,0.0405683128038803
512.2721397029417,0.040142830344617964
512.3721397029417,0.03972392483576791
512.4721397029417,0.03931146312322854
512.5721397029417,0.03890531536144925
512.6721397029418,0.03850535491664164
512.7721397029418,0.03811145827322839
512.8721397029418,0.037723504943408495
512.9721397029418,0.03734137737972282
513.0721397029419,0.036964960890508415
513.1721397029419,0.03659414355813505
513.2721397029419,0.036228816159921226
513.3721397029419,0.035868872091631455
513.472139702942,0.03551420729346041
513.572139702942,0.035164720178413385
513.672139702942,0.03482031156299612
513.772139702942,0.03448088460013049
513.872139702942,0.03414634471421603
513.9721397029421,0.03381659953826021
514.0721397029421,0.03349155885300358
514.1721397029421,0.03317113452796888
514.2721397029421,0.03285524046436561
514.3721397029421,0.0325437925397849
514.4721397029422,0.03223670855462138
514.5721397029422,0.031933908180161556
514.6721397029422,0.03163531290828061
514.7721397029422,0.03134084600269156
514.8721397029423,0.03105043245169285
514.9721397029423,0.030763998922362916
515.0721397029423,0.030481473716151695
515.1721397029423,0.03020278672582121
515.2721397029424,0.02992786939368933
515.3721397029424,0.029656654671132203
515.4721397029424,0.029389076979302677
515.5721397029424,0.029125072171023864
515.6721397029424,0.028864577493818024
515.7721397029425,0.028607531554032936
515.8721397029425,0.02835387428202895
515.9721397029425,0.028103546898391535
516.0721397029425,0.02785649188113525
516.1721397029426,0.02761265293386642
516.2721397029426,0.027371974954872983
516.3721397029426,0.027134404007111063
516.4721397029426,0.026899887289059003
516.5721397029426,0.026668373106410646
516.6721397029427,0.026439810844580525
516.7721397029427,0.0262141509419949
516.8721397029427,0.025991344864143208
516.9721397029427,0.025771345078365555
517.0721397029428,0.025554105029352757
517.1721397029428,0.0253395791153362
517.2721397029428,0.025127722664945618
517.3721397029428,0.024918491914713695
517.4721397029429,0.024711843987207088
517.5721397029429,0.02450773686976419
517.6721397029429,0.024306129393820687
517.7721397029429,0.024106981214804542
517.872139702943,0.02391025279258268
517.972139702943,0.023715905372442433
518.072139702943,0.02352390096659107
518.172139702943,0.02333420233615762
518.272139702943,0.023146772973681506
518.3721397029431,0.022961577086073194
518.4721397029431,0.02277857957803248
518.5721397029431,0.02259774603591049
518.6721397029431,0.022419042712002065
518.7721397029432,0.02224243650925552
518.8721397029432,0.022067894966387284
518.9721397029432,0.021895386243389256
519.0721397029432,0.0217248791074173
519.1721397029432,0.021556342919049367
519.2721397029433,0.021389747618902513
519.3721397029433,0.02122506371459807
519.4721397029433,0.021062262268064815
519.5721397029433,0.020901314883170208
519.6721397029434,0.020742193693670138
519.7721397029434,0.020584871351467866
519.8721397029434,0.020429321015173262
519.9721397029434,0.020275516338953595
520.0721397029434,0.020123431461667528
520.1721397029435,0.019973040996274123
520.2721397029435,0.01982432001950909
520.3721397029435,0.01967724406182052
520.4721397029435,0.01953178909755683
520.5721397029436,0.019387931535399763
520.6721397029436,0.019245648209035463
520.7721397029436,0.01910491636805698
520.8721397029436,0.018965713669091697
520.9721397029437,0.018828018167147374
521.0721397029437,0.01869180830717073
521.1721397029437,0.018557062915812664
521.2721397029437,0.018423761193394363
521.3721397029437,0.018291882706068786
521.4721397029438,0.018161407378172147
521.5721397029438,0.018032315484760142
521.6721397029438,0.017904587644323903
521.7721397029438,0.017778204811680815
521.8721397029439,0.017653148271035368
521.9721397029439,0.017529399629205494
522.0721397029439,0.017406940809009917
522.1721397029439,0.01728575404281217
522.272139702944,0.017165821866217068
522.372139702944,0.017047127111915597
522.472139702944,0.016929652903674222
522.572139702944,0.01681338265046483
522.672139702944,0.016698300040731466
522.7721397029441,0.01658438903679046
522.8721397029441,0.016471633869360163
522.9721397029441,0.01636001903221716
523.0721397029441,0.016249529276975448
523.1721397029442,0.016140149607985446
523.2721397029442,0.016031865277349795
523.3721397029442,0.015924661780052755
523.4721397029442,0.015818524849200447
523.5721397029442,0.015713440451368934
523.6721397029443,0.015609394782057442
523.7721397029443,0.015506374261244071
523.8721397029443,0.01540436552904124
523.9721397029443,0.01530335544144851
524.0721397029444,0.015203331066200136
524.1721397029444,0.015104279678705108
524.2721397029444,0.015006188758077228
524.3721397029444,0.014909045983252999
524.4721397029444,0.014812839229195199
524.5721397029445,0.014717556563179836
524.6721397029445,0.014623186241164585
524.7721397029445,0.014529716704236546
524.8721397029445,0.014437136575137415
524.9721397029446,0.014345434654864186
525.0721397029446,0.014254599919343424
525.1721397029446,0.014164621516177449
525.2721397029446,0.014075488761460479
525.3721397029447,0.013987191136663244
525.4721397029447,0.013899718285584228
525.5721397029447,0.013813060011365954
525.6721397029447,0.013727206273574866
525.7721397029447,0.013642147185343076
525.8721397029448,0.013557873010570654
525.9721397029448,0.013474374161186905
526.0721397029448,0.013391641194469265
526.1721397029448,0.013309664810418446
526.2721397029449,0.013228435849188452
526.3721397029449,0.013147945288570233
526.4721397029449,0.013068184241527609
526.5721397029449,0.01298914395378435
526.672139702945,0.01291081580146111
526.772139702945,0.012833191288761063
526.872139702945,0.012756262045703185
526.972139702945,0.012680019825901943
527.072139702945,0.012604456504392412
527.1721397029451,0.01252956407549971
527.2721397029451,0.012455334650751758
527.3721397029451,0.012381760456834342
527.4721397029451,0.012308833833587517
527.5721397029452,0.01223654723204242
527.6721397029452,0.012164893212497504
527.7721397029452,0.012093864442633391
527.8721397029452,0.012023453695665392
527.9721397029452,0.011953653848532829
528.0721397029453,0.01188445788012442
528.1721397029453,0.011815858869538794
528.2721397029453,0.011747849994379438
528.3721397029453,0.011680424529083253
528.4721397029454,0.011613575843281966
528.5721397029454,0.011547297400195725
528.6721397029454,0.011481582755058043
528.7721397029454,0.01141642555357155
528.8721397029454,0.011351819530393714
528.9721397029455,0.011287758507651985
529.0721397029455,0.011224236393487666
529.1721397029455,0.01116124718062785
529.2721397029455,0.011098784944984907
529.3721397029456,0.011036843844282782
529.4721397029456,0.010975418116709655
529.5721397029456,0.010914502079596286
529.6721397029456,0.010854090128119534
529.7721397029457,0.010794176734030539
529.8721397029457,0.01073475644440693
529.9721397029457,0.01067582388042867
530.0721397029457,0.010617373736176937
530.1721397029457,0.010559400777455586
530.2721397029458,0.010501899840634718
530.3721397029458,0.010444865831515838
530.4721397029458,0.010388293724218222
530.5721397029458,0.010332178560085958
530.6721397029459,0.010276515446615297
530.7721397029459,0.010221299556401834
530.8721397029459,0.010166526126107116
530.9721397029459,0.010112190455444314
531.072139702946,0.01005828790618246
531.172139702946,0.010004813901168993
531.272139702946,0.009951763923370101
531.372139702946,0.009899133514928597
531.472139702946,0.009846918276238901
531.5721397029461,0.009795113865038788
531.6721397029461,0.00974371599551759
531.7721397029461,0.009692720437440445
531.8721397029461,0.00964212301528836
531.9721397029462,0.009591919607413665
532.0721397029462,0.0095421061452106
532.1721397029462,0.009492678612300744
532.2721397029462,0.009443633043732916
532.3721397029462,0.00939496552519734
532.4721397029463,0.009346672192253687
532.5721397029463,0.00929874922957284
532.6721397029463,0.009251192870191976
532.7721397029463,0.009203999394782775
532.8721397029464,0.009157165130932508
532.9721397029464,0.009110686452437658
533.0721397029464,0.00906455977860994
533.1721397029464,0.00901878157359437
533.2721397029464,0.008973348345699211
533.3721397029465,0.008928256646737553
533.4721397029465,0.008883503071380245
533.5721397029465,0.008839084256520044
533.6721397029465,0.008794996880646666
533.7721397029466,0.00875123766323262
533.8721397029466,0.008707803364129522
533.9721397029466,0.008664690782974745
534.0721397029466,0.008621896758608218
534.1721397029467,0.008579418168499092
534.2721397029467,0.008537251928182181
534.3721397029467,0.008495394990703944
534.4721397029467,0.00845384434607779
534.5721397029467,0.008412597020748603
534.6721397029468,0.008371650077066263
534.7721397029468,0.008331000612767973
534.8721397029468,0.00829064576046929
534.9721397029468,0.008250582687163614
535.0721397029469,0.008210808593730044
535.1721397029469,0.008171320714449402
535.2721397029469,0.008132116316528278
535.3721397029469,0.008093192699630948
535.472139702947,0.008054547195419036
535.572139702947,0.008016177167098732
535.672139702947,0.00797808000897545
535.772139702947,0.00794025314601582
535.872139702947,0.007902694033416783
535.9721397029471,0.007865400156181774
536.0721397029471,0.007828369028703768
536.1721397029471,0.007791598194355122
536.2721397029471,0.007755085225084039
536.3721397029472,0.007718827721017571
536.4721397029472,0.007682823310071038
536.5721397029472,0.0076470696475636965
536.6721397029472,0.007611564415840628
536.7721397029472,0.007576305323900647
536.8721397029473,0.0075412901070301686
536.9721397029473,0.007506516526442939
537.0721397029473,0.007471982368925453
537.1721397029473,0.007437685446488062
537.2721397029474,0.007403623596021551
537.3721397029474,0.007369794678959191
537.4721397029474,0.0073361965809441
537.5721397029474,0.007302827211501836
537.6721397029474,0.007269684503718154
537.7721397029475,0.007236766413921789
537.8721397029475,0.007204070921372218
537.9721397029475,0.0071715960279522825
538.0721397029475,0.007139339757865593
538.1721397029476,0.007107300157338652
538.2721397029476,0.007075475294327576
538.3721397029476,0.007043863258229365
538.4721397029476,0.007012462159597621
538.5721397029477,0.006981270129862651
538.6721397029477,0.006950285321055867
538.7721397029477,0.006919505905538409
538.8721397029477,0.0068889300757339345
538.9721397029477,0.006858556043865464
539.0721397029478,0.006828382041696267
539.1721397029478,0.00679840632027466
539.2721397029478,0.006768627149682682
539.3721397029478,0.006739042818788597
539.4721397029479,0.006709651635003092
539.5721397029479,0.0066804519240392084
539.6721397029479,0.0066514420296758196
539.7721397029479,0.006622620313524717
539.872139702948,0.006593985154801146
539.972139702948,0.006565534950097791
540.072139702948,0.006537268113162127
540.172139702948,0.0065091830746770805
540.272139702948,0.00648127828204496
540.3721397029481,0.0064535521991745835
540.4721397029481,0.0064260033062715416
540.5721397029481,0.006398630099631589
540.6721397029481,0.00637143109143704
540.7721397029482,0.006344404809556196
540.8721397029482,0.006317549797345682
540.9721397029482,0.006290864613455701
541.0721397029482,0.006264347831638127
541.1721397029482,0.00623799804055738
541.2721397029483,0.006211813843604084
541.3721397029483,0.006185793858711401
541.4721397029483,0.006159936718174047
541.5721397029483,0.006134241068469916
541.6721397029484,0.0061087055700842765
541.7721397029484,0.006083328897336515
541.8721397029484,0.006058109738209339
541.9721397029484,0.006033046794180475
542.0721397029484,0.00600813878005673
542.1721397029485,0.005983384423810456
542.2721397029485,0.005958782466418338
542.3721397029485,0.005934331661702462
542.4721397029485,0.005910030776173663
542.5721397029486,0.005885878588877073
542.6721397029486,0.005861873891239872
542.7721397029486,0.005838015486921175
542.8721397029486,0.005814302191664034
542.9721397029487,0.005790732833149536
543.0721397029487,0.005767306250852924
543.1721397029487,0.005744021295901764
543.2721397029487,0.005720876830936059
543.3721397029487,0.005697871729970352
543.4721397029488,0.005675004878257717
543.5721397029488,0.005652275172155657
543.6721397029488,0.005629681518993867
543.7721397029488,0.005607222836943801
543.8721397029489,0.005584898054890077
543.9721397029489,0.005562706112303631
544.0721397029489,0.005540645959116615
544.1721397029489,0.005518716555599035
544.272139702949,0.005496916872237052
544.372139702949,0.005475245889612973
544.472139702949,0.005453702598286863
544.572139702949,0.0054322859986797875
544.672139702949,0.0054109951009586234
544.7721397029491,0.005389828924922447
544.8721397029491,0.005368786499890462
544.9721397029491,0.005347866864591436
545.0721397029491,0.005327069067054642
545.1721397029492,0.005306392164502245
545.2721397029492,0.0052858352232431705
545.3721397029492,0.005265397318568369
545.4721397029492,0.005245077534647496
545.5721397029492,0.005224874964426973
545.6721397029493,0.005204788709529404
545.7721397029493,0.0051848178801543405
545.8721397029493,0.0051649615949803645
545.9721397029493,0.005145218981068455
546.0721397029494,0.005125589173766666
546.1721397029494,0.00510607131661603
546.2721397029494,0.005086664561257733
546.3721397029494,0.0050673680673414935
546.4721397029494,0.005048181002435153
546.5721397029495,0.005029102541935458
546.6721397029495,0.005010131868979996
546.7721397029495,0.0049912681743603015
546.8721397029495,0.004972510656436083
546.9721397029496,0.004953858521050574
547.0721397029496,0.004935310981446984
547.1721397029496,0.004916867258186027
547.2721397029496,0.004898526579064534
547.3721397029497,0.004880288179035098
547.4721397029497,0.004862151300126779
547.5721397029497,0.004844115191366807
547.6721397029497,0.004826179108703315
547.7721397029497,0.004808342314929047
547.8721397029498,0.0047906040796060504
547.9721397029498,0.004772963678991335
548.0721397029498,0.004755420395963473
548.1721397029498,0.004737973519950147
548.2721397029499,0.004720622346856607
548.3721397029499,0.004703366178995041
548.4721397029499,0.004686204325014848
548.5721397029499,0.004669136099833782
548.67213970295,0.004652160824569974
548.77213970295,0.004635277826474807
548.87213970295,0.004618486438866639
548.97213970295,0.004601786001065361
549.07213970295,0.004585175858327764
549.1721397029501,0.004568655361783734
549.2721397029501,0.004552223868373224
549.3721397029501,0.004535880740784036
549.4721397029501,0.004519625347390353
549.5721397029502,0.0045034570621920525
549.6721397029502,0.004487375264754772
549.7721397029502,0.004471379340150705
549.8721397029502,0.004455468678900143
549.9721397029502,0.004439642676913737
550.0721397029503,0.004423900735435457
550.1721397029503,0.0044082422609862774
550.2721397029503,0.004392666665308528
550.3721397029503,0.004377173365310953
550.4721397029504,0.004361761783014415
550.5721397029504,0.004346431345498293
550.6721397029504,0.004331181484847505
550.7721397029504,0.0043160116381001975
550.8721397029504,0.00430092124719606
550.9721397029505,0.004285909758925268
551.0721397029505,0.004270976624878047
551.1721397029505,0.004256121301394848
551.2721397029505,0.004241343249517118
551.3721397029506,0.004226641934938671
551.4721397029506,0.004212016827957641
551.5721397029506,0.0041974674034290045
551.6721397029506,0.004182993140717696
551.7721397029507,0.004168593523652251
551.8721397029507,0.004154268040479035
551.9721397029507,0.004140016183816999
552.0721397029507,0.004125837450612973
552.1721397029507,0.004111731342097512
552.2721397029508,0.004097697363741238
552.3721397029508,0.004083735025211721
552.4721397029508,0.004069843840330861
552.5721397029508,0.004056023327032771
552.6721397029509,0.004042273007322163
552.7721397029509,0.004028592407233224
552.8721397029509,0.004014981056788969
552.9721397029509,0.004001438489961074
553.072139702951,0.00398796424463018
553.172139702951,0.003974557862546666
553.272139702951,0.003961218889291871
553.372139702951,0.0039479468742397725
553.472139702951,0.003934741370519109
553.5721397029511,0.003921601934975948
553.6721397029511,0.003908528128136683
553.7721397029511,0.003895519514171461
553.8721397029511,0.003882575660858031
553.9721397029512,0.0038696961395460073
554.0721397029512,0.0038568805251215556
554.1721397029512,0.0038441283959724753
554.2721397029512,0.003831439333953682
554.3721397029512,0.0038188129243530945
554.4721397029513,0.0038062487558578996
554.5721397029513,0.0037937464205212226
554.6721397029513,0.0037813055137291512
554.7721397029513,0.0037689256341681614
554.8721397029514,0.003756606383792895
554.9721397029514,0.00374434736779431
555.0721397029514,0.003732148194568198
555.1721397029514,0.0037200084756840463
555.2721397029514,0.0037079278258542615
555.3721397029515,0.003695905862903731
555.4721397029515,0.0036839422077397403
555.5721397029515,0.0036720364843222182
555.6721397029515,0.0036601883196343194
555.7721397029516,0.003648397343653336
555.8721397029516,0.003636663189321935
555.9721397029516,0.0036249854925197215
556.0721397029516,0.003613363892035113
556.1721397029517,0.003601798029537529
556.2721397029517,0.0035902875495498927
556.3721397029517,0.0035788320994214313
556.4721397029517,0.0035674313293007896
556.5721397029517,0.00355608489210943
556.6721397029518,0.00354479244351533
556.7721397029518,0.0035335536419069755
556.8721397029518,0.003522368148367626
556.9721397029518,0.0035112356266498866
557.0721397029519,0.003500155743150537
557.1721397029519,0.0034891281668856444
557.2721397029519,0.003478152569465957
557.3721397029519,0.0034672286250725494
557.472139702952,0.003456356010432754
557.572139702952,0.003445534404796338
557.672139702952,0.003434763489911951
557.772139702952,0.003424042950003815
557.872139702952,0.0034133724717486887
557.9721397029521,0.00340275174425306
558.0721397029521,0.003392180459030598
558.1721397029521,0.0033816583099798426
558.2721397029521,0.0033711849933621358
558.3721397029522,0.003360760207779795
558.4721397029522,0.0033503836541545163
558.5721397029522,0.0033400550357060104
558.6721397029522,0.0033297740579308665
558.7721397029522,0.003319540428581644
558.8721397029523,0.0033093538576461907
558.9721397029523,0.0032992140573271777
559.0721397029523,0.0032891207420218493
559.1721397029523,0.0032790736283019976
559.2721397029524,0.0032690724348941364
559.3721397029524,0.003259116882659902
559.4721397029524,0.0032492066945766494
559.5721397029524,0.003239341595718256
559.6721397029524,0.0032295213132361314
559.7721397029525,0.00321974557634042
559.8721397029525,0.0032100141162814126
559.9721397029525,0.0032003266663311472
560.0721397029525,0.003190682961765199
560.1721397029526,0.003181082739844666
560.2721397029526,0.003171525739798345
560.3721397029526,0.0031620117028050916
560.4721397029526,0.0031525403719763604
560.5721397029527,0.0031431114923389345
560.6721397029527,0.003133724810817826
560.7721397029527,0.0031243800762193645
560.8721397029527,0.0031150770392144506
560.9721397029527,0.0031058154523219924
561.0721397029528,0.0030965950698925047
561.1721397029528,0.0030874156480918805
561.2721397029528,0.0030782769448853362
561.3721397029528,0.003069178720021511
561.4721397029529,0.0030601207350167393
561.5721397029529,0.00305110275313948
561.6721397029529,0.003042124539394901
561.7721397029529,0.0030331858605096348
561.872139702953,0.003024286484916677
561.972139702953,0.003015426182740444
562.072139702953,0.003006604725781986
562.172139702953,0.002997821887504338
562.272139702953,0.002989077443018042
562.3721397029531,0.002980371169066793
562.4721397029531,0.0029717028440132453
562.5721397029531,0.002963072247824952
562.6721397029531,0.0029544791620604626
562.7721397029532,0.0029459233698555377
562.8721397029532,0.0029374046559095257
562.9721397029532,0.002928922806471861
563.0721397029532,0.002920477609328703
563.1721397029532,0.0029120688537897102
563.2721397029533,0.002903696330674948
563.3721397029533,0.0028953598323019215
563.4721397029533,0.0028870591524727436
563.5721397029533,0.002878794086461428
563.6721397029534,0.0028705644310013114
563.7721397029534,0.0028623699842725988
563.8721397029534,0.0028542105458900326
563.9721397029534,0.002846085916890686
564.0721397029535,0.002837995899721871
564.1721397029535,0.002829940298229177
564.2721397029535,0.002821918917644619
564.3721397029535,0.0028139315645749033
564.4721397029535,0.002805978046989814
564.5721397029536,0.0027980581742107044
564.6721397029536,0.0027901717568991147
564.7721397029536,0.00278231860704549
564.8721397029536,0.0027744985379580134
564.9721397029537,0.002766711364251545
565.0721397029537,0.002758956901836678
565.1721397029537,0.00275123496790889
565.2721397029537,0.002743545380937807
565.3721397029537,0.0027358879606565697
565.4721397029538,0.0027282625280513036
565.5721397029538,0.002720668905350692
565.6721397029538,0.002713106916015648
565.7721397029538,0.0027055763847290883
565.8721397029539,0.0026980771373858055
565.9721397029539,0.002690609001082434
566.0721397029539,0.0026831718041075226
566.1721397029539,0.0026757653759316912
566.272139702954,0.00266838954719789
566.372139702954,0.0026610441497117478
566.472139702954,0.0026537290164320134
566.572139702954,0.0026464439814610926
566.672139702954,0.0026391888800356695
566.7721397029541,0.0026319635485174235
566.8721397029541,0.002624767824383827
566.9721397029541,0.0026176015462190372
567.0721397029541,0.0026104645537048748
567.1721397029542,0.0026033566876118835
567.2721397029542,0.002596277789790478
567.3721397029542,0.0025892277031621712
567.4721397029542,0.002582206271710893
567.5721397029542,0.0025752133404743824
567.6721397029543,0.0025682487555356653
567.7721397029543,0.0025613123640146106
567.8721397029543,0.0025544040140595666
567.9721397029543,0.0025475235548390756
568.0721397029544,0.002540670836533668
568.1721397029544,0.00253384571032773
568.2721397029544,0.0025270480284014505
568.3721397029544,0.0025202776439228387
568.4721397029545,0.0025135344110398237
568.5721397029545,0.0025068181848724195
568.6721397029545,0.002500128821504968
568.7721397029545,0.0024934661779784555
568.8721397029545,0.00248683011228289
568.9721397029546,0.002480220483349766
569.0721397029546,0.002473637151044585
569.1721397029546,0.0024670799761594498
569.2721397029546,0.0024605488204057294
569.3721397029547,0.002454043546406787
569.4721397029547,0.00244756401769078
569.5721397029547,0.002441110098683524
569.6721397029547,0.002434681654701419
569.7721397029547,0.0024282785519444444
569.8721397029548,0.00242190065748922
569.9721397029548,0.0024155478392821244
570.0721397029548,0.0024092199661324815
570.1721397029548,0.002402916907705807
570.2721397029549,0.002396638534517114
570.3721397029549,0.002390384717924287
570.4721397029549,0.002384155330121508
570.5721397029549,0.0023779502441327455
570.672139702955,0.0023717693338053056
570.772139702955,0.0023656124738034323
570.872139702955,0.00235947953960198
570.972139702955,0.0023533704074801287
571.072139702955,0.0023472849545151647
571.1721397029551,0.0023412230585763147
571.2721397029551,0.002335184598318634
571.3721397029551,0.0023291694531769524
571.4721397029551,0.002323177503359874
571.5721397029552,0.0023172086298438267
571.6721397029552,0.0023112627143671723
571.7721397029552,0.00230533963942436
571.8721397029552,0.0022994392882601405
571.9721397029552,0.0022935615448638294
572.0721397029553,0.0022877062939636174
572.1721397029553,0.0022818734210209345
572.2721397029553,0.002276062812224867
572.3721397029553,0.0022702743544866177
572.4721397029554,0.0022645079354340213
572.5721397029554,0.002258763443406105
572.6721397029554,0.002253040767447693
572.7721397029554,0.0022473397973040723
572.8721397029555,0.0022416604234156883
572.9721397029555,0.0022360025369129004
573.0721397029555,0.0022303660296107766
573.1721397029555,0.0022247507940039352
573.2721397029555,0.002219156723261435
573.3721397029556,0.0022135837112217064
573.4721397029556,0.002208031652387526
573.5721397029556,0.0022025004419210415
573.6721397029556,0.0021969899756388318
573.7721397029557,0.0021915001500070167
573.8721397029557,0.0021860308621364064
573.9721397029557,0.0021805820097776916
574.0721397029557,0.0021751534913166787
574.1721397029557,0.002169745205769565
574.2721397029558,0.0021643570527782536
574.3721397029558,0.0021589889326057102
574.4721397029558,0.002153640746131361
574.5721397029558,0.0021483123948465273
574.6721397029559,0.0021430037808498996
574.7721397029559,0.002137714806843058
574.8721397029559,0.0021324453761260194
574.9721397029559,0.002127195392592832
575.072139702956,0.0021219647607272035
575.172139702956,0.0021167533855981683
575.272139702956,0.00211156117285579
575.372139702956,0.0021063880287269044
575.472139702956,0.002101233860010894
575.5721397029561,0.0020960985740755005
575.6721397029561,0.0020909820788526756
575.7721397029561,0.002085884282834464
575.8721397029561,0.002080805095068919
575.9721397029562,0.0020757444251560636
576.0721397029562,0.0020707021832438678
576.1721397029562,0.002065678280024279
576.2721397029562,0.002060672626729273
576.3721397029562,0.0020556851351269446
576.4721397029563,0.0020507157175176263
576.5721397029563,0.002045764286730046
576.6721397029563,0.0020408307561175115
576.7721397029563,0.002035915039554131
576.8721397029564,0.002031017051431061
576.9721397029564,0.00202613670665279
577.0721397029564,0.0020212739206334515
577.1721397029564,0.0020164286092931665
577.2721397029565,0.0020116006890544187
577.3721397029565,0.002006790076838462
577.4721397029565,0.0020019966900617476
577.5721397029565,0.0019972204466323965
577.6721397029565,0.0019924612649466896
577.7721397029566,0.001987719063885589
577.8721397029566,0.001982993762811292
577.9721397029566,0.0019782852815638107
578.0721397029566,0.0019735935404575806
578.1721397029567,0.001968918460278097
578.2721397029567,0.0019642599622785788
578.3721397029567,0.001959617968176662
578.4721397029567,0.001954992400151116
578.5721397029567,0.0019503831808385923
578.6721397029568,0.001945790233330397
578.7721397029568,0.0019412134811692893
578.8721397029568,0.0019366528483463056
578.9721397029568,0.001932108259297614
579.0721397029569,0.001927579638901391
579.1721397029569,0.0019230669124747225
579.2721397029569,0.0019185700057705339
579.3721397029569,0.0019140888449745406
579.472139702957,0.00190962335670223
579.572139702957,0.0019051734679958598
579.672139702957,0.0019007391063214883
579.772139702957,0.0018963201995660236
579.872139702957,0.0018919166760342967
579.9721397029571,0.0018875284644461648
580.0721397029571,0.0018831554939336295
580.1721397029571,0.001878797694037983
580.2721397029571,0.0018744549947069774
580.3721397029572,0.0018701273262920137
580.4721397029572,0.0018658146195453577
580.5721397029572,0.0018615168056173757
580.6721397029572,0.0018572338160537912
580.7721397029572,0.0018529655827929678
580.8721397029573,0.0018487120381632082
580.9721397029573,0.0018444731148800808
581.0721397029573,0.0018402487460437633
581.1721397029573,0.0018360388651364095
581.2721397029574,0.0018318434060195352
581.3721397029574,0.001827662302931428
581.4721397029574,0.0018234954904845764
581.5721397029574,0.0018193429036631168
581.6721397029575,0.001815204477820305
581.7721397029575,0.001811080148676003
581.8721397029575,0.0018069698523141926
581.9721397029575,0.0018028735251805004
582.0721397029575,0.0017987911040797484
582.1721397029576,0.0017947225261735228
582.2721397029576,0.0017906677289777576
582.3721397029576,0.001786626650360345
582.4721397029576,0.001782599228538758
582.5721397029577,0.0017785854020776943
582.6721397029577,0.0017745851098867392
582.7721397029577,0.0017705982912180444
582.8721397029577,0.001766624885664029
582.9721397029577,0.001762664833155095
583.0721397029578,0.0017587180739573607
583.1721397029578,0.0017547845486704154
583.2721397029578,0.0017508641982250865
583.3721397029578,0.0017469569638812283
583.4721397029579,0.001743062787225526
583.5721397029579,0.0017391816101693168
583.6721397029579,0.001735313374946428
583.7721397029579,0.0017314580241110324
583.872139702958,0.00172761550053552
583.972139702958,0.0017237857474083867
584.072139702958,0.0017199687082321382
584.172139702958,0.0017161643268212088
584.272139702958,0.0017123725472999018
584.3721397029581,0.00170859331410034
584.4721397029581,0.0017048265719604334
584.5721397029581,0.0017010722659218653
584.6721397029581,0.0016973303413280886
584.7721397029582,0.0016936007438223446
584.8721397029582,0.001689883419345689
584.9721397029582,0.0016861783141350402
585.0721397029582,0.001682485374721238
585.1721397029582,0.001678804547927117
585.2721397029583,0.0016751357808655993
585.3721397029583,0.0016714790209377954
585.4721397029583,0.001667834215831125
585.5721397029583,0.0016642013135174504
585.6721397029584,0.0016605802622512188
585.7721397029584,0.0016569710105676296
585.8721397029584,0.0016533735072808053
585.9721397029584,0.001649787701481983
586.0721397029585,0.0016462135425377128
586.1721397029585,0.0016426509800880795
586.2721397029585,0.001639099964044928
586.3721397029585,0.0016355604445901077
586.4721397029585,0.0016320323721737292
586.5721397029586,0.001628515697512431
586.6721397029586,0.0016250103715876657
586.7721397029586,0.0016215163456439932
586.8721397029586,0.0016180335711873872
586.9721397029587,0.0016145619999835589
587.0721397029587,0.0016111015840562866
587.1721397029587,0.0016076522756857654
587.2721397029587,0.0016042140274069626
587.3721397029587,0.0016007867920079877
587.4721397029588,0.0015973705225284774
587.5721397029588,0.0015939651722579862
587.6721397029588,0.0015905706947343967
587.7721397029588,0.0015871870437423352
587.8721397029589,0.0015838141733116031
587.9721397029589,0.0015804520377156175
588.0721397029589,0.0015771005914698647
588.1721397029589,0.0015737597893303653
588.272139702959,0.001570429586292149
588.372139702959,0.0015671099375877441
588.472139702959,0.001563800798685672
588.572139702959,0.0015605021252889598
588.672139702959,0.0015572138733336604
588.7721397029591,0.001553935998987382
588.8721397029591,0.0015506684586478316
588.9721397029591,0.0015474112089413667
589.0721397029591,0.0015441642067215598
589.1721397029592,0.0015409274090677713
589.2721397029592,0.0015377007732837334
589.3721397029592,0.0015344842568961476
589.4721397029592,0.0015312778176532838
589.5721397029592,0.001528081413523602
589.6721397029593,0.0015248950026943721
589.7721397029593,0.0015217185435703127
589.8721397029593,0.0015185519947722337
589.9721397029593,0.001515395315135692
590.0721397029594,0.0015122484637096567
590.1721397029594,0.0015091113997551821
590.2721397029594,0.0015059840827440932
590.3721397029594,0.0015028664723576784
590.4721397029595,0.0014997585284853906
590.5721397029595,0.0014966602112235624
590.6721397029595,0.0014935714808741259
590.7721397029595,0.0014904922979433438
590.8721397029595,0.0014874226231405478
590.9721397029596,0.0014843624173768908
591.0721397029596,0.0014813116417641008
591.1721397029596,0.0014782702576132505
591.2721397029596,0.0014752382264335319
591.3721397029597,0.0014722155099310395
591.4721397029597,0.001469202070007566
591.5721397029597,0.001466197868759401
591.6721397029597,0.0014632028684761441
591.7721397029597,0.0014602170316395215
591.8721397029598,0.0014572403209222123
591.9721397029598,0.0014542726991866874
592.0721397029598,0.0014513141294840502
592.1721397029598,0.0014483645750528891
592.2721397029599,0.0014454239993181388
592.3721397029599,0.0014424923658899467
592.4721397029599,0.0014395696385625498
592.5721397029599,0.0014366557813131598
592.67213970296,0.0014337507583008528
592.77213970296,0.0014308545338654723
592.87213970296,0.001427967072526532
592.97213970296,0.001425088338982136
593.07213970296,0.0014222182981078993
593.1721397029601,0.001419356914955878
593.2721397029601,0.001416504154753507
593.3721397029601,0.0014136599829025472
593.4721397029601,0.0014108243649780363
593.5721397029602,0.0014079972667272501
593.6721397029602,0.0014051786540686697
593.7721397029602,0.0014023684930909548
593.8721397029602,0.0013995667500519273
593.9721397029602,0.0013967733913775595
594.0721397029603,0.0013939883836609694
594.1721397029603,0.001391211693661424
594.2721397029603,0.0013884432883033485
594.3721397029603,0.0013856831346753442
594.4721397029604,0.0013829312000292115
594.5721397029604,0.001380187451778979
594.6721397029604,0.0013774518574999428
594.7721397029604,0.0013747243849277068
594.8721397029605,0.0013720050019572366
594.9721397029605,0.0013692936766419139
595.0721397029605,0.0013665903771926003
595.1721397029605,0.0013638950719767077
595.2721397029605,0.001361207729517273
595.3721397029606,0.0013585283184920428
595.4721397029606,0.00135585680773256
595.5721397029606,0.0013531931662232608
595.6721397029606,0.0013505373631005732
595.7721397029607,0.001347889367652028
595.8721397029607,0.00134524914931537
595.9721397029607,0.0013426166776776772
596.0721397029607,0.001339991922474489
596.1721397029607,0.001337374853588934
596.2721397029608,0.0013347654410508709
596.3721397029608,0.0013321636550360303
596.4721397029608,0.0013295694658651638
596.5721397029608,0.0013269828440031991
596.6721397029609,0.0013244037600584008
596.7721397029609,0.001321832184781537
596.8721397029609,0.001319268089065051
596.9721397029609,0.0013167114439422388
597.072139702961,0.0013141622205864335
597.172139702961,0.0013116203903101914
597.272139702961,0.0013090859245644892
597.372139702961,0.0013065587949379221
597.472139702961,0.0013040389731559083
597.5721397029611,0.0013015264310799017
597.6721397029611,0.0012990211407066033
597.7721397029611,0.0012965230741671875
597.8721397029611,0.0012940322037265242
597.9721397029612,0.0012915485017824118
598.0721397029612,0.0012890719408648133
598.1721397029612,0.0012866024936350985
598.2721397029612,0.00128414013288529
598.3721397029612,0.0012816848315373155
598.4721397029613,0.0012792365626422642
598.5721397029613,0.0012767952993796476
598.6721397029613,0.0012743610150566683
598.7721397029613,0.0012719336831074892
598.8721397029614,0.0012695132770925118
598.9721397029614,0.0012670997706976555
599.0721397029614,0.001264693137733644
599.1721397029614,0.001262293352135297
599.2721397029615,0.0012599003879608245
599.3721397029615,0.001257514219391127
599.4721397029615,0.0012551348207291
599.5721397029615,0.0012527621663989432
599.6721397029615,0.0012503962309454745
599.7721397029616,0.0012480369890334488
599.8721397029616,0.001245684415446879
599.9721397029616,0.0012433384850883654
600.0721397029616,0.0012409991729784256
600.1721397029617,0.0012386664542548315
600.2721397029617,0.0012363403041719496
600.3721397029617,0.0012340206981000857
600.4721397029617,0.0012317076115248332
600.5721397029617,0.0012294010200464274
600.6721397029618,0.0012271008993791025
600.7721397029618,0.0012248072253504532
600.8721397029618,0.0012225199739008012
600.9721397029618,0.0012202391210825634
601.0721397029619,0.0012179646430596285
601.1721397029619,0.0012156965161067338
601.2721397029619,0.0012134347166088467
601.3721397029619,0.001211179221060553
601.472139702962,0.0012089300060654446
601.572139702962,0.0012066870483355156
601.672139702962,0.0012044503246905595
601.772139702962,0.0012022198120575718
601.872139702962,0.0011999954874701547
601.9721397029621,0.0011977773280679273
602.0721397029621,0.00119556531109594
602.1721397029621,0.0011933594139040904
602.2721397029621,0.0011911596139465457
602.3721397029622,0.0011889658887811654
602.4721397029622,0.001186778216068932
602.5721397029622,0.0011845965735733815
602.6721397029622,0.0011824209391600403
602.7721397029622,0.0011802512907958637
602.8721397029623,0.0011780876065486787
602.9721397029623,0.001175929864586632
603.0721397029623,0.0011737780431776378
603.1721397029623,0.001171632120688834
603.2721397029624,0.0011694920755860375
603.3721397029624,0.001167357886433204
603.4721397029624,0.0011652295318918943
603.5721397029624,0.0011631069907207404
603.6721397029625,0.0011609902417749158
603.7721397029625,0.0011588792640056106
603.8721397029625,0.001156774036459508
603.9721397029625,0.0011546745382782656
604.0721397029625,0.001152580748698
604.1721397029626,0.0011504926470487732
604.2721397029626,0.001148410212754084
604.3721397029626,0.00114633342533036
604.4721397029626,0.0011442622643864574
604.5721397029627,0.001142196709623159
604.6721397029627,0.0011401367408326781
604.7721397029627,0.001138082337898165
604.8721397029627,0.001136033480793217
604.9721397029627,0.00113399014958139
605.0721397029628,0.0011319523244157149
605.1721397029628,0.0011299199855382166
605.2721397029628,0.0011278931132794347
605.3721397029628,0.0011258716880579492
605.4721397029629,0.001123855690379908
605.5721397029629,0.0011218451008385565
605.6721397029629,0.0011198399001137735
605.7721397029629,0.0011178400689716046
605.872139702963,0.001115845588263805
605.972139702963,0.0011138564389273787
606.072139702963,0.0011118726019841254
606.172139702963,0.0011098940585401885
606.272139702963,0.0011079207897856044
606.3721397029631,0.0011059527769938574
606.4721397029631,0.0011039900015214355
606.5721397029631,0.0011020324448073897
606.6721397029631,0.0011000800883728954
606.7721397029632,0.0010981329138208165
606.8721397029632,0.001096190902835274
606.9721397029632,0.0010942540371812143
607.0721397029632,0.0010923222987039838
607.1721397029632,0.0010903956693289001
607.2721397029633,0.0010884741310608348
607.3721397029633,0.00108655766598379
607.4721397029633,0.0010846462562604828
607.5721397029633,0.0010827398841319307
607.6721397029634,0.0010808385319170393
607.7721397029634,0.0010789421820121936
607.8721397029634,0.0010770508168908503
607.9721397029634,0.0010751644191031326
608.0721397029635,0.0010732829712754314
608.1721397029635,0.0010714064561100013
608.2721397029635,0.0010695348563845677
608.3721397029635,0.0010676681549519295
608.4721397029635,0.0010658063347395669
608.5721397029636,0.0010639493787492544
608.6721397029636,0.0010620972700566688
608.7721397029636,0.001060249991811009
608.8721397029636,0.0010584075272346088
608.9721397029637,0.0010565698596225585
609.0721397029637,0.0010547369723423277
609.1721397029637,0.0010529088488333874
609.2721397029637,0.001051085472606838
609.3721397029638,0.0010492668272450369
609.4721397029638,0.001047452896401229
609.5721397029638,0.0010456436637991825
609.6721397029638,0.00104383911323282
609.7721397029638,0.0010420392285658611
609.8721397029639,0.0010402439937314573
609.9721397029639,0.0010384533927318364
610.0721397029639,0.0010366674096379473
610.1721397029639,0.0010348860285891034
610.272139702964,0.001033109233792635
610.372139702964,0.001031337009523534
610.472139702964,0.0010295693401241126
610.572139702964,0.0010278062100036534
610.672139702964,0.001026047603638068
610.7721397029641,0.001024293505569555
610.8721397029641,0.0010225439004062622
610.9721397029641,0.0010207987728219467
611.0721397029641,0.0010190581075556428
611.1721397029642,0.0010173218894113255
611.2721397029642,0.001015590103257582
611.3721397029642,0.0010138627340272814
611.4721397029642,0.0010121397667172463
611.5721397029643,0.0010104211863879303
611.6721397029643,0.001008706978163091
611.7721397029643,0.00100699712722947
611.8721397029643,0.0010052916188364755
611.9721397029643,0.0010035904382958598
612.0721397029644,0.0010018935709814084
612.1721397029644,0.0010002010023286226
612.2721397029644,0.0009985127178344078
612.3721397029644,0.0009968287030567658
612.4721397029645,0.0009951489436144823
612.5721397029645,0.000993473425186824
612.6721397029645,0.000991802133513231
612.7721397029645,0.0009901350543930147
612.8721397029645,0.0009884721736850579
612.9721397029646,0.0009868134773075119
613.0721397029646,0.0009851589512375025
613.1721397029646,0.0009835085815108318
613.2721397029646,0.0009818623542216837
613.3721397029647,0.000980220255522333
613.4721397029647,0.0009785822716228524
613.5721397029647,0.000976948388790826
613.6721397029647,0.0009753185933510588
613.7721397029648,0.0009736928716852923
613.8721397029648,0.000972071210231922
613.9721397029648,0.0009704535954857114
614.0721397029648,0.0009688400139975146
614.1721397029648,0.000967230452373995
614.2721397029649,0.0009656248972773473
614.3721397029649,0.0009640233354250241
614.4721397029649,0.0009624257535894583
614.5721397029649,0.0009608321385977934
614.672139702965,0.0009592424773316094
614.772139702965,0.0009576567567266546
614.872139702965,0.0009560749637725786
614.972139702965,0.0009544970855126627
615.072139702965,0.0009529231090435585
615.1721397029651,0.0009513530215150209
615.2721397029651,0.0009497868101296487
615.3721397029651,0.0009482244621426233
615.4721397029651,0.0009466659648614494
615.5721397029652,0.000945111305645697
615.6721397029652,0.000943560471906748
615.7721397029652,0.0009420134511075378
615.8721397029652,0.000940470230762306
615.9721397029653,0.0009389307984363416
616.0721397029653,0.000937395141745734
616.1721397029653,0.0009358632483571261
616.2721397029653,0.0009343351059874631
616.3721397029653,0.0009328107024037508
616.4721397029654,0.0009312900254228073
616.5721397029654,0.0009297730629110215
616.6721397029654,0.0009282598027841128
616.7721397029654,0.0009267502330068877
616.8721397029655,0.0009252443415930034
616.9721397029655,0.0009237421166047283
617.0721397029655,0.0009222435461527062
617.1721397029655,0.0009207486183957227
617.2721397029655,0.0009192573215404691
617.3721397029656,0.0009177696438413125
617.4721397029656,0.0009162855736000624
617.5721397029656,0.0009148050991657429
617.6721397029656,0.0009133282089343636
617.7721397029657,0.000911854891348692
617.8721397029657,0.0009103851348980292
617.9721397029657,0.0009089189281179828
618.0721397029657,0.0009074562595902452
618.1721397029658,0.0009059971179423728
618.2721397029658,0.0009045414918475619
618.3721397029658,0.0009030893700244326
618.4721397029658,0.0009016407412368071
618.5721397029658,0.0009001955942934951
618.6721397029659,0.0008987539180480778
618.7721397029659,0.000897315701398691
618.8721397029659,0.0008958809332878146
618.9721397029659,0.0008944496027020576
619.072139702966,0.0008930216986719481
619.172139702966,0.0008915972102717248
619.272139702966,0.0008901761266191251
619.372139702966,0.0008887584368751806
619.472139702966,0.0008873441302440085
619.5721397029661,0.0008859331959726066
619.6721397029661,0.0008845256233506512
619.7721397029661,0.0008831214017102904
619.8721397029661,0.000881720520425946
619.9721397029662,0.0008803229689141101
620.0721397029662,0.0008789287366331456
620.1721397029662,0.00087753781308309
620.2721397029662,0.0008761501878054546
620.3721397029663,0.0008747658503830301
620.4721397029663,0.0008733847904396915
620.5721397029663,0.0008720069976402025
620.6721397029663,0.0008706324616900239
620.7721397029663,0.0008692611723351201
620.8721397029664,0.0008678931193617684
620.9721397029664,0.0008665282925963706
621.0721397029664,0.0008651666819052611
621.1721397029664,0.0008638082771945222
621.2721397029665,0.0008624530684097943
621.3721397029665,0.000861101045536092
621.4721397029665,0.0008597521985976192
621.5721397029665,0.0008584065176575835
621.6721397029665,0.0008570639928180161
621.7721397029666,0.0008557246142195875
621.8721397029666,0.0008543883720414276
621.9721397029666,0.000853055256500947
622.0721397029666,0.0008517252578536555
622.1721397029667,0.0008503983663929875
622.2721397029667,0.0008490745724501223
622.3721397029667,0.0008477538663938088
622.4721397029667,0.0008464362386301925
622.5721397029668,0.0008451216796026381
622.6721397029668,0.0008438101797915597
622.7721397029668,0.0008425017297142461
622.8721397029668,0.0008411963199246905
622.9721397029668,0.0008398939410134209
623.0721397029669,0.0008385945836073294
623.1721397029669,0.0008372982383695049
623.2721397029669,0.0008360048959990649
623.3721397029669,0.0008347145472309881
623.472139702967,0.0008334271828359511
623.572139702967,0.0008321427936201605
623.672139702967,0.0008308613704251912
623.772139702967,0.0008295829041278217
623.872139702967,0.000828307385639873
623.9721397029671,0.0008270348059080475
624.0721397029671,0.0008257651559137665
624.1721397029671,0.0008244984266730134
624.2721397029671,0.0008232346092361724
624.3721397029672,0.000821973694687872
624.4721397029672,0.0008207156741468281
624.5721397029672,0.0008194605387656863
624.6721397029672,0.0008182082797308684
624.7721397029673,0.0008169588882624164
624.8721397029673,0.0008157123556138388
624.9721397029673,0.0008144686730719595
625.0721397029673,0.000813227831956763
625.1721397029673,0.0008119898236212444
625.2721397029674,0.00081075463945126
625.3721397029674,0.0008095222708653751
625.4721397029674,0.0008082927093147182
625.5721397029674,0.0008070659462828295
625.6721397029675,0.0008058419732855159
625.7721397029675,0.0008046207818707045
625.8721397029675,0.0008034023636182947
625.9721397029675,0.000802186710140016
626.0721397029675,0.0008009738130792819
626.1721397029676,0.0007997636641110464
626.2721397029676,0.0007985562549416628
626.3721397029676,0.0007973515773087395
626.4721397029676,0.0007961496229810018
626.5721397029677,0.0007949503837581479
626.6721397029677,0.0007937538514707116
626.7721397029677,0.0007925600179799231
626.8721397029677,0.0007913688751775694
626.9721397029678,0.0007901804149858585
627.0721397029678,0.0007889946293572812
627.1721397029678,0.0007878115102744751
627.2721397029678,0.0007866310497500909
627.3721397029678,0.0007854532398266546
627.4721397029679,0.0007842780725764374
627.5721397029679,0.0007831055401013187
627.6721397029679,0.0007819356345326559
627.7721397029679,0.000780768348031152
627.872139702968,0.0007796036727867235
627.972139702968,0.0007784416010183716
628.072139702968,0.0007772821249740507
628.172139702968,0.0007761252369305393
628.272139702968,0.0007749709291933137
628.3721397029681,0.000773819194096417
628.4721397029681,0.0007726700240023348
628.5721397029681,0.0007715234113018662
628.6721397029681,0.000770379348414
628.7721397029682,0.0007692378277857887
628.8721397029682,0.0007680988418922232
628.9721397029682,0.0007669623832361106
629.0721397029682,0.0007658284443479495
629.1721397029683,0.0007646970177858074
629.2721397029683,0.0007635680961352001
629.3721397029683,0.0007624416720089692
629.4721397029683,0.0007613177380471605
629.5721397029683,0.0007601962869169064
629.6721397029684,0.0007590773113123042
629.7721397029684,0.0007579608039542983
629.8721397029684,0.0007568467575905615
629.9721397029684,0.000755735164995377
630.0721397029685,0.0007546260189695227
630.1721397029685,0.0007535193123401527
630.2721397029685,0.0007524150379606841
630.3721397029685,0.0007513131887106787
630.4721397029685,0.0007502137574957303
630.5721397029686,0.000749116737247351
630.6721397029686,0.0007480221209228553
630.7721397029686,0.0007469299015052501
630.8721397029686,0.0007458400720031202
630.9721397029687,0.0007447526254505169
631.0721397029687,0.0007436675549068484
631.1721397029687,0.0007425848534567662
631.2721397029687,0.0007415045142100586
631.3721397029688,0.0007404265303015379
631.4721397029688,0.0007393508948909328
631.5721397029688,0.0007382776011627813
631.6721397029688,0.00073720664232632
631.7721397029688,0.0007361380116153793
631.8721397029689,0.0007350717022882756
631.9721397029689,0.0007340077076277042
632.0721397029689,0.0007329460209406359
632.1721397029689,0.0007318866355582092
632.272139702969,0.0007308295448356278
632.372139702969,0.0007297747421520553
632.472139702969,0.0007287222209105115
632.572139702969,0.0007276719745377707
632.672139702969,0.0007266239964842573
632.7721397029691,0.0007255782802239458
632.8721397029691,0.000724534819254257
632.9721397029691,0.0007234936070959586
633.0721397029691,0.0007224546372930652
633.1721397029692,0.0007214179034127359
633.2721397029692,0.000720383399045178
633.3721397029692,0.000719351117803545
633.4721397029692,0.0007183210533238399
633.5721397029693,0.0007172931992648171
633.6721397029693,0.0007162675493078842
633.7721397029693,0.0007152440971570055
633.8721397029693,0.0007142228365386051
633.9721397029693,0.000713203761201471
634.0721397029694,0.0007121868649166601
634.1721397029694,0.0007111721414774018
634.2721397029694,0.0007101595846990043
634.3721397029694,0.0007091491884187608
634.4721397029695,0.0007081409464958545
634.5721397029695,0.0007071348528112669
634.6721397029695,0.0007061309012676839
634.7721397029695,0.0007051290857894036
634.8721397029695,0.0007041294003222452
634.9721397029696,0.000703131838833457
635.0721397029696,0.0007021363953116258
635.1721397029696,0.0007011430637665859
635.2721397029696,0.0007001518382293291
635.3721397029697,0.0006991627127519165
635.4721397029697,0.000698175681407387
635.5721397029697,0.0006971907382896709
635.6721397029697,0.0006962078775134997
635.7721397029698,0.0006952270932143192
635.8721397029698,0.0006942483795482027
635.9721397029698,0.0006932717306917625
636.0721397029698,0.0006922971408420648
636.1721397029698,0.0006913246042165426
636.2721397029699,0.0006903541150529099
