463.37213970293055,3.5534337805959247e-29
463.4721397029306,3.9317498056611824e-29
463.5721397029306,4.34999551717386e-29
463.6721397029306,4.812348082988888e-29
463.77213970293064,5.323417701059903e-29
463.87213970293067,5.888292073239659e-29
463.9721397029307,6.512585403203101e-29
464.0721397029307,7.20249237421136e-29
464.17213970293074,7.964847607877442e-29
464.27213970293076,8.807191155022885e-29
464.3721397029308,9.737840624564898e-29
464.4721397029308,1.0765970616626287e-28
464.5721397029308,1.19017001922435e-28
464.67213970293085,1.3156189184735493e-28
464.7721397029309,1.4541744237624512e-28
464.8721397029309,1.6071935541659179e-28
464.9721397029309,1.7761725339745515e-28
465.07213970293094,1.9627609374266866e-28
465.17213970293096,2.168777256729747e-28
465.272139702931,2.396226035156763e-28
465.372139702931,2.647316720983894e-28
465.47213970293103,2.9244844133772866e-28
465.57213970293105,3.230412688177086e-28
465.6721397029311,3.5680587100033766e-28
465.7721397029311,3.9406808573852494e-28
465.8721397029311,4.351869109858868e-28
465.97213970293114,4.805578470386653e-28
466.07213970293117,5.3061657232207e-28
466.1721397029312,5.858429856701165e-28
466.2721397029312,6.4676565126880435e-28
466.37213970293124,7.139666859648561e-28
466.47213970293126,7.880871325159234e-28
466.5721397029313,8.698328666053935e-28
466.6721397029313,9.599810901023043e-28
466.7721397029313,1.0593874681519572e-27
466.87213970293135,1.1689939732801315e-27
466.9721397029314,1.2898375058285694e-27
467.0721397029314,1.4230593667633908e-27
467.1721397029314,1.5699156662677293e-27
467.27213970293144,1.7317887596052513e-27
467.37213970293146,1.910199810590245e-27
467.4721397029315,2.1068225926956656e-27
467.5721397029315,2.3234986484520716e-27
467.67213970293153,2.562253939427158e-27
467.77213970293155,2.825317131821118e-27
467.8721397029316,3.1151396766738214e-27
467.9721397029316,3.434417858969012e-27
468.0721397029316,3.7861170066643284e-27
468.17213970293164,4.173498069009721e-27
468.27213970293167,4.6001467935903325e-27
468.3721397029317,5.070005753508488e-27
468.4721397029317,5.587409500176119e-27
468.57213970293174,6.157123143526495e-27
468.67213970293176,6.784384690276262e-27
468.7721397029318,7.474951502418317e-27
468.8721397029318,8.235151272645747e-27
468.9721397029318,9.07193795118505e-27
469.07213970293185,9.992953099849742e-27
469.1721397029319,1.1006593194343579e-26
469.2721397029319,1.2122083445314569e-26
469.3721397029319,1.3349558762770952e-26
469.47213970293194,1.4700152547657583e-26
469.57213970293196,1.6186094059123538e-26
469.672139702932,1.7820815176795573e-26
469.772139702932,1.9619067454785004e-26
469.87213970293203,2.1597050448782688e-26
469.97213970293205,2.377255239013402e-26
470.0721397029321,2.6165104381936645e-26
470.1721397029321,2.879614940278044e-26
470.2721397029321,3.16892275246022e-26
470.37213970293215,3.487017888322144e-26
470.47213970293217,3.8367366084464166e-26
470.5721397029322,4.221191788651995e-26
470.6721397029322,4.643799617152149e-26
470.77213970293224,5.108308840762517e-26
470.87213970293226,5.618832800857127e-26
470.9721397029323,6.179884522240027e-26
471.0721397029323,6.79641514264215e-26
471.1721397029323,7.473855997357104e-26
471.27213970293235,8.218164702801364e-26
471.3721397029324,9.035875614749551e-26
471.4721397029324,9.934155071893048e-26
471.5721397029324,1.0920861873477754e-25
471.67213970293244,1.2004613481370032e-25
471.77213970293246,1.3194858482310023e-25
471.8721397029325,1.4501955895672015e-25
471.9721397029325,1.5937261966141598e-25
472.07213970293253,1.7513225139751279e-25
472.17213970293255,1.9243489986131162e-25
472.2721397029326,2.11430109001111e-25
472.3721397029326,2.3228176492495612e-25
472.4721397029326,2.551694566348444e-25
472.57213970293265,2.802899644345884e-25
472.67213970293267,3.0785888785391083e-25
472.7721397029327,3.38112426016807e-25
472.8721397029327,3.713093245660544e-25
472.97213970293274,4.077330045466061e-25
473.07213970293276,4.47693890058187e-25
473.1721397029328,4.915319530218702e-25
473.2721397029328,5.3961949507848e-25
473.3721397029328,5.92364188460142e-25
473.47213970293285,6.502123996641386e-25
473.5721397029329,7.136528219243908e-25
473.6721397029329,7.8322044483698e-25
473.7721397029329,8.595008920684152e-25
473.87213970293294,9.43135160878819e-25
473.97213970293296,1.0348248002457479e-24
474.072139702933,1.1353375677017892e-24
474.172139702933,1.2455136086228201e-24
474.27213970293303,1.3662722056516446e-24
474.37213970293305,1.4986191502407121e-24
474.4721397029331,1.643654792979802e-24
474.5721397029331,1.8025828344727185e-24
474.6721397029331,1.9767199240788313e-24
474.77213970293315,2.1675061398783293e-24
474.87213970293317,2.3765164298007004e-24
474.9721397029332,2.6054731010174165e-24
475.0721397029332,2.8562594524963007e-24
475.17213970293324,3.1309346540989347e-24
475.27213970293326,3.431749984836836e-24
475.3721397029333,3.761166552949108e-24
475.4721397029333,4.1218746313970355e-24
475.5721397029333,4.5168147542657494e-24
475.67213970293335,4.949200732502276e-24
475.7721397029334,5.422544761495527e-24
475.8721397029334,5.940684808312938e-24
475.9721397029334,6.507814483060498e-24
476.07213970293344,7.128515616940396e-24
476.17213970293346,7.807793789271645e-24
476.2721397029335,8.551117067147994e-24
476.3721397029335,9.364458244687999e-24
476.47213970293353,1.025434089413216e-23
476.57213970293355,1.1227889568556062e-23
476.6721397029336,1.2292884525860379e-23
476.7721397029336,1.345782137620096e-23
476.8721397029336,1.473197609032748e-23
476.97213970293365,1.6125475844681579e-23
477.07213970293367,1.7649376220791945e-23
477.1721397029337,1.931574532180787e-23
477.2721397029337,2.1137755418222119e-23
477.37213970293374,2.312978278829157e-23
477.47213970293376,2.5307516476723424e-23
477.5721397029338,2.7688076758257573e-23
477.6721397029338,3.029014416125849e-23
477.7721397029338,3.313409998078659e-23
477.87213970293385,3.6242179291370224e-23
477.9721397029339,3.9638637557351485e-23
478.0721397029339,4.334993203385241e-23
478.1721397029339,4.740491925469793e-23
478.27213970293394,5.183507001576781e-23
478.37213970293396,5.667470338392524e-23
478.472139702934,6.196124139374025e-23
478.572139702934,6.773548623751055e-23
478.67213970293403,7.404192190957327e-23
478.77213970293406,8.092904243458665e-23
478.8721397029341,8.844970899245042e-23
478.9721397029341,9.666153845103809e-23
479.0721397029341,1.0562732603322236e-22
479.17213970293415,1.15415505078175e-22
479.27213970293417,1.2610064711013996e-22
479.3721397029342,1.3776400570248527e-22
479.4721397029342,1.5049410792253702e-22
479.57213970293424,1.6438739746548388e-22
479.67213970293426,1.7954893393556216e-22
479.7721397029343,1.960931531120165e-22
479.8721397029343,2.141446934484168e-22
479.9721397029343,2.338392944995298e-22
480.07213970293435,2.5532477345267744e-22
480.1721397029344,2.7876208646381506e-22
480.2721397029344,3.0432648206533527e-22
480.3721397029344,3.3220875452685095e-22
480.47213970293444,3.6261660571543426e-22
480.57213970293446,3.957761247225295e-22
480.6721397029345,4.319333953052574e-22
480.7721397029345,4.713562420352416e-22
480.87213970293453,5.14336126963465e-22
480.97213970293456,5.611902096010433e-22
481.0721397029346,6.12263584088955e-22
481.1721397029346,6.679317085918397e-22
481.2721397029346,7.2860304320874645e-22
481.37213970293465,7.947219140553266e-22
481.47213970293467,8.66771622645617e-22
481.5721397029347,9.452778212963988e-22
481.6721397029347,1.0308121770031357e-21
481.77213970293474,1.1239963481037686e-21
481.87213970293476,1.2255063000675122e-21
481.9721397029348,1.3360769889314782e-21
482.0721397029348,1.4565074432729798e-21
482.1721397029348,1.5876662781628341e-21
482.27213970293485,1.7304976773118986e-21
482.3721397029349,1.8860278826147367e-21
482.4721397029349,2.055372233529569e-21
482.5721397029349,2.2397428022325988e-21
482.67213970293494,2.440456674266683e-21
482.77213970293496,2.6589449284936276e-21
482.872139702935,2.8967623745800074e-21
482.972139702935,3.155598111024308e-21
483.07213970293503,3.4372869718969844e-21
483.17213970293506,3.743821936046311e-21
483.2721397029351,4.077367578553668e-21
483.3721397029351,4.440274650737994e-21
483.4721397029351,4.835095882049857e-21
483.57213970293515,5.26460310480131e-21
483.67213970293517,5.731805810894286e-21
483.7721397029352,6.2399712585845474e-21
483.8721397029352,6.792646256902686e-21
483.97213970293524,7.393680765706027e-21
484.07213970293526,8.047253460511126e-21
484.1721397029353,8.757899423327491e-21
484.2721397029353,9.53054013374108e-21
484.3721397029353,1.0370515948565227e-20
484.47213970293535,1.1283621273560484e-20
484.5721397029354,1.227614264711366e-20
484.6721397029354,1.3354899973456515e-20
484.7721397029354,1.4527291162093927e-20
484.87213970293544,1.5801340450708958e-20
484.97213970293546,1.7185750711039133e-20
485.0721397029355,1.868996006119572e-20
485.1721397029355,2.0324203133768414e-20
485.27213970293553,2.2099577376957462e-20
485.37213970293556,2.4028114796073806e-20
485.4721397029356,2.6122859575209865e-20
485.5721397029356,2.839795205387865e-20
485.6721397029356,3.086871957117444e-20
485.77213970293565,3.3551774730693215e-20
485.87213970293567,3.646512168333648e-20
485.9721397029357,3.962827107241204e-20
486.0721397029357,4.3062364336433004e-20
486.17213970293574,4.679030811996341e-20
486.27213970293576,5.083691960208522e-20
486.3721397029358,5.522908361587442e-20
486.4721397029358,5.999592250104184e-20
486.57213970293583,6.516897970599247e-20
486.67213970293585,7.078241823536137e-20
486.7721397029359,7.68732351250945e-20
486.8721397029359,8.348149321973547e-20
486.9721397029359,9.065057162635691e-20
487.07213970293594,9.842743632699948e-20
487.17213970293597,1.0686293254715537e-19
487.272139702936,1.160121006024324e-19
487.372139702936,1.2593451707960603e-19
487.47213970293603,1.3669466335271311e-19
487.57213970293606,1.483623235901867e-19
487.6721397029361,1.6101301457641074e-19
487.7721397029361,1.7472844985106062e-19
487.8721397029361,1.8959704086340165e-19
487.97213970293615,2.0571443804721584e-19
488.07213970293617,2.231841149463863e-19
488.1721397029362,2.421179987625365e-19
488.2721397029362,2.6263715095581596e-19
488.37213970293624,2.8487250180922106e-19
488.47213970293626,3.08965643167301e-19
488.5721397029363,3.3506968388321625e-19
488.6721397029363,3.633501728555855e-19
488.77213970293633,3.9398609491026126e-19
488.87213970293635,4.2717094518383004e-19
488.9721397029364,4.631138880976569e-19
489.0721397029364,5.020410074755835e-19
489.1721397029364,5.441966548574237e-19
489.27213970293644,5.898449035970055e-19
489.37213970293647,6.392711169098394e-19
489.4721397029365,6.927836386552424e-19
489.5721397029365,7.507156163032853e-19
489.67213970293653,8.134269662523837e-19
489.77213970293656,8.813064924315648e-19
489.8721397029366,9.547741699471198e-19
489.9721397029366,1.0342836064199913e-18
490.0721397029366,1.1203246946122768e-18
490.17213970293665,1.2134264709645132e-18
490.27213970293667,1.3141601957630131e-18
490.3721397029367,1.4231426718362995e-18
490.4721397029367,1.54103981994543e-18
490.57213970293674,1.668570530392293e-18
490.67213970293676,1.8065108118291676e-18
490.7721397029368,1.9556982598185577e-18
490.8721397029368,2.1170368693733913e-18
490.97213970293683,2.2915022175113107e-18
491.07213970293685,2.480147043792443e-18
491.1721397029369,2.6841072588863626e-18
491.2721397029369,2.9046084134428358e-18
491.3721397029369,3.1429726619301564e-18
491.47213970293694,3.40062625866981e-18
491.57213970293697,3.679107626045248e-18
491.672139702937,3.980076037812798e-18
491.772139702937,4.305320963604343e-18
491.87213970293703,4.65677212410399e-18
491.97213970293706,5.036510310016102e-18
492.0721397029371,5.446779021840875e-18
492.1721397029371,5.889996991652109e-18
492.2721397029371,6.368771652551649e-18
492.37213970293715,6.8859136262754126e-18
492.47213970293717,7.444452304570203e-18
492.5721397029372,8.047652605476566e-18
492.6721397029372,8.699032991556075e-18
492.77213970293724,9.402384843435338e-18
492.87213970293726,1.0161793288817357e-17
492.9721397029373,1.0981659594373014e-17
493.0721397029373,1.1866725235708426e-17
493.17213970293733,1.282209776893457e-17
493.27213970293735,1.3853278636287114e-17
493.3721397029374,1.4966193047802868e-17
493.4721397029374,1.6167222091286497e-17
493.5721397029374,1.7463237233756123e-17
493.67213970293744,1.8861637389280196e-17
493.77213970293747,2.0370388740671796e-17
493.8721397029375,2.1998067515934996e-17
493.9721397029375,2.3753905934740796e-17
494.07213970293753,2.5647841555590243e-17
494.17213970293756,2.7690570270786066e-17
494.2721397029376,2.989360321394917e-17
494.3721397029376,3.2269327863656356e-17
494.4721397029376,3.4831073646934757e-17
494.57213970293765,3.7593182367908426e-17
494.67213970293767,4.0571083809952136e-17
494.7721397029377,4.3781376884366606e-17
494.8721397029377,4.724191672496378e-17
494.97213970293774,5.0971908156141666e-17
495.07213970293776,5.499200599217783e-17
495.1721397029378,5.932442265769312e-17
495.2721397029378,6.39930436536941e-17
495.37213970293783,6.902355143040682e-17
495.47213970293785,7.444355826748076e-17
495.5721397029379,8.028274880419088e-17
495.6721397029379,8.657303290718227e-17
495.7721397029379,9.334870961133406e-17
495.87213970293794,1.0064664292060958e-16
495.97213970293797,1.0850645031051339e-16
496.072139702938,1.1697070483236275e-16
496.172139702938,1.260851517820267e-16
496.27213970293803,1.358989409625838e-16
496.37213970293806,1.464648756416018e-16
496.4721397029381,1.5783967937989434e-16
496.5721397029381,1.700842819898207e-16
496.6721397029381,1.8326412596799284e-16
496.77213970293815,1.9744949483982544e-16
496.87213970293817,2.1271586495222963e-16
496.9721397029382,2.291442823562152e-16
497.0721397029382,2.4682176653375584e-16
497.17213970293824,2.6584174284337353e-16
497.27213970293826,2.863045056870976e-16
497.3721397029383,3.083177145381317e-16
497.4721397029383,3.3199692511444985e-16
497.57213970293833,3.5746615813916915e-16
497.67213970293835,3.8485850829436344e-16
497.7721397029384,4.143167961521019e-16
497.8721397029384,4.459942660550466e-16
497.9721397029384,4.800553331202986e-16
498.07213970293844,5.166763827545998e-16
498.17213970293847,5.560466262977272e-16
498.2721397029385,5.983690166547517e-16
498.3721397029385,6.438612280375292e-16
498.47213970293853,6.927567042128924e-16
498.57213970293856,7.453057799499394e-16
498.6721397029386,8.017768806734416e-16
498.7721397029386,8.624578056652453e-16
498.8721397029386,9.276571005126104e-16
498.97213970293865,9.977055248826394e-16
499.07213970293867,1.0729576221068872e-15
499.1721397029387,1.1537933974916086e-15
499.2721397029387,1.240620112728626e-15
499.37213970293874,1.333874204270636e-15
499.47213970293876,1.4340233340560305e-15
499.5721397029388,1.5415685815225025e-15
499.6721397029388,1.6570467864391438e-15
499.77213970293883,1.781033052715286e-15
499.87213970293885,1.9141434240127285e-15
499.9721397029389,2.057037742700323e-15
500.0721397029389,2.21042270444693e-15
500.1721397029389,2.3750551215548493e-15
500.27213970293894,2.5517454089936495e-15
500.37213970293897,2.741361308005958e-15
500.472139702939,2.9448318631280234e-15
500.572139702939,3.1631516694994467e-15
500.67213970293903,3.397385408434574e-15
500.77213970293906,3.64867269039561e-15
500.8721397029391,3.9182332257487465e-15
500.9721397029391,4.20737234500468e-15
501.0721397029391,4.5174868916483546e-15
501.17213970293915,4.850071512154263e-15
501.27213970293917,5.2067253693696506e-15
501.3721397029392,5.589159307133462e-15
501.4721397029392,5.999203495789055e-15
501.57213970293924,6.4388155901538515e-15
501.67213970293926,6.910089433529357e-15
501.7721397029393,7.415264343485398e-15
501.8721397029393,7.956735017433997e-15
501.97213970293933,8.537062098433325e-15
502.07213970293935,9.158983444237796e-15
502.1721397029394,9.82542614534486e-15
502.2721397029394,1.0539519340694346e-14
502.3721397029394,1.1304607882759737e-14
502.47213970293944,1.2124266907045484e-14
502.57213970293947,1.3002317364481e-14
502.6721397029395,1.394284257889215e-14
502.7721397029395,1.4950205895647665e-14
502.87213970293953,1.602906949173558e-14
502.97213970293956,1.7184414421935927e-14
503.0721397029396,1.8421561980438037e-14
503.1721397029396,1.9746196462216972e-14
503.2721397029396,2.1164389413753064e-14
503.37213970293965,2.2682625468270826e-14
503.47213970293967,2.4307829866598798e-14
503.5721397029397,2.604739777104544e-14
503.6721397029397,2.7909225486352374e-14
503.77213970293974,2.9901743708859036e-14
503.87213970293976,3.20339529325148e-14
503.9721397029398,3.431546114831909e-14
504.0721397029398,3.675652398220399e-14
504.17213970293983,3.93680874253052e-14
504.27213970293985,4.2161833320034065e-14
504.3721397029399,4.515022777540377e-14
504.4721397029399,4.834657269569122e-14
504.5721397029399,5.176506061778913e-14
504.67213970293994,5.54208330645372e-14
504.77213970293997,5.933004263397004e-14
504.87213970294,6.350991905781699e-14
504.97213970294,6.797883947677801e-14
505.07213970294004,7.275640319512714e-14
505.17213970294006,7.786351119311068e-14
505.2721397029401,8.332245069245667e-14
505.3721397029401,8.9156985088156e-14
505.4721397029401,9.539244957856188e-14
505.57213970294015,1.020558528458503e-13
505.67213970294017,1.0917598516004004e-13
505.7721397029402,1.1678353330218484e-13
505.8721397029402,1.2491120272603218e-13
505.97213970294024,1.3359384740254498e-13
506.07213970294026,1.4286860781819848e-13
506.1721397029403,1.527750576260573e-13
506.2721397029403,1.6335535947833012e-13
506.37213970294033,1.746544306004929e-13
506.47213970294035,1.8672011870034556e-13
506.5721397029404,1.9960338884042123e-13
506.6721397029404,2.1335852193941337e-13
506.7721397029404,2.280433256074759e-13
506.87213970294044,2.4371935806186343e-13
506.97213970294047,2.604521659131976e-13
507.0721397029405,2.7831153665912237e-13
507.1721397029405,2.9737176677111264e-13
507.27213970294054,3.177119463120241e-13
507.37213970294056,3.394162610767716e-13
507.4721397029406,3.6257431330637286e-13
507.5721397029406,3.8728146208670825e-13
507.6721397029406,4.1363918460797764e-13
507.77213970294065,4.417554595290009e-13
507.8721397029407,4.717451737625915e-13
507.9721397029407,5.037305540743207e-13
508.0721397029407,5.378416249672776e-13
508.17213970294074,5.742166944103912e-13
508.27213970294076,6.130028690572493e-13
508.3721397029408,6.543566006971468e-13
508.4721397029408,6.984442657796022e-13
508.57213970294083,7.454427799592307e-13
508.67213970294085,7.955402497186947e-13
508.7721397029409,8.489366632450461e-13
508.8721397029409,9.058446228583226e-13
508.9721397029409,9.664901214219514e-13
509.07213970294094,1.0311133653021948e-12
509.17213970294097,1.0999696465892064e-12
509.272139702941,1.1733302674454856e-12
509.372139702941,1.2514835196091004e-12
509.47213970294104,1.3347357222495004e-12
509.57213970294106,1.4234123215533713e-12
509.6721397029411,1.5178590556074533e-12
509.7721397029411,1.618443188344924e-12
509.8721397029411,1.7255548165323974e-12
509.97213970294115,1.8396082539964463e-12
510.0721397029412,1.9610434975224465e-12
510.1721397029412,2.0903277791046245e-12
510.2721397029412,2.2279572094861466e-12
510.37213970294124,2.3744585182011856e-12
510.47213970294126,2.5303908956191475e-12
510.5721397029413,2.696347942794718e-12
510.6721397029413,2.8729597352468054e-12
510.77213970294133,3.060895007126159e-12
510.87213970294135,3.2608634625856317e-12
510.9721397029414,3.4736182215405058e-12
511.0721397029414,3.699958407398798e-12
511.1721397029414,3.940731884754928e-12
511.27213970294144,4.19683815547599e-12
511.37213970294147,4.469231422066994e-12
511.4721397029415,4.758923827684377e-12
511.5721397029415,5.06698888267386e-12
511.67213970294154,5.394565088042544e-12
511.77213970294156,5.742859766836534e-12
511.8721397029416,6.1131531149862515e-12
511.9721397029416,6.506802483802372e-12
512.0721397029416,6.925246906959157e-12
512.1721397029416,7.370011885488756e-12
512.2721397029417,7.842714445032075e-12
512.3721397029417,8.345068480352372e-12
512.4721397029417,8.878890402915408e-12
512.5721397029417,9.446105108179164e-12
512.6721397029418,1.0048752280119353e-11
512.7721397029418,1.0688993051442853e-11
512.8721397029418,1.136911703891662e-11
512.9721397029418,1.2091549774262151e-11
513.0721397029419,1.285886055214258e-11
513.1721397029419,1.367377071789716e-11
513.2721397029419,1.4539162418867738e-11
513.3721397029419,1.5458087844404424e-11
513.472139702942,1.643377898095135e-11
513.572139702942,1.7469657909982207e-11
513.672139702942,1.8569347678005256e-11
513.772139702942,1.9736683769366396e-11
513.872139702942,2.0975726214173025e-11
513.9721397029421,2.229077236533133e-11
514.0721397029421,2.3686370380438335e-11
514.1721397029421,2.5167333446113268e-11
514.2721397029421,2.6738754784278264e-11
514.3721397029421,2.8406023481925985e-11
514.4721397029422,3.017484118803299e-11
514.5721397029422,3.2051239723506324e-11
514.6721397029422,3.4041599652388346e-11
514.7721397029422,3.6152669864992624e-11
514.8721397029423,3.839158822621662e-11
514.9721397029423,4.076590334496831e-11
515.0721397029423,4.3283597523469806e-11
515.1721397029423,4.595311094816339e-11
515.2721397029424,4.8783367187046064e-11
515.3721397029424,5.1783800061517e-11
515.4721397029424,5.496438196422335e-11
515.5721397029424,5.833565369797285e-11
515.6721397029424,6.190875591451461e-11
515.7721397029425,6.569546223591533e-11
515.8721397029425,6.97082141453684e-11
515.9721397029425,7.396015773856539e-11
516.0721397029425,7.846518243127977e-11
516.1721397029426,8.32379617235172e-11
516.2721397029426,8.829399612553525e-11
516.3721397029426,9.364965835620384e-11
516.4721397029426,9.93222409295943e-11
516.5721397029426,1.0533000625135448e-10
516.6721397029427,1.116922393523473e-10
516.7721397029427,1.184293033932604e-10
516.8721397029427,1.2556269808036168e-10
516.9721397029427,1.3311512113939867e-10
517.0721397029428,1.4111053300172473e-10
517.1721397029428,1.4957422486419874e-10
517.2721397029428,1.5853289029215533e-10
517.3721397029428,1.6801470054289792e-10
517.4721397029429,1.7804938379566985e-10
517.5721397029429,1.8866830848294388e-10
517.6721397029429,1.9990457092718403e-10
517.7721397029429,2.11793087496942e-10
517.872139702943,2.243706915063149e-10
517.972139702943,2.376762350924185e-10
518.072139702943,2.517506963166089e-10
518.172139702943,2.6663729174680264e-10
518.272139702943,2.8238159479034247e-10
518.3721397029431,2.990316600595105e-10
518.4721397029431,3.1663815406504065e-10
518.5721397029431,3.352544925467314e-10
518.6721397029431,3.549369847647408e-10
518.7721397029432,3.757449850901484e-10
518.8721397029432,3.9774105224913514e-10
518.9721397029432,4.209911165914893e-10
519.0721397029432,4.455646557713256e-10
519.1721397029432,4.715348792457589e-10
519.2721397029433,4.989789220159276e-10
519.3721397029433,5.27978048054239e-10
519.4721397029433,5.586178638820256e-10
519.5721397029433,5.909885427830021e-10
519.6721397029434,6.251850601599712e-10
519.7721397029434,6.613074405653639e-10
519.8721397029434,6.994610169601648e-10
519.9721397029434,7.397567027809157e-10
520.0721397029434,7.82311277420574e-10
520.1721397029435,8.272476857563244e-10
520.2721397029435,8.74695352385782e-10
520.3721397029435,9.247905112627136e-10
520.4721397029435,9.776765514542268e-10
520.5721397029436,1.0335043797734907e-09
520.6721397029436,1.092432801075715e-09
520.7721397029436,1.1546289170398214e-09
520.8721397029436,1.220268544294812e-09
520.9721397029437,1.2895366527875257e-09
521.0721397029437,1.362627825328058e-09
521.1721397029437,1.4397467392902448e-09
521.2721397029437,1.521108671487089e-09
521.3721397029437,1.6069400272859743e-09
521.4721397029438,1.6974788950744884e-09
521.5721397029438,1.7929756272361335e-09
521.6721397029438,1.8936934488453222e-09
521.7721397029438,1.9999090953433533e-09
521.8721397029439,2.111913480511459e-09
521.9721397029439,2.2300123961133916e-09
522.0721397029439,2.3545272446391443e-09
522.1721397029439,2.485795806642254e-09
522.272139702944,2.6241730442271725e-09
522.372139702944,2.77003194230891e-09
522.472139702944,2.9237643893363226e-09
522.572139702944,3.0857820992417296e-09
522.672139702944,3.2565175764541263e-09
522.7721397029441,3.4364251258902204e-09
522.8721397029441,3.6259819099179296e-09
522.9721397029441,3.8256890543707834e-09
523.0721397029441,4.036072805777698e-09
523.1721397029442,4.257685742063398e-09
523.2721397029442,4.491108039067487e-09
523.3721397029442,4.736948795328282e-09
523.4721397029442,4.995847417677554e-09
523.5721397029442,5.268475070297655e-09
523.6721397029443,5.555536190000831e-09
523.7721397029443,5.857770070604149e-09
523.8721397029443,6.17595251938965e-09
523.9721397029443,6.510897588761792e-09
524.0721397029444,6.863459386340117e-09
524.1721397029444,7.2345339668561156e-09
524.2721397029444,7.625061309358935e-09
524.3721397029444,8.036027383375784e-09
524.4721397029444,8.468466307818516e-09
524.5721397029445,8.923462606580531e-09
524.6721397029445,9.402153564923588e-09
524.7721397029445,9.905731690918864e-09
524.8721397029445,1.0435447286373994e-08
524.9721397029446,1.099261113185433e-08
525.0721397029446,1.1578597290585945e-08
525.1721397029446,1.2194846036219372e-08
525.2721397029446,1.2842866909623484e-08
525.3721397029447,1.3524241910084593e-08
525.4721397029447,1.4240628826492819e-08
525.5721397029447,1.4993764714314408e-08
525.6721397029447,1.5785469524373765e-08
525.7721397029447,1.6617649889700406e-08
525.8721397029448,1.7492303076935717e-08
525.9721397029448,1.841152110904507e-08
526.0721397029448,1.9377495066337236e-08
526.1721397029448,2.039251957305759e-08
526.2721397029449,2.145899747710188e-08
526.3721397029449,2.2579444730677715e-08
526.4721397029449,2.3756495480039604e-08
526.5721397029449,2.499290737272639e-08
526.672139702945,2.6291567091046383e-08
526.772139702945,2.765549612088263e-08
526.872139702945,2.9087856765226144e-08
526.972139702945,3.059195841219667e-08
527.072139702945,3.217126406766772e-08
527.1721397029451,3.3829397162988484e-08
527.2721397029451,3.557014864867811e-08
527.3721397029451,3.739748438536672e-08
527.4721397029451,3.931555284366761e-08
527.5721397029452,4.132869312509143e-08
527.6721397029452,4.3441443316548035e-08
527.7721397029452,4.5658549191439184e-08
527.8721397029452,4.7984973270808494e-08
527.9721397029452,5.042590425849951e-08
528.0721397029453,5.298676686476983e-08
528.1721397029453,5.567323203332542e-08
528.2721397029453,5.849122758726527e-08
528.3721397029453,6.144694930997918e-08
528.4721397029454,6.454687247760042e-08
528.5721397029454,6.779776386020183e-08
528.6721397029454,7.120669420952007e-08
528.7721397029454,7.478105125161643e-08
528.8721397029454,7.852855320351626e-08
528.9721397029455,8.245726283352896e-08
529.0721397029455,8.657560208563e-08
529.1721397029455,9.089236728898281e-08
529.2721397029455,9.541674497439819e-08
529.3721397029456,1.0015832832027218e-07
529.4721397029456,1.0512713425130747e-07
529.5721397029456,1.103336212141086e-07
529.6721397029456,1.1578870765454848e-07
529.7721397029457,1.215037912226473e-07
529.8721397029457,1.2749076873155432e-07
529.9721397029457,1.337620568981067e-07
530.0721397029457,1.4033061389335717e-07
530.1721397029457,1.4720996173239167e-07
530.2721397029458,1.544142095337153e-07
530.3721397029458,1.619580776794922e-07
530.4721397029458,1.698569229089225e-07
530.5721397029458,1.7812676437810228e-07
530.6721397029459,1.867843107207787e-07
530.7721397029459,1.9584698814552598e-07
530.8721397029459,2.0533296960600014e-07
530.9721397029459,2.1526120508210024e-07
531.072139702946,2.256514530110672e-07
531.172139702946,2.3652431290877736e-07
531.272139702946,2.4790125922276337e-07
531.372139702946,2.59804676459788e-07
531.472139702946,2.722578956321369e-07
531.5721397029461,2.8528523206816206e-07
531.6721397029461,2.9891202463402476e-07
531.7721397029461,3.13164676415009e-07
531.8721397029461,3.2807069690628786e-07
531.9721397029462,3.4365874576451743e-07
532.0721397029462,3.599586781732086e-07
532.1721397029462,3.7700159187641245e-07
532.2721397029462,3.9481987593690606e-07
532.3721397029462,4.134472612767337e-07
532.4721397029463,4.3291887305969023e-07
532.5721397029463,4.532712849770796e-07
532.6721397029463,4.7454257549991835e-07
532.7721397029463,4.96772386162567e-07
532.8721397029464,5.200019819447048e-07
532.9721397029464,5.442743138204687e-07
533.0721397029464,5.696340835456028e-07
533.1721397029464,5.96127810755459e-07
533.2721397029464,6.238039024487993e-07
533.3721397029465,6.527127249344662e-07
533.4721397029465,6.829066783201748e-07
533.5721397029465,7.144402736248812e-07
533.6721397029465,7.473702125985117e-07
533.7721397029466,7.817554703351062e-07
533.8721397029466,8.176573807678387e-07
533.9721397029466,8.551397251368288e-07
534.0721397029466,8.942688235230916e-07
534.1721397029467,9.35113629544557e-07
534.2721397029467,9.777458283126602e-07
534.3721397029467,1.0222399377506474e-06
534.4721397029467,1.0686734133774657e-06
534.5721397029467,1.1171267566638177e-06
534.6721397029468,1.1676836270698136e-06
534.7721397029468,1.2204309578765363e-06
534.8721397029468,1.2754590759266648e-06
534.9721397029468,1.3328618253924309e-06
535.0721397029469,1.392736695692081e-06
535.1721397029469,1.455184953679215e-06
535.2721397029469,1.5203117802324875e-06
535.3721397029469,1.5882264113763548e-06
535.472139702947,1.6590422840668821e-06
535.572139702947,1.7328771867799155e-06
535.672139702947,1.809853415042307e-06
535.772139702947,1.8900979320503769e-06
535.872139702947,1.973742534523295e-06
535.9721397029471,2.0609240239425897e-06
536.0721397029471,2.1517843833327045e-06
536.1721397029471,2.2464709597411485e-06
536.2721397029471,2.3451366525805735e-06
536.3721397029472,2.4479401079989197e-06
536.4721397029472,2.555045919447609e-06
536.5721397029472,2.6666248346217515e-06
536.6721397029472,2.782853968950275e-06
536.7721397029472,2.9039170258179557e-06
536.8721397029473,3.0300045237054347e-06
536.9721397029473,3.1613140304374485e-06
537.0721397029473,3.2980504047337485e-06
537.1721397029473,3.44042604526146e-06
537.2721397029474,3.5886611473919342e-06
537.3721397029474,3.7429839678696046e-06
537.4721397029474,3.903631097604681e-06
537.5721397029474,4.070847742806163e-06
537.6721397029474,4.244888014676072e-06
537.7721397029475,4.4260152278905195e-06
537.8721397029475,4.6145022080977e-06
537.9721397029475,4.810631608667879e-06
538.0721397029475,5.014696236934903e-06
538.1721397029476,5.226999390173626e-06
538.2721397029476,5.447855201562804e-06
538.3721397029476,5.6775889963872685e-06
538.4721397029476,5.916537658738706e-06
538.5721397029477,6.165050008978992e-06
538.6721397029477,6.4234871922352114e-06
538.7721397029477,6.692223078200195e-06
538.8721397029477,6.9716446725181586e-06
538.9721397029477,7.262152540039186e-06
539.0721397029478,7.564161240232254e-06
539.1721397029478,7.878099775051248e-06
539.2721397029478,8.204412049553459e-06
539.3721397029478,8.543557345575874e-06
539.4721397029479,8.896010808778776e-06
539.5721397029479,9.262263949372408e-06
539.6721397029479,9.642825156847234e-06
539.7721397029479,1.003822022903324e-05
539.872139702948,1.0448992915819677e-05
539.972139702948,1.087570547787126e-05
540.072139702948,1.1318939260682752e-05
540.172139702948,1.1779295284317997e-05
540.272139702948,1.225739484918619e-05
540.3721397029481,1.2753880158211913e-05
540.4721397029481,1.326941495576167e-05
540.5721397029481,1.3804685183694315e-05
540.6721397029481,1.436039965490816e-05
540.7721397029482,1.493729074476215e-05
540.8721397029482,1.5536115100754528e-05
540.9721397029482,1.615765437084614e-05
541.0721397029482,1.6802715950821556e-05
541.1721397029482,1.747213375108565e-05
541.2721397029483,1.8166768983297912e-05
541.3721397029483,1.8887510967251794e-05
541.4721397029483,1.9635277958411622e-05
541.5721397029483,2.041101799652248e-05
541.6721397029484,2.1215709775715496e-05
541.7721397029484,2.205036353653279e-05
541.8721397029484,2.2916021980303054e-05
541.9721397029484,2.3813761206301053e-05
542.0721397029484,2.474469167212915e-05
542.1721397029485,2.5709959177763854e-05
542.2721397029485,2.671074587371224e-05
542.3721397029485,2.7748271293728665e-05
542.4721397029485,2.8823793412544725e-05
542.5721397029486,2.9938609729069033e-05
542.6721397029486,3.109405837551701e-05
542.7721397029486,3.2291519252932725e-05
542.8721397029486,3.3532415193569836e-05
542.9721397029487,3.4818213150599124e-05
543.0721397029487,3.61504254156134e-05
543.1721397029487,3.753061086440426e-05
543.2721397029487,3.8960376231484355e-05
543.3721397029487,4.044137741383336e-05
543.4721397029488,4.197532080434576e-05
543.5721397029488,4.356396465546049e-05
543.6721397029488,4.520912047345383e-05
543.7721397029488,4.691265444387647e-05
543.8721397029489,4.867648888861833e-05
543.9721397029489,5.0502603755081925e-05
544.0721397029489,5.2393038137949014e-05
544.1721397029489,5.434989183401977e-05
544.272139702949,5.6375326930608536e-05
544.372139702949,5.847156942797394e-05
544.472139702949,6.06409108962635e-05
544.572139702949,6.288571016744955e-05
544.672139702949,6.520839506273043e-05
544.7721397029491,6.761146415586923e-05
544.8721397029491,7.009748857294134e-05
544.9721397029491,7.26691138289524e-05
545.0721397029491,7.532906170179328e-05
545.1721397029492,7.808013214398607e-05
545.2721397029492,8.092520523267649e-05
545.3721397029492,8.386724315831896e-05
545.4721397029492,8.690929225249743e-05
545.5721397029492,9.005448505531785e-05
545.6721397029493,9.330604242280053e-05
545.7721397029493,9.66672756746959e-05
545.8721397029493,0.00010014158878313687
545.9721397029493,0.00010373248060253549
546.0721397029494,0.0001074435471411179
546.1721397029494,0.00011127848387449062
546.2721397029494,0.0001152410881016095
546.3721397029494,0.00011933526134352504
546.4721397029494,0.00012356501178525497
546.5721397029495,0.00012793445676113086
546.6721397029495,0.00013244782528394982
546.7721397029495,0.00013710946061824987
546.8721397029495,0.0001419238228980118
546.9721397029496,0.00014689549178908097
547.0721397029496,0.00015202916919658088
547.1721397029496,0.00015732968201757823
547.2721397029496,0.00016280198493924221
547.3721397029497,0.00016845116328272262
547.4721397029497,0.0001742824358929523
547.5721397029497,0.00018030115807456362
547.6721397029497,0.00018651282457408382
547.7721397029497,0.00019292307260856113
547.8721397029498,0.0001995376849407425
547.9721397029498,0.00020636259300091075
548.0721397029498,0.00021340388005546088
548.1721397029498,0.0002206677844222721
548.2721397029499,0.0002281607027329085
548.3721397029499,0.00023588919324165597
548.4721397029499,0.00024385997918137547
548.5721397029499,0.00025207995216612323
548.67213970295,0.0002605561756404702
548.77213970295,0.00026929588837540613
548.87213970295,0.000278306508010705
548.97213970295,0.00028759563464357833
549.07213970295,0.0002971710544634254
549.1721397029501,0.00030704074343244604
549.2721397029501,0.0003172128710118559
549.3721397029501,0.00032769580393340647
549.4721397029501,0.00033849811001587
549.5721397029502,0.0003496285620261279
549.6721397029502,0.0003610961415844478
549.7721397029502,0.0003729100431135043
549.8721397029502,0.00038507967783065806
549.9721397029502,0.0003976146777829654
550.0721397029503,0.0004105248999243518
550.1721397029503,0.0004238204302343348
550.2721397029503,0.0004375115878776461
550.3721397029503,0.00045160892940405
550.4721397029504,0.0004661232529876157
550.5721397029504,0.00048106560270465564
550.6721397029504,0.0004964472728494807
550.7721397029504,0.0005122798122871005
550.8721397029504,0.0005285750288419182
550.9721397029505,0.0005453449937214417
551.0721397029505,0.0005626020459739725
551.1721397029505,0.0005803587969791723
551.2721397029505,0.0005986281349703778
551.3721397029506,0.0006174232295874547
551.4721397029506,0.0006367575364589389
551.5721397029506,0.0006566448018121597
551.6721397029506,0.0006770990671099736
551.7721397029507,0.0006981346737126869
551.8721397029507,0.0007197662675636833
551.9721397029507,0.0007420088038972063
552.0721397029507,0.0007648775519667094
552.1721397029507,0.0007883880997920872
552.2721397029508,0.0008125563589240738
552.3721397029508,0.0008373985692240168
552.4721397029508,0.0008629313036571714
552.5721397029508,0.000889171473097584
552.6721397029509,0.0009161363311426005
552.7721397029509,0.0009438434789349404
552.8721397029509,0.0009723108699902052
552.9721397029509,0.0010015568150276656
553.072139702951,0.0010315999868020479
553.172139702951,0.0010624594249340118
553.272139702951,0.001094154540736928
553.372139702951,0.0011267051220374906
553.472139702951,0.0011601313379876422
553.5721397029511,0.0011944537438652043
553.6721397029511,0.001229693285860533
553.7721397029511,0.0012658713058464864
553.8721397029511,0.0013030095461288474
553.9721397029512,0.0013411301541743467
554.0721397029512,0.0013802556873133104
554.1721397029512,0.001420409117413909
554.2721397029512,0.0014616138355248898
554.3721397029512,0.00150389365648364
554.4721397029513,0.0015472728234862826
554.5721397029513,0.001591776012616551
554.6721397029513,0.0016374283373299754
554.7721397029513,0.0016842553528899574
554.8721397029514,0.0017322830607521785
554.9721397029514,0.0017815379128937154
555.0721397029514,0.00183204681608321
555.1721397029514,0.0018838371360882758
555.2721397029514,0.0019369367018163867
555.3721397029515,0.0019913738093852943
555.4721397029515,0.002047177226119005
555.5721397029515,0.002104376194465313
555.6721397029515,0.0021630004358307317
555.7721397029516,0.0022230801543286923
555.8721397029516,0.0022846460404367165
555.9721397029516,0.0023477292745582856
556.0721397029516,0.0024123615304850157
556.1721397029517,0.002478574978754686
556.2721397029517,0.0025464022899006305
556.3721397029517,0.002615876637587898
556.4721397029517,0.002687031701631583
556.5721397029517,0.002759901670892589
556.6721397029518,0.0028345212460461383
556.7721397029518,0.0029109256422181354
556.8721397029518,0.0029891505914846094
556.9721397029518,0.003069232345229254
557.0721397029519,0.0031512076763541208
557.1721397029519,0.003235113881338437
557.2721397029519,0.0033209887821405025
557.3721397029519,0.0034088707279375076
557.472139702952,0.00349879859669814
557.572139702952,0.0035908117965828047
557.672139702952,0.0036849502671661254
557.772139702952,0.0037812544804765617
557.872139702952,0.003879765441847726
557.9721397029521,0.003980524690576125
558.0721397029521,0.00408357430037991
558.1721397029521,0.004188956879653197
558.2721397029521,0.004296715571510634
558.3721397029522,0.004406894053616626
558.4721397029522,0.004519536537793846
558.5721397029522,0.00463468776940551
558.6721397029522,0.004752393026505885
558.7721397029522,0.0048726981187535824
558.8721397029523,0.004995649386082061
558.9721397029523,0.00512129369712186
559.0721397029523,0.005249678447369013
559.1721397029523,0.0053808515570941545
559.2721397029524,0.005514861468986806
559.3721397029524,0.005651757145529319
559.4721397029524,0.005791588066095044
559.5721397029524,0.005934404223765217
559.6721397029524,0.006080256121859172
559.7721397029525,0.00622919477017244
559.8721397029525,0.006381271680917355
559.9721397029525,0.006536538864360861
560.0721397029525,0.006695048824154181
560.1721397029526,0.00685685455234911
560.2721397029526,0.00702200952409574
560.3721397029526,0.0071905676920164365
560.4721397029526,0.007362583480250969
560.5721397029527,0.007538111778167841
560.6721397029527,0.00771720793373673
560.7721397029527,0.00789992774655726
560.8721397029527,0.008086327460539241
560.9721397029527,0.008276463756229674
561.0721397029528,0.008470393742781829
561.1721397029528,0.008668174949561925
561.2721397029528,0.008869865317388884
561.3721397029528,0.0090755231894029
561.4721397029529,0.009285207301558487
561.5721397029529,0.00949897677273794
561.6721397029529,0.009716891094481223
561.7721397029529,0.009939010120328324
561.872139702953,0.010165394054770424
561.972139702953,0.010396103441806179
562.072139702953,0.010631199153099702
562.172139702953,0.010870742375736833
562.272139702953,0.011114794599576676
562.3721397029531,0.011363417604195158
562.4721397029531,0.01161667344541797
562.5721397029531,0.011874624441440065
562.6721397029531,0.012137333158529223
562.7721397029532,0.012404862396311379
562.8721397029532,0.012677275172635536
562.9721397029532,0.012954634708016301
563.0721397029532,0.013237004409652255
563.1721397029532,0.013524447855018659
563.2721397029533,0.013817028775033068
563.3721397029533,0.014114811036792699
563.4721397029533,0.014417858625882714
563.5721397029533,0.014726235628254565
563.6721397029534,0.0150400062116741
563.7721397029534,0.015359234606738999
563.8721397029534,0.015683985087465633
563.9721397029534,0.01601432195144561
564.0721397029535,0.016350309499572366
564.1721397029535,0.016692012015338674
564.2721397029535,0.01703949374370599
564.3721397029535,0.017392818869546835
564.4721397029535,0.01775205149566192
564.5721397029536,0.018117255620373595
564.6721397029536,0.018488495114697873
564.7721397029536,0.01886583369909724
564.8721397029536,0.019249334919816955
564.9721397029537,0.019639062124807864
565.0721397029537,0.0200350784392387
565.1721397029537,0.020437446740601717
565.2721397029537,0.020846229633415155
565.3721397029537,0.021261489423526875
565.4721397029538,0.021683288092023596
565.5721397029538,0.02211168726875027
565.6721397029538,0.02254674820544501
565.7721397029538,0.02298853174849453
565.8721397029539,0.023437098311316195
565.9721397029539,0.02389250784637239
566.0721397029539,0.02435481981682383
566.1721397029539,0.024824093167828173
566.272139702954,0.02530038629749132
566.372139702954,0.025783757027478347
566.472139702954,0.026274262573292094
566.572139702954,0.026771959514227152
566.672139702954,0.02727690376300778
566.7721397029541,0.02778915053511835
566.8721397029541,0.028308754317835323
566.9721397029541,0.028835768838970134
567.0721397029541,0.02937024703533272
567.1721397029542,0.029912241020925837
567.2721397029542,0.030461802054880055
567.3721397029542,0.03101898050914102
567.4721397029542,0.03158382583591906
567.5721397029542,0.0321563865349133
567.6721397029543,0.032736710120321616
567.7721397029543,0.03332484308764854
567.8721397029543,0.033920830880323695
567.9721397029543,0.03452471785614321
568.0721397029544,0.03513654725354749
568.1721397029544,0.035756361157748454
568.2721397029544,0.036384200466720064
568.3721397029544,0.037020104857066194
568.4721397029545,0.03766411274978018
568.5721397029545,0.038316261275910694
568.6721397029545,0.03897658624214881
568.7721397029545,0.03964512209635179
568.8721397029545,0.04032190189301895
568.9721397029546,0.041006957258735426
569.0721397029546,0.041700318357600415
569.1721397029546,0.04240201385665571
569.2721397029546,0.043112070891331795
569.3721397029547,0.04383051503092833
569.4721397029547,0.044557370244146105
569.5721397029547,0.045292658864688244
569.6721397029547,0.04603640155694844
569.7721397029547,0.04678861728180406
569.8721397029548,0.047549323262532465
569.9721397029548,0.04831853495086921
570.0721397029548,0.04909626599322664
570.1721397029548,0.04988252819709191
570.2721397029549,0.050677331497623546
570.3721397029549,0.05148068392446596
570.4721397029549,0.05229259156880131
570.5721397029549,0.05311305855065864
570.672139702955,0.05394208698649986
570.772139702955,0.054779676957102896
570.872139702955,0.055625826475762065
570.972139702955,0.05648053145682592
571.072139702955,0.05734378568459315
571.1721397029551,0.05821558078258707
571.2721397029551,0.05909590618322925
571.3721397029551,0.0599847490979331
571.4721397029551,0.0608820944876384
571.5721397029552,0.06178792503380734
571.6721397029552,0.0627022211099034
571.7721397029552,0.06362496075337379
571.8721397029552,0.06455611963815662
571.9721397029552,0.0654956710477337
572.0721397029553,0.06644358584875039
572.1721397029553,0.06739983246522292
572.2721397029553,0.06836437685335472
572.3721397029553,0.06933718247698269
572.4721397029554,0.07031821028367394
572.5721397029554,0.07130741868149416
572.6721397029554,0.07230476351646857
572.7721397029554,0.07331019805075564
572.8721397029555,0.0743236729415546
572.9721397029555,0.07534513622076686
573.0721397029555,0.07637453327543195
573.1721397029555,0.07741180682895779
573.2721397029555,0.07845689692316563
573.3721397029556,0.07950974090116913
573.4721397029556,0.08057027339110744
573.5721397029556,0.08163842629075141
573.6721397029556,0.08271412875300241
573.7721397029557,0.08379730717230213
573.8721397029557,0.08488788517197285
573.9721397029557,0.08598578359250549
574.0721397029557,0.08709092048081434
574.1721397029557,0.08820321108047596
574.2721397029558,0.0893225678229696
574.3721397029558,0.09044890031993623
574.4721397029558,0.09158211535647318
574.5721397029558,0.09272211688548047
574.6721397029559,0.09386880602307499
574.7721397029559,0.09502208104508808
574.8721397029559,0.09618183738466163
574.9721397029559,0.09734796763095756
575.072139702956,0.09852036152899486
575.172139702956,0.09969890598062817
575.272139702956,0.100883485046681
575.372139702956,0.10207397995024693
575.472139702956,0.10327026908117061
575.5721397029561,0.10447222800172082
575.6721397029561,0.10567972945346692
575.7721397029561,0.10689264336536901
575.8721397029561,0.10811083686309271
575.9721397029562,0.10933417427955779
576.0721397029562,0.11056251716672956
576.1721397029562,0.1117957243086621
576.2721397029562,0.1130336517358007
576.3721397029562,0.11427615274055072
576.4721397029563,0.11552307789412011
576.5721397029563,0.11677427506464072
576.6721397029563,0.11802958943657432
576.7721397029563,0.11928886353140782
576.8721397029564,0.12055193722964165
576.9721397029564,0.12181864779407457
577.0721397029564,0.12308882989438767
577.1721397029564,0.12436231563302913
577.2721397029565,0.12563893457240147
577.3721397029565,0.12691851376335117
577.4721397029565,0.12820087777496084
577.5721397029565,0.12948584872564275
577.6721397029565,0.13077324631553205
577.7721397029566,0.13206288786017714
577.8721397029566,0.13335458832552405
577.9721397029566,0.13464816036419072
578.0721397029566,0.1359434143530265
578.1721397029567,0.13724015843195153
578.2721397029567,0.13853819854406899
578.3721397029567,0.1398373384770442
578.4721397029567,0.1411373799057418
578.5721397029567,0.14243812243611295
578.6721397029568,0.14373936365032267
578.7721397029568,0.14504089915310756
578.8721397029568,0.14634252261935246
578.9721397029568,0.1476440258428749
579.0721397029569,0.1489451987864038
579.1721397029569,0.15024582963274008
579.2721397029569,0.15154570483708454
579.3721397029569,0.15284460918051793
579.472139702957,0.1541423258246181
579.572139702957,0.15543863636719693
579.672139702957,0.1567333208991409
579.772139702957,0.15802615806233603
579.872139702957,0.15931692510865947
579.9721397029571,0.16060539796001783
580.0721397029571,0.16189135126941154
580.1721397029571,0.1631745584830051
580.2721397029571,0.1644547919031808
580.3721397029572,0.16573182275255358
580.4721397029572,0.16700542123892395
580.5721397029572,0.16827535662114507
580.6721397029572,0.16954139727587902
580.7721397029572,0.17080331076521763
580.8721397029573,0.1720608639051413
580.9721397029573,0.17331382283478916
581.0721397029573,0.17456195308651407
581.1721397029573,0.1758050196566932
581.2721397029574,0.1770427870772669
581.3721397029574,0.178275019487976
581.4721397029574,0.17950148070926758
581.5721397029574,0.18072193431583947
581.6721397029575,0.18193614371079211
581.7721397029575,0.18314387220035622
581.8721397029575,0.18434488306916452
581.9721397029575,0.18553893965603466
582.0721397029575,0.18672580543023054
582.1721397029576,0.1879052440681683
582.2721397029576,0.18907701953053296
582.3721397029576,0.1902408961397714
582.4721397029576,0.19139663865792667
582.5721397029577,0.192544012364778
582.6721397029577,0.19368278313625173
582.7721397029577,0.19481271752306586
582.8721397029577,0.19593358282957293
582.9721397029577,0.19704514719276353
583.0721397029578,0.19814717966139422
583.1721397029578,0.19923945027520193
583.2721397029578,0.2003217301441674
583.3721397029578,0.20139379152779005
583.4721397029579,0.2024554079143359
583.5721397029579,0.20350635410002035
583.6721397029579,0.20454640626808765
583.7721397029579,0.20557534206774833
583.872139702958,0.20659294069293557
583.972139702958,0.2075989829608426
584.072139702958,0.20859325139020102
584.172139702958,0.20957553027926262
584.272139702958,0.21054560578344422
584.3721397029581,0.21150326599259783
584.4721397029581,0.21244830100786674
584.5721397029581,0.21338050301808834
584.6721397029581,0.21429966637570558
584.7721397029582,0.21520558767214804
584.8721397029582,0.2160980658126438
584.9721397029582,0.21697690209042422
585.0721397029582,0.21784190026028324
585.1721397029582,0.21869286661145265
585.2721397029583,0.21952961003975657
585.3721397029583,0.22035194211900658
585.4721397029583,0.22115967717160087
585.5721397029583,0.2219526323382901
585.6721397029584,0.22273062764707366
585.7721397029584,0.22349348608118963
585.8721397029584,0.2242410336461629
585.9721397029584,0.2249730994358758
586.0721397029585,0.225689515697626
586.1721397029585,0.22639011789613742
586.2721397029585,0.22707474477648956
586.3721397029585,0.22774323842593194
586.4721397029585,0.2283954443345502
586.5721397029586,0.22903121145475155
586.6721397029586,0.22965039225953715
586.7721397029586,0.23025284279953054
586.8721397029586,0.23083842275873054
586.9721397029587,0.2314069955089591
587.0721397029587,0.231958428162974
587.1721397029587,0.23249259162621783
587.2721397029587,0.2330093606471748
587.3721397029587,0.23350861386630842
587.4721397029588,0.2339902338635522
587.5721397029588,0.23445410720432877
587.6721397029588,0.23490012448407097
587.7721397029588,0.23532818037122122
587.8721397029589,0.23573817364868485
587.9721397029589,0.23613000725371555
588.0721397029589,0.2365035883162096
588.1721397029589,0.236858828195389
588.272139702959,0.2371956425148524
588.372139702959,0.23751395119597477
588.472139702959,0.2378136784896371
588.572139702959,0.23809475300626903
588.672139702959,0.23835710774418672
588.7721397029591,0.23860068011621152
588.8721397029591,0.23882541197455343
588.9721397029591,0.23903124963394642
589.0721397029591,0.23921814389302204
589.1721397029592,0.23938605005390984
589.2721397029592,0.23953492794005363
589.3721397029592,0.23966474191223325
589.4721397029592,0.23977546088278354
589.5721397029592,0.23986705832800193
589.6721397029593,0.2399395122987382
589.7721397029593,0.23999280542916018
589.8721397029593,0.24002692494369074
589.9721397029593,0.24004186266211186
590.0721397029594,0.24003201377816072
590.1721397029594,0.23998229476925576
590.2721397029594,0.2398918954842284
590.3721397029594,0.23976086190315346
590.4721397029595,0.23958926065354408
590.5721397029595,0.2393771789538909
590.6721397029595,0.23912472453978303
590.7721397029595,0.23883202557269878
590.8721397029595,0.23849923053157415
590.9721397029596,0.2381265080872776
591.0721397029596,0.23771404696013937
591.1721397029596,0.2372620557607044
591.2721397029596,0.23677076281389614
591.3721397029597,0.23624041596679954
591.4721397029597,0.23567128238028925
591.5721397029597,0.23506364830474838
591.6721397029597,0.23441781884014154
591.7721397029597,0.23373411768072339
591.8721397029598,0.23301288684468202
591.9721397029598,0.23225448638903312
592.0721397029598,0.2314592941100974
592.1721397029598,0.23062770522991052
592.2721397029599,0.22976013206892923
592.3721397029599,0.22885700370541362
592.4721397029599,0.2279187656218791
592.5721397029599,0.2269458793390254
592.67213970296,0.22593882203756444
592.77213970296,0.2248980861683794
592.87213970296,0.22382417905146199
592.97213970296,0.2227176224640837
593.07213970296,0.22157895221866938
593.1721397029601,0.22040871773085036
593.2721397029601,0.21920748157818426
593.3721397029601,0.21797581905003727
593.4721397029601,0.21671431768913169
593.5721397029602,0.21542357682526997
593.6721397029602,0.21410420710175185
593.7721397029602,0.2127568299950078
593.8721397029602,0.21138207732797573
593.9721397029602,0.20998059077775366
594.0721397029603,0.2085530213780633
594.1721397029603,0.20710002901706265
594.2721397029603,0.2056222819310478
594.3721397029603,0.2041204561945854
594.4721397029604,0.20259523520761724
594.5721397029604,0.20104730918007896
594.6721397029604,0.19947737461457313
594.7721397029604,0.19788613378763587
594.8721397029605,0.19627429423013348
594.9721397029605,0.19464256820732231
595.0721397029605,0.1929916721991016
595.1721397029605,0.19132232638098454
595.2721397029605,0.1896352541063071
595.3721397029606,0.18793118139018883
595.4721397029606,0.18621083639575367
595.5721397029606,0.18447494892311053
595.6721397029606,0.1827242499015871
595.7721397029607,0.180959470885701
595.8721397029607,0.17918134355534424
595.9721397029607,0.17739059922064623
596.0721397029607,0.17558796833197296
596.1721397029607,0.17377417999550646
596.2721397029608,0.17194996149484038
596.3721397029608,0.17011603781901394
596.4721397029608,0.16827313119739618
596.5721397029608,0.1664219606418187
596.6721397029609,0.16456324149634374
596.7721397029609,0.16269768499503956
596.8721397029609,0.16082599782812326
596.9721397029609,0.1589488817168162
597.072139702961,0.15706703299724348
597.172139702961,0.1551811422136942
597.272139702961,0.1532918937215449
597.372139702961,0.15139996530013336
597.472139702961,0.14950602777585448
597.5721397029611,0.14761074465573562
597.6721397029611,0.14571477177173162
597.7721397029611,0.14381875693596607
597.8721397029611,0.14192333960712805
597.9721397029612,0.14002915056821813
598.0721397029612,0.13813681161582245
598.1721397029612,0.1362469352610762
598.2721397029612,0.1343601244424632
598.3721397029612,0.13247697225058194
598.4721397029613,0.13059806166499194
598.5721397029613,0.1287239653032397
598.6721397029613,0.1268552451821469
598.7721397029613,0.12499245249142753
598.8721397029614,0.12313612737968684
598.9721397029614,0.12128679875283752
599.0721397029614,0.11944498408495474
599.1721397029614,0.11761118924157664
599.2721397029615,0.11578590831544114
599.3721397029615,0.1139696234746368
599.4721397029615,0.11216280482313
599.5721397029615,0.11036591027361727
599.6721397029615,0.10857938543263794
599.7721397029616,0.10680366349786855
599.8721397029616,0.10503916516750779
599.9721397029616,0.10328629856164723
600.0721397029616,0.10154545915551187
600.1721397029617,0.09981702972444106
600.2721397029617,0.09810138030047012
600.3721397029617,0.09639886814036021
600.4721397029617,0.09470983770491466
600.5721397029617,0.09303462064940773
600.6721397029618,0.09137353582494363
600.7721397029618,0.089726889290552
600.8721397029618,0.0880949743358184
600.9721397029618,0.08647807151383854
601.0721397029619,0.08487644868427745
601.1721397029619,0.0832903610663056
601.2721397029619,0.08172005130117829
601.3721397029619,0.08016574952421601
601.472139702962,0.07862767344593777
601.572139702962,0.07710602844209295
601.672139702962,0.0756010076523321
601.772139702962,0.0741127920872509
601.872139702962,0.07264155074353792
601.9721397029621,0.07118744072695195
602.0721397029621,0.06975060738285041
602.1721397029621,0.06833118443398824
602.2721397029621,0.06692929412530225
602.3721397029622,0.06554504737539459
602.4721397029622,0.06417854393442618
602.5721397029622,0.06282987254812994
602.6721397029622,0.06149911112765161
602.7721397029622,0.060186326924926196
602.8721397029623,0.05889157671329698
602.9721397029623,0.05761490697308394
603.0721397029623,0.05635635408180983
603.1721397029623,0.05511594450879149
603.2721397029624,0.05389369501380653
603.3721397029624,0.052689612849546284
603.4721397029624,0.05150369596756767
603.5721397029624,0.05033593322745978
603.6721397029625,0.049186304608942376
603.7721397029625,0.048054781426617246
603.8721397029625,0.04694132654709622
603.9721397029625,0.04584589460823308
604.0721397029625,0.044768432240190704
604.1721397029626,0.04370887828807834
604.2721397029626,0.04266716403589866
604.3721397029626,0.04164321343154878
604.4721397029626,0.04063694331262371
604.5721397029627,0.03964826363277651
604.6721397029627,0.03867707768839409
604.7721397029627,0.03772328234535309
604.8721397029627,0.03678676826562627
604.9721397029627,0.035867420133515036
605.0721397029628,0.03496511688129024
605.1721397029628,0.034079731914029035
605.2721397029628,0.03321113333344224
605.3721397029628,0.03235918416049231
605.4721397029629,0.03152374255660951
605.5721397029629,0.03070466204331925
605.6721397029629,0.02990179172010113
605.7721397029629,0.029114976480306344
605.872139702963,0.028344057224967318
605.972139702963,0.02758887107433959
606.072139702963,0.02684925157702371
606.172139702963,0.026125028916520934
606.272139702963,0.025416030115083785
606.3721397029631,0.02472207923472958
606.4721397029631,0.024042997575291488
606.5721397029631,0.023378603869388725
606.6721397029631,0.022728714474204572
606.7721397029632,0.02209314355996725
606.8721397029632,0.021471703295035678
606.9721397029632,0.020864204027498987
607.0721397029632,0.02027045446320474
607.1721397029632,0.019690261840138147
607.2721397029633,0.01912343209908026
607.3721397029633,0.018569770050480064
607.4721397029633,0.018029079537481407
607.5721397029633,0.01750116359505209
607.6721397029634,0.016985824605168183
607.7721397029634,0.016482864448013078
607.8721397029634,0.01599208464915629
607.9721397029634,0.015513286522682723
608.0721397029635,0.01504627131024908
608.1721397029635,0.014590840316049129
608.2721397029635,0.014146795037675125
608.3721397029635,0.013713937292867736
608.4721397029635,0.013292069342151967
608.5721397029636,0.01288099400736142
608.6721397029636,0.012480514786057838
608.7721397029636,0.012090435961857712
608.8721397029636,0.011710562710681927
608.9721397029637,0.0113407012029488
609.0721397029637,0.010980658701734983
609.1721397029637,0.010630243656932489
609.2721397029637,0.010289265795434212
609.3721397029638,0.009957536207383514
609.4721397029638,0.009634867428527245
609.5721397029638,0.009321073518714737
609.6721397029638,0.009015970136588345
609.7721397029638,0.008719374610514289
609.8721397029639,0.008431106005805229
609.9721397029639,0.008150985188288565
610.0721397029639,0.007878834884277227
610.1721397029639,0.007614479737001756
610.272139702964,0.007357746359564804
610.372139702964,0.007108463384481218
610.472139702964,0.006866461509868693
610.572139702964,0.00663157354235566
610.672139702964,0.006403634436774811
610.7721397029641,0.006182481332711891
610.8721397029641,0.005967953587980834
610.9721397029641,0.0057598928090973785
611.0721397029641,0.00555814287882439
611.1721397029642,0.005362549980862881
611.2721397029642,0.005172962621763632
611.3721397029642,0.004989231650134798
611.4721397029642,0.004811210273221476
611.5721397029643,0.004638754070933554
611.6721397029643,0.004471721007398486
611.7721397029643,0.004309971440115677
611.8721397029643,0.00415336812678939
611.9721397029643,0.0040017762299168515
612.0721397029644,0.0038550633192082373
612.1721397029644,0.0037130993719148115
612.2721397029644,0.0035757567711413086
612.3721397029644,0.0034429103022181047
612.4721397029645,0.00331443714720823
612.5721397029645,0.0031902168776237446
612.6721397029645,0.003070131445425185
612.7721397029645,0.0029540651723772293
612.8721397029645,0.0028419047378327325
612.9721397029646,0.002733539165016486
613.0721397029646,0.0026288598058791827
613.1721397029646,0.0025277603245908564
613.2721397029646,0.0024301366797422623
613.3721397029647,0.002335887105321368
613.4721397029647,0.002244912090531048
613.5721397029647,0.0021571143585128833
613.6721397029647,0.0020723988440406907
613.7721397029648,0.0019906726702461773
613.8721397029648,0.0019118451244377684
613.9721397029648,0.0018358276330723425
614.0721397029648,0.001762533735938231
614.1721397029648,0.0016918790596064665
614.2721397029649,0.0016237812902058365
614.3721397029649,0.0015581601455758741
614.4721397029649,0.0014949373468504995
614.5721397029649,0.001434036589523542
614.672139702965,0.0013753835140459048
614.772139702965,0.001318905676002713
614.872139702965,0.0012645325159172554
614.972139702965,0.0012121953287270552
615.072139702965,0.0011618272329759996
615.1721397029651,0.0011133631397648568
615.2721397029651,0.001066739721501188
615.3721397029651,0.0010218953804880474
615.4721397029651,0.0009787702173895494
615.5721397029652,0.0009373059996098031
615.6721397029652,0.0008974461296204035
615.7721397029652,0.0008591356132701546
615.8721397029652,0.0008223210281093439
615.9721397029653,0.0007869504917594945
616.0721397029653,0.000752973630358128
616.1721397029653,0.0007203415471067549
616.2721397029653,0.0006890067909489457
616.3721397029653,0.0006589233254040554
616.4721397029654,0.0006300464975808577
616.5721397029654,0.0006023330073941209
616.6721397029654,0.0005757408770058789
616.7721397029654,0.0005502294205119633
616.8721397029655,0.0005257592138931741
616.9721397029655,0.0005022920652492898
617.0721397029655,0.0004797909853329998
617.1721397029655,0.0004582201583997342
617.2721397029655,0.0004375449133882733
617.3721397029656,0.0004177316954459924
617.4721397029656,0.0003987480378115562
617.5721397029656,0.0003805625340668975
617.6721397029656,0.00036314481076934584
617.7721397029657,0.0003464655004738403
617.8721397029657,0.0003304962151542528
617.9721397029657,0.00031520952003198286
618.0721397029657,0.00030057890781911894
618.1721397029658,0.00028657877338267204
618.2721397029658,0.0002731843888355706
618.3721397029658,0.0002603718790593712
618.4721397029658,0.0002481181976628898
618.5721397029658,0.00023640110338027433
618.6721397029659,0.00022519913691134794
618.7721397029659,0.00021449159820642247
618.8721397029659,0.00020425852419714895
618.9721397029659,0.00019448066697439539
619.072139702966,0.00018513947241356228
619.172139702966,0.0001762170592472218
619.272139702966,0.00016769619858444224
619.372139702966,0.0001595602938756843
619.472139702966,0.00015179336132168086
619.5721397029661,0.00014438001072428525
619.6721397029661,0.00013730542677685198
619.7721397029661,0.00013055535079132519
619.8721397029661,0.0001241160628588444
619.9721397029662,0.00011797436444032778
620.0721397029662,0.00011211756138317027
620.1721397029662,0.00010653344735989378
620.2721397029662,0.0001012102877242984
620.3721397029663,9.613680378040653e-05
620.4721397029663,9.130215745924382e-05
620.5721397029663,8.669593639827988e-05
620.6721397029663,8.230813941814088e-05
620.7721397029663,7.81291623910213e-05
620.8721397029664,7.414978449504573e-05
620.9721397029664,7.036115484867914e-05
621.0721397029664,6.675477951914027e-05
621.1721397029664,6.332250889864988e-05
621.2721397029665,6.005652544223495e-05
621.3721397029665,5.694933176071159e-05
621.4721397029665,5.3993739062386326e-05
621.5721397029665,5.118285593694713e-05
621.6721397029665,4.8510077474953754e-05
621.7721397029666,4.596907471629402e-05
621.8721397029666,4.3553784420933625e-05
621.9721397029666,4.1258399155265336e-05
622.0721397029666,3.907735768734762e-05
622.1721397029667,3.7005335684317713e-05
622.2721397029667,3.5037236705267776e-05
622.3721397029667,3.316818348288742e-05
622.4721397029667,3.139350948719486e-05
622.5721397029668,2.9708750764708452e-05
622.6721397029668,2.8109638046446713e-05
622.7721397029668,2.6592089118187008e-05
622.8721397029668,2.515220144646193e-05
622.9721397029668,2.3786245053828906e-05
623.0721397029669,2.2490655637007528e-05
623.1721397029669,2.1262027921546074e-05
623.2721397029669,2.0097109246748838e-05
623.3721397029669,1.8992793374670946e-05
623.472139702967,1.7946114517066932e-05
623.572139702967,1.6954241574261724e-05
623.672139702967,1.6014472579998903e-05
623.772139702967,1.5124229346411362e-05
623.872139702967,1.4281052303350694e-05
623.9721397029671,1.3482595526406896e-05
624.0721397029671,1.27266219480468e-05
624.1721397029671,1.2010998746398405e-05
624.2721397029671,1.133369290630915e-05
624.3721397029672,1.0692766947407984e-05
624.4721397029672,1.0086374814004181e-05
624.5721397029672,9.512757921760813e-06
624.6721397029672,8.970241356185179e-06
624.7721397029673,8.457230218084106e-06
624.8721397029673,7.972206111239198e-06
624.9721397029673,7.5137237676617395e-06
625.0721397029673,7.080407805894493e-06
625.1721397029673,6.670949617933702e-06
625.2721397029674,6.284104380450071e-06
625.3721397029674,5.91868818609354e-06
625.4721397029674,5.573575290771504e-06
625.5721397029674,5.247695472894537e-06
625.6721397029675,4.940031500687221e-06
625.7721397029675,4.649616703764577e-06
625.8721397029675,4.375532645275954e-06
625.9721397029675,4.116906891019305e-06
626.0721397029675,3.872910872027972e-06
626.1721397029676,3.6427578372303078e-06
626.2721397029676,3.425700892879741e-06
626.3721397029676,3.221031125547923e-06
626.4721397029676,3.0280758055681047e-06
626.5721397029677,2.846196667908261e-06
626.6721397029677,2.674788267544676e-06
626.7721397029677,2.5132764064960495e-06
626.8721397029677,2.361116629766161e-06
626.9721397029678,2.2177927875291554e-06
627.0721397029678,2.0828156609763036e-06
627.1721397029678,1.9557216493254697e-06
627.2721397029678,1.836071515576108e-06
627.3721397029678,1.7234491886714394e-06
627.4721397029679,1.6174606198073996e-06
627.5721397029679,1.5177326907036316e-06
627.6721397029679,1.4239121717257787e-06
627.7721397029679,1.3356647278208076e-06
627.872139702968,1.2526739702973913e-06
627.972139702968,1.1746405525523109e-06
628.072139702968,1.1012813079107478e-06
628.172139702968,1.0323284278136196e-06
628.272139702968,9.675286786486558e-07
628.3721397029681,9.066426555836854e-07
628.4721397029681,8.494440718207354e-07
628.5721397029681,7.957190817479487e-07
628.6721397029681,7.452656365230789e-07
628.7721397029682,6.978928706774483e-07
628.8721397029682,6.534205183826977e-07
628.9721397029682,6.11678358074579e-07
629.0721397029682,5.725056841783486e-07
629.1721397029683,5.357508047290372e-07
629.2721397029683,5.012705637271826e-07
629.3721397029683,4.689298871162755e-07
629.4721397029683,4.386013513125046e-07
629.5721397029683,4.1016477326019123e-07
629.6721397029684,3.835068210277352e-07
629.7721397029684,3.5852064399896764e-07
629.8721397029684,3.351055217534499e-07
629.9721397029684,3.131665307666991e-07
630.0721397029685,2.9261422809736417e-07
630.1721397029685,2.7336435126323043e-07
630.2721397029685,2.5533753354152363e-07
630.3721397029685,2.384590339614034e-07
630.4721397029685,2.2265848128775856e-07
630.5721397029686,2.078696313255358e-07
630.6721397029686,1.940301369028322e-07
630.7721397029686,1.810813299188913e-07
630.8721397029686,1.6896801487004025e-07
630.9721397029687,1.5763827329245171e-07
631.0721397029687,1.470432785855042e-07
631.1721397029687,1.3713712070342818e-07
631.2721397029687,1.2787664022591151e-07
631.3721397029688,1.1922127134044127e-07
631.4721397029688,1.1113289329036639e-07
631.5721397029688,1.0357568986304437e-07
631.6721397029688,9.65160165119924e-08
631.7721397029688,8.992227472572121e-08
631.8721397029689,8.376479327393878e-08
631.9721397029689,7.80157159790603e-08
632.0721397029689,7.264889567750822e-08
632.1721397029689,6.763979405114146e-08
632.272139702969,6.29653870243356e-08
632.372139702969,5.860407543677837e-08
632.472139702969,5.453560071597014e-08
632.572139702969,5.074096528674005e-08
632.672139702969,4.7202357467834415e-08
632.7721397029691,4.390308061782728e-08
632.8721397029691,4.082748630425919e-08
632.9721397029691,3.7960911281047523e-08
633.0721397029691,3.5289618069863196e-08
633.1721397029692,3.2800738951331224e-08
633.2721397029692,3.0482223181627465e-08
633.3721397029692,2.8322787259311934e-08
633.4721397029692,2.6311868076086464e-08
633.5721397029693,2.4439578793605537e-08
633.6721397029693,2.2696667296519177e-08
633.7721397029693,2.1074477079602863e-08
633.8721397029693,1.9564910434147638e-08
633.9721397029693,1.8160393805755693e-08
634.0721397029694,1.6853845202329493e-08
634.1721397029694,1.5638643537369038e-08
634.2721397029694,1.4508599799717282e-08
634.3721397029694,1.3457929946623871e-08
634.4721397029695,1.2481229422456861e-08
634.5721397029695,1.1573449210580141e-08
634.6721397029695,1.0729873330851299e-08
634.7721397029695,9.946097699887361e-09
634.8721397029695,9.218010275706804e-09
634.9721397029696,8.541772412595294e-09
635.0721397029696,7.913801356068888e-09
635.1721397029696,7.330753811633381e-09
635.2721397029696,6.789510524668218e-09
635.3721397029697,6.2871618122117036e-09
635.4721397029697,5.82099399069295e-09
635.5721397029697,5.388476646759578e-09
635.6721397029697,4.987250701292641e-09
635.7721397029698,4.6151172194902145e-09
635.8721397029698,4.2700269225456354e-09
635.9721397029698,3.950070358953139e-09
636.0721397029698,3.6534686958475866e-09
636.1721397029698,3.378565093034412e-09
636.2721397029699,3.1238166244953134e-09
