463.37213970293055,0.8771792529434519
463.4721397029306,0.8775999669240676
463.5721397029306,0.8780233204604428
463.6721397029306,0.8784493478790023
463.77213970293064,0.8788780840350712
463.87213970293067,0.8793095643222807
463.9721397029307,0.8797438246821652
464.0721397029307,0.8801809016139539
464.17213970293074,0.8806208321845648
464.27213970293076,0.8810636540388015
464.3721397029308,0.8815094054097612
464.4721397029308,0.8819581251294556
464.5721397029308,0.8824098526396523
464.67213970293085,0.8828646280029395
464.7721397029309,0.8833224919140206
464.8721397029309,0.8837834857112439
464.9721397029309,0.8842476513883717
465.07213970293094,0.8847150316065957
465.17213970293096,0.8851856697068048
465.272139702931,0.8856596097221076
465.372139702931,0.8861368963906215
465.47213970293103,0.8866175751685292
465.57213970293105,0.8871016922434117
465.6721397029311,0.887589294547864
465.7721397029311,0.8880804297733986
465.8721397029311,0.8885751463846469
465.97213970293114,0.8890734936338602
466.07213970293117,0.8895755215757247
466.1721397029312,0.89008128108249
466.2721397029312,0.8905908238594243
466.37213970293124,0.8911042024606028
466.47213970293126,0.8916214703050346
466.5721397029313,0.8921426816931399
466.6721397029313,0.8926678918235836
466.7721397029313,0.8931971568104743
466.87213970293135,0.8937305337009377
466.9721397029314,0.8942680804930734
467.0721397029314,0.8948098561543042
467.1721397029314,0.8953559206401278
467.27213970293144,0.8959063349132794
467.37213970293146,0.896461160963317
467.4721397029315,0.8970204618266377
467.5721397029315,0.8975843016069383
467.67213970293153,0.8981527454961257
467.77213970293155,0.8987258597956964
467.8721397029316,0.8993037119385873
467.9721397029316,0.8998863705115161
468.0721397029316,0.900473905277821
468.17213970293164,0.9010663872008104
468.27213970293167,0.9016638884676388
468.3721397029317,0.9022664825137174
468.4721397029317,0.9028742440476774
468.57213970293174,0.9034872490768946
468.67213970293176,0.9041055749335941
468.7721397029318,0.9047293003015457
468.8721397029318,0.9053585052433664
468.9721397029318,0.9059932712284446
469.07213970293185,0.9066336811615026
469.1721397029319,0.9072798194118104
469.2721397029319,0.9079317718430715
469.3721397029319,0.9085896258439928
469.47213970293194,0.9092534703595584
469.57213970293196,0.9099233959230251
469.672139702932,0.9105994946886564
469.772139702932,0.9112818604652136
469.87213970293203,0.9119705887502245
469.97213970293205,0.9126657767650472
470.0721397029321,0.9133675234907511
470.1721397029321,0.9140759297048328
470.2721397029321,0.9147910980187921
470.37213970293215,0.9155131329165855
470.47213970293217,0.9162421407939823
470.5721397029322,0.9169782299988439
470.6721397029322,0.9177215108723528
470.77213970293224,0.9184720957912106
470.87213970293226,0.9192300992108351
470.9721397029323,0.9199956377095762
471.0721397029323,0.9207688300339811
471.1721397029323,0.9215497971451323
471.27213970293235,0.9223386622660865
471.3721397029324,0.923135550930444
471.4721397029324,0.9239405910320728
471.5721397029324,0.9247539128760226
471.67213970293244,0.9255756492306539
471.77213970293246,0.9264059353810152
471.8721397029325,0.9272449091834998
471.9721397029325,0.9280927111218142
472.07213970293253,0.9289494843642919
472.17213970293255,0.9298153748225848
472.2721397029326,0.9306905312117706
472.3721397029326,0.9315751051119076
472.4721397029326,0.9324692510310764
472.57213970293265,0.933373126469946
472.67213970293267,0.9342868919879002
472.7721397029327,0.9352107112707664
472.8721397029327,0.9361447512001853
472.97213970293274,0.9370891819246625
473.07213970293276,0.9380441769323467
473.1721397029328,0.9390099131255724
473.2721397029328,0.9399865708972175
473.3721397029328,0.9409743342089159
473.47213970293285,0.9419733906711731
473.5721397029329,0.9429839316254318
473.6721397029329,0.944006152228136
473.7721397029329,0.9450402515368413
473.87213970293294,0.9460864325984231
473.97213970293296,0.9471449025394327
474.072139702933,0.9482158726586549
474.172139702933,0.9492995585219186
474.27213970293303,0.9503961800592167
474.37213970293305,0.9515059616641884
474.4721397029331,0.9526291322960234
474.5721397029331,0.9537659255838413
474.6721397029331,0.9549165799336097
474.77213970293315,0.9560813386376552
474.87213970293317,0.9572604499868316
474.9721397029332,0.9584541673854055
475.0721397029332,0.9596627494687207
475.17213970293324,0.9608864602237055
475.27213970293326,0.9621255691122877
475.3721397029333,0.9633803511977801
475.4721397029333,0.9646510872743037
475.5721397029333,0.9659380639993163
475.67213970293335,0.9672415740293084
475.7721397029334,0.9685619161587414
475.8721397029334,0.9698993954622893
475.9721397029334,0.971254323440457
476.07213970293344,0.9726270181686414
476.17213970293346,0.974017804449706
476.2721397029335,0.975427013970137
476.3721397029335,0.9768549854598505
476.47213970293353,0.9783020648557191
476.57213970293355,0.9797686054688872
476.6721397029336,0.9812549681559422
476.7721397029336,0.9827615214940085
476.8721397029336,0.9842886419598325
476.97213970293365,0.9858367141129201
477.07213970293367,0.9874061307827945
477.1721397029337,0.9889972932604325
477.2721397029337,0.9906106114939413
477.37213970293374,0.9922465042885324
477.47213970293376,0.9939053995108489
477.5721397029338,0.9955877342976933
477.6721397029338,0.9972939552692115
477.7721397029338,0.9990245187465687
477.87213970293385,1.000779890974164
477.9721397029339,1.002560548346413
478.0721397029339,1.0043669776391302
478.1721397029339,1.0061996762455334
478.27213970293394,1.008059152416884
478.37213970293396,1.0099459255077758
478.472139702934,1.0118605262260645
478.572139702934,1.0138034968874359
478.67213970293403,1.0157753916745866
478.77213970293406,1.0177767769009893
478.8721397029341,1.019808231279198
478.9721397029341,1.0218703461936345
479.0721397029341,1.0239637259777852
479.17213970293415,1.0260889881957196
479.27213970293417,1.0282467639278248
479.3721397029342,1.0304376980606302
479.4721397029342,1.032662449580576
479.57213970293424,1.0349216918715582
479.67213970293426,1.0372161130160547
479.7721397029343,1.039546416099613
479.8721397029343,1.0419133195184536
479.9721397029343,1.0443175572899013
480.07213970293435,1.0467598793653379
480.1721397029344,1.0492410519453192
480.2721397029344,1.051761857796469
480.3721397029344,1.054323096569714
480.47213970293444,1.0569255851193815
480.57213970293446,1.0595701578226298
480.6721397029345,1.0622576668986243
480.7721397029345,1.0649889827268235
480.87213970293453,1.067764994163667
480.97213970293456,1.0705866088568947
481.0721397029346,1.0734547535566563
481.1721397029346,1.0763703744224884
481.2721397029346,1.0793344373251568
481.37213970293465,1.08234792814227
481.47213970293467,1.0854118530464745
481.5721397029347,1.0885272387849423
481.6721397029347,1.0916951329487452
481.77213970293474,1.0949166042305993
481.87213970293476,1.0981927426693314
481.9721397029348,1.1015246598792878
482.0721397029348,1.1049134892627581
482.1721397029348,1.1083603862033362
482.27213970293485,1.1118665282379734
482.3721397029349,1.1154331152053036
482.4721397029349,1.1190613693676341
482.5721397029349,1.1227525355037953
482.67213970293494,1.126507880969828
482.77213970293496,1.1303286957242704
482.872139702935,1.1342162923145525
482.972139702935,1.1381720058207607
483.07213970293503,1.142197193752767
483.17213970293506,1.1462932358964206
483.2721397029351,1.1504615341042044
483.3721397029351,1.1547035120254372
483.4721397029351,1.1590206147707578
483.57213970293515,1.163414308505279
483.67213970293517,1.167886079964412
483.7721397029352,1.1724374358859706
483.8721397029352,1.177069902351752
483.97213970293524,1.1817850240313408
484.07213970293526,1.18658436332044
484.1721397029353,1.1914694993655408
484.2721397029353,1.1964420269662512
484.3721397029353,1.201503555346082
484.47213970293535,1.2066557067819448
484.5721397029354,1.2119001150820616
484.6721397029354,1.217238423901405
484.7721397029354,1.2226722848831917
484.87213970293544,1.2282033556143452
484.97213970293546,1.2338332973822168
485.0721397029355,1.2395637727192164
485.1721397029355,1.2453964427213697
485.27213970293553,1.2513329641261652
485.37213970293556,1.2573749861344088
485.4721397029356,1.263524146960165
485.5721397029356,1.2697820700922358
485.6721397029356,1.2761503602500097
485.77213970293565,1.2826305990159412
485.87213970293567,1.2892243401263537
485.9721397029357,1.2959331044017743
486.0721397029357,1.3027583742975481
486.17213970293574,1.3097015880551042
486.27213970293576,1.3167641334339608
486.3721397029358,1.3239473410043598
486.4721397029358,1.3312524769803458
486.57213970293583,1.3386807355731807
486.67213970293585,1.3462332308452032
486.7721397029359,1.3539109880446631
486.8721397029359,1.361714934402675
486.9721397029359,1.3696458893743055
487.07213970293594,1.3777045543069395
487.17213970293597,1.3858915015205011
487.272139702936,1.394207162785885
487.372139702936,1.4026518171900921
487.47213970293603,1.4112255783791285
487.57213970293606,1.4199283811727366
487.6721397029361,1.4287599675485367
487.7721397029361,1.4377198719971997
487.8721397029361,1.4468074062548981
487.97213970293615,1.4560216434245299
488.07213970293617,1.4653614015031242
488.1721397029362,1.474825226339449
488.2721397029362,1.484411374053204
488.37213970293624,1.4941177929553011
488.47213970293626,1.5039421050176731
488.5721397029363,1.5138815869507802
488.6721397029363,1.5239331509575684
488.77213970293633,1.5340933252440143
488.87213970293635,1.5443582343785986
488.9721397029364,1.5547235796060295
489.0721397029364,1.5651846192342382
489.1721397029364,1.5757361492280308
489.27213970293644,1.5863724841577027
489.37213970293647,1.5970874386662748
489.4721397029365,1.6078743096346702
489.5721397029365,1.6187258592398905
489.67213970293653,1.62963429911691
489.77213970293656,1.6405912758502859
489.8721397029366,1.6515878580361325
489.9721397029366,1.6626145251687803
490.0721397029366,1.673661158618788
490.17213970293665,1.6847170349796197
490.27213970293667,1.695770822068779
490.3721397029367,1.7068105778750906
490.4721397029367,1.717823752746668
490.57213970293674,1.728797195113379
490.67213970293676,1.7397171610328896
490.7721397029368,1.750569327840109
490.8721397029368,1.7613388121656364
490.97213970293683,1.7720101925692042
491.07213970293685,1.7825675370087695
491.1721397029369,1.7929944353344882
491.2721397029369,1.8032740369591946
491.3721397029369,1.8133890938130222
491.47213970293694,1.823322008639554
491.57213970293697,1.8330548886345301
491.672139702937,1.8425696043660216
491.772139702937,1.8518478538476586
491.87213970293703,1.8608712315646507
491.97213970293706,1.8696213021769075
492.0721397029371,1.8780796785456066
492.1721397029371,1.8862281036503943
492.2721397029371,1.894048535885424
492.37213970293715,1.9015232371452653
492.47213970293717,1.908634863038038
492.5721397029372,1.9153665544947012
492.6721397029372,1.9217020299820617
492.77213970293724,1.9276256774745535
492.87213970293726,1.933122645297852
492.9721397029373,1.9381789309275093
493.0721397029373,1.942781466809412
493.17213970293733,1.9469182022670641
493.27213970293735,1.9505781805743414
493.3721397029374,1.9537516103019141
493.4721397029374,1.956429930091084
493.5721397029374,1.9586058660700412
493.67213970293744,1.960273481203777
493.77213970293747,1.9614282159589798
493.8721397029375,1.9620669197676501
493.9721397029375,1.9621284039038176
494.07213970293753,1.9607227926520039
494.17213970293756,1.9575650101357105
494.2721397029376,1.9526850593016059
494.3721397029376,1.9461286903556736
494.4721397029376,1.9379563457652762
494.57213970293765,1.9282417979874296
494.67213970293767,1.9170705360308011
494.7721397029377,1.9045379646414484
494.8721397029377,1.890747483675568
494.97213970293774,1.8758085151418902
495.07213970293776,1.8598345418177775
495.1721397029378,1.8429412148577338
495.2721397029378,1.825244579163959
495.37213970293783,1.8068594552832196
495.47213970293785,1.7878980060231922
495.5721397029379,1.7684685055527058
495.6721397029379,1.7486743190439153
495.7721397029379,1.728613092357915
495.87213970293794,1.7083761441390464
495.97213970293797,1.688048047091304
496.072139702938,1.6677063811625101
496.172139702938,1.6474216387614007
496.27213970293803,1.6272572608151792
496.37213970293806,1.6072697822366901
496.4721397029381,1.5875090659915858
496.5721397029381,1.5680186062202277
496.6721397029381,1.5488358825766029
496.77213970293815,1.5299927499223482
496.87213970293817,1.5115158496124579
496.9721397029382,1.4934270307151316
497.0721397029382,1.4757437715351127
497.17213970293824,1.4584795936972346
497.27213970293826,1.4416444627563916
497.3721397029383,1.4252451708114118
497.4721397029383,1.4092856979069803
497.57213970293833,1.393767550113967
497.67213970293835,1.3786900730955087
497.7721397029384,1.3640507407099989
497.8721397029384,1.3498454187912219
497.9721397029384,1.336068604699753
498.07213970293844,1.32271364357778
498.17213970293847,1.309772922480038
498.2721397029385,1.297238043713536
498.3721397029385,1.285099978813375
498.47213970293853,1.2733492046245405
498.57213970293856,1.2619758229616294
498.6721397029386,1.2509696652897715
498.7721397029386,1.2403203838186787
498.8721397029386,1.2300175303344882
498.97213970293865,1.2200506240162659
499.07213970293867,1.210409209400004
499.1721397029387,1.2010829055660748
499.2721397029387,1.192061447538923
499.37213970293874,1.183334720802293
499.47213970293876,1.1748927897508032
499.5721397029388,1.1667259208202614
499.6721397029388,1.1588246009653038
499.77213970293883,1.1511795520841661
499.87213970293885,1.1437817419267757
499.9721397029389,1.1366223919639
500.0721397029389,1.1296929826416968
500.1721397029389,1.1229852563974867
500.27213970293894,1.1164912187686489
500.37213970293897,1.1102031378869681
500.472139702939,1.104113542615214
500.572139702939,1.0982152195509096
500.67213970293903,1.0925012090938457
500.77213970293906,1.086964800748603
500.8721397029391,1.0815995278108967
500.9721397029391,1.076399161566659
501.0721397029391,1.0713577051151926
501.17213970293915,1.0664693869122144
501.27213970293917,1.0617286541149518
501.3721397029392,1.057130165799461
501.4721397029392,1.0526687861098105
501.57213970293924,1.0483395773895716
501.67213970293926,1.0441377933380154
501.7721397029393,1.0400588722264095
501.8721397029393,1.0360984302037064
501.97213970293933,1.0322522547156345
502.07213970293935,1.0285162980566145
502.1721397029394,1.0248866710699713
502.2721397029394,1.0213596370085054
502.3721397029394,1.0179316055645584
502.47213970293944,1.014599127076207
502.57213970293947,1.0113588869140793
502.6721397029395,1.008207700051479
502.7721397029395,1.0051425058189647
502.87213970293953,1.002160362843245
502.97213970293956,0.9992584441691776
503.0721397029396,0.996434032562763
503.1721397029396,0.993684515992294
503.2721397029396,0.99100738328423
503.37213970293965,0.9884002199498858
503.47213970293967,0.9858607041786567
503.5721397029397,0.98338660299321
503.6721397029397,0.9809757685618714
503.77213970293974,0.9786261346632799
503.87213970293976,0.9763357132982996
503.9721397029398,0.9741025914441286
504.0721397029398,0.9719249279455352
504.17213970293983,0.9698009505381819
504.27213970293985,0.9677289529990443
504.3721397029399,0.9657072924190085
504.4721397029399,0.9637343865928203
504.5721397029399,0.9618087115216665
504.67213970293994,0.9599287990237853
504.77213970293997,0.9580932344486275
504.87213970294,0.9563006544902238
504.97213970294,0.95454974509555
505.07213970294004,0.9528392394638197
505.17213970294006,0.9511679161327775
505.2721397029401,0.949534597148209
505.3721397029401,0.9479381463130175
505.4721397029401,0.946377467512368
505.57213970294015,0.944851503111527
505.67213970294017,0.9433592324231694
505.7721397029402,0.941899670241052
505.8721397029402,0.9404718654370814
505.97213970294024,0.9390748996189366
506.07213970294026,0.9377078858455197
506.1721397029403,0.9363699673976309
506.2721397029403,0.9350603166013798
506.37213970294033,0.9337781337019497
506.47213970294035,0.9325226457854441
506.5721397029404,0.9312931057466398
506.6721397029404,0.9300887913005773
506.7721397029404,0.9289090040360036
506.87213970294044,0.9277530685087843
506.97213970294047,0.9266203313734762
507.0721397029405,0.9255101605513463
507.1721397029405,0.9244219444331933
507.27213970294054,0.9233550911154089
507.37213970294056,0.922309027667787
507.4721397029406,0.9212831994316572
507.5721397029406,0.9202770693469886
507.6721397029406,0.9192901173071686
507.77213970294065,0.9183218395402251
507.8721397029407,0.9173717480153158
507.9721397029407,0.9164393698733659
508.0721397029407,0.915524246880784
508.17213970294074,0.9146259349052387
508.27213970294076,0.913744003412525
508.3721397029408,0.9128780349835947
508.4721397029408,0.912027624850868
508.57213970294083,0.9111923804529849
508.67213970294085,0.9103719210071932
508.7721397029409,0.90956587709861
508.8721397029409,0.9087738902856224
508.9721397029409,0.9079956127207364
509.07213970294094,0.9072307067862068
509.17213970294097,0.9064788447438151
509.272139702941,0.9057397083981915
509.372139702941,0.9050129887731049
509.47213970294104,0.9042983858001686
509.57213970294106,0.90359560801944
509.6721397029411,0.9029043722914099
509.7721397029411,0.9022244035199037
509.8721397029411,0.9015554343854407
509.97213970294115,0.9008972050886105
510.0721397029412,0.9002494631030543
510.1721397029412,0.8996119629376514
510.2721397029412,0.8989844659075314
510.37213970294124,0.8983667399135499
510.47213970294126,0.8977585592298792
510.5721397029413,0.8971597042993862
510.6721397029413,0.8965699615364763
510.77213970294133,0.8959891231371055
510.87213970294135,0.8954169868956677
510.9721397029414,0.8948533560284826
511.0721397029414,0.8942980390036195
511.1721397029414,0.8937508493768038
511.27213970294144,0.8932116056331646
511.37213970294147,0.8926801310345918
511.4721397029415,0.8921562534724812
511.5721397029415,0.8916398053256568
511.67213970294154,0.8911306233232661
511.77213970294156,0.8906285484124549
511.8721397029416,0.8901334256306364
511.9721397029416,0.8896451039821761
512.0721397029416,0.8891634363193224
512.1721397029416,0.8886882792272193
512.2721397029417,0.8882194929128461
512.3721397029417,0.8877569410977327
512.4721397029417,0.8873004909143087
512.5721397029417,0.8868500128057477
512.6721397029418,0.8864053804291752
512.7721397029418,0.8859664705621145
512.8721397029418,0.8855331630120491
512.9721397029418,0.8851053405289844
513.0721397029419,0.8846828887208991
513.1721397029419,0.8842656959719781
513.2721397029419,0.8838536533635261
513.3721397029419,0.8834466545974606
513.472139702942,0.8830445959222931
513.572139702942,0.8826473760615066
513.672139702942,0.8822548961442411
513.772139702942,0.8818670596382069
513.872139702942,0.8814837722847422
513.9721397029421,0.8811049420359396
514.0721397029421,0.8807304789937687
514.1721397029421,0.8803602953511208
514.2721397029421,0.8799943053347105
514.3721397029421,0.8796324251497669
514.4721397029422,0.8792745729264517
514.5721397029422,0.8789206686679445
514.6721397029422,0.8785706342001355
514.7721397029422,0.8782243931228711
514.8721397029423,0.8778818707626984
514.9721397029423,0.8775429941270554
515.0721397029423,0.877207691859859
515.1721397029423,0.8768758941984425
515.2721397029424,0.8765475329317944
515.3721397029424,0.8762225413600586
515.4721397029424,0.8759008542552479
515.5721397029424,0.8755824078231341
515.6721397029424,0.8752671396662733
515.7721397029425,0.8749549887481283
515.8721397029425,0.8746458953582517
515.9721397029425,0.8743398010784945
516.0721397029425,0.8740366487502069
516.1721397029426,0.8737363824423963
516.2721397029426,0.8734389474208131
516.3721397029426,0.8731442901179342
516.4721397029426,0.8728523581038122
516.5721397029426,0.8725631000577654
516.6721397029427,0.8722764657408784
516.7721397029427,0.8719924059692894
516.8721397029427,0.8717108725882379
516.9721397029427,0.8714318184468474
517.0721397029428,0.871155197373622
517.1721397029428,0.8708809641526322
517.2721397029428,0.8706090745003678
517.3721397029428,0.8703394850432397
517.4721397029429,0.8700721532957052
517.5721397029429,0.8698070376390028
517.6721397029429,0.8695440973004736
517.7721397029429,0.8692832923334507
517.872139702943,0.8690245835977037
517.972139702943,0.8687679327404144
518.072139702943,0.8685133021776728
518.172139702943,0.8682606550764741
518.272139702943,0.8680099553372039
518.3721397029431,0.8677611675765939
518.4721397029431,0.8675142571111362
518.5721397029431,0.8672691899409407
518.6721397029431,0.8670259327340237
518.7721397029432,0.8667844528110127
518.8721397029432,0.8665447181302572
518.9721397029432,0.8663066972733316
519.0721397029432,0.8660703594309189
519.1721397029432,0.8658356743890651
519.2721397029433,0.8656026125157912
519.3721397029433,0.8653711447480545
519.4721397029433,0.8651412425790472
519.5721397029433,0.8649128780458231
519.6721397029434,0.8646860237172429
519.7721397029434,0.8644606526822289
519.8721397029434,0.86423673853832
519.9721397029434,0.864014255380517
520.0721397029434,0.8637931777904136
520.1721397029435,0.8635734808256001
520.2721397029435,0.8633551400093354
520.3721397029435,0.8631381313204778
520.4721397029435,0.8629224311836694
520.5721397029436,0.862708016459764
520.6721397029436,0.8624948644364938
520.7721397029436,0.8622829528193674
520.8721397029436,0.8620722597227929
520.9721397029437,0.8618627636614197
521.0721397029437,0.861654443541692
521.1721397029437,0.86144727865361
521.2721397029437,0.8612412486626917
521.3721397029437,0.8610363336021295
521.4721397029438,0.8608325138651375
521.5721397029438,0.8606297701974832
521.6721397029438,0.8604280836901994
521.7721397029438,0.86022743577247
521.8721397029439,0.8600278082046866
521.9721397029439,0.8598291830716712
522.0721397029439,0.8596315427760582
522.1721397029439,0.8594348700318346
522.272139702944,0.8592391478580318
522.372139702944,0.8590443595725668
522.472139702944,0.8588504887862264
522.572139702944,0.8586575193967937
522.672139702944,0.8584654355833099
522.7721397029441,0.8582742218004707
522.8721397029441,0.8580838627731517
522.9721397029441,0.8578943434910602
523.0721397029441,0.8577056492035109
523.1721397029442,0.85751776541432
523.2721397029442,0.8573306778768179
523.3721397029442,0.8571443725889739
523.4721397029442,0.8569588357886325
523.5721397029442,0.8567740539488582
523.6721397029443,0.8565900137733842
523.7721397029443,0.8564067021921646
523.8721397029443,0.8562241063570263
523.9721397029443,0.8560422136374176
524.0721397029444,0.8558610116162527
524.1721397029444,0.8556804880858477
524.2721397029444,0.8555006310439478
524.3721397029444,0.855321428689841
524.4721397029444,0.855142869420559
524.5721397029445,0.8549649418271605
524.6721397029445,0.854787634691097
524.7721397029445,0.8546109369806564
524.8721397029445,0.8544348378474864
524.9721397029446,0.8542593266231918
525.0721397029446,0.8540843928160058
525.1721397029446,0.8539100261075336
525.2721397029446,0.8537362163495665
525.3721397029447,0.8535629535609633
525.4721397029447,0.8533902279245997
525.5721397029447,0.8532180297843823
525.6721397029447,0.8530463496423266
525.7721397029447,0.8528751781556961
525.8721397029448,0.8527045061342042
525.9721397029448,0.8525343245372725
526.0721397029448,0.8523646244713491
526.1721397029448,0.8521953971872821
526.2721397029449,0.8520266340777489
526.3721397029449,0.8518583266747387
526.4721397029449,0.8516904666470875
526.5721397029449,0.8515230457980653
526.672139702945,0.851356056063012
526.772139702945,0.8511894895070238
526.872139702945,0.851023338322686
526.972139702945,0.8508575948278533
527.072139702945,0.8506922514634757
527.1721397029451,0.8505273007914689
527.2721397029451,0.8503627354926278
527.3721397029451,0.8501985483645835
527.4721397029451,0.8500347323198015
527.5721397029452,0.8498712803836204
527.6721397029452,0.8497081856923303
527.7721397029452,0.849545441491291
527.8721397029452,0.8493830411330872
527.9721397029452,0.8492209780757214
528.0721397029453,0.849059245880843
528.1721397029453,0.848897838212013
528.2721397029453,0.8487367488330038
528.3721397029453,0.8485759716061327
528.4721397029454,0.8484155004906286
528.5721397029454,0.848255329541032
528.6721397029454,0.8480954529056255
528.7721397029454,0.8479358648248976
528.8721397029454,0.847776559630035
528.9721397029455,0.8476175317414458
529.0721397029455,0.8474587756673123
529.1721397029455,0.8473002860021717
529.2721397029455,0.8471420574255251
529.3721397029456,0.8469840847004745
529.4721397029456,0.846826362672386
529.5721397029456,0.8466688862675801
529.6721397029456,0.8465116504920471
529.7721397029457,0.8463546504301891
529.8721397029457,0.8461978812435844
529.9721397029457,0.8460413381697798
530.0721397029457,0.8458850165211033
530.1721397029457,0.8457289116835023
530.2721397029458,0.8455730191154043
530.3721397029458,0.8454173343465998
530.4721397029458,0.8452618529771471
530.5721397029458,0.8451065706762999
530.6721397029459,0.8449514831814549
530.7721397029459,0.8447965862971205
530.8721397029459,0.8446418758939074
530.9721397029459,0.8444873479075365
531.072139702946,0.8443329983378702
531.172139702946,0.8441788232479593
531.272139702946,0.8440248187631124
531.372139702946,0.8438709810699816
531.472139702946,0.843717306415668
531.5721397029461,0.8435637911068445
531.6721397029461,0.8434104315088974
531.7721397029461,0.8432572240450842
531.8721397029461,0.8431041651957102
531.9721397029462,0.8429512514973208
532.0721397029462,0.8427984795419108
532.1721397029462,0.8426458459761513
532.2721397029462,0.8424933475006311
532.3721397029462,0.8423409808691154
532.4721397029463,0.8421887428878191
532.5721397029463,0.8420366304146975
532.6721397029463,0.8418846403587501
532.7721397029463,0.8417327696793413
532.8721397029464,0.841581015385535
532.9721397029464,0.8414293745354441
533.0721397029464,0.8412778442355955
533.1721397029464,0.8411264216403079
533.2721397029464,0.8409751039510855
533.3721397029465,0.8408238884160244
533.4721397029465,0.8406727723292334
533.5721397029465,0.8405217530302694
533.6721397029465,0.8403708279035853
533.7721397029466,0.8402199943779913
533.8721397029466,0.8400692499261314
533.9721397029466,0.8399185920639708
534.0721397029466,0.8397680183502982
534.1721397029467,0.8396175263862405
534.2721397029467,0.8394671138147906
534.3721397029467,0.8393167783203478
534.4721397029467,0.8391665176282718
534.5721397029467,0.8390163295044484
534.6721397029468,0.8388662117548688
534.7721397029468,0.838716162225221
534.8721397029468,0.8385661788004942
534.9721397029468,0.8384162594045947
535.0721397029469,0.8382664019999759
535.1721397029469,0.8381166045872791
535.2721397029469,0.8379668652049879
535.3721397029469,0.8378171819290945
535.472139702947,0.8376675528727785
535.572139702947,0.8375179761860978
535.672139702947,0.8373684500556922
535.772139702947,0.8372189727044995
535.872139702947,0.8370695423914838
535.9721397029471,0.8369201574113754
536.0721397029471,0.8367708160944253
536.1721397029471,0.8366215168061695
536.2721397029471,0.8364722579472077
536.3721397029472,0.8363230379529943
536.4721397029472,0.8361738552936407
536.5721397029472,0.836024708473732
536.6721397029472,0.8358755960321553
536.7721397029472,0.835726516541941
536.8721397029473,0.8355774686101173
536.9721397029473,0.8354284508775773
537.0721397029473,0.8352794620189592
537.1721397029473,0.8351305007425396
537.2721397029474,0.8349815657901404
537.3721397029474,0.8348326559370484
537.4721397029474,0.8346837699919487
537.5721397029474,0.8345349067968719
537.6721397029474,0.8343860652271546
537.7721397029475,0.8342372441914141
537.8721397029475,0.834088442631536
537.9721397029475,0.8339396595226783
538.0721397029475,0.8337908938732868
538.1721397029476,0.8336421447251272
538.2721397029476,0.8334934111533306
538.3721397029476,0.8333446922664548
538.4721397029476,0.833195987206559
538.5721397029477,0.833047295149295
538.6721397029477,0.8328986153040135
538.7721397029477,0.8327499469138855
538.8721397029477,0.8326012892560395
538.9721397029477,0.8324526416417148
539.0721397029478,0.8323040034164316
539.1721397029478,0.8321553739601757
539.2721397029478,0.8320067526876018
539.3721397029478,0.8318581390482528
539.4721397029479,0.831709532526796
539.5721397029479,0.8315609326432767
539.6721397029479,0.8314123389533902
539.7721397029479,0.8312637510487705
539.872139702948,0.8311151685572978
539.972139702948,0.830966591143425
540.072139702948,0.8308180185085212
540.172139702948,0.8306694503912362
540.272139702948,0.8305208865678829
540.3721397029481,0.8303723268528396
540.4721397029481,0.8302237710989728
540.5721397029481,0.8300752191980795
540.6721397029481,0.8299266710813502
540.7721397029482,0.8297781267198533
540.8721397029482,0.8296295861250398
540.9721397029482,0.8294810493492701
541.0721397029482,0.829332516486363
541.1721397029482,0.8291839876721661
541.2721397029483,0.8290354630851493
541.3721397029483,0.8288869429470214
541.4721397029483,0.8287384275233691
541.5721397029483,0.8285899171243218
541.6721397029484,0.8284414121052373
541.7721397029484,0.8282929128674148
541.8721397029484,0.8281444198588317
541.9721397029484,0.8279959335749048
542.0721397029484,0.8278474545592784
542.1721397029485,0.8276989834046382
542.2721397029485,0.827550520753551
542.3721397029485,0.8274020672993315
542.4721397029485,0.827253623786937
542.5721397029486,0.8271051910138887
542.6721397029486,0.8269567698312226
542.7721397029486,0.826808361144467
542.8721397029486,0.8266599659146507
542.9721397029487,0.8265115851593401
543.0721397029487,0.8263632199537052
543.1721397029487,0.8262148714316175
543.2721397029487,0.8260665407867774
543.3721397029487,0.8259182292738733
543.4721397029488,0.825769938209772
543.5721397029488,0.8256216689747417
543.6721397029488,0.8254734230137069
543.7721397029488,0.8253252018375371
543.8721397029489,0.8251770070243677
543.9721397029489,0.8250288402209559
544.0721397029489,0.8248807031440706
544.1721397029489,0.824732597581917
544.272139702949,0.8245845253955961
544.372139702949,0.824436488520601
544.472139702949,0.8242884889683478
544.572139702949,0.8241405288277448
544.672139702949,0.8239926102667972
544.7721397029491,0.8238447355342502
544.8721397029491,0.8236969069612704
544.9721397029491,0.8235491269631642
545.0721397029491,0.8234013980411364
545.1721397029492,0.8232537227840876
545.2721397029492,0.8231061038704507
545.3721397029492,0.8229585440700687
545.4721397029492,0.8228110462461122
545.5721397029492,0.8226636133570377
545.6721397029493,0.8225162484585882
545.7721397029493,0.8223689547058346
545.8721397029493,0.8222217353552597
545.9721397029493,0.8220745937668849
546.0721397029494,0.8219275334064394
546.1721397029494,0.8217805578475731
546.2721397029494,0.8216336707741126
546.3721397029494,0.8214868759823624
546.4721397029494,0.8213401773834484
546.5721397029495,0.8211935790057084
546.6721397029495,0.8210470849971256
546.7721397029495,0.8209006996278091
546.8721397029495,0.820754427292518
546.9721397029496,0.8206082725132335
547.0721397029496,0.8204622399417753
547.1721397029496,0.8203163343624653
547.2721397029496,0.820170560694838
547.3721397029497,0.8200249239963966
547.4721397029497,0.8198794294654176
547.5721397029497,0.819734082443801
547.6721397029497,0.8195888884199689
547.7721397029497,0.8194438530318111
547.8721397029498,0.8192989820696783
547.9721397029498,0.8191542814794229
548.0721397029498,0.8190097573654873
548.1721397029498,0.8188654159940405
548.2721397029499,0.8187212637961616
548.3721397029499,0.8185773073710723
548.4721397029499,0.8184335534894156
548.5721397029499,0.8182900090965832
548.67213970295,0.8181466813160907
548.77213970295,0.8180035774529986
548.87213970295,0.8178607049973828
548.97213970295,0.8177180716278509
549.07213970295,0.8175756852151056
549.1721397029501,0.8174335538255546
549.2721397029501,0.8172916857249679
549.3721397029501,0.8171500893821799
549.4721397029501,0.8170087734728381
549.5721397029502,0.8168677468831966
549.6721397029502,0.8167270187139555
549.7721397029502,0.8165865982841434
549.8721397029502,0.8164464951350452
549.9721397029502,0.8163067190341726
550.0721397029503,0.8161672799792778
550.1721397029503,0.816028188202409
550.2721397029503,0.8158894541740083
550.3721397029503,0.8157510886070497
550.4721397029504,0.815613102461218
550.5721397029504,0.815475506947126
550.6721397029504,0.8153383135305714
550.7721397029504,0.8152015339368301
550.8721397029504,0.8150651801549873
550.9721397029505,0.8149292644423031
551.0721397029505,0.8147937993286138
551.1721397029505,0.8146587976207658
551.2721397029505,0.8145242724070825
551.3721397029506,0.8143902370618619
551.4721397029506,0.8142567052499039
551.5721397029506,0.8141236909310676
551.6721397029506,0.8139912083648537
551.7721397029507,0.8138592721150137
551.8721397029507,0.8137278970541841
551.9721397029507,0.8135970983685417
552.0721397029507,0.8134668915624813
552.1721397029507,0.8133372924633125
552.2721397029508,0.8132083172259738
552.3721397029508,0.8130799823377626
552.4721397029508,0.8129523046230804
552.5721397029508,0.8128253012481885
552.6721397029509,0.8126989897259747
552.7721397029509,0.812573387920728
552.8721397029509,0.8124485140529192
552.9721397029509,0.8123243867039852
553.072139702951,0.8122010248211144
553.172139702951,0.8120784477220324
553.272139702951,0.811956675099783
553.372139702951,0.8118357270275047
553.472139702951,0.8117156239631982
553.5721397029511,0.8115963867544835
553.6721397029511,0.8114780366433434
553.7721397029511,0.8113605952708502
553.8721397029511,0.8112440846818745
553.9721397029512,0.8111285273297704
554.0721397029512,0.8110139460810374
554.1721397029512,0.8109003642199533
554.2721397029512,0.8107878054531756
554.3721397029512,0.8106762939143105
554.4721397029513,0.8105658541684422
554.5721397029513,0.8104565112166223
554.6721397029513,0.8103482905003154
554.7721397029513,0.8102412179057961
554.8721397029514,0.810135319768495
554.9721397029514,0.81003062287729
555.0721397029514,0.8099271544787392
555.1721397029514,0.8098249422812503
555.2721397029514,0.8097240144591855
555.3721397029515,0.8096243996568949
555.4721397029515,0.8095261269926765
555.5721397029515,0.8094292260626574
555.6721397029515,0.8093337269445948
555.7721397029516,0.8092396602015871
555.8721397029516,0.8091470568856978
555.9721397029516,0.8090559485414822
556.0721397029516,0.8089663672094158
556.1721397029517,0.8088783454292183
556.2721397029517,0.8087919162430699
556.3721397029517,0.8087071131987137
556.4721397029517,0.8086239703524418
556.5721397029517,0.8085425222719584
556.6721397029518,0.8084628040391156
556.7721397029518,0.8083848512525187
556.8721397029518,0.8083087000299933
556.9721397029518,0.8082343870109119
557.0721397029519,0.8081619493583735
557.1721397029519,0.8080914247612314
557.2721397029519,0.8080228514359652
557.3721397029519,0.8079562681283899
557.472139702952,0.807891714115199
557.572139702952,0.8078292292053348
557.672139702952,0.8077688537411817
557.772139702952,0.8077106285995768
557.872139702952,0.807654595192632
557.9721397029521,0.8076007954683643
558.0721397029521,0.8075492719111245
558.1721397029521,0.807500067541825
558.2721397029521,0.8074532259179561
558.3721397029522,0.8074087911333873
558.4721397029522,0.8073668078179489
558.5721397029522,0.8073273211367876
558.6721397029522,0.8072903767894892
558.7721397029522,0.8072560210089664
558.8721397029523,0.8072243005601023
558.9721397029523,0.8071952627381468
559.0721397029523,0.807168955366859
559.1721397029523,0.8071454267963909
559.2721397029524,0.8071247259009062
559.3721397029524,0.807106902075929
559.4721397029524,0.8070920052354169
559.5721397029524,0.8070800858085537
559.6721397029524,0.8070711947362543
559.7721397029525,0.8070653834673789
559.8721397029525,0.8070627039546499
559.9721397029525,0.8070632086502647
560.0721397029525,0.807066950501203
560.1721397029526,0.807073982944219
560.2721397029526,0.8070843599005153
560.3721397029526,0.8070981357700951
560.4721397029526,0.8071153654257832
560.5721397029527,0.8071361042069154
560.6721397029527,0.8071604079126882
560.7721397029527,0.8071883327951651
560.8721397029527,0.8072199355519355
560.9721397029527,0.8072552733184187
561.0721397029528,0.807294403659812
561.1721397029528,0.8073373845626756
561.2721397029528,0.807384274426151
561.3721397029528,0.8074351320528084
561.4721397029529,0.8074900166391188
561.5721397029529,0.8075489877655464
561.6721397029529,0.8076121053862583
561.7721397029529,0.8076794298184459
561.872139702953,0.8077510217312557
561.972139702953,0.8078269421343262
562.072139702953,0.8079072523659248
562.172139702953,0.8079920140806853
562.272139702953,0.8080812892369392
562.3721397029531,0.8081751400836398
562.4721397029531,0.808273629146876
562.5721397029531,0.8083768192159724
562.6721397029531,0.8084847733291742
562.7721397029532,0.8085975547589136
562.8721397029532,0.8087152269966555
562.9721397029532,0.8088378537373224
563.0721397029532,0.8089654988632934
563.1721397029532,0.8090982264279792
563.2721397029533,0.8092361006389699
563.3721397029533,0.8093791858407537
563.4721397029533,0.8095275464970081
563.5721397029533,0.8096812471724597
563.6721397029534,0.8098403525143157
563.7721397029534,0.8100049272332636
563.8721397029534,0.8101750360840405
563.9721397029534,0.810350743845573
564.0721397029535,0.8105321153006868
564.1721397029535,0.810719215215387
564.2721397029535,0.8109121083177112
564.3721397029535,0.8111108592761548
564.4721397029535,0.8113155326776723
564.5721397029536,0.8115261930052542
564.6721397029536,0.8117429046150824
564.7721397029536,0.8119657317132677
564.8721397029536,0.8121947383321699
564.9721397029537,0.8124299883063048
565.0721397029537,0.8126715452478404
565.1721397029537,0.8129194725216877
565.2721397029537,0.8131738332201878
565.3721397029537,0.8134346901373992
565.4721397029538,0.813702105742993
565.5721397029538,0.8139761421557565
565.6721397029538,0.8142568611167138
565.7721397029538,0.8145443239618656
565.8721397029539,0.8148385915945571
565.9721397029539,0.815139724457478
566.0721397029539,0.8154477825043004
566.1721397029539,0.8157628251709641
566.272139702954,0.8160849113466131
566.372139702954,0.816414099344192
566.472139702954,0.8167504468707115
566.572139702954,0.8170940109971877
566.672139702954,0.8174448481282663
566.7721397029541,0.8178030139715399
566.8721397029541,0.8181685635065653
566.9721397029541,0.8185415509535938
567.0721397029541,0.8189220297420212
567.1721397029542,0.8193100524785683
567.2721397029542,0.819705670915203
567.3721397029542,0.8201089359168146
567.4721397029542,0.8205198974286504
567.5721397029542,0.8209386044435265
567.6721397029543,0.8213651049688253
567.7721397029543,0.8217994459932908
567.8721397029543,0.8222416734536341
567.9721397029543,0.8226918322009624
568.0721397029544,0.8231499659670448
568.1721397029544,0.8236161173304262
568.2721397029544,0.8240903276824068
568.3721397029544,0.8245726371928966
568.4721397029545,0.8250630847761643
568.5721397029545,0.8255617080564899
568.6721397029545,0.8260685433337408
568.7721397029545,0.8265836255488832
568.8721397029545,0.8271069882494467
568.9721397029546,0.8276386635549564
569.0721397029546,0.8281786821223494
569.1721397029546,0.8287270731113918
569.2721397029546,0.8292838641501146
569.3721397029547,0.829849081300281
569.4721397029547,0.8304227490229088
569.5721397029547,0.83100489014386
569.6721397029547,0.8315955258195176
569.7721397029547,0.8321946755025684
569.8721397029548,0.8328023569079083
569.9721397029548,0.8334185859786896
570.0721397029548,0.8340433768525288
570.1721397029548,0.8346767418278949
570.2721397029549,0.8353186913306938
570.3721397029549,0.8359692338810741
570.4721397029549,0.8366283760604678
570.5721397029549,0.8372961224788888
570.672139702955,0.8379724757425095
570.772139702955,0.8386574364215332
570.872139702955,0.8393510030183846
570.972139702955,0.840053171936238
571.072139702955,0.8407639374479023
571.1721397029551,0.8414832916650874
571.2721397029551,0.8422112245080662
571.3721397029551,0.8429477236757594
571.4721397029551,0.8436927746162609
571.5721397029552,0.8444463604978232
571.6721397029552,0.8452084621803276
571.7721397029552,0.8459790581872572
571.8721397029552,0.8467581246781941
571.9721397029552,0.8475456354218638
572.0721397029553,0.8483415617697452
572.1721397029553,0.8491458726302694
572.2721397029553,0.8499585344436263
572.3721397029553,0.8507795111572025
572.4721397029554,0.8516087642016688
572.5721397029554,0.8524462524677396
572.6721397029554,0.8532919322836255
572.7721397029554,0.8541457573931982
572.8721397029555,0.8550076789348887
572.9721397029555,0.8558776454213413
573.0721397029555,0.8567556027198397
573.1721397029555,0.8576414940335302
573.2721397029555,0.8585352598834571
573.3721397029556,0.8594368380914341
573.4721397029556,0.8603461637637688
573.5721397029556,0.8612631692758608
573.6721397029556,0.8621877842576926
573.7721397029557,0.8631199355802308
573.8721397029557,0.8640595473427591
573.9721397029557,0.8650065408611576
574.0721397029557,0.8659608346571501
574.1721397029557,0.8669223444485352
574.2721397029558,0.8678909831404187
574.3721397029558,0.8688666608174648
574.4721397029558,0.8698492847371837
574.5721397029558,0.8708387593242696
574.6721397029559,0.8718349861660079
574.7721397029559,0.8728378640087648
574.8721397029559,0.8738472887555764
574.9721397029559,0.8748631534648508
575.072139702956,0.8758853483501969
575.172139702956,0.8769137607813977
575.272139702956,0.8779482752865339
575.372139702956,0.8789887735552797
575.472139702956,0.8800351344433763
575.5721397029561,0.8810872339782974
575.6721397029561,0.8821449453661191
575.7721397029561,0.8832081389996033
575.8721397029561,0.8842766824675051
575.9721397029562,0.8853504405651151
576.0721397029562,0.8864292753060437
576.1721397029562,0.8875130459352574
576.2721397029562,0.8886016089433755
576.3721397029562,0.889694818082231
576.4721397029563,0.8907925243817081
576.5721397029563,0.8918945761678554
576.6721397029563,0.8930008190822866
576.7721397029563,0.894111096102869
576.8721397029564,0.8952252475657054
576.9721397029564,0.8963431111884127
577.0721397029564,0.8974645220946996
577.1721397029564,0.8985893128402451
577.2721397029565,0.8997173134398797
577.3721397029565,0.900848351396069
577.4721397029565,0.9019822517286994
577.5721397029565,0.9031188370061662
577.6721397029565,0.9042579273777605
577.7721397029566,0.9053993406073534
577.8721397029566,0.9065428921083751
577.9721397029566,0.907688394980083
578.0721397029566,0.9088356600451155
578.1721397029567,0.9099844958883256
578.2721397029567,0.9111347088968877
578.3721397029567,0.9122861033016707
578.4721397029567,0.9134384812198696
578.5721397029567,0.9145916426988877
578.6721397029568,0.9157453857614578
578.7721397029568,0.9168995064519949
578.8721397029568,0.9180537988841673
578.9721397029568,0.9192080552896755
579.0721397029569,0.9203620660682257
579.1721397029569,0.9215156198386856
579.2721397029569,0.9226685034914062
579.3721397029569,0.9238205022416973
579.472139702957,0.9249713996844394
579.572139702957,0.9261209778498154
579.672139702957,0.9272690172601461
579.772139702957,0.9284152969878101
579.872139702957,0.9295595947142309
579.9721397029571,0.9307016867899095
580.0721397029571,0.9318413482954846
580.1721397029571,0.9329783531037974
580.2721397029571,0.9341124739429412
580.3721397029572,0.9352434824602707
580.4721397029572,0.9363711492873508
580.5721397029572,0.9374952441058189
580.6721397029572,0.9386155357141361
580.7721397029572,0.9397317920952043
580.8721397029573,0.9408437804848194
580.9721397029573,0.9419512674409378
581.0721397029573,0.9430540189137265
581.1721397029573,0.9441518003163694
581.2721397029574,0.9452443765966014
581.3721397029574,0.9463315123089422
581.4721397029574,0.9474129716875967
581.5721397029574,0.9484885187199963
581.6721397029575,0.9495579172209451
581.7721397029575,0.9506209309073448
581.8721397029575,0.9516773234734618
581.9721397029575,0.9527268586667053
582.0721397029575,0.9537693003638855
582.1721397029576,0.9548044126479152
582.2721397029576,0.9558319598849219
582.3721397029576,0.9568517068017377
582.4721397029576,0.9578634185637291
582.5721397029577,0.9588668608529334
582.6721397029577,0.9598617999464653
582.7721397029577,0.960848002795158
582.8721397029577,0.9618252371024028
582.9721397029577,0.9627932714031472
583.0721397029578,0.9637518751430212
583.1721397029578,0.9647008187575463
583.2721397029578,0.9656398737513967
583.3721397029578,0.966568812777669
583.4721397029579,0.9674874097171282
583.5721397029579,0.9683954397573855
583.6721397029579,0.9692926794719754
583.7721397029579,0.9701789068992888
583.872139702958,0.9710539016213263
583.972139702958,0.9719174448422327
584.072139702958,0.9727693194665709
584.172139702958,0.9736093101773011
584.272139702958,0.9744372035134223
584.3721397029581,0.9752527879472391
584.4721397029581,0.9760558539612144
584.5721397029581,0.9768461941243691
584.6721397029581,0.9776236031681907
584.7721397029582,0.978387878062011
584.8721397029582,0.9791388180878146
584.9721397029582,0.9798762249144412
585.0721397029582,0.9805999026711415
585.1721397029582,0.9813096580204494
585.2721397029583,0.9820053002303339
585.3721397029583,0.982686641245591
585.4721397029583,0.98335349575844
585.5721397029583,0.9840056812782862
585.6721397029584,0.9846430182006154
585.7721397029584,0.9852653298749794
585.8721397029584,0.9858724426720429
585.9721397029584,0.9864641860496504
586.0721397029585,0.9870403926178819
586.1721397029585,0.9876008982030609
586.2721397029585,0.988145541910681
586.3721397029585,0.9886741661872184
586.4721397029585,0.9891866168807943
586.5721397029586,0.9896827433006586
586.6721397029586,0.9901623982754597
586.7721397029586,0.9906254382102703
586.8721397029586,0.9910717231423374
586.9721397029587,0.9915011167955287
587.0721397029587,0.991913486633442
587.1721397029587,0.9923087039111526
587.2721397029587,0.9926866437255668
587.3721397029587,0.993047185064358
587.4721397029588,0.9933902108534551
587.5721397029588,0.9937156080030592
587.6721397029588,0.9940232674521623
587.7721397029588,0.9943130842115446
587.8721397029589,0.9945849574052259
587.9721397029589,0.9948387903103487
588.0721397029589,0.9950744903954704
588.1721397029589,0.995291969357244
588.272139702959,0.9954911431554676
588.372139702959,0.995671932046482
588.472139702959,0.9958342606148975
588.572139702959,0.9959780578036357
588.672139702959,0.9961032569422648
588.7721397029591,0.9962097957736165
588.8721397029591,0.9962976164786679
588.9721397029591,0.9963666656996742
589.0721397029591,0.9964168945615415
589.1721397029592,0.9964482586914243
589.2721397029592,0.9964607182365411
589.3721397029592,0.9964542378801937
589.4721397029592,0.9964287868559848
589.5721397029592,0.9963843389602235
589.6721397029593,0.9963208725625139
589.7721397029593,0.996238370614519
589.8721397029593,0.9961368206568959
589.9721397029593,0.9960162148243985
590.0721397029594,0.9958709486244719
590.1721397029594,0.9956859388469771
590.2721397029594,0.995460375651921
590.3721397029594,0.9951943053292855
590.4721397029595,0.9948877948152212
590.5721397029595,0.9945409316355844
590.6721397029595,0.9941538238320576
590.7721397029595,0.9937265998709384
590.8721397029595,0.9932594085347063
590.9721397029596,0.992752418796497
591.0721397029596,0.9922058196776299
591.1721397029596,0.9916198200883595
591.2721397029596,0.9909946486520386
591.3721397029597,0.9903305535128997
591.4721397029597,0.9896278021276819
591.5721397029597,0.9888866810413489
591.6721397029597,0.9881074956471606
591.7721397029597,0.9872905699313804
591.8721397029598,0.986436246202918
591.9721397029598,0.985544884808222
592.0721397029598,0.9846168638317564
592.1721397029598,0.9836525787824097
592.2721397029599,0.9826524422662
592.3721397029599,0.9816168836456558
592.4721397029599,0.980546348686268
592.5721397029599,0.9794412991904169
592.67213970296,0.9783022126192001
592.77213970296,0.97712958170259
592.87213970296,0.9759239140383706
592.97213970296,0.9746857316803077
593.07213970296,0.9734155707160219
593.1721397029601,0.972113980835041
593.2721397029601,0.9707815248875183
593.3721397029601,0.9694187784341155
593.4721397029601,0.9680263292875482
593.5721397029602,0.9666047770463101
593.6721397029602,0.9651547326210889
593.7721397029602,0.9636768177543995
593.8721397029602,0.9621716645339603
593.9721397029602,0.9606399149003444
594.0721397029603,0.9590822201494434
594.1721397029603,0.9574992404302793
594.2721397029603,0.9558916442387054
594.3721397029603,0.9542601079075388
594.4721397029604,0.952605315093664
594.5721397029604,0.9509279562626513
594.6721397029604,0.9492287281714297
594.7721397029604,0.9475083333495529
594.8721397029605,0.9457674795795954
594.9721397029605,0.9440068793772121
595.0721397029605,0.9422272494713909
595.1721397029605,0.9404293102854233
595.2721397029605,0.938613785419113
595.3721397029606,0.9367814011327361
595.4721397029606,0.9349328858332622
595.5721397029606,0.9330689695633343
595.6721397029606,0.9311903834935025
595.7721397029607,0.9292978594181949
595.8721397029607,0.927392129255902
595.9721397029607,0.9254739245540393
596.0721397029607,0.9235439759989468
596.1721397029607,0.9216030129314678
596.2721397029608,0.9196517628685447
596.3721397029608,0.9176909510312525
596.4721397029608,0.9157212998796838
596.5721397029608,0.9137435286550806
596.6721397029609,0.9117583529296025
596.7721397029609,0.9097664841641028
596.8721397029609,0.9077686292742705
596.9721397029609,0.9057654902054861
597.072139702961,0.9037577635167213
597.172139702961,0.901746139973799
597.272139702961,0.8997313041523171
597.372139702961,0.8977139340505219
597.472139702961,0.8956947007124052
597.5721397029611,0.8936742678612786
597.6721397029611,0.8916532915440694
597.7721397029611,0.8896324197865617
597.8721397029611,0.8876122922597939
597.9721397029612,0.8855935399578041
598.0721397029612,0.8835767848869053
598.1721397029612,0.8815626397666484
598.2721397029612,0.8795517077426225
598.3721397029612,0.8775445821112211
598.4721397029613,0.875541846056489
598.5721397029613,0.8735440723991483
598.6721397029613,0.8715518233578871
598.7721397029613,0.8695656503229768
598.8721397029614,0.8675860936422721
598.9721397029614,0.8656136824196267
599.0721397029614,0.8636489343257494
599.1721397029614,0.8616923554215047
599.2721397029615,0.8597444399936506
599.3721397029615,0.857805670402989
599.4721397029615,0.8558765169448947
599.5721397029615,0.853957437722167
599.6721397029615,0.8520488785301434
599.7721397029616,0.8501512727539948
599.8721397029616,0.8482650412781108
599.9721397029616,0.8463905924074708
600.0721397029616,0.8445283218008858
600.1721397029617,0.8426786124159791
600.2721397029617,0.8408418344657691
600.3721397029617,0.8390183453867001
600.4721397029617,0.8372084898179584
600.5721397029617,0.8354125995919026
600.6721397029618,0.833630993735423
600.7721397029618,0.8318639784820381
600.8721397029618,0.8301118472945248
600.9721397029618,0.8283748808978753
601.0721397029619,0.826653347322355
601.1721397029619,0.8249475019564405
601.2721397029619,0.8232575876094004
601.3721397029619,0.8215838345832746
601.472139702962,0.8199264607540104
601.572139702962,0.8182856716614942
601.672139702962,0.8166616606082235
601.772139702962,0.8150546087663515
601.872139702962,0.813464685292836
601.9721397029621,0.8118920474524176
602.0721397029621,0.810336840748149
602.1721397029621,0.808799199059195
602.2721397029621,0.8072792447856174
602.3721397029622,0.8057770889998603
602.4721397029622,0.8042928316046436
602.5721397029622,0.8028265614969776
602.6721397029622,0.8013783567380052
602.7721397029622,0.799948284728379
602.8721397029623,0.7985364023888812
602.9721397029623,0.797142756345994
603.0721397029623,0.7957673831221255
603.1721397029623,0.7944103093302032
603.2721397029624,0.7930715518723411
603.3721397029624,0.7917511181422944
603.4721397029624,0.790449006231412
603.5721397029624,0.7891652051378044
603.6721397029625,0.7878996949784436
603.7721397029625,0.7866524472039154
603.8721397029625,0.7854234248155486
603.9721397029625,0.7842125825846487
604.0721397029625,0.7830198672735654
604.1721397029626,0.7818452178583317
604.2721397029626,0.7806885657526121
604.3721397029626,0.7795498350327051
604.4721397029626,0.7784289426633476
604.5721397029627,0.7773257987240764
604.6721397029627,0.7762403066359055
604.7721397029627,0.7751723633880836
604.8721397029627,0.774121859764701
604.9721397029627,0.7730886805709246
605.0721397029628,0.772072704858639
605.1721397029628,0.7710738061512854
605.2721397029628,0.7700918526676902
605.3721397029628,0.7691267075446846
605.4721397029629,0.7681782290583218
605.5721397029629,0.7672462708435059
605.6721397029629,0.766330682111853
605.7721397029629,0.765431307867609
605.872139702963,0.7645479891214617
605.972139702963,0.7636805631020837
606.072139702963,0.7628288634652558
606.172139702963,0.7619927205004243
606.272139702963,0.7611719613345536
606.3721397029631,0.76036641013314
606.4721397029631,0.7595758882982659
606.5721397029631,0.7588002146635704
606.6721397029631,0.7580392056860293
606.7721397029632,0.7572926756344379
606.8721397029632,0.7565604367744976
606.9721397029632,0.7558422995504178
607.0721397029632,0.7551380727629454
607.1721397029632,0.7544475637437459
607.2721397029633,0.7537705785260627
607.3721397029633,0.7531069220115915
607.4721397029633,0.7524563981335086
607.5721397029633,0.7518188100156019
607.6721397029634,0.7511939601274567
607.7721397029634,0.7505816504356563
607.8721397029634,0.7499816825509631
607.9721397029634,0.7493938578714494
608.0721397029635,0.7488179777215551
608.1721397029635,0.7482538434870554
608.2721397029635,0.7477012567459235
608.3721397029635,0.7471600193950827
608.4721397029635,0.7466299337730439
608.5721397029636,0.7461108027784317
608.6721397029636,0.7456024299844057
608.7721397029636,0.7451046197489893
608.8721397029636,0.7446171773213208
608.9721397029637,0.7441399089438484
609.0721397029637,0.7436726219504928
609.1721397029637,0.7432151248608068
609.2721397029637,0.7427672274701616
609.3721397029638,0.7423287409359994
609.4721397029638,0.7418994778601877
609.5721397029638,0.7414792523675202
609.6721397029638,0.7410678801804096
609.7721397029638,0.7406651786898202
609.8721397029639,0.7402709670224922
609.9721397029639,0.7398850661045124
610.0721397029639,0.739507298721287
610.1721397029639,0.7391374895739748
610.272139702964,0.738775465332445
610.372139702964,0.738421054684818
610.472139702964,0.7380740883836592
610.572139702964,0.7377343992888881
610.672139702964,0.7374018224074741
610.7721397029641,0.7370761949299875
610.8721397029641,0.7367573562640769
610.9721397029641,0.7364451480649438
611.0721397029641,0.7361394142628912
611.1721397029642,0.7358400010880164
611.2721397029642,0.7355467570921241
611.3721397029642,0.7352595331679371
611.4721397029642,0.7349781825656769
611.5721397029643,0.7347025609070946
611.6721397029643,0.7344325261970253
611.7721397029643,0.7341679388325445
611.8721397029643,0.7339086616098037
611.9721397029643,0.7336545597286203
612.0721397029644,0.7334055007948996
612.1721397029644,0.7331613548209657
612.2721397029644,0.7329219942238752
612.3721397029644,0.7326872938217921
612.4721397029645,0.7324571308284975
612.5721397029645,0.7322313848461068
612.6721397029645,0.7320099378560729
612.7721397029645,0.731792674208543
612.8721397029645,0.7315794806101452
612.9721397029646,0.7313702461102749
613.0721397029646,0.7311648620859504
613.1721397029646,0.7309632222253089
613.2721397029646,0.7307652225098099
613.3721397029647,0.7305707611952148
613.4721397029647,0.7303797387914055
613.5721397029647,0.7301920580411119
613.6721397029647,0.7300076238976063
613.7721397029648,0.7298263435014332
613.8721397029648,0.7296481261562282
613.9721397029648,0.729472883303694
614.0721397029648,0.7293005284977847
614.1721397029648,0.7291309773781598
614.2721397029649,0.7289641476429611
614.3721397029649,0.7287999590209688
614.4721397029649,0.7286383332431867
614.5721397029649,0.7284791940139107
614.672139702965,0.7283224669813281
614.772139702965,0.728168079707697
614.872139702965,0.7280159616391529
614.972139702965,0.7278660440751871
615.072139702965,0.7277182601378408
615.1721397029651,0.7275725447406589
615.2721397029651,0.7274288345574415
615.3721397029651,0.7272870679908353
615.4721397029651,0.7271471851408019
615.5721397029652,0.7270091277729986
615.6721397029652,0.7268728392871091
615.7721397029652,0.7267382646851548
615.8721397029652,0.726605350539822
615.9721397029653,0.7264740449628343
616.0721397029653,0.7263442975733994
616.1721397029653,0.7262160594667599
616.2721397029653,0.7260892831828737
616.3721397029653,0.72596392267525
616.4721397029654,0.7258399332799661
616.5721397029654,0.7257172716848858
616.6721397029654,0.7255958958991033
616.7721397029654,0.7254757652226327
616.8721397029655,0.7253568402163609
616.9721397029655,0.7252390826722851
617.0721397029655,0.7251224555840484
617.1721397029655,0.7250069231177928
617.2721397029655,0.7248924505833417
617.3721397029656,0.7247790044057285
617.4721397029656,0.7246665520970812
617.5721397029656,0.7245550622288771
617.6721397029656,0.7244445044045776
617.7721397029657,0.7243348492326533
617.8721397029657,0.7242260683000069
617.9721397029657,0.7241181341458056
618.0721397029657,0.7240110202357258
618.1721397029658,0.7239047009366207
618.2721397029658,0.7237991514916136
618.3721397029658,0.7236943479956229
618.4721397029658,0.723590267371324
618.5721397029658,0.7234868873455494
618.6721397029659,0.723384186426132
618.7721397029659,0.7232821438791923
618.8721397029659,0.7231807397068722
618.9721397029659,0.7230799546255151
619.072139702966,0.7229797700442943
619.172139702966,0.7228801680442878
619.272139702966,0.7227811313580006
619.372139702966,0.7226826433493324
619.472139702966,0.7225846879939886
619.5721397029661,0.7224872498603343
619.6721397029661,0.722390314090687
619.7721397029661,0.7222938663830466
619.8721397029661,0.7221978929732589
619.9721397029662,0.7221023806176079
620.0721397029662,0.7220073165758365
620.1721397029662,0.7219126885945869
620.2721397029662,0.7218184848912597
620.3721397029663,0.7217246941382854
620.4721397029663,0.7216313054478045
620.5721397029663,0.7215383083567489
620.6721397029663,0.7214456928123216
620.7721397029663,0.7213534491578678
620.8721397029664,0.7212615681191321
620.9721397029664,0.7211700407908955
621.0721397029664,0.7210788586239867
621.1721397029664,0.7209880134126606
621.2721397029665,0.7208974972823396
621.3721397029665,0.7208073026777087
621.4721397029665,0.7207174223511599
621.5721397029665,0.7206278493515795
621.6721397029665,0.7205385770134697
621.7721397029666,0.7204495989463998
621.8721397029666,0.7203609090247803
621.9721397029666,0.7202725013779513
622.0721397029666,0.7201843703805809
622.1721397029667,0.7200965106433653
622.2721397029667,0.7200089170040244
622.3721397029667,0.719921584518586
622.4721397029667,0.7198345084529529
622.5721397029668,0.7197476842747443
622.6721397029668,0.7196611076454066
622.7721397029668,0.7195747744125867
622.8721397029668,0.7194886806027606
622.9721397029668,0.7194028224141117
623.0721397029669,0.7193171962096512
623.1721397029669,0.7192317985105761
623.2721397029669,0.7191466259898567
623.3721397029669,0.7190616754660482
623.472139702967,0.7189769438973207
623.572139702967,0.7188924283757011
623.672139702967,0.7188081261215201
623.772139702967,0.7187240344780604
623.872139702967,0.7186401509063988
623.9721397029671,0.718556472980437
624.0721397029671,0.7184729983821155
624.1721397029671,0.7183897248968053
624.2721397029671,0.7183066504088715
624.3721397029672,0.7182237728974047
624.4721397029672,0.718141090432113
624.5721397029672,0.7180586011693724
624.6721397029672,0.7179763033484272
624.7721397029673,0.7178941952877388
624.8721397029673,0.717812275381476
624.9721397029673,0.7177305420961434
625.0721397029673,0.7176489939673422
625.1721397029673,0.7175676295966599
625.2721397029674,0.7174864476486845
625.3721397029674,0.7174054468481391
625.4721397029674,0.717324625977131
625.5721397029674,0.7172439838725145
625.6721397029675,0.7171635194233612
625.7721397029675,0.7170832315685337
625.8721397029675,0.7170031192943611
625.9721397029675,0.7169231816324111
626.0721397029675,0.7168434176573548
626.1721397029676,0.7167638264849228
626.2721397029676,0.7166844072699473
626.3721397029676,0.7166051592044879
626.4721397029676,0.7165260815160376
626.5721397029677,0.7164471734658072
626.6721397029677,0.716368434347083
626.7721397029677,0.7162898634836568
626.8721397029677,0.7162114602283247
626.9721397029678,0.7161332239614522
627.0721397029678,0.716055154089603
627.1721397029678,0.7159772500442283
627.2721397029678,0.7158995112804163
627.3721397029678,0.7158219372756965
627.4721397029679,0.7157445275288994
627.5721397029679,0.7156672815590669
627.6721397029679,0.7155901989044141
627.7721397029679,0.7155132791213376
627.872139702968,0.7154365217834701
627.972139702968,0.7153599264807794
628.072139702968,0.7152834928187088
628.172139702968,0.7152072204173582
628.272139702968,0.7151311089107036
628.3721397029681,0.7150551579458543
628.4721397029681,0.7149793671823442
628.5721397029681,0.714903736291459
628.6721397029681,0.7148282649555933
628.7721397029682,0.714752952867641
628.8721397029682,0.7146777997304142
628.9721397029682,0.7146028052560908
629.0721397029682,0.7145279691656884
629.1721397029683,0.7144532911885656
629.2721397029683,0.714378771061947
629.3721397029683,0.714304408530472
629.4721397029683,0.7142302033457656
629.5721397029683,0.7141561552660327
629.6721397029684,0.71408226405567
629.7721397029684,0.7140085294849001
629.8721397029684,0.713934951329423
629.9721397029684,0.7138615293700853
630.0721397029685,0.7137882633925671
630.1721397029685,0.7137151531870848
630.2721397029685,0.7136421985481088
630.3721397029685,0.713569399274097
630.4721397029685,0.7134967551672411
630.5721397029686,0.7134242660332268
630.6721397029686,0.7133519316810073
630.7721397029686,0.7132797519225871
630.8721397029686,0.7132077265728194
630.9721397029687,0.7131358554492125
631.0721397029687,0.7130641383717486
631.1721397029687,0.7129925751627102
631.2721397029687,0.7129211656465175
631.3721397029688,0.7128499096495746
631.4721397029688,0.7127788070001231
631.5721397029688,0.7127078575281047
631.6721397029688,0.7126370610650317
631.7721397029688,0.7125664174438633
631.8721397029689,0.7124959264988902
631.9721397029689,0.7124255880656254
632.0721397029689,0.7123554019807005
632.1721397029689,0.7122853680817687
632.272139702969,0.7122154862074132
632.372139702969,0.7121457561970599
632.472139702969,0.7120761778908972
632.572139702969,0.7120067511297978
632.672139702969,0.7119374757552479
632.7721397029691,0.7118683516092777
632.8721397029691,0.7117993785343988
632.9721397029691,0.7117305563735428
633.0721397029691,0.7116618849700054
633.1721397029692,0.7115933641673932
633.2721397029692,0.7115249938095736
633.3721397029692,0.7114567737406275
633.4721397029692,0.7113887038048065
633.5721397029693,0.7113207838464897
633.6721397029693,0.7112530137101468
633.7721397029693,0.7111853932403007
633.8721397029693,0.711117922281494
633.9721397029693,0.7110506006782567
634.0721397029694,0.710983428275077
634.1721397029694,0.710916404916373
634.2721397029694,0.710849530446467
634.3721397029694,0.710782804709561
634.4721397029695,0.7107162275497139
634.5721397029695,0.7106497988108205
634.6721397029695,0.710583518336592
634.7721397029695,0.7105173859705372
634.8721397029695,0.7104514015559459
634.9721397029696,0.7103855649358728
635.0721397029696,0.7103198759531228
635.1721397029696,0.7102543344502372
635.2721397029696,0.7101889402694815
635.3721397029697,0.7101236932528334
635.4721397029697,0.7100585932419717
635.5721397029697,0.7099936400782673
635.6721397029697,0.7099288336027728
635.7721397029698,0.7098641736562152
635.8721397029698,0.7097996600789875
635.9721397029698,0.7097352927111418
636.0721397029698,0.7096710713923831
636.1721397029698,0.7096069959620628
636.2721397029699,0.7095430662591744
