478.5022665947113,0.05097991702727737
478.6022665947113,0.0517292180826738
478.7022665947113,0.05245361989093432
478.80226659471134,0.05315177558237272
478.90226659471136,0.05382237413187455
479.0022665947114,0.05446414444700391
479.1022665947114,0.05507585937163964
479.20226659471143,0.05565633958754365
479.30226659471145,0.05620445739653961
479.4022665947115,0.056719140366354316
479.5022665947115,0.05719937482364629
479.6022665947115,0.057644209178313116
479.70226659471155,0.05805275706382957
479.80226659471157,0.05842420027911864
479.9022665947116,0.05875779151829386
480.0022665947116,0.059052856875529025
480.10226659471164,0.059308798113305375
480.20226659471166,0.05952509468335157
480.3022665947117,0.059701305490721314
480.4022665947117,0.059837070392641155
480.5022665947117,0.05993211142499989
480.60226659471175,0.05998623375063342
480.7022665947118,0.059999326324876714
480.8022665947118,0.05997136227520093
480.9022665947118,0.05990239899311898
481.00226659471184,0.05979257793791954
481.10226659471186,0.05964212415316906
481.2022665947119,0.0594513454982947
481.3022665947119,0.05922063159892079
481.40226659471193,0.058950452520967984
481.50226659471195,0.05864135717483049
481.602266594712,0.058293971457214294
481.702266594712,0.05790899613944027
481.802266594712,0.05748720451218346
481.90226659471205,0.05702943979772732
482.00226659471207,0.056536612341850916
482.1022665947121,0.05600969659843502
482.2022665947121,0.055449727920760965
482.30226659471214,0.054857799174282317
482.40226659471216,0.054235057186366877
482.5022665947122,0.05358269904913408
482.6022665947122,0.05290196829204531
482.7022665947122,0.05219415094134161
482.80226659471225,0.051460571483761944
482.9022665947123,0.050702588752214894
483.0022665947123,0.04992159175121753
483.1022665947123,0.04911899543995721
483.20226659471234,0.0482962364907768
483.30226659471236,0.04745476904073194
483.4022665947124,0.046596060453624924
483.5022665947124,0.045721587109583794
483.60226659471243,0.044832830238833464
483.70226659471246,0.04393127181580027
483.8022665947125,0.0430183905291078
483.9022665947125,0.0420956578423653
484.0022665947125,0.0411645341599245
484.10226659471255,0.04022646511099451
484.20226659471257,0.039282877964660345
484.3022665947126,0.03833517818745855
484.4022665947126,0.03738474615422648
484.50226659471264,0.036432934021969246
484.60226659471266,0.03548106277548554
484.7022665947127,0.034530419452467605
484.8022665947127,0.03358225455474878
484.9022665947127,0.03263777965132023
485.00226659471275,0.031698165177684326
485.1022665947128,0.030764538435060794
485.2022665947128,0.029837981791921327
485.3022665947128,0.028919531089302772
485.40226659471284,0.028010174250345903
485.50226659471286,0.02711085009353044
485.6022665947129,0.0262224473481328
485.7022665947129,0.02534580386952633
485.80226659471293,0.024481706051077714
485.90226659471296,0.023630888428572992
486.002266594713,0.022794033472334795
486.102266594713,0.021971771561472588
486.202266594713,0.021164681134042077
486.30226659471305,0.020373289006281214
486.40226659471307,0.019598070853539335
486.5022665947131,0.01883945184502494
486.6022665947131,0.01809780742406687
486.70226659471314,0.017373464225213263
486.80226659471316,0.016666701119183256
486.9022665947132,0.015977750376437068
487.0022665947132,0.01530679893993997
487.1022665947132,0.014653989797563717
487.20226659471325,0.014019423444493776
487.3022665947133,0.013403159425989854
487.4022665947133,0.012805217950879282
487.5022665947133,0.012225581566244703
487.60226659471334,0.01166419688389718
487.70226659471336,0.011120976349399826
487.8022665947134,0.01059580004462299
487.9022665947134,0.010088517515066068
488.00226659471343,0.009598949613470607
488.10226659471346,0.009126890351570363
488.2022665947135,0.008672108752173597
488.3022665947135,0.008234350694147515
488.4022665947135,0.007813340743270513
488.50226659471355,0.007408783962332156
488.60226659471357,0.007020367694289392
488.7022665947136,0.006647763312727662
488.8022665947136,0.00629062793432384
488.90226659471364,0.005948606088461193
489.00226659471366,0.005621331339601943
489.1022665947137,0.005308427858477697
489.2022665947137,0.0050095119386090285
489.3022665947137,0.004724193455110917
489.40226659471375,0.0044520772631774395
489.5022665947138,0.004192764534065754
489.6022665947138,0.003945854026813303
489.7022665947138,0.0037109432943221777
489.80226659471384,0.0034876298228285244
489.90226659471386,0.003275512104141896
490.0022665947139,0.0030741906403880586
490.1022665947139,0.0028832688813179965
490.20226659471393,0.0027023540945550076
490.30226659471396,0.00253105816944021
490.402266594714,0.0023689983554038233
490.502266594714,0.0022157979360353714
490.602266594714,0.002071086840249863
490.70226659471405,0.001934502192149578
490.80226659471407,0.0018056888013619975
490.9022665947141,0.0016842995957943886
491.0022665947141,0.0015699959988846983
491.10226659471414,0.0014624482535474867
491.20226659471416,0.001361335695113058
491.3022665947142,0.0012663469756386235
491.4022665947142,0.0011771802420329639
491.50226659471423,0.0010935432704814385
491.60226659471425,0.0010151535596874125
491.7022665947143,0.000941738385459999
491.8022665947143,0.0008730348191775495
491.9022665947143,0.0008087897126425615
492.00226659471434,0.0007487596518176251
492.10226659471437,0.0006927108818947467
492.2022665947144,0.0006404192061028988
492.3022665947144,0.0005916698606019976
492.40226659471443,0.0005462573677466931
492.50226659471446,0.0005039853699313753
492.6022665947145,0.0004646664461496061
492.7022665947145,0.0004281219133177521
492.8022665947145,0.000394181614324749
492.90226659471455,0.0003626836946785811
493.00226659471457,0.00033347436952602485
493.1022665947146,0.00030640768272619895
493.2022665947146,0.0002813452595612767
493.30226659471464,0.0002581560545699452
493.40226659471466,0.0002367160958915433
493.5022665947147,0.00021690822741175417
493.6022665947147,0.00019862184990488376
493.70226659471473,0.00018175266227350476
493.80226659471475,0.0001662024038940838
493.9022665947148,0.0001518785989874486
494.0022665947148,0.0001386943038459553
494.1022665947148,0.0001265678576652527
494.20226659471484,0.00011542263764783417
494.30226659471487,0.00010518681896833377
494.4022665947149,9.579314011689856e-05
494.5022665947149,8.717867406708752e-05
494.60226659471493,7.928460564867522e-05
494.70226659471496,7.205601544354221e-05
494.802266594715,6.544167046452576e-05
494.902266594715,5.9393821822681866e-05
495.002266594715,5.386800953783917e-05
495.10226659471505,4.882287460055661e-05
495.20226659471507,4.421997835055684e-05
495.3022665947151,4.002362919729947e-05
495.4022665947151,3.620071667248751e-05
495.50226659471514,3.272055277183611e-05
495.60226659471516,2.9554720514252464e-05
495.7022665947152,2.6676929620536084e-05
495.8022665947152,2.406287919066628e-05
495.90226659471523,2.1690127238542826e-05
496.00226659471525,1.9537966925534065e-05
496.1022665947153,1.7587309319203585e-05
496.2022665947153,1.5820572490973767e-05
496.3022665947153,1.4221576756081806e-05
496.40226659471534,1.2775445850835821e-05
496.50226659471537,1.1468513835725716e-05
496.6022665947154,1.0288237508238863e-05
496.7022665947154,9.223114106120196e-06
496.80226659471543,8.262604080161584e-06
496.90226659471546,7.397058715263354e-06
497.0022665947155,6.617652379352812e-06
497.1022665947155,5.9163191816401685e-06
497.2022665947155,5.285693824523025e-06
497.30226659471555,4.719056437102042e-06
497.40226659471557,4.210281182634589e-06
497.5022665947156,3.7537884372298905e-06
497.6022665947156,3.344500342584073e-06
497.70226659471564,2.9777995414797104e-06
497.80226659471566,2.649490911050676e-06
497.9022665947157,2.355766115364978e-06
498.0022665947157,2.0931708056384037e-06
498.10226659471573,1.8585743032974277e-06
498.20226659471575,1.649141608105183e-06
498.3022665947158,1.4623075805989778e-06
498.4022665947158,1.2957531551162304e-06
498.5022665947158,1.147383446668239e-06
498.60226659471584,1.015307621822006e-06
498.70226659471587,8.978204105391099e-07
498.8022665947159,7.933851425702954e-07
498.9022665947159,7.006181984927746e-07
499.00226659471593,6.182747717847701e-07
499.10226659471596,5.452358444431776e-07
499.202266594716,4.804962845526332e-07
499.302266594716,4.231539798979241e-07
499.402266594716,3.723999271694062e-07
499.50226659471605,3.2750920153788383e-07
499.60226659471607,2.8783273636836063e-07
499.7022665947161,2.5278984760024927e-07
499.8022665947161,2.218614418454882e-07
499.90226659471614,1.9458385154771306e-07
500.00226659471616,1.705432446083245e-07
500.1022665947162,1.493705597234428e-07
500.2022665947162,1.3073692229446933e-07
500.30226659471623,1.1434949918042915e-07
500.40226659471625,9.994775375900259e-08
500.5022665947163,8.73000657623536e-08
500.6022665947163,7.620068316107342e-08
500.7022665947163,6.646697599257998e-08
500.80226659471634,5.793696447720672e-08
500.90226659471637,5.046709604408817e-08
501.0022665947164,4.393024800801563e-08
501.1022665947164,3.821393460584907e-08
501.20226659471643,3.3218698924927524e-08
501.30226659471646,2.8856671944193614e-08
501.4022665947165,2.505028246925324e-08
501.5022665947165,2.1731103182932413e-08
501.6022665947165,1.8838819360478607e-08
501.70226659471655,1.63203080205135e-08
501.80226659471657,1.4128816406068853e-08
501.9022665947166,1.2223229721127766e-08
502.0022665947166,1.0567418993362938e-08
502.10226659471664,9.129660799240126e-09
502.20226659471666,7.88212137906037e-09
502.3022665947167,6.800398392278373e-09
502.4022665947167,5.863114222693156e-09
502.50226659471673,5.051555343700935e-09
502.60226659471675,4.349352800288601e-09
502.7022665947168,3.742199361107234e-09
502.8022665947168,3.2175993448073753e-09
502.9022665947168,2.7646475335908422e-09
503.00226659471684,2.3738339571312815e-09
503.10226659471687,2.0368716648953725e-09
503.2022665947169,1.7465449074832298e-09
503.3022665947169,1.4965754207062841e-09
503.40226659471693,1.2815047523329294e-09
503.50226659471696,1.0965907931585582e-09
503.602266594717,9.377168735133002e-10
503.702266594717,8.013119655497282e-10
503.802266594717,6.842806925323012e-10
503.90226659471705,5.839419906039526e-10
504.00226659471707,4.979753977145531e-10
504.1022665947171,4.243740600077612e-10
504.2022665947171,3.6140364930002745e-10
504.30226659471714,3.075664775553552e-10
504.40226659471716,2.615701765624837e-10
504.5022665947172,2.22300384358547e-10
504.6022665947172,1.88796945225364e-10
504.70226659471723,1.6023318813726874e-10
504.80226659471725,1.3589790011143448e-10
504.9022665947173,1.1517965668076237e-10
505.0022665947173,9.755321228813634e-11
505.1022665947173,8.256768934224816e-11
505.20226659471734,6.98363364780051e-11
505.30226659471737,5.902765467772163e-11
505.4022665947174,4.98577147368238e-11
505.5022665947174,4.2083511462413365e-11
505.60226659471743,3.5497219300286024e-11
505.70226659471746,2.9921231087538804e-11
505.8022665947175,2.5203876584827148e-11
505.9022665947175,2.121573058804813e-11
506.0022665947175,1.784643196212648e-11
506.10226659471755,1.5001945065584066e-11
506.20226659471757,1.260220390926233e-11
506.3022665947176,1.0579087163340057e-11
506.4022665947176,8.874678924621805e-12
506.50226659471764,7.439776097299296e-12
506.60226659471766,6.232608428152448e-12
506.7022665947177,5.217741762864894e-12
506.8022665947177,4.365139034655059e-12
506.90226659471773,3.649356931272657e-12
507.00226659471775,3.048859174722646e-12
507.1022665947178,2.5454299455522853e-12
507.2022665947178,2.123673239254546e-12
507.3022665947178,1.7705858995083806e-12
507.40226659471784,1.475193769586436e-12
507.50226659471787,1.2282418726891392e-12
507.6022665947179,1.0219308034983426e-12
507.7022665947179,8.496926125596462e-13
507.80226659471793,7.060004146848102e-13
507.90226659471796,5.862067720860182e-13
508.002266594718,4.86406609604618e-13
508.102266594718,4.0332102818943873e-13
508.202266594718,3.341989068068935e-13
508.30226659471805,2.767336336362598e-13
508.40226659471807,2.289926946502638e-13
508.5022665947181,1.8935818014120505e-13
508.6022665947181,1.5647655493022047e-13
508.70226659471814,1.292162824059225e-13
508.80226659471816,1.0663210182621973e-13
508.9022665947182,8.79349373770295e-14
509.0022665947182,7.246657054821816e-14
509.10226659471823,5.967833812220642e-14
509.20226659471825,4.911322963707852e-14
509.3022665947183,4.039085331336617e-14
509.4022665947183,3.3194820475436886e-14
509.5022665947183,2.7262167481812758e-14
509.60226659471834,2.237449284839596e-14
509.70226659471837,1.8350537104447475e-14
509.8022665947184,1.503997525171075e-14
509.9022665947184,1.2318227608006771e-14
510.00226659471844,1.0082125256024235e-14
510.10226659471846,8.246292097971428e-15
510.2022665947185,6.740127332288975e-15
510.3022665947185,5.505290614012878e-15
510.4022665947185,4.493607743302913e-15
510.50226659471855,3.665327880410251e-15
510.60226659471857,2.987674379432829e-15
510.7022665947186,2.4336406823859123e-15
510.8022665947186,1.9809905873380928e-15
510.90226659471864,1.6114288275009433e-15
511.00226659471866,1.3099134658242527e-15
511.1022665947187,1.064086286202702e-15
511.2022665947187,8.63801287248051e-16
511.30226659471873,7.007346758599315e-16
511.40226659471875,5.680625155586771e-16
511.5022665947188,4.601944933357348e-16
511.6022665947188,3.7255420014206773e-16
511.7022665947188,3.0139793445954297e-16
511.80226659471884,2.436653866333182e-16
511.90226659471887,1.968566867330892e-16
512.0022665947189,1.5893123683020606e-16
512.1022665947189,1.282245301659792e-16
512.2022665947189,1.0337981033693237e-16
512.302266594719,8.329196483487468e-17
512.402266594719,6.706149709897769e-17
512.502266594719,5.395679479646641e-17
512.602266594719,4.3383222028049925e-17
512.702266594719,3.485782016916457e-17
512.8022665947191,2.798861498786231e-17
512.9022665947191,2.2457703945668732e-17
513.0022665947191,1.8007443385817276e-17
513.1022665947191,1.4429175814128877e-17
513.2022665947192,1.1554036991511178e-17
513.3022665947192,9.245464673562295e-18
513.4022665947192,7.39309853969679e-18
513.5022665947192,5.9078166358953016e-18
513.6022665947193,4.717699575616755e-18
513.7022665947193,3.764751516012543e-18
513.8022665947193,3.0022379725132215e-18
513.9022665947193,2.392526031892002e-18
514.0022665947193,1.9053334473113415e-18
514.1022665947194,1.516310255529907e-18
514.2022665947194,1.2058906134273599e-18
514.3022665947194,9.583640592729503e-19
514.4022665947194,7.611248184399021e-19
514.5022665947195,6.040654685311437e-19
514.6022665947195,4.790875640935406e-19
514.7022665947195,3.797069506153351e-19
514.8022665947195,3.0073568055810673e-19
514.9022665947195,2.3802585274188033e-19
515.0022665947196,1.8826347171056037e-19
515.1022665947196,1.4880268164406928e-19
515.2022665947196,1.1753256497153412e-19
515.3022665947196,9.277018691781686e-20
515.4022665947197,7.31747775020178e-20
515.5022665947197,5.767892411608657e-20
515.6022665947197,4.543344333451354e-20
515.7022665947197,3.5763244819881584e-20
515.8022665947198,2.8132021469246905e-20
515.9022665947198,2.2114021425984244e-20
516.0022665947198,1.737149810463587e-20
516.1022665947198,1.3636709280211227e-20
516.2022665947198,1.0697558051927338e-20
516.3022665947199,8.386147241046296e-21
516.4022665947199,6.569662753666248e-21
516.5022665947199,5.143117309564494e-21
516.6022665947199,4.023579120687117e-21
516.70226659472,3.1455849824280923e-21
516.80226659472,2.457497366341307e-21
516.90226659472,1.918613344481313e-21
517.00226659472,1.4968718524047079e-21
517.10226659472,1.167036782627826e-21
517.2022665947201,9.092582038451355e-22
517.3022665947201,7.079338414141641e-22
517.4022665947201,5.50808812571497e-22
517.5022665947201,4.282642751876933e-22
517.6022665947202,3.327557566407408e-22
517.7022665947202,2.583699899036769e-22
517.8022665947202,2.0047550696551774e-22
517.9022665947202,1.5544735399806132e-22
518.0022665947203,1.2045036181017765e-22
518.1022665947203,9.326864022770934e-23
518.2022665947203,7.217153509639592e-23
518.3022665947203,5.580832679000377e-23
518.4022665947203,4.3125567433284945e-23
518.5022665947204,3.330223677627088e-23
518.6022665947204,2.569891260802599e-23
518.7022665947204,1.9817955648097946e-23
518.8022665947204,1.5272344718645668e-23
518.9022665947205,1.1761300479349247e-23
519.0022665947205,9.051232781246542e-24
519.1022665947205,6.960859765015481e-24
519.2022665947205,5.349593666218175e-24
519.3022665947205,4.108482759946791e-24
519.4022665947206,3.1531519745569105e-24
519.5022665947206,2.418305139873206e-24
519.6022665947206,1.8534465060922715e-24
519.7022665947206,1.4195535315170344e-24
519.8022665947207,1.0864913030494078e-24
519.9022665947207,8.310047295856813e-25
520.0022665947207,6.351605237433387e-25
520.1022665947207,4.8513908207909065e-25
520.2022665947208,3.7029835906889833e-25
520.3022665947208,2.824490213490457e-25
520.4022665947208,2.1529360130842373e-25
520.5022665947208,1.6399285699671851e-25
520.6022665947208,1.2483072789138912e-25
520.7022665947209,9.495565529289281e-26
520.8022665947209,7.218100571511146e-26
520.9022665947209,5.483120420316497e-26
521.0022665947209,4.162319373346607e-26
521.102266594721,3.157517587427458e-26
521.202266594721,2.3936404616902045e-26
521.302266594721,1.813321530131111e-26
521.402266594721,1.372756409338573e-26
521.502266594721,1.0385200927672931e-26
521.6022665947211,7.85125509468248e-27
521.7022665947211,5.931520481708087e-27
521.8022665947211,4.4781201518920054e-27
521.9022665947211,3.378533354265144e-27
522.0022665947212,2.5472023170600645e-27
522.1022665947212,1.9191169127543843e-27
522.2022665947212,1.4449146215667772e-27
522.3022665947212,1.0871405630685889e-27
522.4022665947213,8.17394998759339e-28
522.5022665947213,6.141592727968279e-28
522.6022665947213,4.611400177738694e-28
522.7022665947213,3.4600898138478155e-28
522.8022665947213,2.594446343361258e-28
522.9022665947214,1.9440381176524612e-28
523.0022665947214,1.455685715132648e-28
523.1022665947214,1.0892641887208123e-28
523.2022665947214,8.145197000514831e-29
523.3022665947215,6.086571399620471e-29
523.4022665947215,4.5451331520651746e-29
523.5022665947215,3.39174553294389e-29
523.6022665947215,2.5293135704608765e-29
523.7022665947216,1.8848849550881979e-29
523.8022665947216,1.4036854013725836e-29
523.9022665947216,1.0446179394022778e-29
524.0022665947216,7.76869261081618e-30
524.1022665947216,5.773526414884025e-30
524.2022665947217,4.287825847046981e-30
524.3022665947217,3.182261612889228e-30
524.4022665947217,2.3601379245649544e-30
524.5022665947217,1.7492087794144163e-30
524.6022665947218,1.2955335812533773e-30
524.7022665947218,9.588671987602708e-31
524.8022665947218,7.092037306203007e-31
524.9022665947218,5.241870914720341e-31
525.0022665947218,3.87172402785849e-31
525.1022665947219,2.85775653746386e-31
525.2022665947219,2.1078942614353173e-31
525.3022665947219,1.553728662540139e-31
525.4022665947219,1.1444696886762874e-31
525.502266594722,8.424345572473874e-32
525.602266594722,6.196847573180445e-32
525.702266594722,4.5552080285407125e-32
525.802266594722,3.346172904015648e-32
525.902266594722,2.456355960632287e-32
526.0022665947221,1.8019261507340058e-32
526.1022665947221,1.3209471285401375e-32
526.2022665947221,9.676908700120661e-33
526.3022665947221,7.084196733946241e-33
526.4022665947222,5.182595869842441e-33
526.5022665947222,3.7888449856064644e-33
526.6022665947222,2.7680191550069395e-33
526.7022665947222,2.0208501295090926e-33
526.8022665947223,1.474354376384314e-33
526.9022665947223,1.0749107875481772e-33
527.0022665947223,7.831513860408041e-34
527.1022665947223,5.701928692528878e-34
