1.0,46.206656409823715
1.1,46.37923194984779
1.2000000000000002,46.5526947031157
1.3000000000000003,46.727050098295116
1.4000000000000004,46.902303598640295
1.5000000000000004,47.07846070216173
1.6000000000000005,47.2555269417954
1.7000000000000006,47.43350788557101
1.8000000000000007,47.61240913677936
1.9000000000000008,47.792236334138956
2.000000000000001,47.97299515196135
2.100000000000001,48.15469130031574
2.200000000000001,48.3373305251922
2.300000000000001,48.52091860866401
2.4000000000000012,48.705461369048486
2.5000000000000013,48.89096466106687
2.6000000000000014,49.077434376002394
2.7000000000000015,49.26487644185741
2.8000000000000016,49.45329682350877
2.9000000000000017,49.64270152286158
3.0000000000000018,49.83309657900157
3.100000000000002,50.02448806834555
3.200000000000002,50.216882104790145
3.300000000000002,50.41028483985872
3.400000000000002,50.60470246284627
3.500000000000002,50.80014120096242
3.6000000000000023,50.99660731947214
3.7000000000000024,51.19410712183446
3.8000000000000025,51.39264694983875
3.9000000000000026,51.592233183738685
4.000000000000003,51.7928722423838
4.100000000000003,51.99457058334849
4.200000000000003,52.19733470305815
4.3000000000000025,52.40117113691284
4.400000000000003,52.606086459408004
4.5000000000000036,52.8120872842521
4.600000000000003,53.0191802644813
4.700000000000003,53.227372092571095
4.800000000000003,53.436669500544305
4.900000000000004,53.64707926007606
5.0000000000000036,53.85860818259499
5.100000000000003,54.07126311938095
5.200000000000004,54.285050961658854
5.300000000000004,54.499978640688745
5.400000000000004,54.71605312785178
5.5000000000000036,54.93328143473204
5.600000000000004,55.15167061319422
5.700000000000005,55.37122775545672
5.800000000000004,55.591959994160284
5.900000000000004,55.813874502431915
6.000000000000004,56.03697849394394
6.100000000000005,56.26127922296818
6.200000000000005,56.48678398442477
6.300000000000004,56.71350011392586
6.400000000000005,56.94143498781376
6.500000000000005,57.170596023193525
6.600000000000005,57.40099067795962
6.700000000000005,57.63262645081686
6.800000000000005,57.86551088129488
6.900000000000006,58.09965154975653
7.000000000000005,58.335056077399734
7.100000000000005,58.57173212625256
7.2000000000000055,58.809687399161575
7.300000000000006,59.048929639772886
7.400000000000006,59.28946663250616
7.500000000000005,59.53130620252101
7.600000000000006,59.77445621567574
7.700000000000006,60.01892457847828
7.800000000000006,60.26471923802877
7.900000000000006,60.51184818195418
8.000000000000007,60.760319438333944
8.100000000000007,61.01014107561718
8.200000000000006,61.261321202530624
8.300000000000006,61.51386796797747
8.400000000000006,61.76778956092663
8.500000000000007,62.02309421029217
8.600000000000007,62.279790184802856
8.700000000000006,62.537885792861324
8.800000000000008,62.797389382392716
8.900000000000007,63.05830934068265
9.000000000000007,63.3206540942038
9.100000000000007,63.58443210843141
9.200000000000006,63.849651887646914
9.300000000000008,64.11632197472976
9.400000000000007,64.38445095093691
9.500000000000007,64.65404743566968
9.600000000000009,64.92512008622793
9.700000000000008,65.19767759755081
9.800000000000008,65.47172870194407
9.900000000000007,65.74728216879382
10.000000000000007,66.02434680426542
10.100000000000009,66.30293145098855
10.200000000000008,66.58304498772696
10.300000000000008,66.86469632903318
10.40000000000001,67.14789442488747
10.500000000000009,67.43264826032087
10.600000000000009,67.71896685502206
10.700000000000008,68.00685926292708
10.800000000000008,68.29633457179229
10.90000000000001,68.58740190274968
11.000000000000009,68.88007040984404
11.100000000000009,69.17434927955213
11.20000000000001,69.47024773028281
11.30000000000001,69.76777501185794
11.40000000000001,70.06694040497383
11.500000000000009,70.36775322064241
11.600000000000009,70.67022279961198
11.70000000000001,70.9743585117668
11.80000000000001,71.28016975550521
11.90000000000001,71.58766595709609
12.00000000000001,71.89685657001235
12.10000000000001,72.20775107424184
12.20000000000001,72.52035897557478
12.30000000000001,72.834689804867
12.40000000000001,73.15075311727891
12.50000000000001,73.46855849148939
12.60000000000001,73.78811552888399
12.70000000000001,74.10943385271723
12.800000000000011,74.43252310724807
12.900000000000011,74.75739295684815
13.00000000000001,75.08405308508223
13.10000000000001,75.41251319376038
13.20000000000001,75.74278300196083
13.300000000000011,76.07487224502356
13.400000000000011,76.40879067351341
13.50000000000001,76.74454805215254
13.600000000000012,77.08215415872128
13.700000000000012,77.42161878292683
13.800000000000011,77.7629517252393
13.900000000000011,78.10616279569426
14.00000000000001,78.45126181266103
14.100000000000012,78.79825860157639
14.200000000000012,79.14716299364262
14.300000000000011,79.49798482448944
14.400000000000013,79.85073393279887
14.500000000000012,80.20542015889274
14.600000000000012,80.56205334328139
14.700000000000012,80.92064332517376
14.800000000000011,81.28119994094709
14.900000000000013,81.64373302257628
15.000000000000012,82.00825239602186
15.100000000000012,82.37476787957549
15.200000000000014,82.74328928216272
15.300000000000013,83.11382640160173
15.400000000000013,83.48638902281766
15.500000000000012,83.86098691601126
15.600000000000012,84.23762983478136
15.700000000000014,84.61632751420031
15.800000000000013,84.99708966884116
15.900000000000013,85.37992599075626
16.000000000000014,85.76484614740593
16.100000000000016,86.15185977953665
16.200000000000014,86.54097649900758
16.30000000000001,86.93220588656492
16.400000000000013,87.32555748956257
16.500000000000014,87.721040819629
16.600000000000016,88.11866535027846
16.700000000000014,88.5184405144665
16.800000000000015,88.92037570208817
16.900000000000013,89.32448025741823
17.000000000000014,89.73076347649254
17.100000000000016,90.13923460442925
17.200000000000014,90.54990283268931
17.300000000000015,90.96277729627491
17.400000000000013,91.37786707086498
17.500000000000014,91.79518116988712
17.600000000000016,92.21472854152407
17.700000000000014,92.63651806565481
17.800000000000015,93.06055855072847
17.900000000000016,93.48685873057018
18.000000000000014,93.91542726111824
18.100000000000016,94.34627271709115
18.200000000000017,94.7794035885836
18.300000000000015,95.2148282775903
18.400000000000016,95.65255509445706
18.500000000000014,96.0925922542573
18.600000000000016,96.53494787309371
18.700000000000017,96.97962996432359
18.800000000000015,97.42664643470685
18.900000000000016,97.87600508047589
19.000000000000014,98.32771358332607
19.100000000000016,98.78177950632578
19.200000000000017,99.23821028974518
19.300000000000015,99.69701324680264
19.400000000000016,100.15819555932734
19.500000000000018,100.62176427333797
19.600000000000016,101.08772629453549
19.700000000000017,101.55608838370982
19.80000000000002,102.02685715205855
19.900000000000016,102.50003905641789
20.000000000000018,102.97564039440354
20.100000000000016,103.45366729946166
20.200000000000017,103.93412573582825
20.30000000000002,104.41702149339638
20.400000000000016,104.90236018249014
20.500000000000018,105.39014722854482
20.600000000000016,105.88038786669146
20.700000000000017,106.37308713624658
20.80000000000002,106.86824987510414
20.900000000000016,107.36588071403084
21.000000000000018,107.86598407086286
21.10000000000002,108.36856414460344
21.200000000000017,108.87362490942076
21.30000000000002,109.38117010854549
21.40000000000002,109.89120324806679
21.500000000000018,110.40372759062676
21.60000000000002,110.91874614901253
21.700000000000017,111.43626167964484
21.80000000000002,111.95627667596385
21.90000000000002,112.47879336170995
22.000000000000018,113.00381368410089
22.10000000000002,113.53133930690352
22.200000000000017,114.06137160340039
22.30000000000002,114.59391164925078
22.40000000000002,115.1289602152458
22.500000000000018,115.66651775995744
22.60000000000002,116.20658442228171
22.70000000000002,116.74916001387479
22.80000000000002,117.2942440114837
22.90000000000002,117.84183554917007
23.00000000000002,118.39193341042804
23.10000000000002,118.94453602019595
23.20000000000002,119.49964143676253
23.30000000000002,120.05724734356745
23.40000000000002,120.61735104089696
23.50000000000002,121.17994943747487
23.60000000000002,121.74503904194975
23.70000000000002,122.3126159542787
23.80000000000002,122.8826758570086
23.90000000000002,123.45521400645572
24.00000000000002,124.0302252237843
24.10000000000002,124.60770388598588
24.20000000000002,125.18764391675977
24.300000000000022,125.77003877729614
24.40000000000002,126.35488145696343
24.50000000000002,126.94216446390136
24.600000000000023,127.53187981552074
24.70000000000002,128.12401902891264
24.800000000000022,128.718573111168
24.90000000000002,129.31553254961037
25.00000000000002,129.91488730194297
25.100000000000023,130.51662678631365
25.20000000000002,131.12073987129864
25.300000000000022,131.7272148658091
25.40000000000002,132.33603950892194
25.50000000000002,132.94720095963885
25.600000000000023,133.5606857865754
25.70000000000002,134.17647995758455
25.800000000000022,134.7945688293172
25.900000000000023,135.41493713672347
26.00000000000002,136.03756898249821
26.100000000000023,136.66244782647516
26.200000000000024,137.28955647497324
26.300000000000022,137.91887707009943
26.400000000000023,138.55039107901266
26.50000000000002,139.18407928315332
26.600000000000023,139.81992176744336
26.700000000000024,140.45789790946156
26.800000000000022,141.09798636859963
26.900000000000023,141.74016507520457
27.00000000000002,142.3844112197124
27.100000000000023,143.03070124178004
27.200000000000024,143.6790108194202
27.300000000000022,144.32931485814692
27.400000000000023,144.9815874801373
27.500000000000025,145.63580201341637
27.600000000000023,146.2919309810724
27.700000000000024,146.94994609050985
27.800000000000026,147.60981822274667
27.900000000000023,148.2715174217647
28.000000000000025,148.93501288392065
28.100000000000023,149.60027294742514
28.200000000000024,150.26726508189972
28.300000000000026,150.93595587801897
28.400000000000023,151.60631103724762
28.500000000000025,152.2782953616816
28.600000000000023,152.95187274400186
28.700000000000024,153.62700615755185
28.800000000000026,154.30365764654684
28.900000000000023,154.981788316427
29.000000000000025,155.66135832436342
29.100000000000026,156.3423268699281
29.200000000000024,157.0246521859388
29.300000000000026,157.70829152949014
29.400000000000027,158.39320117318147
29.500000000000025,159.07933639655434
29.600000000000026,159.76665147775037
29.700000000000024,160.45509968540208
29.800000000000026,161.14463327076896
29.900000000000027,161.83520346013114
30.000000000000025,162.5267604474536
30.100000000000026,163.21925338733374
30.200000000000024,163.91263038824547
30.300000000000026,164.60683850609348
30.400000000000027,165.30182373809066
30.500000000000025,165.99753101697294
30.600000000000026,166.69390420556553
30.700000000000028,167.3908860917139
30.800000000000026,168.08841838359479
30.900000000000027,168.78644170542105
31.00000000000003,169.4848955935546
31.100000000000026,170.1837184930429
31.200000000000028,170.88284775459334
31.300000000000026,171.58221963200018
31.400000000000027,172.2817692800396
31.50000000000003,172.9814307528473
31.600000000000026,173.6811370027943
31.700000000000028,174.38081987987573
31.800000000000026,175.08041013162793
31.900000000000027,175.77983740358917
32.00000000000003,176.4790302403188
32.10000000000002,177.1779160869904
32.20000000000003,177.87642129157427
32.300000000000026,178.57447110762305
32.40000000000003,179.27198969767738
32.50000000000003,179.9689001373048
32.60000000000003,180.6651244197873
32.70000000000003,181.36058346147243
32.800000000000026,182.05519710780152
32.90000000000003,182.74888414003058
33.00000000000003,183.4415622826559
33.10000000000003,184.1331482115602
33.20000000000003,184.8235575628914
33.300000000000026,185.51270494268775
33.40000000000003,186.2005039372623
33.50000000000003,186.88686712435825
33.60000000000003,187.57170608508898
33.70000000000003,188.2549314166727
33.800000000000026,188.9364527459742
33.90000000000003,189.61617874386422
34.00000000000003,190.2940171404061
34.10000000000003,190.96987474088036
34.20000000000003,191.64365744265606
34.30000000000003,192.31527025291743
34.40000000000003,192.98461730725396
34.50000000000003,193.65160188912148
34.60000000000003,194.3161264501801
34.70000000000003,194.97809263151626
34.80000000000003,195.63740128575301
34.90000000000003,196.29395250005365
35.00000000000003,196.94764562002203
35.10000000000003,197.59837927450215
35.20000000000003,198.24605140127997
35.30000000000003,198.89055927368724
35.400000000000034,199.5317995281087
35.50000000000003,200.1696681923906
35.60000000000003,200.80406071515029
35.70000000000003,201.43487199598255
35.80000000000003,202.0619964165603
35.900000000000034,202.68532787262367
36.00000000000003,203.30475980685236
36.10000000000003,203.9201852426142
36.20000000000003,204.5314968185808
36.30000000000003,205.13858682420283
36.400000000000034,205.74134723603274
36.50000000000003,206.33966975488454
36.60000000000003,206.9334458438174
36.70000000000003,207.52256676692895
36.80000000000003,208.1069236289433
36.900000000000034,208.6864074155778
37.00000000000003,209.26090903466974
37.10000000000003,209.83031935804556
37.20000000000003,210.39452926411073
37.30000000000003,210.95342968114096
37.400000000000034,211.50691163125003
37.500000000000036,212.0548662750119
37.60000000000003,212.59718495671092
37.70000000000003,213.13375925019483
37.80000000000003,213.6644810053016
37.900000000000034,214.18924239483255
38.000000000000036,214.7079359620408
38.10000000000003,215.2204546686047
38.20000000000003,215.7266919430527
38.30000000000003,216.22654172960722
38.400000000000034,216.7198985374121
38.500000000000036,217.20665749010857
38.60000000000004,217.68671437572166
38.70000000000003,218.15996569682093
38.80000000000003,218.62630872091498
38.900000000000034,219.08564153104035
39.000000000000036,219.53786307650526
39.10000000000004,219.9828732237444
39.20000000000003,220.42057280724367
39.30000000000003,220.85086368049173
39.400000000000034,221.2736487669127
39.500000000000036,221.68883211073748
39.60000000000004,222.09631892776645
39.70000000000003,222.49601565597865
39.80000000000003,222.88783000594034
39.900000000000034,223.27167101096646
40.000000000000036,223.6474490769873
40.10000000000004,224.01507603207327
40.20000000000003,224.3744651755686
40.30000000000003,224.72553132678743
40.400000000000034,225.0681908732229
40.500000000000036,225.40236181822118
40.60000000000004,225.72796382807238
40.70000000000004,226.04491827847022
40.80000000000003,226.35314830029137
40.900000000000034,226.65257882464857
41.000000000000036,226.94313662716831
41.10000000000004,227.22475037144662
41.20000000000004,227.4973506516368
41.30000000000003,227.76087003412223
41.400000000000034,228.0152430982298
41.500000000000036,228.26040647593814
41.60000000000004,228.49629889053767
41.70000000000004,228.72286119419869
41.80000000000004,228.9400364044062
41.900000000000034,229.1477697392192
42.000000000000036,229.3460086513158
42.10000000000004,229.5347028607836
42.20000000000004,229.71380438661936
42.30000000000004,229.8832675769002
42.400000000000034,230.04304913759236
42.500000000000036,230.19310815996323
42.60000000000004,230.33340614656467
42.70000000000004,230.46390703575733
42.80000000000004,230.58457722474697
42.900000000000034,230.69538559110487
43.000000000000036,230.79630351274778
43.10000000000004,230.8873048863527
43.20000000000004,230.96836614418467
43.30000000000004,231.03946626931776
43.400000000000034,231.10058680923046
43.500000000000036,231.15171188775943
43.60000000000004,231.192828215397
43.70000000000004,231.22392509791985
43.80000000000004,231.24499444333912
43.90000000000004,231.25603076716226
44.000000000000036,231.24579392120305
44.10000000000004,231.1105820878015
44.20000000000004,230.82570684323278
44.30000000000004,230.39227389878906
44.40000000000004,229.81195773907157
44.500000000000036,229.08698553250613
44.60000000000004,228.22011593563371
44.70000000000004,227.21461316439246
44.80000000000004,226.07421678145147
44.90000000000004,224.80310771217822
45.00000000000004,223.40587105163775
45.10000000000004,221.88745626028634
45.20000000000004,220.25313536641693
45.30000000000004,218.50845979914465
45.40000000000004,216.6592164674658
45.50000000000004,214.71138367979043
45.60000000000004,212.67108746577733
45.70000000000004,210.54455882000016
45.80000000000004,208.3380923368246
45.90000000000004,206.0580066498308
46.00000000000004,203.71060702915003
46.10000000000004,201.30215042807828
46.20000000000004,198.83881320804358
46.30000000000004,196.3266617100192
46.40000000000004,193.77162578213216
46.50000000000004,191.17947531865883
46.60000000000004,188.55579981567894
46.70000000000004,185.90599090401614
46.80000000000004,183.2352277811295
46.90000000000004,180.5484654305074
47.00000000000004,177.85042548987695
47.100000000000044,175.1455896079991
47.20000000000004,172.43819511369446
47.30000000000004,169.73223280964888
47.40000000000004,167.0314466970248
47.50000000000004,164.33933543443348
47.600000000000044,161.6591553359003
47.70000000000004,158.99392471652268
47.80000000000004,156.346429401071
47.90000000000004,153.7192292193222
48.00000000000004,151.11466532196673
48.100000000000044,148.53486816209676
48.200000000000045,145.9817659991673
48.30000000000004,143.45709379461036
48.40000000000004,140.96240238068498
48.50000000000004,138.49906779643698
48.600000000000044,136.06830069661117
48.700000000000045,133.6711557508779
48.80000000000004,131.30854096166283
48.90000000000004,128.98122683913667
49.00000000000004,126.6898553814667
49.100000000000044,124.43494881721627
49.200000000000045,122.21691807480383
49.30000000000004,120.03607095118547
49.40000000000004,117.89261995843316
49.50000000000004,115.78668983267234
49.600000000000044,113.71832469493937
49.700000000000045,111.68749485798307
49.80000000000004,109.69410327688968
49.90000000000004,107.73799164471366
50.00000000000004,105.81894613709774
50.100000000000044,103.93670281219595
50.200000000000045,102.09095267414192
50.30000000000005,100.28134640985206
50.40000000000004,98.50749881017722
50.50000000000004,96.76899288734731
50.600000000000044,95.06538370133575
50.700000000000045,93.39620190822309
50.80000000000005,91.7609570439142
50.90000000000004,90.1591405566678
51.00000000000004,88.59022860186776
51.100000000000044,87.053684612326
51.200000000000045,85.54896165716467
51.30000000000005,84.07550460201674
51.40000000000005,82.63275208290739
51.50000000000004,81.22013830575908
51.600000000000044,79.83709468300442
51.700000000000045,78.48305131831368
51.80000000000005,77.15743834994022
51.90000000000005,75.85968716268475
52.00000000000004,74.5892314779671
52.100000000000044,73.3455083309867
52.200000000000045,72.12795894345328
52.30000000000005,70.93602949987626
52.40000000000005,69.76917183492505
52.50000000000004,68.62684403890884
52.600000000000044,67.50851098797683
52.700000000000045,66.41364480521364
52.80000000000005,65.34172525839126
52.90000000000005,64.29224009975131
53.00000000000004,63.26468535281712
53.100000000000044,62.2585655508846
53.200000000000045,61.27339393150758
53.30000000000005,60.30869259097759
53.40000000000005,59.363992602504396
53.50000000000005,58.438834101524066
53.600000000000044,57.5327663413011
53.700000000000045,56.64534772174661
53.80000000000005,55.77614579414739
53.90000000000005,54.924737244285005
54.00000000000005,54.09070785622822
54.100000000000044,53.273652458894446
54.200000000000045,52.47317485730499
54.30000000000005,51.688887750299095
54.40000000000005,50.9204126363213
54.50000000000005,50.16737970876166
54.60000000000005,49.429427742198605
54.700000000000045,48.70620397077738
54.80000000000005,47.99736395984692
54.90000000000005,47.30257147187886
55.00000000000005,46.62149832759677
55.10000000000005,45.95382426316036
55.200000000000045,45.29923678416897
55.30000000000005,44.6574310171759
55.40000000000005,44.02810955933908
55.50000000000005,43.410982326770544
55.60000000000005,42.80576640209211
55.700000000000045,42.21218588165183
55.80000000000005,41.62997172280826
55.90000000000005,41.058861591646966
56.00000000000005,40.49859971145191
56.10000000000005,39.94893671221987
56.200000000000045,39.409629481471306
56.30000000000005,38.880441016581116
56.40000000000005,38.36114027882529
56.50000000000005,37.851502049313034
56.60000000000005,37.35130678695235
56.70000000000005,36.86034048857493
56.80000000000005,36.37839455132788
56.90000000000005,35.90526563742201
57.00000000000005,35.440755541311546
57.10000000000005,34.98467105936486
57.20000000000005,34.53682386207417
57.30000000000005,34.09703036884002
57.40000000000005,33.66511162535581
57.50000000000005,33.24089318360931
57.60000000000005,32.82420498450831
57.70000000000005,32.41488124313129
57.800000000000054,32.01276033659685
57.90000000000005,31.617684694539733
58.00000000000005,31.229500692175982
58.10000000000005,30.848058545935523
58.20000000000005,30.473212211635737
58.300000000000054,30.104819285166602
58.40000000000005,29.74274090565474
58.50000000000005,29.38684166107067
58.60000000000005,29.03698949624212
58.70000000000005,28.693055623233143
58.800000000000054,28.35491443404812
58.90000000000005,28.022443415618053
59.00000000000005,27.695523067025235
59.10000000000005,27.3740368189221
59.20000000000005,27.057870955098547
59.300000000000054,26.74691453615251
59.40000000000005,26.44105932521762
59.50000000000005,26.14019971570173
59.60000000000005,25.844232660990663
59.70000000000005,25.55305760607052
59.800000000000054,25.26657642102332
59.900000000000055,24.98469333635026
60.00000000000005,24.707314880077533
60.10000000000005,24.434349816600097
60.20000000000005,24.165709087219597
60.300000000000054,23.901305752332444
60.400000000000055,23.641054935225732
60.50000000000005,23.384873767438474
60.60000000000005,23.13268133564683
60.70000000000005,22.88439863003278
60.800000000000054,22.639948494095947
60.900000000000055,22.399255575869663
61.00000000000006,22.16224628050289
61.10000000000005,21.928848724170322
61.20000000000005,21.698992689273968
61.300000000000054,21.47260958090051
61.400000000000055,21.249632384498952
61.50000000000006,21.029995624744608
61.60000000000005,20.81363532555593
61.70000000000005,20.600488971231286
61.800000000000054,20.3904954686744
61.900000000000055,20.183595110676816
62.00000000000006,19.979729540227662
62.10000000000005,19.778841715821006
62.20000000000005,19.580875877732225
62.300000000000054,19.38577751523557
62.400000000000055,19.193493334735596
62.50000000000006,19.00397122878625
62.60000000000005,18.817160245971777
62.70000000000005,18.63301056162453
62.800000000000054,18.45147344935546
62.900000000000055,18.272501253373555
63.00000000000006,18.096047361571415
63.10000000000006,17.922066179354598
63.20000000000005,17.750513104193182
63.300000000000054,17.58134450087435
63.400000000000055,17.414517677435864
63.50000000000006,17.24999086176025
63.60000000000006,17.087723178810755
63.70000000000005,16.927674628490188
63.800000000000054,16.769806064104586
63.900000000000055,16.61407917141412
64.00000000000006,16.460456448254067
64.10000000000005,16.30890118470939
64.20000000000006,16.15937744382664
64.30000000000005,16.011850042847882
64.40000000000006,15.866284534951069
64.50000000000006,15.722647191482649
64.60000000000005,15.58090498466766
64.70000000000006,15.44102557078389
64.80000000000005,15.302977273786516
64.90000000000006,15.166729069370016
65.00000000000006,15.032250569455217
65.10000000000005,14.899512007088612
65.20000000000006,14.768484221742622
65.30000000000005,14.639138645005012
65.40000000000006,14.511447286646167
65.50000000000006,14.385382721053785
65.60000000000005,14.260918074024003
65.70000000000006,14.138027009899135
65.80000000000005,14.016683719041994
65.90000000000006,13.896862905637049
66.00000000000006,13.778539775809476
66.10000000000005,13.66169002605267
66.20000000000006,13.54628983195577
66.30000000000005,13.432315837222628
66.40000000000006,13.31974514297382
66.50000000000006,13.208555297324029
66.60000000000005,13.098724285226664
66.70000000000006,12.990230518578596
66.80000000000005,12.88305282657746
66.90000000000006,12.777170446324424
67.00000000000006,12.672563013665863
67.10000000000007,12.56921055426682
67.20000000000006,12.467093474910337
67.30000000000005,12.36619255501582
67.40000000000006,12.26648893837085
67.50000000000006,12.167964125070288
67.60000000000007,12.0705999636569
67.70000000000006,11.974378643458188
67.80000000000005,11.879282687113754
67.90000000000006,11.785294943288203
68.00000000000006,11.692398579564431
68.10000000000007,11.600577075512192
68.20000000000006,11.509814215927557
68.30000000000005,11.420094084238176
68.40000000000006,11.331401056070163
68.50000000000006,11.243719792972163
68.60000000000007,11.157035236292144
68.70000000000006,11.071332601203194
68.80000000000005,10.986597370873856
68.90000000000006,10.90281529077952
69.00000000000006,10.819972363150908
69.10000000000007,10.7380548415559
69.20000000000006,10.657049225611445
69.30000000000005,10.576942255821722
69.40000000000006,10.49772090853954
69.50000000000006,10.419372391047554
69.60000000000007,10.341884136756033
69.70000000000006,10.26524380051442
69.80000000000007,10.189439254033326
69.90000000000006,10.114458581414377
70.00000000000006,10.04029007478485
70.10000000000007,9.966922230034553
70.20000000000006,9.89434374265221
70.30000000000007,9.822543503658657
70.40000000000006,9.751510595634628
70.50000000000006,9.681234288840315
70.60000000000007,9.611704037424683
70.70000000000006,9.542909475722038
70.80000000000007,9.474840414633569
70.90000000000006,9.407486838091923
71.00000000000006,9.340838899606405
71.10000000000007,9.274886918886947
71.20000000000006,9.209621378544833
71.30000000000007,9.145032920868061
71.40000000000006,9.081112344669743
71.50000000000006,9.017850602207384
71.60000000000007,8.955238796171514
71.70000000000006,8.893268176741838
71.80000000000007,8.831930138709103
71.90000000000006,8.771216218661294
72.00000000000006,8.71111809223226
72.10000000000007,8.651627571411487
72.20000000000006,8.592736601913332
72.30000000000007,8.534437260604259
72.40000000000006,8.476721752986789
72.50000000000006,8.419582410738547
72.60000000000007,8.363011689305255
72.70000000000006,8.307002165546258
72.80000000000007,8.251546535431247
72.90000000000006,8.196637611787091
73.00000000000006,8.142268322093368
73.10000000000007,8.08843170632556
73.20000000000006,8.035120914844747
73.30000000000007,7.98232920633252
73.40000000000006,7.930049945770291
73.50000000000007,7.878276602461653
73.60000000000007,7.82700274809702
73.70000000000006,7.7762220548593
73.80000000000007,7.725928293569799
73.90000000000006,7.67611533187335
74.00000000000007,7.626777132461641
74.10000000000007,7.577907751334026
74.20000000000006,7.529501336094729
74.30000000000007,7.481552124285752
74.40000000000006,7.434054441754579
74.50000000000007,7.387002701055788
74.60000000000007,7.340391399885974
74.70000000000006,7.294215119550964
74.80000000000007,7.248468523464777
74.90000000000006,7.203146355679508
75.00000000000007,7.158243439445353
75.10000000000007,7.1137546758002514
75.20000000000006,7.069675042188276
75.30000000000007,7.025999591106244
75.40000000000006,6.982723448777853
75.50000000000007,6.939841813854699
75.60000000000007,6.897349956143601
75.70000000000006,6.855243215359576
75.80000000000007,6.813516999903967
75.90000000000006,6.772166785667097
76.00000000000007,6.731188114854853
76.10000000000007,6.690576594838807
76.20000000000007,6.650327897029153
76.30000000000007,6.610437755770143
76.40000000000006,6.570901967257329
76.50000000000007,6.531716388476296
76.60000000000007,6.492876936162307
76.70000000000007,6.454379585780385
76.80000000000007,6.416220370525484
76.90000000000006,6.3783953803421545
77.00000000000007,6.34090076096342
77.10000000000007,6.3037327129683645
77.20000000000007,6.266887490857988
77.30000000000007,6.230361402149051
77.40000000000006,6.1941508064853625
77.50000000000007,6.158252114766265
77.60000000000007,6.1226617882918815
77.70000000000007,6.087376337924713
77.80000000000007,6.052392323267381
77.90000000000006,6.01770635185597
78.00000000000007,5.983315078368813
78.10000000000007,5.949215203850293
78.20000000000007,5.915403474949323
78.30000000000007,5.88187668317229
78.40000000000006,5.848631664150031
78.50000000000007,5.815665296918628
78.60000000000007,5.782974503213737
78.70000000000007,5.750556246778046
78.80000000000007,5.718407532681778
78.90000000000006,5.686525406655759
79.00000000000007,5.654906954436939
79.10000000000007,5.6235493011260544
79.20000000000007,5.592449610557128
79.30000000000007,5.561605084678659
79.40000000000006,5.531012962946166
79.50000000000007,5.5006705217259
79.60000000000007,5.470575073709506
79.70000000000007,5.440723967339336
79.80000000000007,5.41111458624429
79.90000000000008,5.38174434868588
80.00000000000007,5.352610707014384
80.10000000000007,5.323711147134818
80.20000000000007,5.295043187982554
80.30000000000007,5.266604381008423
80.40000000000008,5.238392309673018
80.50000000000007,5.210404588950125
80.60000000000007,5.182638864838982
80.70000000000007,5.155092813885289
80.80000000000007,5.127764142710736
80.90000000000008,5.100650587550863
81.00000000000007,5.0737499138011595
81.10000000000007,5.047059915571135
81.20000000000007,5.020578415246311
81.30000000000007,4.994303263057886
81.40000000000008,4.96823233665996
81.50000000000007,4.942363540714194
81.60000000000007,4.916694806481686
81.70000000000007,4.891224091422
81.80000000000007,4.865949378799164
81.90000000000008,4.840868677294482
82.00000000000007,4.815980020626097
82.10000000000007,4.7912814671750725
82.20000000000007,4.766771099617963
82.30000000000007,4.742447024565707
82.40000000000008,4.718307372208659
82.50000000000007,4.694350295967781
82.60000000000008,4.670573972151718
82.70000000000007,4.646976599619781
82.80000000000007,4.6235563994506
82.90000000000008,4.600311614616452
83.00000000000007,4.577240509663079
83.10000000000008,4.554341370394897
83.20000000000007,4.531612503565553
83.30000000000007,4.509052236573633
83.40000000000008,4.486658917163523
83.50000000000007,4.464430913131252
83.60000000000008,4.442366612035231
83.70000000000007,4.4204644209118715
83.80000000000007,4.398722765995855
83.90000000000008,4.377140092445105
84.00000000000007,4.355714864070291
84.10000000000008,4.33444556306878
84.20000000000007,4.313330689763014
84.30000000000007,4.292368762343151
84.40000000000008,4.271558316613944
84.50000000000007,4.250897905745781
84.60000000000008,4.230386100029754
84.70000000000007,4.210021486636762
84.80000000000007,4.189802669380497
84.90000000000008,4.169728268484297
85.00000000000007,4.149796920351777
85.10000000000008,4.130007277341144
85.20000000000007,4.11035800754318
85.30000000000007,4.090847794562773
85.40000000000008,4.071475337303965
85.50000000000007,4.052239349758454
85.60000000000008,4.03313856079745
85.70000000000007,4.014171713966884
85.80000000000007,3.995337567285842
85.90000000000008,3.97663489304823
86.00000000000007,3.9580624776275704
86.10000000000008,3.9396191212848746
86.20000000000007,3.9213036379795736
86.30000000000008,3.903114855183392
86.40000000000008,3.8850516136971853
86.50000000000007,3.8671127674706107
86.60000000000008,3.8492971834246466
86.70000000000007,3.831603741276881
86.80000000000008,3.814031333369499
86.90000000000008,3.7965788644999843
87.00000000000007,3.7792452517544017
87.10000000000008,3.762029424343296
87.20000000000007,3.744930323440122
87.30000000000008,3.727946902022138
87.40000000000008,3.7110781247137923
87.50000000000007,3.694322967632469
87.60000000000008,3.6776804182366263
87.70000000000007,3.661149475176257
87.80000000000008,3.644729148145606
87.90000000000008,3.628418457738165
88.00000000000007,3.612216435303841
88.10000000000008,3.596122122808303
88.20000000000007,3.580134572694472
88.30000000000008,3.5642528477460638
88.40000000000008,3.5484760209532404
88.50000000000007,3.5328031753802303
88.60000000000008,3.5172334040349758
88.70000000000007,3.501765809740715
88.80000000000008,3.486399505009476
88.90000000000008,3.471133611917487
89.00000000000009,3.4559672619824013
89.10000000000008,3.4408995960423887
89.20000000000007,3.425929764136983
89.30000000000008,3.411056925389714
89.40000000000008,3.396280247892481
89.50000000000009,3.3815989085915947
89.60000000000008,3.3670120931755365
89.70000000000007,3.3525189959643407
89.80000000000008,3.3381188198005995
89.90000000000008,3.3238107759420794
90.00000000000009,3.309594083955874
90.10000000000008,3.295467971614134
90.20000000000007,3.2814316747912815
90.30000000000008,3.267484437362731
90.40000000000008,3.2536255111050805
90.50000000000009,3.239854155597727
90.60000000000008,3.22616963812593
90.70000000000007,3.212571233585229
90.80000000000008,3.1990582243872736
90.90000000000008,3.1856299003669877
91.00000000000009,3.1722855586910477
91.10000000000008,3.159024503767697
91.20000000000007,3.1458460471578196
91.30000000000008,3.1327495074872895
91.40000000000008,3.119734210360577
91.50000000000009,3.106799488275545
91.60000000000008,3.0939446805394915
91.70000000000007,3.081169133186341
91.80000000000008,3.0684721988950274
91.90000000000008,3.0558532369090194
92.00000000000009,3.043311612956955
92.10000000000008,3.030846699174425
92.20000000000007,3.0184578740268084
92.30000000000008,3.006144522233217
92.40000000000008,2.9939060346914865
92.50000000000009,2.9817418084042027
92.60000000000008,2.969651246405773
92.70000000000009,2.957633757690483
92.80000000000008,2.9456887571415753
92.90000000000008,2.9338156654612777
93.00000000000009,2.922013909101817
93.10000000000008,2.9102829201973783
93.20000000000009,2.8986221364969764
93.30000000000008,2.8870310012982796
93.40000000000008,2.875508963382306
93.50000000000009,2.864055476949029
93.60000000000008,2.852670001553863
93.70000000000009,2.8413520020449887
93.80000000000008,2.8301009485015616
93.90000000000008,2.8189163161727224
94.00000000000009,2.807797585417458
94.10000000000008,2.796744241645263
94.20000000000009,2.7857557752576
94.30000000000008,2.7748316815901473
94.40000000000008,2.7639714608558204
94.50000000000009,2.7531746180885555
94.60000000000008,2.7424406630878564
94.70000000000009,2.731769110364055
94.80000000000008,2.721159479084331
94.90000000000008,2.710611293019422
95.00000000000009,2.700124080491059
95.10000000000008,2.689697374320098
95.20000000000009,2.679330711775314
95.30000000000008,2.669023634522904
95.40000000000009,2.6587756885766303
95.50000000000009,2.6485864242486286
95.60000000000008,2.638455396100859
95.70000000000009,2.6283821628971955
95.80000000000008,2.6183662875561455
95.90000000000009,2.6084073371041696
96.00000000000009,2.598504882629634
96.10000000000008,2.588658499237339
96.20000000000009,2.5788677660036528
96.30000000000008,2.569132265932225
96.40000000000009,2.559451585910259
96.50000000000009,2.5498253166653697
96.60000000000008,2.540253052722983
96.70000000000009,2.530734392364284
96.80000000000008,2.521268937584716
96.90000000000009,2.5118562940529956
97.00000000000009,2.5024960710706714
97.10000000000008,2.493187881532177
97.20000000000009,2.4839313418854116
97.30000000000008,2.4747260720928184
97.40000000000009,2.4655716955929465
97.50000000000009,2.45646783926252
97.60000000000008,2.447414133378966
97.70000000000009,2.4384102115834305
97.80000000000008,2.429455710844264
97.90000000000009,2.4205502714209457
98.00000000000009,2.411693536828491
98.10000000000008,2.402885153802279
98.20000000000009,2.3941247722633365
98.30000000000008,2.3854120452840575
98.40000000000009,2.3767466290543346
98.50000000000009,2.3681281828481326
98.60000000000008,2.359556368990463
98.70000000000009,2.3510308528247785
98.80000000000008,2.3425513026807665
98.90000000000009,2.334117389842539
99.00000000000009,2.3257287885172295
99.1000000000001,2.317385175803955
99.20000000000009,2.309086231663183
99.30000000000008,2.300831638886457
99.40000000000009,2.2926210830665044
99.50000000000009,2.284454252567712
99.6000000000001,2.2763308384969507
99.70000000000009,2.26825053467477
99.80000000000008,2.2602130376069334
99.90000000000009,2.2522180464563104
100.00000000000009,2.244265263015099
100.1000000000001,2.236354391677392
100.20000000000009,2.228485139412079
100.30000000000008,2.2206572157360625
100.40000000000009,2.212870332687811
100.50000000000009,2.2051242048012285
100.6000000000001,2.1974185490798264
100.70000000000009,2.1897530849712266
100.80000000000008,2.182127534341947
100.90000000000009,2.174541621452507
101.00000000000009,2.1669950729328216
101.1000000000001,2.159487617757892
101.20000000000009,2.152018987223783
101.30000000000008,2.1445889149238906
101.40000000000009,2.137197136725483
101.50000000000009,2.1298433907465344
101.6000000000001,2.1225274173328144
101.70000000000009,2.115248959035262
101.8000000000001,2.108007760587621
101.90000000000009,2.1008035688843414
102.00000000000009,2.093636132958734
102.1000000000001,2.0865052039613867
102.20000000000009,2.07941053513884
102.3000000000001,2.0723518818124953
102.40000000000009,2.065329001357786
102.50000000000009,2.0583416531835796
102.6000000000001,2.051389598711826
102.70000000000009,2.0444726013574455
102.8000000000001,2.037590426508437
102.90000000000009,2.0307428415062323
103.00000000000009,2.0239296156262667
103.1000000000001,2.017150520058776
103.20000000000009,2.010405327889824
103.3000000000001,2.0036938140825304
103.40000000000009,1.9970157554585348
103.50000000000009,1.990370930679656
103.6000000000001,1.9837591202297713
103.70000000000009,1.9771801063969032
103.8000000000001,1.9706336732555032
103.90000000000009,1.9641196066489484
104.00000000000009,1.9576376941722238
104.1000000000001,1.951187725154814
104.20000000000009,1.944769490643785
104.3000000000001,1.93838278338705
104.40000000000009,1.93202739781684
104.50000000000009,1.9257031300333445
104.6000000000001,1.919409777788545
104.70000000000009,1.9131471404702378
104.8000000000001,1.9069150190862154
104.90000000000009,1.90071321624865
105.00000000000009,1.8945415361586324
105.1000000000001,1.8883997845908946
105.20000000000009,1.882287768878703
105.3000000000001,1.8762052978989108
105.40000000000009,1.8701521820571896
105.5000000000001,1.8641282332734128
105.6000000000001,1.858133264967215
105.70000000000009,1.8521670920436955
105.8000000000001,1.8462295308792922
105.90000000000009,1.8403203993078106
106.0000000000001,1.8344395166065968
106.1000000000001,1.828586703482877
106.20000000000009,1.822761782060235
106.3000000000001,1.8169645758652453
106.40000000000009,1.8111949098142537
106.5000000000001,1.8054526102002932
106.6000000000001,1.7997375046801571
106.70000000000009,1.794049422261598
106.8000000000001,1.7883881932906807
106.90000000000009,1.7827536494392606
107.0000000000001,1.7771456236926062
107.1000000000001,1.7715639503371543
107.20000000000009,1.7660084649483923
107.3000000000001,1.760479004378878
107.40000000000009,1.7549754067463905
107.5000000000001,1.7494975114221958
107.6000000000001,1.7440451590194608
107.70000000000009,1.738618191381766
107.8000000000001,1.7332164515717616
107.90000000000009,1.7278397838599395
108.0000000000001,1.7224880337135189
108.1000000000001,1.7171610477854586
108.2000000000001,1.7118586739035824
108.3000000000001,1.7065807610598274
108.40000000000009,1.7013271593995907
108.5000000000001,1.6960977202112095
108.6000000000001,1.6908922959155361
108.7000000000001,1.6857107400556317
108.8000000000001,1.6805529072865735
108.90000000000009,1.675418653365354
109.0000000000001,1.6703078351409015
109.1000000000001,1.6652203105442005
109.2000000000001,1.6601559385785132
109.3000000000001,1.6551145793097133
109.40000000000009,1.6500960938567044
109.5000000000001,1.6451003443819552
109.6000000000001,1.6401271940821247
109.7000000000001,1.6351765071787874
109.8000000000001,1.630248148909259
109.90000000000009,1.6253419855175066
110.0000000000001,1.6204578842451665
110.1000000000001,1.6155957133226466
110.2000000000001,1.6107553419603227
110.3000000000001,1.6059366403398334
110.40000000000009,1.6011394796054483
110.5000000000001,1.5963637318555426
110.6000000000001,1.591609270134149
110.7000000000001,1.5868759684226013
110.8000000000001,1.5821637016312617
110.90000000000009,1.5774723455913342
111.0000000000001,1.5728017770467588
111.1000000000001,1.5681518736461928
111.2000000000001,1.563522513935071
111.3000000000001,1.5589135773477532
111.40000000000009,1.5543249441997373
111.5000000000001,1.5497564956799674
111.6000000000001,1.5452081138432114
111.7000000000001,1.5406796816025174
111.8000000000001,1.5361710827217503
111.9000000000001,1.531682201808195
112.0000000000001,1.5272129243052435
112.1000000000001,1.5227631364851504
112.2000000000001,1.5183327254418642
112.3000000000001,1.5139215790839309
112.4000000000001,1.5095295861274627
112.5000000000001,1.5051566360891857
112.6000000000001,1.5008026192795523
112.7000000000001,1.4964674267959224
112.8000000000001,1.4921509505158188
112.9000000000001,1.4878530830902372
113.0000000000001,1.4835737179370372
113.1000000000001,1.4793127492343876
113.2000000000001,1.475070071914283
113.3000000000001,1.4708455816561279
113.4000000000001,1.4666391748803704
113.5000000000001,1.4624507487422158
113.6000000000001,1.4582802011253901
113.7000000000001,1.454127430635971
113.8000000000001,1.4499923365962808
113.9000000000001,1.4458748190388306
114.0000000000001,1.4417747787003343
114.1000000000001,1.4376921170157755
114.2000000000001,1.4336267361125337
114.3000000000001,1.4295785388045712
114.4000000000001,1.4255474285866685
114.5000000000001,1.4215333096287253
114.60000000000011,1.4175360867701092
114.7000000000001,1.4135556655140697
114.8000000000001,1.4095919520221922
114.9000000000001,1.4056448531089163
115.0000000000001,1.4017142762361054
115.10000000000011,1.3978001295076659
115.2000000000001,1.393902321664224
115.3000000000001,1.3900207620778426
115.4000000000001,1.3861553607468045
115.5000000000001,1.382306028290432
115.60000000000011,1.3784726759439643
115.7000000000001,1.3746552155534844
115.8000000000001,1.370853559570886
115.9000000000001,1.3670676210489001
116.0000000000001,1.3632973136361601
116.10000000000011,1.3595425515723183
116.2000000000001,1.3558032496832122
116.3000000000001,1.3520793233760653
116.4000000000001,1.348370688634746
116.5000000000001,1.344677262015066
116.60000000000011,1.3409989606401205
116.7000000000001,1.3373357021956824
116.8000000000001,1.3336874049256258
116.9000000000001,1.3300539876274047
117.0000000000001,1.3264353696475686
117.10000000000011,1.3228314708773206
117.2000000000001,1.3192422117481235
117.3000000000001,1.3156675132273343
117.4000000000001,1.3121072968138925
117.5000000000001,1.3085614845340416
117.60000000000011,1.3050299989370933
117.7000000000001,1.3015127630912324
117.8000000000001,1.298009700579355
117.9000000000001,1.294520735494952
118.0000000000001,1.2910457924380285
118.10000000000011,1.28758479651106
118.2000000000001,1.2841376733149903
118.30000000000011,1.2807043489452585
118.4000000000001,1.2772847499878708
118.5000000000001,1.273878803515505
118.60000000000011,1.2704864370836502
118.7000000000001,1.267107578726787
118.80000000000011,1.2637421569545946
118.9000000000001,1.2603901007481997
119.0000000000001,1.2570513395564578
119.10000000000011,1.253725803292266
119.2000000000001,1.250413422328918
119.30000000000011,1.247114127496479
119.4000000000001,1.2438278500782047
119.5000000000001,1.24055452180699
119.60000000000011,1.237294074861847
119.7000000000001,1.2340464418644226
119.80000000000011,1.230811555875536
119.9000000000001,1.2275893503917592
120.0000000000001,1.2243797593420218
120.10000000000011,1.2211827170842477
120.2000000000001,1.2179981584020265
120.30000000000011,1.2148260185013067
120.4000000000001,1.2116662330071264
120.5000000000001,1.2085187379603692
120.60000000000011,1.205383469814551
120.7000000000001,1.2022603654326374
120.80000000000011,1.1991493620838831
120.9000000000001,1.196050397440708
121.00000000000011,1.1929634095755934
121.10000000000011,1.189888336958017
121.2000000000001,1.1868251184513994
121.30000000000011,1.1837736933100924
121.4000000000001,1.1807340011763865
121.50000000000011,1.1777059820775457
121.60000000000011,1.1746895764228753
121.7000000000001,1.1716847250008022
121.80000000000011,1.1686913689759943
121.9000000000001,1.1657094498864995
122.00000000000011,1.1627389096409095
122.10000000000011,1.1597796905155526
122.2000000000001,1.1568317351517048
122.30000000000011,1.1538949865528316
122.4000000000001,1.1509693880818512
122.50000000000011,1.1480548834584212
122.60000000000011,1.1451514167562544
122.7000000000001,1.142258932400447
122.80000000000011,1.139377375164843
122.9000000000001,1.1365066901694119
123.00000000000011,1.1336468228776548
123.10000000000011,1.130797719094034
123.2000000000001,1.1279593249614164
123.30000000000011,1.1251315869585503
123.4000000000001,1.122314451897557
123.50000000000011,1.1195078669214453
123.60000000000011,1.1167117795016528
123.7000000000001,1.113926137435598
123.80000000000011,1.1111508888442638
123.9000000000001,1.1083859821697966
124.00000000000011,1.105631366173126
124.10000000000011,1.1028869899316116
124.2000000000001,1.1001528028366967
124.30000000000011,1.0974287545915962
124.4000000000001,1.0947147952089966
124.50000000000011,1.092010875008776
124.60000000000011,1.0893169446157498
124.70000000000012,1.0866329549574247
124.80000000000011,1.0839588572617826
124.9000000000001,1.0812946030550776
125.00000000000011,1.0786401441596527
125.10000000000011,1.075995432691778
125.20000000000012,1.0733604210595018
125.30000000000011,1.0707350619605245
125.4000000000001,1.0681193083800886
125.50000000000011,1.0655131135888873
125.60000000000011,1.0629164311409927
125.70000000000012,1.0603292148717942
125.80000000000011,1.0577514188959642
125.9000000000001,1.0551829976054345
126.00000000000011,1.0526239056673898
126.10000000000011,1.0500740980222845
126.20000000000012,1.0475335298818653
126.30000000000011,1.0450021567272212
126.4000000000001,1.0424799343068425
126.50000000000011,1.0399668186346995
126.60000000000011,1.0374627659883384
126.70000000000012,1.0349677329069875
126.80000000000011,1.0324816761896853
126.9000000000001,1.030004552893421
127.00000000000011,1.0275363203312913
127.10000000000011,1.0250769360706737
127.20000000000012,1.0226263579314119
127.30000000000011,1.0201845439840183
127.40000000000012,1.0177514525478917
127.50000000000011,1.0153270421895515
127.60000000000011,1.012911271720879
127.70000000000012,1.0105041001973833
127.80000000000011,1.0081054869164743
127.90000000000012,1.0057153914157515
128.0000000000001,1.003333773471312
128.1000000000001,1.0009605930960623
128.2000000000001,0.998595810538053
128.30000000000013,0.996239386278823
128.40000000000012,0.9938912810317602
128.5000000000001,0.9915514557404694
128.6000000000001,0.9892198715771613
128.7000000000001,0.986896489941049
128.80000000000013,0.9845812724567602
128.90000000000012,0.9822741809727634
129.0000000000001,0.9799751775598019
129.1000000000001,0.9776842245093463
129.2000000000001,0.9754012843320561
129.30000000000013,0.9731263197562543
129.40000000000012,0.9708592937264178
129.5000000000001,0.9686001694016728
129.6000000000001,0.9663489101543087
129.7000000000001,0.9641054795683023
129.80000000000013,0.9618698414378517
129.90000000000012,0.9596419597659271
130.0000000000001,0.957421798762826
130.1000000000001,0.9552093228447456
130.2000000000001,0.9530044966323653
130.30000000000013,0.9508072849494397
130.40000000000012,0.9486176528214049
130.5000000000001,0.9464355654739914
130.6000000000001,0.9442609883318537
130.7000000000001,0.9420938870172069
130.80000000000013,0.9399342273484756
130.90000000000012,0.937781975338956
131.0000000000001,0.9356370971954816
131.1000000000001,0.9334995593171066
131.2000000000001,0.9313693282937979
131.30000000000013,0.9292463709051342
131.40000000000012,0.9271306541190212
131.5000000000001,0.9250221450904103
131.6000000000001,0.9229208111600322
131.7000000000001,0.9208266198531397
131.80000000000013,0.9187395388782585
131.90000000000012,0.9166595361259512
132.0000000000001,0.9145865796675858
132.1000000000001,0.9125206377541193
132.2000000000001,0.9104616788148879
132.30000000000013,0.9084096714564065
132.40000000000012,0.9063645844611812
132.5000000000001,0.9043263867865242
132.6000000000001,0.902295047563385
132.70000000000013,0.9002705360951855
132.80000000000013,0.8982528218566709
132.90000000000012,0.896241874492759
133.0000000000001,0.8942376638174088
133.1000000000001,0.8922401598124919
133.20000000000013,0.8902493326266747
133.30000000000013,0.8882651525743099
133.40000000000012,0.8862875901343339
133.5000000000001,0.8843166159491755
133.6000000000001,0.8823522008236718
133.70000000000013,0.8803943157239916
133.80000000000013,0.8784429317765721
133.90000000000012,0.8764980202670536
134.0000000000001,0.8745595526392335
134.1000000000001,0.8726275004940213
134.20000000000013,0.8707018355884044
134.30000000000013,0.8687825298344217
134.40000000000012,0.8668695552981436
134.5000000000001,0.8649628841986603
134.6000000000001,0.8630624889070799
134.70000000000013,0.8611683419455319
134.80000000000013,0.8592804159861792
134.90000000000012,0.8573986838502358
135.0000000000001,0.8555231185069954
135.1000000000001,0.8536536930728645
135.20000000000013,0.8517903808104039
135.30000000000013,0.8499331551273798
135.40000000000012,0.8480819895758147
135.5000000000001,0.8462368578510555
135.6000000000001,0.8443977337908404
135.70000000000013,0.8425645913743776
135.80000000000013,0.8407374047214297
135.90000000000012,0.8389161480914038
136.0000000000001,0.8371007958824496
136.1000000000001,0.8352913226305639
136.20000000000013,0.8334877030087025
136.30000000000013,0.8316899118258995
136.40000000000012,0.8298979240263884
136.5000000000001,0.8281117146887369
136.6000000000001,0.8263312590249825
136.70000000000013,0.8245565323797774
136.80000000000013,0.8227875102295399
136.90000000000012,0.821024168181609
137.0000000000001,0.8192664819734106
137.1000000000001,0.8175144274716241
137.20000000000013,0.8157679806713591
137.30000000000013,0.8140271176953384
137.40000000000012,0.8122918147930832
137.5000000000001,0.8105620483401089
137.6000000000001,0.8088377948371236
137.70000000000013,0.8071190309092342
137.80000000000013,0.8054057333051595
137.90000000000012,0.8036978788964444
138.0000000000001,0.8019954446766853
138.1000000000001,0.8002984077607582
138.20000000000013,0.7986067453840529
138.30000000000013,0.7969204349017148
138.40000000000012,0.7952394537878881
138.5000000000001,0.7935637796349688
138.60000000000014,0.7918933901528602
138.70000000000013,0.7902282631682376
138.80000000000013,0.7885683766238123
138.90000000000012,0.7869137085776067
139.0000000000001,0.785264237202232
139.10000000000014,0.7836199407841717
139.20000000000013,0.7819807977230704
139.30000000000013,0.780346786531028
139.40000000000012,0.778717885831897
139.5000000000001,0.7770940743605887
139.60000000000014,0.7754753309623811
139.70000000000013,0.7738616345922336
139.80000000000013,0.7722529643141054
139.90000000000012,0.77064929930028
140.0000000000001,0.7690506188306941
140.10000000000014,0.7674569022922705
140.20000000000013,0.7658681291782592
140.30000000000013,0.764284279087577
140.40000000000012,0.7627053317241579
140.5000000000001,0.761131266896305
140.60000000000014,0.7595620645160482
140.70000000000013,0.7579977045985063
140.80000000000013,0.756438167261253
140.90000000000012,0.7548834327236876
141.0000000000001,0.7533334813064118
141.10000000000014,0.7517882934306079
141.20000000000013,0.7502478496174265
141.30000000000013,0.7487121304873708
141.40000000000012,0.747181116759693
141.5000000000001,0.7456547892517907
141.60000000000014,0.7441331288786082
141.70000000000013,0.7426161166520446
141.80000000000013,0.7411037336803613
141.90000000000012,0.7395959611675975
142.0000000000001,0.7380927804129891
142.10000000000014,0.7365941728103904
142.20000000000013,0.735100119847703
142.30000000000013,0.7336106031063032
142.40000000000012,0.7321256042604796
142.5000000000001,0.7306451050768703
142.60000000000014,0.7291690874139061
142.70000000000013,0.727697533221258
142.80000000000013,0.7262304245392857
142.90000000000012,0.7247677434984934
143.0000000000001,0.7233094723189879
143.10000000000014,0.7218555933099394
143.20000000000013,0.7204060888690497
143.30000000000013,0.7189609414820186
143.40000000000012,0.7175201337220191
143.5000000000001,0.7160836482491737
143.60000000000014,0.7146514678100339
143.70000000000013,0.7132235752370673
143.80000000000013,0.7117999534481413
143.90000000000012,0.7103805854460168
144.0000000000001,0.7089654543178422
144.10000000000014,0.7075545432346516
144.20000000000013,0.7061478354508682
144.30000000000013,0.7047453143038064
144.40000000000012,0.7033469632131824
144.5000000000001,0.7019527656806261
144.60000000000014,0.7005627052891961
144.70000000000013,0.6991767657028984
144.80000000000013,0.6977949306662087
144.90000000000012,0.6964171840035971
145.0000000000001,0.6950435096190571
145.10000000000014,0.693673891495637
145.20000000000013,0.6923083136949764
145.30000000000013,0.6909467603568419
145.40000000000012,0.68958921569867
145.50000000000014,0.6882356640151115
145.60000000000014,0.6868860896775789
145.70000000000013,0.6855404771337971
145.80000000000013,0.6841988109073566
145.90000000000012,0.682861075597271
146.00000000000014,0.6815272558775369
146.10000000000014,0.6801973364966963
146.20000000000013,0.678871302277402
146.30000000000013,0.6775491381159866
146.40000000000012,0.6762308289820345
146.50000000000014,0.6749163599179556
146.60000000000014,0.6736057160385646
146.70000000000013,0.6722988825306583
146.80000000000013,0.6709958446526009
146.90000000000012,0.6696965877339089
147.00000000000014,0.6684010971748404
147.10000000000014,0.6671093584459867
147.20000000000013,0.6658213570878653
147.30000000000013,0.6645370787105176
147.40000000000012,0.6632565089931094
147.50000000000014,0.6619796336835309
147.60000000000014,0.6607064385980053
147.70000000000013,0.6594369096206921
147.80000000000013,0.6581710327033006
147.90000000000012,0.6569087938647017
148.00000000000014,0.6556501791905424
148.10000000000014,0.6543951748328661
148.20000000000013,0.6531437670097308
148.30000000000013,0.6518959420048328
148.40000000000012,0.6506516861671339
148.50000000000014,0.6494109859104867
148.60000000000014,0.6481738277132679
148.70000000000013,0.646940198118009
148.80000000000013,0.6457100837310329
148.90000000000012,0.6444834712220917
149.00000000000014,0.6432603473240063
149.10000000000014,0.6420406988323105
149.20000000000013,0.6408245126048938
149.30000000000013,0.6396117755616502
149.40000000000012,0.638402474684127
149.50000000000014,0.6371965970151774
149.60000000000014,0.6359941296586149
149.70000000000013,0.6347950597788686
149.80000000000013,0.633599374600643
149.90000000000012,0.6324070614085783
150.00000000000014,0.6312181075469137
150.10000000000014,0.6300325004191545
150.20000000000013,0.6288502274877367
150.30000000000013,0.6276712762736986
150.40000000000012,0.6264956343563527
150.50000000000014,0.6253232893729587
150.60000000000014,0.6241542290184013
150.70000000000013,0.6229884410448673
150.80000000000013,0.6218259132615263
150.90000000000012,0.6206666335342124
151.00000000000014,0.6195105897851102
151.10000000000014,0.6183577699924406
151.20000000000013,0.617208162190149
151.30000000000013,0.6160617544675963
151.40000000000015,0.6149185349692511
151.50000000000014,0.6137784918943859
151.60000000000014,0.6126416134967715
151.70000000000013,0.6115078880843763
151.80000000000013,0.6103773040190672
151.90000000000015,0.6092498497163115
152.00000000000014,0.6081255136448815
152.10000000000014,0.6070042843265611
152.20000000000013,0.6058861503358521
152.30000000000013,0.6047711002996865
152.40000000000015,0.6036591228971364
152.50000000000014,0.60255020685913
152.60000000000014,0.6014443409681638
152.70000000000013,0.6003415140580227
152.80000000000013,0.5992417150134979
152.90000000000015,0.5981449327701074
153.00000000000014,0.597051156313821
153.10000000000014,0.5959603746807812
153.20000000000013,0.5948725769570324
153.30000000000013,0.593787752278247
153.40000000000015,0.5927058898294559
153.50000000000014,0.5916269788447805
153.60000000000014,0.5905510086071641
153.70000000000013,0.5894779684481082
153.80000000000013,0.5884078477474078
153.90000000000015,0.5873406359328903
154.00000000000014,0.5862763224801562
154.10000000000014,0.5852148969123177
154.20000000000013,0.5841563487997442
154.30000000000013,0.5831006677598063
154.40000000000015,0.5820478434566214
154.50000000000014,0.5809978656008031
154.60000000000014,0.579950723949209
154.70000000000013,0.5789064083046924
154.80000000000013,0.5778649085158551
154.90000000000015,0.576826214476801
155.00000000000014,0.5757903161268932
155.10000000000014,0.5747572034505087
155.20000000000013,0.5737268664767995
155.30000000000013,0.5726992952794512
155.40000000000015,0.5716744799764452
155.50000000000014,0.5706524107298235
155.60000000000014,0.5696330777454506
155.70000000000013,0.5686164712727814
155.80000000000013,0.5676025816046282
155.90000000000015,0.5665913990769301
156.00000000000014,0.5655829140685238
156.10000000000014,0.5645771170009142
156.20000000000013,0.5635739983380488
156.30000000000013,0.5625735485860921
156.40000000000015,0.5615757582932017
156.50000000000014,0.5605806180493066
156.60000000000014,0.5595881184858839
156.70000000000013,0.5585982502757413
156.80000000000013,0.5576110041327975
156.90000000000015,0.5566263708118653
157.00000000000014,0.5556443411084364
157.10000000000014,0.554664905858466
157.20000000000013,0.5536880559381604
157.30000000000013,0.5527137822637649
157.40000000000015,0.5517420757913539
157.50000000000014,0.5507729275166211
157.60000000000014,0.5498063284746714
157.70000000000013,0.5488422697398145
157.80000000000013,0.54788074242536
157.90000000000015,0.546921737683412
158.00000000000014,0.5459652467046684
158.10000000000014,0.5450112607182168
158.20000000000013,0.5440597709913352
158.30000000000015,0.5431107688292925
158.40000000000015,0.5421642455751519
158.50000000000014,0.5412201926095714
158.60000000000014,0.5402786013506106
158.70000000000013,0.5393394632535352
158.80000000000015,0.5384027698106233
158.90000000000015,0.5374685125509753
159.00000000000014,0.5365366830403204
159.10000000000014,0.5356072728808287
159.20000000000013,0.5346802737109214
159.30000000000015,0.5337556772050843
159.40000000000015,0.5328334750736813
159.50000000000014,0.531913659062768
159.60000000000014,0.5309962209539092
159.70000000000013,0.5300811525639951
159.80000000000015,0.529168445745059
159.90000000000015,0.5282580923840974
160.00000000000014,0.5273500844028896
160.10000000000014,0.5264444137578193
160.20000000000013,0.5255410724396967
160.30000000000015,0.5246400524735821
160.40000000000015,0.5237413459186117
160.50000000000014,0.5228449448678206
160.60000000000014,0.5219508414479715
160.70000000000013,0.5210590278193814
160.80000000000015,0.5201694961757506
160.90000000000015,0.5192822387439927
161.00000000000014,0.5183972477840644
161.10000000000014,0.5175145155887979
161.20000000000013,0.5166340344837336
161.30000000000015,0.515755796826953
161.40000000000015,0.5148797950089156
161.50000000000014,0.5140060214522912
161.60000000000014,0.5131344686117991
161.70000000000013,0.512265128974045
161.80000000000015,0.5113979950573588
161.90000000000015,0.5105330594116357
162.00000000000014,0.5096703146181755
162.10000000000014,0.5088097532895235
162.20000000000013,0.5079513680693143
162.30000000000015,0.5070951516321138
162.40000000000015,0.5062410966832644
162.50000000000014,0.5053891959587291
162.60000000000014,0.5045394422249382
162.70000000000013,0.5036918282786355
162.80000000000015,0.5028463469467269
162.90000000000015,0.5020029910861292
163.00000000000014,0.5011617535836185
163.10000000000014,0.5003226273556813
163.20000000000013,0.4994856053483664
163.30000000000015,0.49865068053713585
163.40000000000015,0.49781784592671957
163.50000000000014,0.4969870945509676
163.60000000000014,0.496158419472706
163.70000000000013,0.49533181378359203
163.80000000000015,0.49450727060397015
163.90000000000015,0.493684783082731
164.00000000000014,0.492864344397167
164.10000000000014,0.49204594775283306
164.20000000000016,0.4912295863834056
164.30000000000015,0.4904152535505434
164.40000000000015,0.489602942543749
164.50000000000014,0.48879264668023037
164.60000000000014,0.48798435930476414
164.70000000000016,0.48717807378955935
164.80000000000015,0.48637378353412225
164.90000000000015,0.485571481965121
165.00000000000014,0.4847711625362523
165.10000000000014,0.48397281872810766
165.20000000000016,0.48317644404804133
165.30000000000015,0.4823820320300394
165.40000000000015,0.48158957623458726
165.50000000000014,0.4807990702485409
165.60000000000014,0.4800105076849967
165.70000000000016,0.47922388218316325
165.80000000000015,0.47843918740823355
165.90000000000015,0.47765641705125716
166.00000000000014,0.4768755648290142
166.10000000000014,0.47609662448388984
166.20000000000016,0.4753195897837482
166.30000000000015,0.47454445452181027
166.40000000000015,0.47377121251652754
166.50000000000014,0.472999857611461
166.60000000000014,0.4722303836751582
166.70000000000016,0.47146278460103164
166.80000000000015,0.4706970543072392
166.90000000000015,0.4699331867365618
167.00000000000014,0.4691711758562859
167.10000000000014,0.4684110156580836
167.20000000000016,0.46765270015789484
167.30000000000015,0.46689622339581044
167.40000000000015,0.4661415794359544
167.50000000000014,0.4653887623663685
167.60000000000014,0.46463776629889647
167.70000000000016,0.46388858536906896
167.80000000000015,0.4631412137359906
167.90000000000015,0.46239564558222457
168.00000000000014,0.46165187511368094
168.10000000000014,0.4609098965595042
168.20000000000016,0.46016970417196146
168.30000000000015,0.4594312922263317
168.40000000000015,0.458694655020795
168.50000000000014,0.4579597868763228
168.60000000000014,0.4572266821365692
168.70000000000016,0.45649533516776186
168.80000000000015,0.4557657403585947
168.90000000000015,0.4550378921201196
169.00000000000014,0.4543117848856404
169.10000000000014,0.4535874131106066
169.20000000000016,0.45286477127250735
169.30000000000015,0.45214385387076766
169.40000000000015,0.4514246554266424
169.50000000000014,0.45070717048311365
169.60000000000014,0.44999139360478696
169.70000000000016,0.4492773193777885
169.80000000000015,0.4485649424096639
169.90000000000015,0.4478542573292755
170.00000000000014,0.44714525878670225
170.10000000000014,0.44643794145313864
170.20000000000016,0.44573230002079517
170.30000000000015,0.4450283292027999
170.40000000000015,0.44432602373309754
170.50000000000014,0.44362537836635313
170.60000000000014,0.4429263878778536
170.70000000000016,0.4422290470634105
170.80000000000015,0.44153335073926425
170.90000000000015,0.4408392937419867
171.00000000000014,0.4401468709283865
171.10000000000016,0.43945607717541396
171.20000000000016,0.4387669073800665
171.30000000000015,0.43807935645929413
171.40000000000015,0.4373934193499067
171.50000000000014,0.4367090910084806
171.60000000000016,0.43602636641126585
171.70000000000016,0.43534524055409557
171.80000000000015,0.43466570845229263
171.90000000000015,0.43398776514057985
172.00000000000014,0.43331140567298926
172.10000000000016,0.432636625122772
172.20000000000016,0.43196341858230924
172.30000000000015,0.43129178116302275
172.40000000000015,0.43062170799528615
172.50000000000014,0.42995319422833767
172.60000000000016,0.42928623503019164
172.70000000000016,0.4286208255875527
172.80000000000015,0.4279569611057275
172.90000000000015,0.42729463680853963
173.00000000000014,0.4266338479382439
173.10000000000016,0.4259745897554405
173.20000000000016,0.4253168575389913
173.30000000000015,0.42466064658593405
173.40000000000015,0.42400595221140003
173.50000000000014,0.4233527697485294
173.60000000000016,0.42270109454838906
173.70000000000016,0.42205092197988986
173.80000000000015,0.42140224742970445
173.90000000000015,0.4207550663021856
174.00000000000014,0.42010937401928533
174.10000000000016,0.4194651660204735
174.20000000000016,0.4188224377626588
174.30000000000015,0.41818118472010696
174.40000000000015,0.4175414023843628
174.50000000000014,0.41690308626417055
174.60000000000016,0.4162662318853951
174.70000000000016,0.4156308347909445
174.80000000000015,0.4149968905406912
174.90000000000015,0.41436439471139536
175.00000000000014,0.41373334289662755
175.10000000000016,0.4131037307066921
175.20000000000016,0.41247555376855183
175.30000000000015,0.41184880772575094
175.40000000000015,0.41122348823834065
175.50000000000014,0.4105995909828038
175.60000000000016,0.40997711165198
175.70000000000016,0.40935604595499303
175.80000000000015,0.4087363896171749
175.90000000000015,0.4081181383799938
176.00000000000014,0.4075012880009809
176.10000000000016,0.4068858342536575
176.20000000000016,0.4062717729274632
176.30000000000015,0.4056590998276836
176.40000000000015,0.40504781077537905
176.50000000000014,0.4044379016073135
176.60000000000016,0.40382936817588394
176.70000000000016,0.40322220634905026
176.80000000000015,0.40261641201026427
176.90000000000015,0.40201198105840136
177.00000000000017,0.4014089094076901
177.10000000000016,0.4008071929876446
177.20000000000016,0.40020682774299476
177.30000000000015,0.3996078096336189
177.40000000000015,0.39901013463447554
177.50000000000017,0.398413798735536
177.60000000000016,0.39781879794171804
177.70000000000016,0.3972251282728178
177.80000000000015,0.3966327857634441
177.90000000000015,0.39604176646295247
178.00000000000017,0.39545206643537906
178.10000000000016,0.3948636817593762
178.20000000000016,0.39427660852814567
178.30000000000015,0.39369084284937544
178.40000000000015,0.3931063808451749
178.50000000000017,0.3925232186520105
178.60000000000016,0.3919413524206425
178.70000000000016,0.3913607783160613
178.80000000000015,0.39078149251742456
178.90000000000015,0.39020349121799425
179.00000000000017,0.3896267706250743
179.10000000000016,0.38905132695994926
179.20000000000016,0.38847715645782144
179.30000000000015,0.38790425536774975
179.40000000000015,0.38733261995258916
179.50000000000017,0.3867622464889293
179.60000000000016,0.3861931312670343
179.70000000000016,0.38562527059078244
179.80000000000015,0.3850586607776062
179.90000000000015,0.3844932981584328
180.00000000000017,0.38392917907762497
180.10000000000016,0.3833662998929223
180.20000000000016,0.3828046569753817
180.30000000000015,0.3822442467093197
180.40000000000015,0.3816850654922546
180.50000000000017,0.38112710973484765
180.60000000000016,0.3805703758608472
180.70000000000016,0.3800148603070299
180.80000000000015,0.3794605595231449
180.90000000000015,0.3789074699718566
181.00000000000017,0.3783555881286887
181.10000000000016,0.3778049104819683
181.20000000000016,0.3772554335327697
181.30000000000015,0.37670715379485936
181.40000000000015,0.37616006779464034
181.50000000000017,0.3756141720710976
181.60000000000016,0.3750694631757439
181.70000000000016,0.3745259376725644
181.80000000000015,0.37398359213796334
181.90000000000015,0.3734424231607101
182.00000000000017,0.37290242734188533
182.10000000000016,0.3723636012948286
182.20000000000016,0.37182594164508426
182.30000000000015,0.37128944503034933
182.40000000000015,0.3707541081004214
182.50000000000017,0.37021992751714544
182.60000000000016,0.3696868999543631
182.70000000000016,0.3691550220978598
182.80000000000015,0.36862429064531427
182.90000000000015,0.3680947023062471
183.00000000000017,0.3675662538019693
183.10000000000016,0.36703894186553304
183.20000000000016,0.36651276324167975
183.30000000000015,0.3659877146867908
183.40000000000015,0.3654637929688374
183.50000000000017,0.364940994867331
183.60000000000016,0.36441931717327414
183.70000000000016,0.3638987566891108
183.80000000000015,0.36337931022867814
183.90000000000018,0.3628609746171569
184.00000000000017,0.3623437466910245
184.10000000000016,0.3618276232980052
184.20000000000016,0.3613126012970233
184.30000000000015,0.36079867755815503
184.40000000000018,0.3602858489625809
184.50000000000017,0.35977411240253937
184.60000000000016,0.35926346478127863
184.70000000000016,0.3587539030130105
184.80000000000015,0.35824542402286447
184.90000000000018,0.35773802474683997
185.00000000000017,0.35723170213176175
185.10000000000016,0.35672645313523316
185.20000000000016,0.35622227472559087
185.30000000000015,0.3557191638818594
185.40000000000018,0.3552171175937059
185.50000000000017,0.3547161328613958
185.60000000000016,0.35421620669574705
185.70000000000016,0.35371733611808626
185.80000000000015,0.35321951816020464
185.90000000000018,0.3527227498643131
186.00000000000017,0.3522270282829996
186.10000000000016,0.35173235047918444
186.20000000000016,0.35123871352607733
186.30000000000015,0.35074611450713405
186.40000000000018,0.35025455051601356
186.50000000000017,0.3497640186565355
186.60000000000016,0.34927451604263693
186.70000000000016,0.3487860397983305
186.80000000000015,0.3482985870576621
186.90000000000018,0.3478121549646688
187.00000000000017,0.3473267406733374
187.10000000000016,0.3468423413475629
187.20000000000016,0.34635895416110674
187.30000000000015,0.3458765762975558
187.40000000000018,0.3453952049502817
187.50000000000017,0.34491483732240014
187.60000000000016,0.3444354706267298
187.70000000000016,0.3439571020857525
187.80000000000015,0.34347972893157275
187.90000000000018,0.3430033484058779
188.00000000000017,0.34252795775989864
188.10000000000016,0.34205355425436906
188.20000000000016,0.34158013515948715
188.30000000000015,0.34110769775487615
188.40000000000018,0.3406362393295449
188.50000000000017,0.3401657571818499
188.60000000000016,0.3396962486194555
188.70000000000016,0.33922771095929666
188.80000000000015,0.3387601415275398
188.90000000000018,0.3382935376595449
189.00000000000017,0.33782789669982854
189.10000000000016,0.33736321600202474
189.20000000000016,0.33689949292884824
189.30000000000015,0.33643672485205717
189.40000000000018,0.33597490915241546
189.50000000000017,0.3355140432196568
189.60000000000016,0.33505412445244653
189.70000000000016,0.3345951502583458
189.80000000000018,0.33413711805377494
189.90000000000018,0.33368002526397744
190.00000000000017,0.33322386932298326
190.10000000000016,0.33276864767357334
190.20000000000016,0.33231435776724366
190.30000000000018,0.33186099706416944
190.40000000000018,0.3314085630331707
190.50000000000017,0.33095705315167545
190.60000000000016,0.3305064649056857
190.70000000000016,0.3300567957897422
190.80000000000018,0.32960804330688964
190.90000000000018,0.3291602049686423
191.00000000000017,0.32871327829494923
191.10000000000016,0.32826726081416024
191.20000000000016,0.32782215006299176
191.30000000000018,0.3273779435864926
191.40000000000018,0.32693463893801106
191.50000000000017,0.32649223367916014
191.60000000000016,0.3260507253797847
191.70000000000016,0.32561011161792813
191.80000000000018,0.3251703899797989
191.90000000000018,0.32473155805973847
192.00000000000017,0.3242936134601869
192.10000000000016,0.32385655379165157
192.20000000000016,0.3234203766726739
192.30000000000018,0.32298507972979723
192.40000000000018,0.3225506605975346
192.50000000000017,0.3221171169183366
192.60000000000016,0.32168444634255927
192.70000000000016,0.3212526465284329
192.80000000000018,0.3208217151420294
192.90000000000018,0.32039164985723223
193.00000000000017,0.31996244835570375
193.10000000000016,0.31953410832685475
193.20000000000016,0.319106627467813
193.30000000000018,0.31868000348339265
193.40000000000018,0.31825423408606374
193.50000000000017,0.3178293169959209
193.60000000000016,0.3174052499406532
193.70000000000016,0.31698203065551417
193.80000000000018,0.3165596568832911
193.90000000000018,0.3161381263742753
194.00000000000017,0.3157174368862321
194.10000000000016,0.3152975861843711
194.20000000000016,0.3148785720413165
194.30000000000018,0.31446039223707745
194.40000000000018,0.31404304455901955
194.50000000000017,0.3136265268018345
194.60000000000016,0.3132108367675115
194.70000000000016,0.3127959722653085
194.80000000000018,0.31238193111172297
194.90000000000018,0.3119687111304638
195.00000000000017,0.3115563101524222
195.10000000000016,0.3111447260156434
195.20000000000016,0.3107339565652988
195.30000000000018,0.3103239996536569
195.40000000000018,0.3099148531400567
195.50000000000017,0.3095065148908782
195.60000000000016,0.3090989827795158
195.70000000000016,0.3086922546863501
195.80000000000018,0.3082863284987205
195.90000000000018,0.30788120211089814
196.00000000000017,0.307476873424058
196.10000000000016,0.3070733403462525
196.20000000000016,0.3066706007923838
196.30000000000018,0.3062686526841773
196.40000000000018,0.305867493950155
196.50000000000017,0.30546712252560854
196.60000000000016,0.3050675363525726
196.7000000000002,0.30466873337979883
196.80000000000018,0.30427071156272983
196.90000000000018,0.3038734688634721
197.00000000000017,0.30347700325077076
197.10000000000016,0.3030813126999832
197.2000000000002,0.30268639519305357
197.30000000000018,0.30229224871848714
197.40000000000018,0.30189887127132425
197.50000000000017,0.30150626085311544
197.60000000000016,0.30111441547189566
197.7000000000002,0.30072333314215915
197.80000000000018,0.300333011884835
197.90000000000018,0.299943449727261
198.00000000000017,0.2995546447031595
198.10000000000016,0.29916659485261243
198.2000000000002,0.29877929822203675
198.30000000000018,0.29839275286415995
198.40000000000018,0.2980069568379952
198.50000000000017,0.2976219082088178
198.60000000000016,0.29723760504814006
198.7000000000002,0.2968540454336879
198.80000000000018,0.2964712274493765
198.90000000000018,0.29608914918528656
199.00000000000017,0.29570780873764035
199.10000000000016,0.2953272042087782
199.2000000000002,0.29494733370713483
199.30000000000018,0.2945681953472163
199.40000000000018,0.29418978724957573
199.50000000000017,0.29381210754079096
199.60000000000016,0.29343515435344103
199.7000000000002,0.2930589258260829
199.80000000000018,0.2926834201032292
199.90000000000018,0.2923086353353245
200.00000000000017,0.2919345696787234
200.10000000000016,0.2915612212956673
200.2000000000002,0.29118858835426203
200.30000000000018,0.2908166690284559
200.40000000000018,0.29044546149801653
200.50000000000017,0.2900749639485092
200.60000000000016,0.2897051745712743
200.7000000000002,0.2893360915634059
200.80000000000018,0.28896771312772945
200.90000000000018,0.28860003747277957
201.00000000000017,0.288233062812779
201.10000000000016,0.28786678736761656
201.2000000000002,0.28750120936282547
201.30000000000018,0.2871363270295625
201.40000000000018,0.2867721386045858
201.50000000000017,0.2864086423302342
201.60000000000016,0.2860458364544059
201.7000000000002,0.28568371923053726
201.80000000000018,0.28532228891758227
201.90000000000018,0.2849615437799908
202.00000000000017,0.28460148208768865
202.10000000000016,0.2842421021160564
202.2000000000002,0.2838834021459087
202.30000000000018,0.28352538046347436
202.40000000000018,0.28316803536037516
202.50000000000017,0.28281136513360594
202.6000000000002,0.28245536808551397
202.7000000000002,0.28210004252377974
202.80000000000018,0.2817453867613955
202.90000000000018,0.28139139911664623
203.00000000000017,0.2810380779130894
203.1000000000002,0.2806854214795352
203.2000000000002,0.280333428150027
203.30000000000018,0.2799820962638215
203.40000000000018,0.27963142416536885
203.50000000000017,0.27928141020429403
203.6000000000002,0.2789320527353766
203.7000000000002,0.278583350118532
203.80000000000018,0.27823530071879204
203.90000000000018,0.2778879029062857
204.00000000000017,0.27754115505622035
204.1000000000002,0.27719505554886253
204.2000000000002,0.27684960276951937
204.30000000000018,0.27650479510851944
204.40000000000018,0.2761606309611941
204.50000000000017,0.27581710872785903
204.6000000000002,0.27547422681379563
204.7000000000002,0.2751319836292325
204.80000000000018,0.2747903775893269
204.90000000000018,0.27444940711414667
205.00000000000017,0.2741090706286518
205.1000000000002,0.2737693665626765
205.2000000000002,0.27343029335091096
205.30000000000018,0.27309184943288317
205.40000000000018,0.2727540332529414
205.50000000000017,0.27241684326023596
205.6000000000002,0.2720802779087016
205.7000000000002,0.2717443356570403
205.80000000000018,0.27140901496870257
205.90000000000018,0.2710743143118707
206.00000000000017,0.27074023215944115
206.1000000000002,0.2704067669890072
206.2000000000002,0.2700739172828414
206.30000000000018,0.26974168152787864
206.40000000000018,0.2694100582156985
206.50000000000017,0.2690790458425089
206.6000000000002,0.2687486429091282
206.7000000000002,0.26841884792096926
206.80000000000018,0.26808965938802143
206.90000000000018,0.26776107582483466
207.00000000000017,0.26743309575050234
207.1000000000002,0.2671057176886447
207.2000000000002,0.2667789401673924
207.30000000000018,0.26645276171936966
207.40000000000018,0.26612718088167814
207.50000000000017,0.26580219619588047
207.6000000000002,0.2654778062079837
207.7000000000002,0.2651540094684237
207.80000000000018,0.2648308045320481
207.90000000000018,0.2645081899581009
208.00000000000017,0.26418616431020614
208.1000000000002,0.2638647261563519
208.2000000000002,0.2635438740688748
208.30000000000018,0.2632236066244435
208.40000000000018,0.2629039224040436
208.50000000000017,0.2625848199929614
208.6000000000002,0.2622662979807686
208.7000000000002,0.2619483549613068
208.80000000000018,0.2616309895326718
208.90000000000018,0.26131420029719804
