1.0,57.10667043017767
1.1,57.279246438695594
1.2000000000000002,57.45270967553134
1.3000000000000003,57.62706556981753
1.4000000000000004,57.802319585287066
1.5000000000000004,57.97847722044308
1.6000000000000005,58.1555440087287
1.7000000000000006,58.33352551869555
1.8000000000000007,58.51242735417165
1.9000000000000008,58.692255154428395
2.000000000000001,58.87301459434629
2.100000000000001,59.05471138458009
2.200000000000001,59.237351271722375
2.300000000000001,59.420940038466455
2.4000000000000012,59.60548350376756
2.5000000000000013,59.790987523003324
2.6000000000000014,59.977457988132315
2.7000000000000015,60.16490082785164
2.8000000000000016,60.35332200775295
2.9000000000000017,60.5427275304766
3.0000000000000018,60.73312343586473
3.100000000000002,60.924515801112136
3.200000000000002,61.116910740915756
3.300000000000002,61.310314407622016
3.400000000000002,61.504732991372464
3.500000000000002,61.70017272024738
3.6000000000000023,61.89663986040706
3.7000000000000024,62.094140716231294
3.8000000000000025,62.29268163045623
3.9000000000000026,62.492268984309135
4.000000000000003,62.692909197640574
4.100000000000003,62.894608729054156
4.200000000000003,63.09737407603345
4.3000000000000025,63.301211775066434
4.400000000000003,63.506128401766915
4.5000000000000036,63.712130570993054
4.600000000000003,63.919224936962806
4.700000000000003,64.12741819336647
4.800000000000003,64.33671707347546
4.900000000000004,64.54712835024822
5.0000000000000036,64.75865883643232
5.100000000000003,64.97131538466313
5.200000000000004,65.18510488755854
5.300000000000004,65.40003427781006
5.400000000000004,65.6161105282698
5.5000000000000036,65.83334065203326
5.600000000000004,66.05173170251808
5.700000000000005,66.27129077353827
5.800000000000004,66.49202499937383
5.900000000000004,66.71394155483584
6.000000000000004,66.93704765532671
6.100000000000005,67.16135055689546
6.200000000000005,67.38685755628781
6.300000000000004,67.61357599099102
6.400000000000005,67.84151323927338
6.500000000000005,68.07067672021809
6.600000000000005,68.30107389375112
6.700000000000005,68.53271226066369
6.800000000000005,68.76559936262792
6.900000000000006,68.99974278220684
7.000000000000005,69.23515014285749
7.100000000000005,69.47182910892768
7.2000000000000055,69.70978738564565
7.300000000000006,69.94903271910285
7.400000000000006,70.1895728962294
7.500000000000005,70.43141574476216
7.600000000000006,70.67456913320517
7.700000000000006,70.91904097078218
7.800000000000006,71.16483920738102
7.900000000000006,71.41197183349006
8.000000000000007,71.6604468801255
8.100000000000007,71.91027241875062
8.200000000000006,72.16145656118546
8.300000000000006,72.41400745950767
8.400000000000006,72.66793330594379
8.500000000000007,72.92324233275059
8.600000000000007,73.1799428120868
8.700000000000006,73.43804305587433
8.800000000000008,73.69755141564914
8.900000000000007,73.95847628240132
9.000000000000007,74.22082608640399
9.100000000000007,74.48460929703111
9.200000000000006,74.7498344225635
9.300000000000008,75.01651000998298
9.400000000000007,75.28464464475444
9.500000000000007,75.5542469505951
9.600000000000009,75.82532558923135
9.700000000000008,76.09788926014205
9.800000000000008,76.37194670028865
9.900000000000007,76.64750668383145
10.000000000000007,76.9245780218316
10.100000000000009,77.20316956193881
10.200000000000008,77.48329018806402
10.300000000000008,77.76494882003723
10.40000000000001,78.04815441324942
10.500000000000009,78.33291595827868
10.600000000000009,78.61924248050025
10.700000000000008,78.90714303967955
10.800000000000008,79.19662672954841
10.90000000000001,79.48770267736374
11.000000000000009,79.78038004344816
11.100000000000009,80.07466802071272
11.20000000000001,80.37057583416055
11.30000000000001,80.66811274037155
11.40000000000001,80.9672880269675
11.500000000000009,81.26811101205699
11.600000000000009,81.57059104366026
11.70000000000001,81.8747374991126
11.80000000000001,82.18055978444659
11.90000000000001,82.48806733375268
12.00000000000001,82.79726960851698
12.10000000000001,83.10817609693639
12.20000000000001,83.42079631321049
12.30000000000001,83.73513979680921
12.40000000000001,84.05121611171646
12.50000000000001,84.36903484564861
12.60000000000001,84.6886056092475
12.70000000000001,85.00993803524757
12.800000000000011,85.33304177761632
12.900000000000011,85.65792651066751
13.00000000000001,85.98460192814687
13.10000000000001,86.31307774228945
13.20000000000001,86.64336368284788
13.300000000000011,86.97546949609135
13.400000000000011,87.30940494377435
13.50000000000001,87.64517980207476
13.600000000000012,87.98280386050051
13.700000000000012,88.3222869207641
13.800000000000011,88.66363879562475
13.900000000000011,89.00686930769697
14.00000000000001,89.35198828822517
14.100000000000012,89.69900557582365
14.200000000000012,90.04793101518113
14.300000000000011,90.39877445572932
14.400000000000013,90.75154575027449
14.500000000000012,91.10625475359176
14.600000000000012,91.46291132098085
14.700000000000012,91.82152530678326
14.800000000000011,92.18210656285916
14.900000000000013,92.54466493702415
15.000000000000012,92.90921027144475
15.100000000000012,93.27575240099146
15.200000000000014,93.64430115154946
15.300000000000013,94.01486633828503
15.400000000000013,94.38745776386821
15.500000000000012,94.76208521664947
15.600000000000012,95.13875846879063
15.700000000000014,95.51748727434874
15.800000000000013,95.89828136731201
15.900000000000013,96.28115045958721
16.000000000000014,96.6661042389372
16.100000000000016,97.05315236686839
16.200000000000014,97.44230447646649
16.30000000000001,97.83357017018034
16.400000000000013,98.22695901755219
16.500000000000014,98.62248055289432
16.600000000000016,99.02014427291027
16.700000000000014,99.41995963426048
16.800000000000015,99.82193605107072
16.900000000000013,100.22608289238292
17.000000000000014,100.63240947954709
17.100000000000016,101.04092508355343
17.200000000000014,101.45163892230384
17.300000000000015,101.86456015782159
17.400000000000013,102.27969789339816
17.500000000000014,102.6970611706769
17.600000000000016,103.11665896667117
17.700000000000014,103.53850019071741
17.800000000000015,103.96259368136134
17.900000000000016,104.3889482031761
18.000000000000014,104.81757244351205
18.100000000000016,105.24847500917659
18.200000000000017,105.68166442304309
18.300000000000015,106.11714912058802
18.400000000000016,106.55493744635544
18.500000000000014,106.99503765034706
18.600000000000016,107.43745788433786
18.700000000000017,107.88220619811547
18.800000000000015,108.32929053564246
18.900000000000016,108.77871873114076
19.000000000000014,109.23049850509692
19.100000000000016,109.68463746018709
19.200000000000017,110.14114307712107
19.300000000000015,110.60002271040412
19.400000000000016,111.06128358401533
19.500000000000018,111.5249327870022
19.600000000000016,111.99097726898962
19.700000000000017,112.459423835603
19.80000000000002,112.93027914380357
19.900000000000016,113.40354969713633
20.000000000000018,113.8792418408881
20.100000000000016,114.35736175715589
20.200000000000017,114.83791545982402
20.30000000000002,115.32090878944925
20.400000000000016,115.806347408053
20.500000000000018,116.29423679381998
20.600000000000016,116.78458223570155
20.700000000000017,117.2773888279244
20.80000000000002,117.77266146440186
20.900000000000016,118.2704048330488
21.000000000000018,118.77062340999818
21.10000000000002,119.27332145371874
21.200000000000017,119.77850299903342
21.30000000000002,120.28617185103751
21.40000000000002,120.79633157891564
21.500000000000018,121.30898550965762
21.60000000000002,121.824136721672
21.700000000000017,122.34178803829658
21.80000000000002,122.86194202120639
21.90000000000002,123.38460096371696
22.000000000000018,123.90976688398425
22.10000000000002,124.43744151809942
22.200000000000017,124.96762631307888
22.30000000000002,125.50032241974898
22.40000000000002,126.0355306855251
22.500000000000018,126.57325164708509
22.60000000000002,127.11348552293695
22.70000000000002,127.65623220588004
22.80000000000002,128.20149125536093
22.90000000000002,128.74926188972282
23.00000000000002,129.29954297834934
23.10000000000002,129.85233303370248
23.20000000000002,130.40763020325537
23.30000000000002,130.96543226131965
23.40000000000002,131.52573660076854
23.50000000000002,132.0885402246551
23.60000000000002,132.65383973772757
23.70000000000002,133.22163133784125
23.80000000000002,133.79191080726835
23.90000000000002,134.36467350390646
24.00000000000002,134.93991435238652
24.10000000000002,135.51762783508156
24.20000000000002,136.0978079830172
24.300000000000022,136.68044836668503
24.40000000000002,137.26554208676063
24.50000000000002,137.8530817647275
24.600000000000023,138.44305953340827
24.70000000000002,139.03546702740545
24.800000000000022,139.6302953734531
24.90000000000002,140.2275351806819
25.00000000000002,140.8271765307991
25.100000000000023,141.4292089681863
25.20000000000002,142.03362148991667
25.300000000000022,142.64040253569547
25.40000000000002,143.24953997772488
25.50000000000002,143.86102111049732
25.600000000000023,144.4748326405197
25.70000000000002,145.09096067597204
25.800000000000022,145.7093907163034
25.900000000000023,146.33010764176922
26.00000000000002,146.953095702913
26.100000000000023,147.57833850999722
26.200000000000024,148.20581902238635
26.300000000000022,148.8355195378873
26.400000000000023,149.46742168205077
26.50000000000002,150.10150639743895
26.600000000000023,150.73775393286385
26.700000000000024,151.37614383260146
26.800000000000022,152.0166549255867
26.900000000000023,152.65926531459544
27.00000000000002,153.30395236541793
27.100000000000023,153.95069269603064
27.200000000000024,154.5994621657719
27.300000000000022,155.25023586452795
27.400000000000023,155.9029881019361
27.500000000000025,156.5576923966108
27.600000000000023,157.21432146540107
27.700000000000024,157.87284721268543
27.800000000000026,158.53324071971173
27.900000000000023,159.1954722339904
28.000000000000025,159.8595111587485
28.100000000000023,160.5253260424525
28.200000000000024,161.1928845684088
28.300000000000026,161.86215354445014
28.400000000000023,162.53309889271705
28.500000000000025,163.2056856395438
28.600000000000023,163.8798779054572
28.700000000000024,164.5556388952994
28.800000000000026,165.23293088848303
28.900000000000023,165.91171522939015
29.000000000000025,166.5919523179246
29.100000000000026,167.2736016002285
29.200000000000024,167.95662155957402
29.300000000000026,168.64096970744149
29.400000000000027,169.32660257479492
29.500000000000025,170.01347570356683
29.600000000000026,170.7015436383643
29.700000000000024,171.39075991840795
29.800000000000026,172.08107706971646
29.900000000000027,172.7724465975489
30.000000000000025,173.464818979118
30.100000000000026,174.15814365658687
30.200000000000024,174.85236903036247
30.300000000000026,175.5474424526996
30.400000000000027,176.2433102216282
30.500000000000025,176.93991757521817
30.600000000000026,177.637208686196
30.700000000000028,178.33512665692612
30.800000000000026,179.03361351477275
30.900000000000027,179.73261020785543
31.00000000000003,180.43205660121305
31.100000000000026,181.13189147339153
31.200000000000028,181.83205251346953
31.300000000000026,182.53247631853696
31.400000000000027,183.23309839164153
31.50000000000003,183.93385314021813
31.600000000000026,184.6346738750167
31.700000000000028,185.33549280954273
31.800000000000026,186.0362410600266
31.900000000000027,186.7368486459366
32.00000000000003,187.43724449104994
32.10000000000002,188.13735642509877
32.20000000000003,188.83711118600462
32.300000000000026,189.53643442271667
32.40000000000003,190.2352506986698
32.50000000000003,190.93348349587603
32.60000000000003,191.6310552196646
32.70000000000003,192.3278872040855
32.800000000000026,193.02389971799022
32.90000000000003,193.71901197180526
33.00000000000003,194.4131421250099
33.10000000000003,195.106207294335
33.20000000000003,195.79812356269395
33.300000000000026,196.48880598885998
33.40000000000003,197.17816861790305
33.50000000000003,197.8661244923969
33.60000000000003,198.55258566441128
33.70000000000003,199.2374632082983
33.800000000000026,199.9206672342858
33.90000000000003,200.60210690288815
34.00000000000003,201.2816904401444
34.10000000000003,201.9593251536937
34.20000000000003,202.6349174496978
34.30000000000003,203.3083728506182
34.40000000000003,203.97959601385668
34.50000000000003,204.64849075126654
34.60000000000003,205.31496004954045
34.70000000000003,205.97890609148206
34.80000000000003,206.64023027816555
34.90000000000003,207.2988332519882
35.00000000000003,207.95461492061938
35.10000000000003,208.6074744818482
35.20000000000003,209.25731044933326
35.30000000000003,209.90402067925396
35.400000000000034,210.54750239786458
35.50000000000003,211.18765222994944
35.60000000000003,211.8243662281786
35.70000000000003,212.4575399033598
35.80000000000003,213.08706825558417
35.900000000000034,213.71284580626008
36.00000000000003,214.33476663102937
36.10000000000003,214.9527243935595
36.20000000000003,215.566612380202
36.30000000000003,216.1763235355101
36.400000000000034,216.78175049860306
36.50000000000003,217.3827856403669
36.60000000000003,217.97932110147843
36.70000000000003,218.5712488312381
36.80000000000003,219.1584606271969
36.900000000000034,219.74084817556127
37.00000000000003,220.3183030923573
37.10000000000003,220.8907169653364
37.20000000000003,221.45798139660104
37.30000000000003,222.0199880459309
37.400000000000034,222.57662867478473
37.500000000000036,223.1277951909557
37.60000000000003,223.67337969385403
37.70000000000003,224.21327452039094
37.80000000000003,224.74737229143636
37.900000000000034,225.2755659588211
38.000000000000036,225.79774885285386
38.10000000000003,226.31381473032198
38.20000000000003,226.82365782294255
38.30000000000003,227.32717288623147
38.400000000000034,227.8242552487551
38.500000000000036,228.31480086172897
38.60000000000004,228.79870634892617
38.70000000000003,229.27586905685845
38.80000000000003,229.74618710519024
38.900000000000034,230.20955943734552
39.000000000000036,230.66588587126844
39.10000000000004,231.11506715029373
39.20000000000003,231.55700499408533
39.30000000000003,231.9916021496011
39.400000000000034,232.41876244203675
39.500000000000036,232.8383908257071
39.60000000000004,233.25039343481762
39.70000000000003,233.6546776340805
39.80000000000003,234.05115206912885
39.900000000000034,234.43972671668217
40.000000000000036,234.82031293441574
40.10000000000004,235.19282351048605
40.20000000000003,235.55717271266394
40.30000000000003,235.9132763370284
40.400000000000034,236.2610517561714
40.500000000000036,236.6004179668666
40.60000000000004,236.93129563715237
40.70000000000004,237.25360715278262
40.80000000000003,237.56727666299497
40.900000000000034,237.87223012555103
41.000000000000036,238.1683953509995
41.10000000000004,238.45570204611533
41.20000000000004,238.73408185646915
41.30000000000003,239.00346840807947
41.400000000000034,239.26379734810402
41.500000000000036,239.51500638452342
41.60000000000004,239.75703532477505
41.70000000000004,239.9898261132925
41.80000000000004,240.2133228679102
41.900000000000034,240.42747191508982
42.000000000000036,240.63222182393088
42.10000000000004,240.82752343892398
42.20000000000004,241.01332991141166
42.30000000000004,241.189596729718
42.400000000000034,241.3562817479139
42.500000000000036,241.5133452131834
42.60000000000004,241.66074979175863
42.70000000000004,241.79846059339368
42.80000000000004,241.92644519434813
42.900000000000034,242.04467365885213
43.000000000000036,242.15311855902874
43.10000000000004,242.25175499324845
43.20000000000004,242.3405606028946
43.30000000000004,242.41951558751907
43.400000000000034,242.48860271837015
43.500000000000036,242.54780735027612
43.60000000000004,242.59711743186998
43.70000000000004,242.6365235141428
43.80000000000004,242.66601875731573
43.90000000000004,242.68559893602142
44.000000000000036,242.68402516803056
44.10000000000004,242.55759690838582
44.20000000000004,242.28162701272205
44.30000000000004,241.85722247825655
44.40000000000004,241.2860590819869
44.500000000000036,240.57036529110945
44.60000000000004,239.71290106720988
44.70000000000004,238.71693193744267
44.80000000000004,237.58619878175904
44.90000000000004,236.32488384876606
45.00000000000004,234.93757356261446
45.10000000000004,233.42921871857772
45.20000000000004,231.80509268538052
45.30000000000004,230.07074823806394
45.40000000000004,228.23197363692117
45.50000000000004,226.29474854690383
45.60000000000004,224.26520035932774
45.70000000000004,222.1495614354068
45.80000000000004,219.95412774099478
45.90000000000004,217.68521928586924
46.00000000000004,215.34914272092678
46.10000000000004,212.952156384652
46.20000000000004,210.50043802793692
46.30000000000004,208.00005538534367
46.40000000000004,205.4569397025585
46.50000000000004,202.87686227523065
46.60000000000004,200.2654140044657
46.70000000000004,197.6279879296027
46.80000000000004,194.9697646599391
46.90000000000004,192.29570059395436
47.00000000000004,189.61051878734656
47.100000000000044,186.91870230965102
47.20000000000004,184.22448991308647
47.30000000000004,181.53187382617793
47.40000000000004,178.84459947818192
47.50000000000004,176.16616695786945
47.600000000000044,173.49983401129867
47.70000000000004,170.84862038727695
47.80000000000004,168.21531334576292
47.90000000000004,165.60247415299753
48.00000000000004,163.01244539720557
48.100000000000044,160.44735896987487
48.200000000000045,157.90914456950543
48.30000000000004,155.39953859700816
48.40000000000004,152.92009332433636
48.50000000000004,150.47218623022343
48.600000000000044,148.0570294088701
48.700000000000045,145.6756789689426
48.80000000000004,143.32904435117078
48.90000000000004,141.01789750310303
49.00000000000004,138.74288185911965
49.100000000000044,136.50452108259134
49.200000000000045,134.3032275350935
49.30000000000004,132.13931044484121
49.40000000000004,130.01298375301667
49.50000000000004,127.92437362245273
49.600000000000044,125.87352559823321
49.700000000000045,123.86041141423415
49.80000000000004,121.88493544348538
49.90000000000004,119.94694079353475
50.00000000000004,118.04621505079871
50.100000000000044,116.18249568021258
50.200000000000045,114.35547508842319
50.30000000000005,112.56480536031337
50.40000000000004,110.81010267987189
50.50000000000004,109.09095144735336
50.600000000000044,107.40690810535514
50.700000000000045,105.75750468689031
50.80000000000005,104.14225209881154
50.90000000000004,102.56064315404416
51.00000000000004,101.01215536605852
51.100000000000044,99.49625351887077
51.200000000000045,98.0123920256205
51.30000000000005,96.56001708846372
51.40000000000005,95.13856867214432
51.50000000000004,93.74748230318608
51.600000000000044,92.38619070619035
51.700000000000045,91.05412528824539
51.80000000000005,89.7507174819513
51.90000000000005,88.4753999570612
52.00000000000004,87.22760771022742
52.100000000000044,86.0067790418341
52.200000000000045,84.81235642839744
52.30000000000005,83.64378729852255
52.40000000000005,82.50052471992872
52.50000000000004,81.382028004592
52.600000000000044,80.28776323860619
52.700000000000045,79.21720374293656
52.80000000000005,78.16983047082839
52.90000000000005,77.14513234724349
53.00000000000004,76.14260655532479
53.100000000000044,75.16175877453763
53.200000000000045,74.20210337480376
53.30000000000005,73.26316357062795
53.40000000000005,72.34447153892364
53.50000000000005,71.4455685039644
53.600000000000044,70.56600479262782
53.700000000000045,69.70533986285399
53.80000000000005,68.86314230801324
53.90000000000005,68.0389898396626
54.00000000000005,67.2324692509742
54.100000000000044,66.44317636293135
54.200000000000045,65.67071595521723
54.30000000000005,64.91470168356129
54.40000000000005,64.17475598515782
54.50000000000005,63.450509973636315
54.60000000000005,62.74160332493375
54.700000000000045,62.04768415530138
54.80000000000005,61.36840889256926
54.90000000000005,60.703442141692264
55.00000000000005,60.05245654550562
55.10000000000005,59.41513264153495
55.200000000000045,58.791158715625045
55.30000000000005,58.18023065307921
55.40000000000005,57.58205178793452
55.50000000000005,56.99633275093585
55.60000000000005,56.422791316715816
55.700000000000045,55.8611522506355
55.80000000000005,55.31114715569315
55.90000000000005,54.77251431986504
56.00000000000005,54.24499856420168
56.10000000000005,53.72835109196721
56.200000000000045,53.222329339075685
56.30000000000005,52.7266968260478
56.40000000000005,52.241223011684085
56.50000000000005,51.76568314862422
56.60000000000005,51.29985814094066
56.70000000000005,50.84353440389239
56.80000000000005,50.39650372594656
56.90000000000005,49.95856313315771
57.00000000000005,49.52951475597962
57.10000000000005,49.10916569856937
57.20000000000005,48.69732791063197
57.30000000000005,48.29381806184094
57.40000000000005,47.89845741886076
57.50000000000005,47.5110717249879
57.60000000000005,47.13149108241775
57.70000000000005,46.759549837138465
57.800000000000054,46.39508646644563
57.90000000000005,46.03794346906554
58.00000000000005,45.68796725786983
58.10000000000005,45.34500805515991
58.20000000000005,45.0089197904947
58.300000000000054,44.67956000103254
58.40000000000005,44.35678973435461
58.50000000000005,44.040473453734336
58.60000000000005,43.73047894581562
58.70000000000005,43.42667723065992
58.800000000000054,43.128942474121274
58.90000000000005,42.837151902506726
59.00000000000005,42.551185719478504
59.10000000000005,42.27092702515374
59.20000000000005,41.996261737356164
59.300000000000054,41.72707851497469
59.40000000000005,41.46326868338285
59.50000000000005,41.20472616187286
59.60000000000005,40.951347393058946
59.70000000000005,40.70303127420324
59.800000000000054,40.45967909041927
59.900000000000055,40.221194449707255
60.00000000000005,39.987483219776436
60.10000000000005,39.758453466609865
60.20000000000005,39.53401539472796
60.300000000000054,39.31408128910697
60.400000000000055,39.09856545871011
60.50000000000005,38.887384181589
60.60000000000005,38.68045565151415
60.70000000000005,38.47769992609412
60.800000000000054,38.27903887634305
60.900000000000055,38.0843961376579
61.00000000000006,37.89369706216704
61.10000000000005,37.70686867241267
61.20000000000005,37.5238396163304
61.300000000000054,37.34454012349052
61.400000000000055,37.16890196256542
61.50000000000006,36.99685839998956
61.60000000000005,36.82834415977828
61.70000000000005,36.663295384472946
61.800000000000054,36.50164959718106
61.900000000000055,36.34334566467997
62.00000000000006,36.188323761554415
62.10000000000005,36.03652533533834
62.20000000000005,35.887893072632565
62.300000000000054,35.74237086617054
62.400000000000055,35.599903782804915
62.50000000000006,35.46043803238898
62.60000000000005,35.32392093752702
62.70000000000005,35.190300904168915
62.800000000000054,35.05952739302485
62.900000000000055,34.93155089177643
63.00000000000006,34.80632288806152
63.10000000000006,34.68379584321059
63.20000000000005,34.563923166712996
63.300000000000054,34.44665919139224
63.400000000000055,34.33195914926999
63.50000000000006,34.21977914809892
63.60000000000006,34.11007614854552
63.70000000000005,34.002807942003834
63.800000000000054,33.897933129022626
63.900000000000055,33.79541109832793
64.00000000000006,33.695202006424296
64.10000000000005,33.597266757758184
64.20000000000006,33.50156698542733
64.30000000000005,33.40806503242082
64.40000000000006,33.31672393337458
64.50000000000006,33.22750739682772
64.60000000000005,33.1403797879656
64.70000000000006,33.055306111835804
64.80000000000005,32.97225199702384
64.90000000000006,32.89118367977514
65.00000000000006,32.812067988551554
65.10000000000005,32.734872329009434
65.20000000000006,32.65956466938795
65.30000000000005,32.58611352629603
65.40000000000006,32.51448795088679
65.50000000000006,32.444657515408686
65.60000000000005,32.37659230012301
65.70000000000006,32.31026288057748
65.80000000000005,32.24564031522617
65.90000000000006,32.18269613338617
66.00000000000006,32.12140232352185
66.10000000000005,32.06173132184755
66.20000000000006,32.0036560012402
66.30000000000005,31.94714966045328
66.40000000000006,31.892186013624034
66.50000000000006,31.83873918006589
66.60000000000005,31.786783674338412
66.70000000000006,31.736294396587393
66.80000000000005,31.687246623147725
66.90000000000006,31.639615997401968
67.00000000000006,31.59337852088802
67.10000000000007,31.548510544648913
67.20000000000006,31.504988760818687
67.30000000000005,31.462790194437734
67.40000000000006,31.42189219549184
67.50000000000006,31.382272431168918
67.60000000000007,31.343908878327728
67.70000000000006,31.30677981617308
67.80000000000005,31.270863819132114
67.90000000000006,31.236139749926505
68.00000000000006,31.202586752835447
68.10000000000007,31.17018424714455
68.20000000000006,31.138911920775865
68.30000000000005,31.108749724094405
68.40000000000006,31.079677863886605
68.50000000000006,31.051676797506524
68.60000000000007,31.024727227185267
68.70000000000006,30.99881009449981
68.80000000000005,30.973906574996935
68.90000000000006,30.949998072968636
69.00000000000006,30.927066216375025
69.10000000000007,30.905092851911206
69.20000000000006,30.884060040214454
69.30000000000005,30.863950051208256
69.40000000000006,30.844745359579896
69.50000000000006,30.82642864038826
69.60000000000007,30.808982764798653
69.70000000000006,30.792390795941625
69.80000000000007,30.77663598489271
69.90000000000006,30.761701766770223
70.00000000000006,30.747571756948194
70.10000000000007,30.73422974738177
70.20000000000006,30.721659703042317
70.30000000000007,30.70984575845967
70.40000000000006,30.698772214368933
70.50000000000006,30.688423534459368
70.60000000000007,30.678784342223043
70.70000000000006,30.66983941790079
70.80000000000007,30.661573695523227
70.90000000000006,30.653972260044693
71.00000000000006,30.647020344567867
71.10000000000007,30.64070332765697
71.20000000000006,30.635006730737583
71.30000000000007,30.629916215580977
71.40000000000006,30.625417581871165
71.50000000000006,30.621496764852633
71.60000000000007,30.618139833057025
71.70000000000006,30.615332986106964
71.80000000000007,30.613062552595245
71.90000000000006,30.611314988037744
72.00000000000006,30.610076872898357
72.10000000000007,30.609334910684385
72.20000000000006,30.609075926110773
72.30000000000007,30.6092868633317
72.40000000000006,30.60995478423801
72.50000000000006,30.611066866819076
72.60000000000007,30.6126104035876
72.70000000000006,30.614572800066068
72.80000000000007,30.616941573333442
72.90000000000006,30.61970435063085
73.00000000000006,30.622848868024906
73.10000000000007,30.626362969127495
73.20000000000006,30.630234603870793
73.30000000000007,30.63445182733628
73.40000000000006,30.6390027986367
73.50000000000007,30.643875779849708
73.60000000000007,30.64905913500225
73.70000000000006,30.65454132910447
73.80000000000007,30.660310927232185
73.90000000000006,30.666356593656875
74.00000000000007,30.672667091022213
74.10000000000007,30.67923127956611
74.20000000000006,30.686038116387422
74.30000000000007,30.693076654756265
74.40000000000006,30.70033604346717
74.50000000000007,30.707805526234075
74.60000000000007,30.715474441126393
74.70000000000006,30.72333222004521
74.80000000000007,30.731368388238916
74.90000000000006,30.739572563857337
75.00000000000007,30.747934457543664
75.10000000000007,30.75644387206341
75.20000000000006,30.7650907019696
75.30000000000007,30.77386493330351
75.40000000000006,30.782756643330163
75.50000000000007,30.79175600030805
75.60000000000007,30.80085326329215
75.70000000000006,30.81003878196977
75.80000000000007,30.819302996528513
75.90000000000006,30.828636437555648
76.00000000000007,30.838029725968337
76.10000000000007,30.847473572974113
76.20000000000007,30.856958780060943
76.30000000000007,30.866476239016325
76.40000000000006,30.87601693197485
76.50000000000007,30.885571931493672
76.60000000000007,30.89513240065526
76.70000000000007,30.904689593197027
76.80000000000007,30.91423485366712
76.90000000000006,30.92375961760605
77.00000000000007,30.933255411753482
77.10000000000007,30.94271385427976
77.20000000000007,30.952126655041695
77.30000000000007,30.96148561586206
77.40000000000006,30.970782630832353
77.50000000000007,30.98000968663839
77.60000000000007,30.98915886290819
77.70000000000007,30.998222332581765
77.80000000000007,31.007192362302316
77.90000000000006,31.016061312828455
78.00000000000007,31.024821639466925
78.10000000000007,31.033465892525474
78.20000000000007,31.041986717785424
78.30000000000007,31.050376856993484
78.40000000000006,31.058629148372447
78.50000000000007,31.066736527150304
78.60000000000007,31.074692026107417
78.70000000000007,31.082488776141304
78.80000000000007,31.090120006848643
78.90000000000006,31.097579047124135
79.00000000000007,31.104859325775738
79.10000000000007,31.11195437215598
79.20000000000007,31.118857816808905
79.30000000000007,31.125563392132218
79.40000000000006,31.132064933054338
79.50000000000007,31.138356377725867
79.60000000000007,31.14443176822512
79.70000000000007,31.150285251277385
79.80000000000007,31.15591107898735
79.90000000000008,31.161303609584532
80.00000000000007,31.16645730818108
80.10000000000007,31.171366747541754
80.20000000000007,31.176026608865502
80.30000000000007,31.18043168257836
80.40000000000008,31.18457686913722
80.50000000000007,31.188457179844022
80.60000000000007,31.19206773767001
80.70000000000007,31.195403778089585
80.80000000000007,31.19846064992336
80.90000000000008,31.20123381618998
81.00000000000007,31.203718854966237
81.10000000000007,31.20591146025508
81.20000000000007,31.207807442861068
81.30000000000007,31.20940273127275
81.40000000000008,31.21069337255158
81.50000000000007,31.211675533226874
81.60000000000007,31.212345500196268
81.70000000000007,31.212699681631285
81.80000000000007,31.212734607887455
81.90000000000008,31.212446932418462
82.00000000000007,31.21183343269384
82.10000000000007,31.210891011119678
82.20000000000007,31.209616695961785
82.30000000000007,31.208007642270776
82.40000000000008,31.206061132808486
82.50000000000007,31.203774578975185
82.60000000000008,31.201145521736972
82.70000000000007,31.198171632552768
82.80000000000007,31.194850714300262
82.90000000000008,31.19118070220025
83.00000000000007,31.187159664738644
83.10000000000008,31.182785804585563
83.20000000000007,31.178057459510814
83.30000000000007,31.172973103295053
83.40000000000008,31.167531346636007
83.50000000000007,31.161730938048944
83.60000000000008,31.155570764760697
83.70000000000007,31.149049853596583
83.80000000000007,31.14216737185931
83.90000000000008,31.134922628199174
84.00000000000007,31.127315073474787
84.10000000000008,31.119344301603434
84.20000000000007,31.1110100504003
84.30000000000007,31.102312202405688
84.40000000000008,31.093250785699393
84.50000000000007,31.083825974701295
84.60000000000008,31.074038090957366
84.70000000000007,31.06388760391006
84.80000000000007,31.053375131652263
84.90000000000008,31.04250144166375
85.00000000000007,31.031267451529274
85.10000000000008,31.019674229637214
85.20000000000007,31.007722995857833
85.30000000000007,30.995415122200097
85.40000000000008,30.98275213344601
85.50000000000007,30.96973570776143
85.60000000000008,30.95636767728224
85.70000000000007,30.94265002867485
85.80000000000007,30.928596684729047
85.90000000000008,30.914508185668193
86.00000000000007,30.900516891155572
86.10000000000008,30.886625296992445
86.20000000000007,30.872835990050977
86.30000000000008,30.8591516486936
86.40000000000008,30.845575043172115
86.50000000000007,30.832109036005203
86.60000000000008,30.81875658233323
86.70000000000007,30.805520730248944
86.80000000000008,30.792404621102804
86.90000000000008,30.7794114897817
87.00000000000007,30.76654466495959
87.10000000000008,30.75380756931885
87.20000000000007,30.741203719740934
87.30000000000008,30.72873672746486
87.40000000000008,30.71641029821236
87.50000000000007,30.704228232278034
87.60000000000008,30.692194424583327
87.70000000000007,30.680312864692723
87.80000000000008,30.668587636790836
87.90000000000008,30.657022919618903
88.00000000000007,30.645622986369247
88.10000000000008,30.634392204536237
88.20000000000007,30.623335035722285
88.30000000000008,30.612456035397415
88.40000000000008,30.601759852610922
88.50000000000007,30.591251229653647
88.60000000000008,30.5809350016694
88.70000000000007,30.57081609621403
88.80000000000008,30.560899532760693
88.90000000000008,30.551190422149812
89.00000000000009,30.5416939659823
89.10000000000008,30.532415455954556
89.20000000000007,30.523360273133765
89.30000000000008,30.51453388717207
89.40000000000008,30.50594185545825
89.50000000000009,30.49758982220527
89.60000000000008,30.489483517472582
89.70000000000007,30.481628756121513
89.80000000000008,30.474031436702543
89.90000000000008,30.466697540273003
90.00000000000009,30.459633129143935
90.10000000000008,30.45284434555473
90.20000000000007,30.44633741027429
90.30000000000008,30.44011862112742
90.40000000000008,30.43419435144527
90.50000000000009,30.428571048438528
90.60000000000008,30.423255231492274
90.70000000000007,30.418253490381296
90.80000000000008,30.4135724834048
90.90000000000008,30.409218935439423
91.00000000000009,30.405199635909522
91.10000000000008,30.401521436673793
91.20000000000007,30.398191249827214
91.30000000000008,30.395216045417477
91.40000000000008,30.392602849075036
91.50000000000009,30.390358739555992
91.60000000000008,30.388490846197055
91.70000000000007,30.387006346281915
91.80000000000008,30.385912462318384
91.90000000000008,30.385216459225756
92.00000000000009,30.384925641431842
92.10000000000008,30.38504734987928
92.20000000000007,30.385588958940705
92.30000000000008,30.3865578732425
92.40000000000008,30.387961524396832
92.50000000000009,30.389807367641914
92.60000000000008,30.392102878390247
92.70000000000009,30.394855548684948
92.80000000000008,30.398072883564165
92.90000000000008,30.401762397333723
93.00000000000009,30.405931609748244
93.10000000000008,30.410588042100997
93.20000000000009,30.41573921322292
93.30000000000008,30.421392635391268
93.40000000000008,30.42755581014841
93.50000000000009,30.43423622403154
93.60000000000008,30.44144134421391
93.70000000000009,30.44917861405852
93.80000000000008,30.457455448585222
93.90000000000008,30.466279229852127
94.00000000000009,30.475657302252646
94.10000000000008,30.485596967729222
94.20000000000009,30.496105480905204
94.30000000000008,30.50719004413621
94.40000000000008,30.51885780248256
94.50000000000009,30.531115838604446
94.60000000000008,30.54397116758147
94.70000000000009,30.557430731658567
94.80000000000008,30.571501394920087
94.90000000000008,30.58618993789425
95.00000000000009,30.601503052090056
95.10000000000008,30.61744733446894
95.20000000000009,30.634029281853596
95.30000000000008,30.651255285276388
95.40000000000009,30.66913162427006
95.50000000000009,30.687664461103314
95.60000000000008,30.70685983496421
95.70000000000009,30.726723656094226
95.80000000000008,30.747261699876024
95.90000000000009,30.76847960087811
96.00000000000009,30.790382846859533
96.10000000000008,30.812976772738132
96.20000000000009,30.836266554525583
96.30000000000008,30.860257203233015
96.40000000000009,30.88495355875067
96.50000000000009,30.91036028370551
96.60000000000008,30.936481857300585
96.70000000000009,30.96332256914005
96.80000000000008,30.990886513044007
96.90000000000009,31.01917758085728
97.00000000000009,31.0481994562563
97.10000000000008,31.077955608558522
97.20000000000009,31.10844928653878
97.30000000000008,31.139683512257008
97.40000000000009,31.171661074902072
97.50000000000009,31.204384524656177
97.60000000000008,31.23785616658483
97.70000000000009,31.27207805455697
97.80000000000008,31.307051985200296
97.90000000000009,31.342779491896728
98.00000000000009,31.37926183882296
98.10000000000008,31.416500015041322
98.20000000000009,31.45449472864596
98.30000000000008,31.493246400969614
98.40000000000009,31.532755160856265
98.50000000000009,31.57302083900485
98.60000000000008,31.61404296238951
98.70000000000009,31.655820748761638
98.80000000000008,31.698353101239135
98.90000000000009,31.741638602988488
99.00000000000009,31.785675512004826
99.1000000000001,31.830461755995746
99.20000000000009,31.875994927374148
99.30000000000008,31.92227227836576
99.40000000000009,31.96929071623678
99.50000000000009,32.01704679864708
99.6000000000001,32.06553672913466
99.70000000000009,32.11475635273659
99.80000000000008,32.16470115175218
99.90000000000009,32.21536624165351
100.00000000000009,32.26674636714903
100.1000000000001,32.318835898405524
100.20000000000009,32.37162882743356
100.30000000000008,32.42511876464218
100.40000000000009,32.47929893556759
100.50000000000009,32.53416217778134
100.6000000000001,32.589700937983125
100.70000000000009,32.645907269282986
100.80000000000008,32.702772828678334
100.90000000000009,32.76028887473022
101.00000000000009,32.81844626544407
101.1000000000001,32.87723545635933
101.20000000000009,32.93664649885275
101.30000000000008,32.99666903865999
101.40000000000009,33.057292314619446
101.50000000000009,33.11850515764331
101.6000000000001,33.180295989919344
101.70000000000009,33.24265282434791
101.8000000000001,33.305563264217795
101.90000000000009,33.369014503124866
102.00000000000009,33.43299332513709
102.1000000000001,33.4974861052092
102.20000000000009,33.56247880985063
102.3000000000001,33.62795699804966
102.40000000000009,33.69390582245676
102.50000000000009,33.76031003083005
102.6000000000001,33.827153967745375
102.70000000000009,33.89442157657351
102.8000000000001,33.96209640172678
102.90000000000009,34.03016159117706
103.00000000000009,34.09859989924709
103.1000000000001,34.16739368967683
103.20000000000009,34.2365249389661
103.3000000000001,34.305975239995036
103.40000000000009,34.37572580592318
103.50000000000009,34.445757474368094
103.6000000000001,34.51605071186408
103.70000000000009,34.58658561860143
103.8000000000001,34.657341933446276
103.90000000000009,34.728299039240866
104.00000000000009,34.79943596838426
104.1000000000001,34.87073140869248
104.20000000000009,34.94216370953748
104.3000000000001,35.01371088826415
104.40000000000009,35.08535063688346
104.50000000000009,35.15706032904091
104.6000000000001,35.22881702725794
104.70000000000009,35.3005974904446
104.8000000000001,35.372378181681114
104.90000000000009,35.444135276265726
105.00000000000009,35.51584467002624
105.1000000000001,35.58748198789198
105.20000000000009,35.65902259272315
105.3000000000001,35.73044159439391
105.40000000000009,35.801713859125364
105.5000000000001,35.872814019064634
105.6000000000001,35.94371648210547
105.70000000000009,36.01439544194619
105.8000000000001,36.0848248883799
105.90000000000009,36.15497861781217
106.0000000000001,36.22483024400091
106.1000000000001,36.29435320901291
106.20000000000009,36.36352079439134
106.3000000000001,36.432306132528375
106.40000000000009,36.500682218236534
106.5000000000001,36.56862192051268
106.6000000000001,36.636097994487734
106.70000000000009,36.70308309355549
106.8000000000001,36.76954978167346
106.90000000000009,36.83547054582829
107.0000000000001,36.9008178086587
107.1000000000001,36.96556394122793
107.20000000000009,37.02968127593805
107.3000000000001,37.09314211957805
107.40000000000009,37.15591876649749
107.5000000000001,37.2179835118975
107.6000000000001,37.27930866523028
107.70000000000009,37.33986656369879
107.8000000000001,37.39962958584742
107.90000000000009,37.4585701652349
108.0000000000001,37.5166608041802
108.1000000000001,37.573874087572136
108.2000000000001,37.630182696733506
108.3000000000001,37.68555942332982
108.40000000000009,37.73997718331363
108.5000000000001,37.79340903089412
108.6000000000001,37.84582817252268
108.7000000000001,37.8972079808843
108.8000000000001,37.94752200888489
108.90000000000009,37.99674400362463
109.0000000000001,38.04484792034714
109.1000000000001,38.09180793635444
109.2000000000001,38.137598464877655
109.3000000000001,38.182194168893034
109.40000000000009,38.225569974873366
109.5000000000001,38.26770108646454
109.6000000000001,38.30856299807688
109.7000000000001,38.348131508381364
109.8000000000001,38.38638273370037
109.90000000000009,38.423293121282896
110.0000000000001,38.45883946245422
110.1000000000001,38.49299890562976
110.2000000000001,38.52574896918366
110.3000000000001,38.55706755416146
110.40000000000009,38.58693295682785
110.5000000000001,38.6153238810391
110.6000000000001,38.64221945043097
110.7000000000001,38.66759922041241
110.8000000000001,38.69144318995575
110.90000000000009,38.71373181317388
111.0000000000001,38.73444601067571
111.1000000000001,38.75356718069047
111.2000000000001,38.77107720995234
111.3000000000001,38.78695848433662
111.40000000000009,38.80119389923901
111.5000000000001,38.813766869689545
111.6000000000001,38.824661340193344
111.7000000000001,38.833861794290016
111.8000000000001,38.84135326382409
111.9000000000001,38.84712133791904
112.0000000000001,38.851152171647584
112.1000000000001,38.85343249439116
112.2000000000001,38.85394961788192
112.3000000000001,38.85269144392059
112.4000000000001,38.849646471763876
112.5000000000001,38.844803805175474
112.6000000000001,38.838153159134805
112.7000000000001,38.82968486619805
112.8000000000001,38.819389882506115
112.9000000000001,38.8072597934348
113.0000000000001,38.793286818882336
113.1000000000001,38.7774638181899
113.2000000000001,38.75978429469123
113.3000000000001,38.740242399887364
113.4000000000001,38.718832937243164
113.5000000000001,38.695551365602384
113.6000000000001,38.67039380221855
113.7000000000001,38.64335702539897
113.8000000000001,38.614438476759844
113.9000000000001,38.58363626309037
114.0000000000001,38.55094915782455
114.1000000000001,38.51637660211914
114.2000000000001,38.479774426810266
114.3000000000001,38.44070786480701
114.4000000000001,38.39914928292607
114.5000000000001,38.35510189312711
114.60000000000011,38.30857007446218
114.7000000000001,38.259559370130916
114.8000000000001,38.20807648362738
114.9000000000001,38.15412927398293
115.0000000000001,38.0977267501102
115.10000000000011,38.03887906425405
115.2000000000001,37.97759750455721
115.3000000000001,37.91389448674802
115.4000000000001,37.8477835449597
115.5000000000001,37.77927932169101
115.60000000000011,37.708397556919095
115.7000000000001,37.63515507637642
115.8000000000001,37.55956977900425
115.9000000000001,37.48166062359654
116.0000000000001,37.40144761464839
116.10000000000011,37.31895178742431
116.2000000000001,37.23419519226249
116.3000000000001,37.1472008781317
116.4000000000001,37.05799287545862
116.5000000000001,36.96659617824392
116.60000000000011,36.87303672548583
116.7000000000001,36.77734138193159
116.8000000000001,36.67953791817642
116.9000000000001,36.579654990131786
117.0000000000001,36.4777221178842
117.10000000000011,36.373769663966755
117.2000000000001,36.267828811066636
117.3000000000001,36.15993153919125
117.4000000000001,36.05011060231739
117.5000000000001,35.93839950454736
117.60000000000011,35.82483247579664
117.7000000000001,35.70944444703858
117.8000000000001,35.59227102513093
117.9000000000001,35.47334846725046
118.0000000000001,35.352713654961605
118.10000000000011,35.23040406794502
118.2000000000001,35.106457757413125
118.30000000000011,34.98091331923884
118.4000000000001,34.85380986682482
118.5000000000001,34.72518700373952
118.60000000000011,34.59508479614784
118.7000000000001,34.46354374506295
118.80000000000011,34.33060475844648
118.9000000000001,34.196309123184434
119.0000000000001,34.060698476965364
119.10000000000011,33.92381478008833
119.2000000000001,33.78570028722709
119.30000000000011,33.646397519177114
119.4000000000001,33.505949234612515
119.5000000000001,33.36439840187823
119.60000000000011,33.22178817084446
119.7000000000001,33.078161844848516
119.80000000000011,32.93356285274956
119.9000000000001,32.788034721121775
120.0000000000001,32.641621046610055
120.10000000000011,32.494365468473276
120.2000000000001,32.34631164133862
120.30000000000011,32.19750320819047
120.4000000000001,32.04798377361729
120.5000000000001,31.897796877338447
120.60000000000011,31.746985968033492
120.7000000000001,31.595594377495228
120.80000000000011,31.44366529512716
120.9000000000001,31.29124174280629
121.00000000000011,31.13836655013026
121.10000000000011,30.985082330068717
121.2000000000001,30.831431455036597
121.30000000000011,30.677456033407815
121.4000000000001,30.523197886486162
121.50000000000011,30.368698525949824
121.60000000000011,30.213999131785673
121.7000000000001,30.059140530727856
121.80000000000011,29.904163175215537
121.9000000000001,29.749107122883185
122.00000000000011,29.59401201659611
122.10000000000011,29.438917065043864
122.2000000000001,29.283861023902315
122.30000000000011,29.12888217757552
122.4000000000001,28.97401832152708
122.50000000000011,28.819306745209854
122.60000000000011,28.664784215602946
122.7000000000001,28.51048696136283
122.80000000000011,28.356450657596078
122.9000000000001,28.20271041125943
123.00000000000011,28.049300747192326
123.10000000000011,27.89625559478698
123.2000000000001,27.743608275299103
123.30000000000011,27.59139148980288
123.4000000000001,27.439637307792268
123.50000000000011,27.288377156429917
123.60000000000011,27.1376418104452
123.7000000000001,26.987461382680667
123.80000000000011,26.83786531528703
123.9000000000001,26.68888237156506
124.00000000000011,26.54054062845231
124.10000000000011,26.392867469652487
124.2000000000001,26.2458895794036
124.30000000000011,26.099632936881413
124.4000000000001,25.95412281123354
124.50000000000011,25.809383757238628
124.60000000000011,25.665439611585537
124.70000000000012,25.522313489765423
124.80000000000011,25.38002778357045
124.9000000000001,25.238604159191137
125.00000000000011,25.098063555904698
125.10000000000011,24.95842618534582
125.20000000000012,24.819711531350563
125.30000000000011,24.681938350364483
125.4000000000001,24.545124672404455
125.50000000000011,24.409287802564304
125.60000000000011,24.274444323053324
125.70000000000012,24.14061009575631
125.80000000000011,24.00780026530408
125.9000000000001,23.87602926264203
126.00000000000011,23.74531080908499
126.10000000000011,23.615657920845685
126.20000000000012,23.487082914023823
126.30000000000011,23.359597410043172
126.4000000000001,23.233212341522858
126.50000000000011,23.10793795856967
126.60000000000011,22.983783835477578
126.70000000000012,22.860758877820306
126.80000000000011,22.738871329923306
126.9000000000001,22.618128782700488
127.00000000000011,22.498538181841635
127.10000000000011,22.380105836336057
127.20000000000012,22.262837427317667
127.30000000000011,22.14673801721738
127.40000000000012,22.03181205920768
127.50000000000011,21.918063406925242
127.60000000000011,21.805495324456402
127.70000000000012,21.694110496571298
127.80000000000011,21.58391103919192
127.90000000000012,21.474898510079267
128.0000000000001,21.367073919725613
128.1000000000001,21.260437742436935
128.2000000000001,21.15498992759164
128.30000000000013,21.050729911061076
128.40000000000012,20.94765662677805
128.5000000000001,20.845768518438987
128.6000000000001,20.74506355132653
128.7000000000001,20.645539224238526
128.80000000000013,20.547192581510206
128.90000000000012,20.4500202251164
129.0000000000001,20.354018326840432
129.1000000000001,20.259182640497443
129.2000000000001,20.165508514199146
129.30000000000013,20.07299090264791
129.40000000000012,19.98162437944816
129.5000000000001,19.891403149423
129.6000000000001,19.802321060924925
129.7000000000001,19.714371618129135
129.80000000000013,19.627547993298442
129.90000000000012,19.54184303900938
130.0000000000001,19.457249300328606
130.1000000000001,19.37375902693018
130.2000000000001,19.2913641851434
130.30000000000013,19.210056469922037
130.40000000000012,19.129827316725798
130.5000000000001,19.050667913304945
130.6000000000001,18.972569211379998
130.7000000000001,18.895521938208
130.80000000000013,18.819516608027627
130.90000000000012,18.744543533375754
131.0000000000001,18.67059283626792
131.1000000000001,18.597654459236324
131.2000000000001,18.525718176218454
131.30000000000013,18.454773603290295
131.40000000000012,18.38481020923838
131.5000000000001,18.31581732596475
131.6000000000001,18.247784158720115
131.7000000000001,18.180699796159956
131.80000000000013,18.11455322021916
131.90000000000012,18.049333315800993
132.0000000000001,17.985028880276175
132.1000000000001,17.9216286327889
132.2000000000001,17.859121223366095
132.30000000000013,17.797495241827068
132.40000000000012,17.73673922649092
132.5000000000001,17.676841672678982
132.6000000000001,17.617791041010552
132.70000000000013,17.5595757654898
132.80000000000013,17.50218426138242
132.90000000000012,17.445604932880528
133.0000000000001,17.38982618055505
133.1000000000001,17.334836408594622
133.20000000000013,17.280624031830513
133.30000000000013,17.227177482547404
133.40000000000012,17.174485217079756
133.5000000000001,17.1225357221942
133.6000000000001,17.071317521258266
133.70000000000013,17.020819180196014
133.80000000000013,16.971029313231615
133.90000000000012,16.921936588421612
134.0000000000001,16.873529732977474
134.1000000000001,16.82579753837961
134.20000000000013,16.778728865284577
134.30000000000013,16.73231264822728
134.40000000000012,16.68653790011995
134.5000000000001,16.64139371655032
134.6000000000001,16.596869279880984
134.70000000000013,16.55295386315248
134.80000000000013,16.509636833792673
134.90000000000012,16.466907657134932
135.0000000000001,16.424755899748153
135.1000000000001,16.383171232581347
135.20000000000013,16.342143433925862
135.30000000000013,16.301662392198427
135.40000000000012,16.261718108548067
135.5000000000001,16.222300699290365
135.6000000000001,16.183400398172353
135.70000000000013,16.14500755847144
135.80000000000013,16.107112654932052
135.90000000000012,16.06970628554329
136.0000000000001,16.032779173161536
136.1000000000001,15.996322166981445
136.20000000000013,15.960326243859157
136.30000000000013,15.924782509491466
136.40000000000012,15.88968219945462
136.5000000000001,15.855016680106722
136.6000000000001,15.820777449357418
136.70000000000013,15.786956137308751
136.80000000000013,15.75354450677105
136.90000000000012,15.72053445365758
137.0000000000001,15.687918007261967
137.1000000000001,15.655687330422078
137.20000000000013,15.623834719574237
137.30000000000013,15.592352604701645
137.40000000000012,15.561233549180596
137.5000000000001,15.530470249528515
137.6000000000001,15.500055535057317
137.70000000000013,15.469982367435941
137.80000000000013,15.440243840165673
137.90000000000012,15.41083317797183
138.0000000000001,15.381743736115533
138.1000000000001,15.352968999628988
138.20000000000013,15.324502582477828
138.30000000000013,15.296338226653987
138.40000000000012,15.268469801202414
138.5000000000001,15.240891301185098
138.60000000000014,15.213596846585581
138.70000000000013,15.186580681157292
138.80000000000013,15.159837171218731
138.90000000000012,15.133360804398762
139.0000000000001,15.10714618833498
139.10000000000014,15.081188049328128
139.20000000000013,15.055481230955543
139.30000000000013,15.03002069264637
139.40000000000012,15.004801508221458
139.5000000000001,14.979818864400546
139.60000000000014,14.955068059279434
139.70000000000013,14.930544500779721
139.80000000000013,14.906243705073546
139.90000000000012,14.882161294985856
140.0000000000001,14.858292998376513
140.10000000000014,14.834634646504512
140.20000000000013,14.811182172376625
140.30000000000013,14.787931609082452
140.40000000000012,14.764879088118159
140.5000000000001,14.742020837700748
140.60000000000014,14.719353181074899
140.70000000000013,14.696872534814212
140.80000000000013,14.67457540711861
140.90000000000012,14.652458396109745
141.0000000000001,14.630518188125947
141.10000000000014,14.608751556018394
141.20000000000013,14.587155357450015
141.30000000000013,14.565726533198543
141.40000000000012,14.544462105465183
141.5000000000001,14.523359176190207
141.60000000000014,14.502414925376721
141.70000000000013,14.481626609423877
141.80000000000013,14.46099155947058
141.90000000000012,14.440507179750904
142.0000000000001,14.420170945962157
142.10000000000014,14.399980403646605
142.20000000000013,14.379933166587795
142.30000000000013,14.36002691522227
142.40000000000012,14.340259395067582
142.5000000000001,14.320628415167294
142.60000000000014,14.301131846553709
142.70000000000013,14.281767620728992
142.80000000000013,14.26253372816524
142.90000000000012,14.243428216824144
143.0000000000001,14.224449190696719
143.10000000000014,14.205594808363568
143.20000000000013,14.18686328157614
143.30000000000013,14.168252873859343
143.40000000000012,14.149761899135871
143.5000000000001,14.131388720372595
143.60000000000014,14.113131748249213
143.70000000000013,14.094989439849492
143.80000000000013,14.076960297375198
143.90000000000012,14.059042866882987
144.0000000000001,14.041235737044337
144.10000000000014,14.023537537928613
144.20000000000013,14.005946939809423
144.30000000000013,13.988462651994187
144.40000000000012,13.97108342167707
144.5000000000001,13.953808032815191
144.60000000000014,13.936635305028098
144.70000000000013,13.919564092520492
144.80000000000013,13.902593283028049
144.90000000000012,13.885721796786331
145.0000000000001,13.868948585522604
145.10000000000014,13.852272631470452
145.20000000000013,13.835692946407057
145.30000000000013,13.819208570712902
145.40000000000012,13.8028185724538
145.50000000000014,13.78652204648498
145.60000000000014,13.77031811357706
145.70000000000013,13.754205919563622
145.80000000000013,13.738184634510214
145.90000000000012,13.722253451904475
146.00000000000014,13.706411587867148
146.10000000000014,13.690658280383708
146.20000000000013,13.674992788556281
146.30000000000013,13.65941439187563
146.40000000000012,13.643922389512868
146.50000000000014,13.628516099630597
146.60000000000014,13.613194858713193
146.70000000000013,13.597958020915863
146.80000000000013,13.582804957432218
146.90000000000012,13.56773505588001
147.00000000000014,13.55274771970469
147.10000000000014,13.53784236760051
147.20000000000013,13.523018432948733
147.30000000000013,13.508275363272764
147.40000000000012,13.493612619709733
147.50000000000014,13.479029676498264
147.60000000000014,13.464526020482094
147.70000000000013,13.450101150629145
147.80000000000013,13.435754577565802
147.90000000000012,13.421485823125998
148.00000000000014,13.407294419914775
148.10000000000014,13.393179910886044
148.20000000000013,13.379141848934122
148.30000000000013,13.365179796498804
148.40000000000012,13.351293325183601
148.50000000000014,13.337482015386822
148.60000000000014,13.323745455945204
148.70000000000013,13.310083243789716
148.80000000000013,13.296494983613307
148.90000000000012,13.282980287550219
149.00000000000014,13.269538774866586
149.10000000000014,13.256170071662035
149.20000000000013,13.24287381058193
149.30000000000013,13.229649630540042
149.40000000000012,13.216497176451304
149.50000000000014,13.203416098974387
149.60000000000014,13.190406054263821
149.70000000000013,13.177466703731348
149.80000000000013,13.164597713816288
149.90000000000012,13.151798755764641
150.00000000000014,13.13906950541662
150.10000000000014,13.126409643002434
150.20000000000013,13.113818852945977
150.30000000000013,13.101296823676284
150.40000000000012,13.088843247446423
150.50000000000014,13.076457820159638
150.60000000000014,13.064140241202502
150.70000000000013,13.051890213284842
150.80000000000013,13.039707442286229
150.90000000000012,13.027591637108824
151.00000000000014,13.015542509536342
151.10000000000014,13.003559774098985
151.20000000000013,12.991643147944059
151.30000000000013,12.97979235071216
151.40000000000015,12.968007104418714
151.50000000000014,12.956287133340666
151.60000000000014,12.944632163908143
151.70000000000013,12.933041924600946
151.80000000000013,12.921516145849674
151.90000000000015,12.91005455994131
152.00000000000014,12.898656900929135
152.10000000000014,12.887322904546766
152.20000000000013,12.876052308126226
152.30000000000013,12.864844850519853
152.40000000000015,12.853700272025915
152.50000000000014,12.842618314317809
152.60000000000014,12.831598720376673
152.70000000000013,12.82064123442733
152.80000000000013,12.80974560187738
152.90000000000015,12.798911569259365
153.00000000000014,12.788138884175881
153.10000000000014,12.777427295247456
153.20000000000013,12.766776552063199
153.30000000000013,12.756186405134008
153.40000000000015,12.745656605848286
153.50000000000014,12.735186906430057
153.60000000000014,12.72477705989935
153.70000000000013,12.714426820034818
153.80000000000013,12.704135941338443
153.90000000000015,12.69390417900227
154.00000000000014,12.683731288877096
154.10000000000014,12.673617027442962
154.20000000000013,12.663561151781476
154.30000000000013,12.653563419549803
154.40000000000015,12.643623588956284
154.50000000000014,12.633741418737625
154.60000000000014,12.623916668137532
154.70000000000013,12.614149096886816
154.80000000000013,12.60443846518481
154.90000000000015,12.594784533682104
155.00000000000014,12.585187063464515
155.10000000000014,12.575645816038216
155.20000000000013,12.566160553316015
155.30000000000013,12.556731037604685
155.40000000000015,12.547357031593329
155.50000000000014,12.538038298342713
155.60000000000014,12.528774601275524
155.70000000000013,12.519565704167508
155.80000000000013,12.510411371139458
155.90000000000015,12.501311366649983
156.00000000000014,12.492265455489052
156.10000000000014,12.483273402772246
156.20000000000013,12.474334973935694
156.30000000000013,12.46544993473167
156.40000000000015,12.456618051224792
156.50000000000014,12.447839089788822
156.60000000000014,12.43911281710399
156.70000000000013,12.430439000154864
156.80000000000013,12.421817406228724
156.90000000000015,12.413247802914368
157.00000000000014,12.404729958101408
157.10000000000014,12.396263639979932
157.20000000000013,12.38784861704061
157.30000000000013,12.379484658075139
157.40000000000015,12.371171532177048
157.50000000000014,12.362909008742841
157.60000000000014,12.354696857473431
157.70000000000013,12.346534848375885
157.80000000000013,12.338422751765428
157.90000000000015,12.33036033826771
158.00000000000014,12.322347378821316
158.10000000000014,12.314383644680493
158.20000000000013,12.306468907418079
158.30000000000015,12.298602938928648
158.40000000000015,12.290785511431825
158.50000000000014,12.283016397475762
158.60000000000014,12.275295369940785
158.70000000000013,12.267622202043173
158.80000000000015,12.259996667339074
158.90000000000015,12.252418539728565
159.00000000000014,12.244887593459776
159.10000000000014,12.23740360313317
159.20000000000013,12.229966343705884
159.30000000000015,12.22257559049617
159.40000000000015,12.215231119187905
159.50000000000014,12.207932705835175
159.60000000000014,12.20068012686692
159.70000000000013,12.19347315909164
159.80000000000015,12.186311579702128
159.90000000000015,12.179195166280277
160.00000000000014,12.172123696801894
160.10000000000014,12.16509694964156
160.20000000000013,12.158114703577512
160.30000000000015,12.151176737796533
160.40000000000015,12.144282831898888
160.50000000000014,12.137432765903224
160.60000000000014,12.130626320251512
160.70000000000013,12.123863275813985
160.80000000000015,12.117143413894052
160.90000000000015,12.110466516233242
161.00000000000014,12.103832365016098
161.10000000000014,12.097240742875094
161.20000000000013,12.090691432895515
161.30000000000015,12.084184218620319
161.40000000000015,12.077718884054997
161.50000000000014,12.071295213672386
161.60000000000014,12.06491299241746
161.70000000000013,12.058572005712108
161.80000000000015,12.052272039459861
161.90000000000015,12.046012880050606
162.00000000000014,12.039794314365242
162.10000000000014,12.033616129780315
162.20000000000013,12.027478114172624
162.30000000000015,12.021380055923755
162.40000000000015,12.015321743924618
162.50000000000014,12.009302967579893
162.60000000000014,12.003323516812475
162.70000000000013,11.997383182067848
162.80000000000015,11.991481754318416
162.90000000000015,11.985619025067807
163.00000000000014,11.9797947863551
163.10000000000014,11.974008830759017
163.20000000000013,11.968260951402076
163.30000000000015,11.962550941954671
163.40000000000015,11.956878596639124
163.50000000000014,11.951243710233658
163.60000000000014,11.945646078076352
163.70000000000013,11.940085496069013
163.80000000000015,11.934561760681005
163.90000000000015,11.929074668953042
164.00000000000014,11.923624018500888
164.10000000000014,11.918209607519048
164.20000000000016,11.91283123478436
164.30000000000015,11.907488699659575
164.40000000000015,11.902181802096845
164.50000000000014,11.89691034264118
164.60000000000014,11.891674122433834
164.70000000000016,11.88647294321565
164.80000000000015,11.881306607330337
164.90000000000015,11.876174917727699
165.00000000000014,11.871077677966793
165.10000000000014,11.866014692219062
165.20000000000016,11.860985765271375
165.30000000000015,11.855990702529043
165.40000000000015,11.851029310018758
165.50000000000014,11.846101394391479
165.60000000000014,11.841206762925275
165.70000000000016,11.836345223528104
165.80000000000015,11.831516584740534
165.90000000000015,11.826720655738402
166.00000000000014,11.821957246335446
166.10000000000014,11.817226166985847
166.20000000000016,11.812527228786735
166.30000000000015,11.807860243480647
166.40000000000015,11.803225023457903
166.50000000000014,11.798621381758963
166.60000000000014,11.794049132076696
166.70000000000016,11.789508088758623
166.80000000000015,11.78499806680909
166.90000000000015,11.780518881891387
167.00000000000014,11.776070350329826
167.10000000000014,11.771652289111755
167.20000000000016,11.76726451588952
167.30000000000015,11.762906848982384
167.40000000000015,11.758579107378381
167.50000000000014,11.754281110736123
167.60000000000014,11.750012679386561
167.70000000000016,11.745773634334693
167.80000000000015,11.741563797261207
167.90000000000015,11.737382990524095
168.00000000000014,11.733231037160198
168.10000000000014,11.729107760886714
168.20000000000016,11.725012986102648
168.30000000000015,11.720946537890216
168.40000000000015,11.7169082420162
168.50000000000014,11.712897924933248
168.60000000000014,11.70891541378114
168.70000000000016,11.704960536387986
168.80000000000015,11.701033121271395
168.90000000000015,11.697132997639583
169.00000000000014,11.693259995392436
169.10000000000014,11.689413945122535
169.20000000000016,11.685594678116127
169.30000000000015,11.681802026354045
169.40000000000015,11.678035822512596
169.50000000000014,11.674295899964388
169.60000000000014,11.670582092779123
169.70000000000016,11.66689423572434
169.80000000000015,11.663232164266123
169.90000000000015,11.659595714569738
170.00000000000014,11.655984723500264
170.10000000000014,11.652399028623151
170.20000000000016,11.648838468204746
170.30000000000015,11.645302881212784
170.40000000000015,11.641792107316814
170.50000000000014,11.638305986888609
170.60000000000014,11.634844361002516
170.70000000000016,11.631407071435774
170.80000000000015,11.62799396066879
170.90000000000015,11.624604871885365
171.00000000000014,11.621239648972892
171.10000000000016,11.617898136522514
171.20000000000016,11.61458017982923
171.30000000000015,11.61128562489197
171.40000000000015,11.608014318413638
171.50000000000014,11.604766107801101
171.60000000000016,11.601540841165148
171.70000000000016,11.598338367320423
171.80000000000015,11.595158535785295
171.90000000000015,11.592001196781712
172.00000000000014,11.588866201235005
172.10000000000016,11.585753400773672
172.20000000000016,11.582662647729105
172.30000000000015,11.579593795135303
172.40000000000015,11.576546696728522
172.50000000000014,11.573521206946928
172.60000000000016,11.570517180930176
172.70000000000016,11.567534474518988
172.80000000000015,11.564572944254667
172.90000000000015,11.561632447378605
173.00000000000014,11.558712841831738
173.10000000000016,11.55581398625398
173.20000000000016,11.552935739983619
173.30000000000015,11.55007796305668
173.40000000000015,11.547240516206259
173.50000000000014,11.544423260861826
173.60000000000016,11.541626059148495
173.70000000000016,11.538848773886262
173.80000000000015,11.53609126858922
173.90000000000015,11.533353407464729
174.00000000000014,11.530635055412574
174.10000000000016,11.527936078024085
174.20000000000016,11.525256341581223
174.30000000000015,11.522595713055642
174.40000000000015,11.519954060107734
174.50000000000014,11.517331251085622
174.60000000000016,11.514727155024143
174.70000000000016,11.512141641643808
174.80000000000015,11.50957458134971
174.90000000000015,11.507025845230434
175.00000000000014,11.50449530505692
175.10000000000016,11.501982833281318
175.20000000000016,11.499488303035795
175.30000000000015,11.49701158813134
175.40000000000015,11.494552563056521
175.50000000000014,11.492111102976246
175.60000000000016,11.489687083730463
175.70000000000016,11.487280381832871
175.80000000000015,11.484890874469588
175.90000000000015,11.482518439497795
176.00000000000014,11.480162955444365
176.10000000000016,11.477824301504468
176.20000000000016,11.475502357540144
176.30000000000015,11.47319700407887
176.40000000000015,11.470908122312087
176.50000000000014,11.468635594093726
176.60000000000016,11.466379301938687
176.70000000000016,11.464139129021326
176.80000000000015,11.461914959173894
176.90000000000015,11.45970667688498
177.00000000000017,11.457514167297916
177.10000000000016,11.455337316209166
177.20000000000016,11.453176010066706
177.30000000000015,11.451030135968377
177.40000000000015,11.448899581660212
177.50000000000017,11.446784235534759
177.60000000000016,11.444683986629377
177.70000000000016,11.442598724624514
177.80000000000015,11.440528339841974
177.90000000000015,11.438472723243155
178.00000000000017,11.436431766427287
178.10000000000016,11.434405361629635
178.20000000000016,11.432393401719693
178.30000000000015,11.430395780199374
178.40000000000015,11.42841239120116
178.50000000000017,11.426443129486254
178.60000000000016,11.424487890442713
178.70000000000016,11.422546570083563
178.80000000000015,11.420619065044907
178.90000000000015,11.418705272583999
179.00000000000017,11.416805090577332
179.10000000000016,11.414918417518692
179.20000000000016,11.413045152517196
179.30000000000015,11.411185195295335
179.40000000000015,11.409338446186993
179.50000000000017,11.40750480613544
179.60000000000016,11.405684176691347
179.70000000000016,11.403876460010743
179.80000000000015,11.402081558853002
179.90000000000015,11.400299376578795
180.00000000000017,11.398529817148034
180.10000000000016,11.396772785117808
180.20000000000016,11.395028185640301
180.30000000000015,11.393295924460718
180.40000000000015,11.391575907915168
180.50000000000017,11.389868042928574
180.60000000000016,11.38817223701254
180.70000000000016,11.38648839826323
180.80000000000015,11.38481643535923
180.90000000000015,11.383156257559394
181.00000000000017,11.381507774700694
181.10000000000016,11.379870897196058
181.20000000000016,11.378245536032184
181.30000000000015,11.376631602767366
181.40000000000015,11.375029009529303
181.50000000000017,11.373437669012894
181.60000000000016,11.371857494478041
181.70000000000016,11.37028839974743
181.80000000000015,11.368730299204305
181.90000000000015,11.36718310779025
182.00000000000017,11.365646741002944
182.10000000000016,11.36412111489393
182.20000000000016,11.36260614606635
182.30000000000015,11.361101751672713
182.40000000000015,11.359607849412614
182.50000000000017,11.358124357530478
182.60000000000016,11.356651194813292
182.70000000000016,11.355188280588317
182.80000000000015,11.353735534720812
182.90000000000015,11.35229287761175
183.00000000000017,11.35086023019552
183.10000000000016,11.349437513937636
183.20000000000016,11.348024650832425
183.30000000000015,11.34662156340074
183.40000000000015,11.345228174687637
183.50000000000017,11.343844408260066
183.60000000000016,11.34247018820456
183.70000000000016,11.341105439124908
183.80000000000015,11.339750086139835
183.90000000000018,11.338404054880677
184.00000000000017,11.337067271489053
184.10000000000016,11.335739662614534
184.20000000000016,11.334421155412308
184.30000000000015,11.33311167754084
184.40000000000018,11.331811157159544
184.50000000000017,11.330519522926435
184.60000000000016,11.329236703995791
184.70000000000016,11.327962630015808
184.80000000000015,11.326697231126255
184.90000000000018,11.325440437956132
185.00000000000017,11.324192181621317
185.10000000000016,11.322952393722224
185.20000000000016,11.32172100634145
185.30000000000015,11.320497952041428
185.40000000000018,11.319283163862078
185.50000000000017,11.31807657531846
185.60000000000016,11.31687812039841
185.70000000000016,11.315687733560212
185.80000000000015,11.314505349730233
185.90000000000018,11.313330904300575
186.00000000000017,11.312164333126733
186.10000000000016,11.311005572525241
186.20000000000016,11.309854559271328
186.30000000000015,11.308711230596568
186.40000000000018,11.307575524186541
186.50000000000017,11.306447378178483
186.60000000000016,11.305326731158942
186.70000000000016,11.304213522161449
186.80000000000015,11.303107690664161
186.90000000000018,11.302009176587541
187.00000000000017,11.300917920292004
187.10000000000016,11.299833862575603
187.20000000000016,11.29875694467168
187.30000000000015,11.29768710824655
187.40000000000018,11.29662429539716
187.50000000000017,11.295568448648783
187.60000000000016,11.294519510952684
187.70000000000016,11.293477425683799
187.80000000000015,11.292442136638432
187.90000000000018,11.291413588031928
188.00000000000017,11.290391724496375
188.10000000000016,11.289376491078292
188.20000000000016,11.288367833236324
188.30000000000015,11.28736569683895
188.40000000000018,11.286370028162182
188.50000000000017,11.285380773887269
188.60000000000016,11.284397881098421
188.70000000000016,11.283421297280515
188.80000000000015,11.282450970316816
188.90000000000018,11.281486848486702
189.00000000000017,11.280528880463397
189.10000000000016,11.279577015311695
189.20000000000016,11.278631202485702
189.30000000000015,11.277691391826579
189.40000000000018,11.276757533560286
189.50000000000017,11.27582957829533
189.60000000000016,11.274907477020529
189.70000000000016,11.273991181102765
189.80000000000018,11.273080642284752
189.90000000000018,11.27217581268281
190.00000000000017,11.27127664478464
190.10000000000016,11.2703830914471
190.20000000000016,11.269495105893995
190.30000000000018,11.26861264171388
190.40000000000018,11.267735652857834
190.50000000000017,11.26686409363729
190.60000000000016,11.265997918721823
190.70000000000016,11.265137083136977
190.80000000000018,11.264281542262083
190.90000000000018,11.26343125182808
191.00000000000017,11.262586167915359
191.10000000000016,11.261746246951587
191.20000000000016,11.260911445709565
191.30000000000018,11.260081721305074
191.40000000000018,11.25925703119473
191.50000000000017,11.258437333173852
191.60000000000016,11.257622585374328
191.70000000000016,11.256812746262495
191.80000000000018,11.25600777463702
191.90000000000018,11.255207629626792
192.00000000000017,11.254412270688814
192.10000000000016,11.25362165760611
192.20000000000016,11.252835750485639
192.30000000000018,11.2520545097562
192.40000000000018,11.251277896166366
192.50000000000017,11.250505870782412
192.60000000000016,11.249738394986249
192.70000000000016,11.248975430473372
192.80000000000018,11.248216939250815
192.90000000000018,11.247462883635105
193.00000000000017,11.246713226250227
193.10000000000016,11.245967930025603
193.20000000000016,11.245226958194069
193.30000000000018,11.244490274289864
193.40000000000018,11.24375784214663
193.50000000000017,11.243029625895403
193.60000000000016,11.24230558996264
193.70000000000016,11.24158569906822
193.80000000000018,11.240869918223488
193.90000000000018,11.24015821272927
194.00000000000017,11.239450548173926
194.10000000000016,11.238746890431393
194.20000000000016,11.238047205659246
194.30000000000018,11.237351460296757
194.40000000000018,11.236659621062973
194.50000000000017,11.235971654954787
194.60000000000016,11.235287529245031
194.70000000000016,11.234607211480576
194.80000000000018,11.233930669480424
194.90000000000018,11.23325787133383
195.00000000000017,11.232588785398416
195.10000000000016,11.231923380298301
195.20000000000016,11.23126162492223
195.30000000000018,11.230603488421725
195.40000000000018,11.229948940209235
195.50000000000017,11.229297949956294
195.60000000000016,11.228650487591688
195.70000000000016,11.22800652329963
195.80000000000018,11.22736602751795
195.90000000000018,11.226728970936284
196.00000000000017,11.22609532449427
196.10000000000016,11.225465059379761
196.20000000000016,11.224838147027047
196.30000000000018,11.224214559115069
196.40000000000018,11.22359426756566
196.50000000000017,11.222977244541788
196.60000000000016,11.2223634624458
196.7000000000002,11.221752893917687
196.80000000000018,11.221145511833347
196.90000000000018,11.22054128930286
197.00000000000017,11.219940199668773
197.10000000000016,11.219342216504392
197.2000000000002,11.218747313612083
197.30000000000018,11.218155465021576
197.40000000000018,11.217566644988292
197.50000000000017,11.216980827991653
197.60000000000016,11.216397988733434
197.7000000000002,11.21581810213609
197.80000000000018,11.215241143341121
197.90000000000018,11.214667087707413
198.00000000000017,11.214095910809624
198.10000000000016,11.21352758843655
198.2000000000002,11.212962096589512
198.30000000000018,11.212399411480746
198.40000000000018,11.21183950953181
198.50000000000017,11.211282367371991
198.60000000000016,11.210727961836723
198.7000000000002,11.21017626996601
198.80000000000018,11.209627269002869
198.90000000000018,11.20908093639177
199.00000000000017,11.208537249777084
199.10000000000016,11.207996187001552
199.2000000000002,11.207457726104746
199.30000000000018,11.20692184532155
199.40000000000018,11.206388523080644
199.50000000000017,11.205857738003001
199.60000000000016,11.205329468900386
199.7000000000002,11.204803694773869
199.80000000000018,11.204280394812347
199.90000000000018,11.203759548391066
200.00000000000017,11.203241135070158
200.10000000000016,11.20272513459319
200.2000000000002,11.202211526885716
200.30000000000018,11.201700292053832
200.40000000000018,11.201191410382751
200.50000000000017,11.200684862335383
200.60000000000016,11.20018062855091
200.7000000000002,11.199678689843399
200.80000000000018,11.199179027200383
200.90000000000018,11.198681621781489
201.00000000000017,11.19818645491705
201.10000000000016,11.197693508106733
201.2000000000002,11.197202763018174
201.30000000000018,11.196714201485625
201.40000000000018,11.196227805508604
201.50000000000017,11.195743557250555
201.60000000000016,11.195261439037518
201.7000000000002,11.194781433356804
201.80000000000018,11.194303522855678
201.90000000000018,11.19382769034006
202.00000000000017,11.193353918773216
202.10000000000016,11.192882191274473
202.2000000000002,11.192412491117931
202.30000000000018,11.1919448017312
202.40000000000018,11.191479106694118
202.50000000000017,11.1910153897375
202.6000000000002,11.190553634741887
202.7000000000002,11.190093825736303
202.80000000000018,11.18963594689702
202.90000000000018,11.189179982546328
203.00000000000017,11.188725917151324
203.1000000000002,11.188273735322685
203.2000000000002,11.187823421813487
203.30000000000018,11.187374961517989
203.40000000000018,11.186928339470457
203.50000000000017,11.186483540843978
203.6000000000002,11.186040550949295
203.7000000000002,11.185599355233634
203.80000000000018,11.185159939279554
203.90000000000018,11.184722288803792
204.00000000000017,11.184286389656128
204.1000000000002,11.18385222781825
204.2000000000002,11.18341978940262
204.30000000000018,11.182989060651368
204.40000000000018,11.18256002793517
204.50000000000017,11.182132677752152
204.6000000000002,11.181706996726794
204.7000000000002,11.181282971608832
204.80000000000018,11.18086058927219
204.90000000000018,11.180439836713898
205.00000000000017,11.18002070105303
205.1000000000002,11.179603169529644
205.2000000000002,11.179187229503727
205.30000000000018,11.178772868454159
205.40000000000018,11.178360073977668
205.50000000000017,11.17794883378781
205.6000000000002,11.17753913571393
205.7000000000002,11.17713096770017
205.80000000000018,11.176724317804444
205.90000000000018,11.17631917419744
206.00000000000017,11.175915525161633
206.1000000000002,11.17551335909029
206.2000000000002,11.175112664486502
206.30000000000018,11.174713429962196
206.40000000000018,11.174315644237184
206.50000000000017,11.1739192961382
206.6000000000002,11.173524374597944
206.7000000000002,11.173130868654141
206.80000000000018,11.172738767448607
206.90000000000018,11.17234806022631
207.00000000000017,11.171958736334457
207.1000000000002,11.171570785221563
207.2000000000002,11.171184196436556
207.30000000000018,11.17079895962786
207.40000000000018,11.170415064542505
207.50000000000017,11.170032501025238
207.6000000000002,11.169651259017634
207.7000000000002,11.169271328557226
207.80000000000018,11.168892699776626
207.90000000000018,11.168515362902667
208.00000000000017,11.168139308255547
208.1000000000002,11.167764526247975
208.2000000000002,11.167391007384321
208.30000000000018,11.167018742259794
208.40000000000018,11.166647721559594
208.50000000000017,11.166277936058094
208.6000000000002,11.165909376618025
208.7000000000002,11.165542034189652
208.80000000000018,11.165175899809983
208.90000000000018,11.164810964601951
