507.98971154896265,0.5218686132592988
508.08971154896267,0.5344172174311342
508.1897115489627,0.5474195422620545
508.2897115489627,0.5608975044652835
508.38971154896274,0.5748743458247432
508.48971154896276,0.5893747293708107
508.5897115489628,0.6044248436938862
508.6897115489628,0.6200525161808602
508.7897115489628,0.6362873360443982
508.88971154896285,0.6531607881098922
508.9897115489629,0.6707063984312784
509.0897115489629,0.6889598929261682
509.1897115489629,0.7079593703546054
509.28971154896294,0.7277454911161613
509.38971154896296,0.7483616835092237
509.489711548963,0.7698543692867775
509.589711548963,0.7922732105575518
509.68971154896303,0.8156713803234548
509.78971154896306,0.8401058592174905
509.8897115489631,0.865637761315162
509.9897115489631,0.8923326922416287
510.0897115489631,0.9202611431923017
510.18971154896315,0.9494989249325038
510.28971154896317,0.9801276463497395
510.3897115489632,1.012235242708416
510.4897115489632,1.0459165594111586
510.58971154896324,1.0812739978141317
510.68971154896326,1.118418230488533
510.7897115489633,1.15746899428078
510.8897115489633,1.1985559706159112
510.9897115489633,1.2418197637304353
511.08971154896335,1.2874129889324606
511.1897115489634,1.3355014845909257
511.2897115489634,1.3862656633769175
511.3897115489634,1.4399020203453123
511.48971154896344,1.4966248177831325
511.58971154896346,1.5566679693921164
511.6897115489635,1.620287149347217
511.7897115489635,1.6877621551086401
511.88971154896353,1.7593995565868212
511.98971154896356,1.835535668383067
512.0897115489636,1.9165398863543506
512.1897115489636,2.0028184346561106
512.2897115489636,2.094818574641856
512.3897115489636,2.1930333324268765
512.4897115489637,2.2980068073562734
512.5897115489637,2.410340128733395
512.6897115489637,2.5306981324657127
512.7897115489637,2.659816832019003
512.8897115489638,2.798511758122914
512.9897115489638,2.947687237412764
513.0897115489638,3.108346669270718
513.1897115489638,3.2816038391752125
513.2897115489639,3.468695271097136
513.3897115489639,3.670993564155174
513.4897115489639,3.890021570438217
513.5897115489639,4.127467138558483
513.6897115489639,4.385197953184993
513.789711548964,4.6652757202026
513.889711548964,4.969968547756418
513.989711548964,5.301759812744131
514.089711548964,5.6633510261894
514.189711548964,6.057655153315656
514.2897115489641,6.487775429615365
514.3897115489641,6.956962866498155
514.4897115489641,7.468543301740698
514.5897115489641,8.025802021342795
514.6897115489642,8.63181078915838
514.7897115489642,9.289178942780119
514.8897115489642,9.99970784644799
514.9897115489642,10.763927898762072
515.0897115489643,11.580501877978799
515.1897115489643,12.445491193418063
515.2897115489643,13.351507055174173
515.3897115489643,14.28681102873412
515.4897115489644,15.23449061046954
515.5897115489644,16.17190989264504
515.6897115489644,17.07070464815962
515.7897115489644,17.897619828399055
515.8897115489644,18.616427361577088
515.9897115489645,19.190972273421004
516.0897115489645,19.589077707242787
516.1897115489645,19.786674370794234
516.2897115489645,19.801133270813423
516.3897115489646,19.76658759643246
516.4897115489646,19.700149028261016
516.5897115489646,19.602459326357568
516.6897115489646,19.474450386454155
516.7897115489646,19.31732232576477
516.8897115489647,19.132515969450107
516.9897115489647,18.921680886777796
517.0897115489647,18.686640253106997
517.1897115489647,18.42935386238597
517.2897115489648,18.151880588155226
517.3897115489648,17.856341498135926
517.4897115489648,17.544884681639772
517.5897115489648,17.21965266600277
517.6897115489649,16.882753094422842
517.7897115489649,16.536233128453723
517.8897115489649,16.18205783733374
517.9897115489649,15.822092653779933
518.0897115489649,15.458089819110958
518.189711548965,15.091678613676176
518.289711548965,14.724359072844113
518.389711548965,14.357498823228692
518.489711548965,13.992332635701896
518.589711548965,13.629964277261353
518.6897115489651,13.271370248644168
518.7897115489651,12.917405014248947
518.8897115489651,12.568807361214798
518.9897115489651,12.226207561624005
519.0897115489652,11.890135052532063
519.1897115489652,11.561026390292513
519.2897115489652,11.239233276452026
519.3897115489652,10.925030490920015
519.4897115489653,10.618623603227565
519.5897115489653,10.320156363946241
519.6897115489653,10.02971770551763
519.7897115489653,9.747348304867966
519.8897115489654,9.473046679436191
519.9897115489654,9.206774803926908
520.0897115489654,8.94846324757546
520.1897115489654,8.698015841372744
520.2897115489654,8.45531389193707
520.3897115489655,8.220219963918348
520.4897115489655,7.992581256326638
520.5897115489655,7.772232600309732
520.6897115489655,7.558999106941284
520.7897115489656,7.3526984937631905
520.8897115489656,7.15314311835792
520.9897115489656,6.960141746278998
521.0897115489656,6.773501079381184
521.1897115489656,6.593027069079588
521.2897115489657,6.4185260374194
521.3897115489657,6.24980562712553
521.4897115489657,6.086675600078519
521.5897115489657,5.928948501969813
521.6897115489658,5.7764402092551785
521.7897115489658,5.628970372969998
521.8897115489658,5.486362772507521
521.9897115489658,5.348445591098416
522.0897115489659,5.21505162347067
522.1897115489659,5.086018425012851
522.2897115489659,4.961188410709163
522.3897115489659,4.840408911157157
522.4897115489659,4.723532192113906
522.589711548966,4.610415443237803
522.689711548966,4.500920740994943
522.789711548966,4.394914990074966
522.889711548966,4.292269847105191
522.989711548966,4.1928616299576245
523.0897115489661,4.096571215505329
523.1897115489661,4.0032839282973365
523.2897115489661,3.912889422279357
523.3897115489661,3.8252815573867265
523.4897115489662,3.7403582725715396
523.5897115489662,3.6580214565941755
523.6897115489662,3.5781768177065074
523.7897115489662,3.5007337531769886
523.8897115489663,3.4256052194534137
523.9897115489663,3.352707603624893
524.0897115489663,3.2819605967280765
524.1897115489663,3.2132870693418205
524.2897115489664,3.146612949827348
524.3897115489664,3.081867105495922
524.4897115489664,3.018981226921624
524.5897115489664,2.9578897155615853
524.6897115489664,2.8985295747989945
524.7897115489665,2.8408403044841224
524.8897115489665,2.7847637990147804
524.9897115489665,2.7302442489690972
525.0897115489665,2.677228046279668
525.1897115489666,2.6256636929182813
525.2897115489666,2.575501713044133
525.3897115489666,2.526694568555099
525.4897115489666,2.4791965779709404
525.5897115489666,2.4329638385688264
525.6897115489667,2.3879541516849976
525.7897115489667,2.344126951091467
525.8897115489667,2.301443234353126
525.9897115489667,2.2598654970682728
526.0897115489668,2.2193576698942286
526.1897115489668,2.1798850582592313
526.2897115489668,2.141414284661943
526.3897115489668,2.1039132334607675
526.4897115489669,2.067350998056363
526.5897115489669,2.031697830372463
526.6897115489669,1.9969250925420448
526.7897115489669,1.9630052107081368
526.8897115489669,1.9299116308509763
526.989711548967,1.89761877655578
527.089711548967,1.866102008638074
527.189711548967,1.8353375865462704
527.289711548967,1.805302631463954
527.389711548967,1.7759750910371386
527.4897115489671,1.7473337056545606
527.5897115489671,1.7193579762118347
527.6897115489671,1.692028133293036
527.7897115489671,1.665325107705969
