422.66402979077986,1.0905238958302939
422.7640297907799,1.0920059908744795
422.8640297907799,1.093495680389323
422.96402979077993,1.0949929651197552
423.06402979077995,1.0964978453206684
423.16402979078,1.0980103207536471
423.26402979078,1.0995303906837517
423.36402979078,1.1010580538763517
423.46402979078005,1.1025933085940158
423.56402979078007,1.104136152593456
423.6640297907801,1.1056865831225287
423.7640297907801,1.107244596917292
423.86402979078014,1.108810190199124
423.96402979078016,1.1103833586719005
424.0640297907802,1.1119640975192344
424.1640297907802,1.113552401401778
424.2640297907802,1.11514826445459
424.36402979078025,1.116751680284568
424.4640297907803,1.1183626419679475
424.5640297907803,1.11998114204787
424.6640297907803,1.1216071725320196
424.76402979078034,1.1232407248903322
424.86402979078036,1.1248817900527754
424.9640297907804,1.1265303584072035
425.0640297907804,1.1281864197972855
425.16402979078043,1.1298499635205128
425.26402979078046,1.1315209783262814
425.3640297907805,1.1331994524140545
425.4640297907805,1.1348853734316067
425.5640297907805,1.1365787284733482
425.66402979078055,1.138279504078734
425.76402979078057,1.139987686230756
425.8640297907806,1.1417032603545234
425.9640297907806,1.1434262113159277
426.06402979078064,1.1451565234203986
426.16402979078066,1.1468941804117507
426.2640297907807,1.1486391654711183
426.3640297907807,1.1503914612159878
426.4640297907807,1.1521510496993201
426.56402979078075,1.1539179124087724
426.6640297907808,1.1556920302660145
426.7640297907808,1.157473383626145
426.8640297907808,1.1592619522772067
426.96402979078084,1.1610577154398047
427.06402979078086,1.1628606517668247
427.1640297907809,1.164670739343257
427.2640297907809,1.1664879556861263
427.36402979078093,1.168312277744528
427.46402979078096,1.1701436818997712
427.564029790781,1.1719821439656326
427.664029790781,1.1738276391887223
427.764029790781,1.1756801422489596
427.86402979078105,1.1775396272601635
427.96402979078107,1.1794060677707585
428.0640297907811,1.1812794367645967
428.1640297907811,1.1831597066618966
428.26402979078114,1.185046849320302
428.36402979078116,1.1869408360360598
428.4640297907812,1.1888416375453223
428.5640297907812,1.1907492240255684
428.6640297907812,1.1926635650971518
428.76402979078125,1.1945846298249747
428.8640297907813,1.1965123867202863
428.9640297907813,1.1984468037426121
429.0640297907813,1.2003878483018096
429.16402979078134,1.202335487260257
429.26402979078136,1.2042896869351727
429.3640297907814,1.2062504131010674
429.4640297907814,1.2082176309923314
429.56402979078143,1.210191305305956
429.66402979078146,1.2121714002043942
429.7640297907815,1.2141578793185546
429.8640297907815,1.2161507057509395
429.9640297907815,1.2181498420789194
430.06402979078155,1.22015525035815
430.16402979078157,1.2221668921261315
430.2640297907816,1.2241847284059113
430.3640297907816,1.22620871970993
430.46402979078164,1.2282388260440167
430.56402979078166,1.2302750069115242
430.6640297907817,1.232317221317619
430.7640297907817,1.234365427773715
430.86402979078173,1.2364195843020582
430.96402979078175,1.2384796484404625
431.0640297907818,1.2405455772471954
431.1640297907818,1.242617327306018
431.2640297907818,1.2446948547313756
431.36402979078184,1.2467781151737454
431.46402979078186,1.2488670638251358
431.5640297907819,1.2509616554247434
431.6640297907819,1.2530618442647663
431.76402979078193,1.2551675841963732
431.86402979078196,1.2572788286358323
431.964029790782,1.2593955305707971
432.064029790782,1.2615176425667514
432.164029790782,1.2636451167736156
432.26402979078205,1.2657779049325124
432.36402979078207,1.2679159583826929
432.4640297907821,1.270059228068625
432.5640297907821,1.2722076645472433
432.66402979078214,1.274361217995363
432.76402979078216,1.276519838217253
432.8640297907822,1.278683474652376
432.9640297907822,1.280852076383291
433.06402979078223,1.2830255921437173
433.16402979078225,1.2852039703267661
433.2640297907823,1.2873871589933354
433.3640297907823,1.2895751058806666
433.4640297907823,1.29176775841107
433.56402979078234,1.293965063700813
433.66402979078237,1.2961669685691712
433.7640297907824,1.2983734195476488
433.8640297907824,1.3005843628893592
433.96402979078243,1.3027997445785733
434.06402979078246,1.30501951034043
434.1640297907825,1.307243605650814
434.2640297907825,1.3094719757463946
434.3640297907825,1.3117045656348298
434.46402979078255,1.3139413201051338
434.56402979078257,1.3161821837382077
434.6640297907826,1.3184271009175328
434.7640297907826,1.3206760158400244
434.86402979078264,1.3229288725270503
434.96402979078266,1.3251856148356076
435.0640297907827,1.327446186469661
435.1640297907827,1.32971053099164
435.26402979078273,1.3319785918340958
435.36402979078275,1.3342503123115155
435.4640297907828,1.336525635632292
435.5640297907828,1.3388045049108541
435.6640297907828,1.3410868631799457
435.76402979078284,1.343372653403064
435.86402979078287,1.3456618184870486
435.9640297907829,1.3479543012948203
436.0640297907829,1.3502500446582728
436.16402979078293,1.3525489913913133
436.26402979078296,1.3548510843030477
436.364029790783,1.3571562662111138
436.464029790783,1.35946447995516
436.564029790783,1.361775668410463
436.66402979078305,1.3640897745016907
436.76402979078307,1.3664067412168004
436.8640297907831,1.3687265116210785
436.9640297907831,1.3710490288713113
437.06402979078314,1.3733742362300916
437.16402979078316,1.3757020770802573
437.2640297907832,1.378032494939456
437.3640297907832,1.3803654334748408
437.46402979078323,1.3827008365178854
437.56402979078325,1.3850386480793277
437.6640297907833,1.387378812364226
437.7640297907833,1.389721273787138
437.8640297907833,1.392065976987412
437.96402979078334,1.3944128668445885
438.06402979078337,1.396761888493913
438.1640297907834,1.399112987341954
438.2640297907834,1.4014661090823233
438.36402979078343,1.4038211997114969
438.46402979078346,1.4061782055447323
438.5640297907835,1.4085370732320799
438.6640297907835,1.410897749774484
438.7640297907835,1.4132601825399713
438.86402979078355,1.415624319279921
438.96402979078357,1.4179901081454176
439.0640297907836,1.4203574977036766
439.1640297907836,1.422726436954544
439.26402979078364,1.4250968753470645
439.36402979078366,1.4274687627961125
439.4640297907837,1.4298420496990862
439.5640297907837,1.4322166869526551
439.66402979078373,1.4345926259695614
439.76402979078375,1.4369698186954685
439.8640297907838,1.4393482176258523
439.9640297907838,1.4417277758229323
440.0640297907838,1.444108446932638
440.16402979078384,1.446490185201601
440.26402979078387,1.4488729454941756
440.3640297907839,1.4512566833094789
440.4640297907839,1.4536413547984441
440.56402979078393,1.456026916780885
440.66402979078396,1.458413326762566
440.764029790784,1.4608005429522701
440.864029790784,1.4631885242788618
440.964029790784,1.46557723040834
441.06402979078405,1.4679666217608731
441.16402979078407,1.4703566595278126
441.2640297907841,1.4727473056886775
441.3640297907841,1.4751385230281078
441.46402979078414,1.4775302751527764
441.56402979078416,1.479922526508255
441.6640297907842,1.4823152423958312
441.7640297907842,1.4847083889892678
441.86402979078423,1.4871019333514948
441.96402979078425,1.4894958434512362
442.0640297907843,1.4918900881795572
442.1640297907843,1.494284637366331
442.2640297907843,1.4966794617966146
442.36402979078434,1.4990745332269304
442.46402979078437,1.5014698244014428
442.5640297907844,1.503865309068029
442.6640297907844,1.5062609619942302
442.76402979078443,1.5086567589830833
442.86402979078446,1.5110526768888195
442.9640297907845,1.5134486936324278
443.0640297907845,1.5158447882170747
443.1640297907845,1.5182409407433706
443.26402979078455,1.5206371324244796
443.36402979078457,1.5230333456010627
443.4640297907846,1.525429563756048
443.5640297907846,1.5278257715292205
443.66402979078464,1.5302219547316223
443.76402979078466,1.5326181003597588
443.8640297907847,1.5350141966096014
443.9640297907847,1.5374102328903785
444.06402979078473,1.5398061998381474
444.16402979078475,1.5422020893291415
444.2640297907848,1.5445978944928815
444.3640297907848,1.5469936097250463
444.4640297907848,1.5493892307000907
444.56402979078484,1.5517847543836099
444.66402979078487,1.5541801790444334
444.7640297907849,1.5565755042664486
444.8640297907849,1.5589707309601408
444.96402979078493,1.5613658613738433
445.06402979078496,1.5637608991046887
445.164029790785,1.5661558491092573
445.264029790785,1.5685507177139084
445.364029790785,1.5709455126247884
445.46402979078505,1.5733402429375118
445.56402979078507,1.5757349191465018
445.6640297907851,1.5781295531539818
445.7640297907851,1.5805241582786183
445.86402979078514,1.5829187492637922
445.96402979078516,1.5853133422855068
446.0640297907852,1.587707954959912
446.1640297907852,1.590102606350442
446.26402979078523,1.5924973169745575
446.36402979078525,1.5948921088100851
446.4640297907853,1.5972870053011443
446.5640297907853,1.5996820313636548
446.6640297907853,1.6020772133904164
446.76402979078534,1.604472579255753
446.86402979078537,1.6068681583197137
446.9640297907854,1.6092639814318237
447.0640297907854,1.6116600809343713
447.16402979078543,1.6140564906652348
447.26402979078546,1.6164532459602303
447.3640297907855,1.618850383654978
447.4640297907855,1.6212479420862804
447.5640297907855,1.6236459610930014
447.66402979078555,1.6260444820164432
447.76402979078557,1.628443547700208
447.8640297907856,1.6308432024895443
447.9640297907856,1.6332434922301644
448.06402979078564,1.6356444642665298
448.16402979078566,1.6380461674395965
448.2640297907857,1.6404486520840131
448.3640297907857,1.6428519700247644
448.46402979078573,1.645256174573257
448.56402979078575,1.6476613205228365
448.6640297907858,1.6500674641437318
448.7640297907858,1.6524746631774208
448.8640297907858,1.6548829768304105
448.96402979078584,1.6572924657674268
449.06402979078587,1.659703192104006
449.1640297907859,1.662115219398486
449.2640297907859,1.6645286126433856
449.36402979078593,1.666943438256176
449.46402979078596,1.6693597640694309
449.564029790786,1.6717776593203515
449.664029790786,1.6741971946396688
449.764029790786,1.67661844203991
449.86402979078605,1.6790414749030262
449.96402979078607,1.6814663679673854
450.0640297907861,1.6838931973141136
450.1640297907861,1.6863220403527919
450.26402979078614,1.6887529758064992
450.36402979078616,1.691186083696201
450.4640297907862,1.6936214453244776
450.5640297907862,1.6960591432585916
450.66402979078623,1.6984992613128935
450.76402979078625,1.700941884530557
450.8640297907863,1.7033870991646483
450.9640297907863,1.7058349926585241
451.0640297907863,1.7082856536255586
451.16402979078634,1.710739171828195
451.26402979078637,1.7131956381563245
451.3640297907864,1.715655144604987
451.4640297907864,1.7181177842514015
451.56402979078644,1.7205836512313115
451.66402979078646,1.7230528407146646
451.7640297907865,1.725525448880607
451.8640297907865,1.7280015728918081
451.9640297907865,1.7304813108681087
452.06402979078655,1.7329647618594977
452.16402979078657,1.7354520258184127
452.2640297907866,1.737943203571378
452.3640297907866,1.7404383967899668
452.46402979078664,1.7429377079611041
452.56402979078666,1.7454412403567052
452.6640297907867,1.7479490980026529
452.7640297907867,1.7504613856471205
452.86402979078673,1.7529782087282446
452.96402979078675,1.7554996733411452
453.0640297907868,1.758025886204305
453.1640297907868,1.7605569546253101
453.2640297907868,1.7630929864659566
453.36402979078684,1.7656340901067273
453.46402979078687,1.7681803744106488
453.5640297907869,1.7707319486865307
453.6640297907869,1.7732889226515958
453.76402979078694,1.7758514063935071
453.86402979078696,1.7784195103318012
453.964029790787,1.780993345178731
454.064029790787,1.7835730218995316
454.164029790787,1.7861586516721148
454.26402979078705,1.7887503458461982
454.3640297907871,1.791348215901884
454.4640297907871,1.793952373407695
454.5640297907871,1.7965629299780699
454.66402979078714,1.799179997230345
454.76402979078716,1.8018036867412155
454.8640297907872,1.8044341100026955
454.9640297907872,1.8070713783775925
455.06402979078723,1.8097156030544963
455.16402979078725,1.8123668950023069
455.2640297907873,1.8150253649243044
455.3640297907873,1.8176911232117816
455.4640297907873,1.8203642798972433
455.56402979078734,1.8230449446071977
455.66402979078737,1.8257332265145414
455.7640297907874,1.8284292342905655
455.8640297907874,1.8311330760565818
455.96402979078744,1.833844859335204
456.06402979078746,1.8365646910012772
456.1640297907875,1.8392926772324927
456.2640297907875,1.8420289234596865
456.3640297907875,1.8447735343168552
456.46402979078755,1.8475266135908854
456.5640297907876,1.8502882641710388
456.6640297907876,1.8530585879981856
456.7640297907876,1.8558376860138255
456.86402979078764,1.8586256581088993
456.96402979078766,1.8614226030724197
457.0640297907877,1.8642286185399333
457.1640297907877,1.8670438009418366
457.26402979078773,1.8698682454515705
457.36402979078775,1.8727020459336985
457.4640297907878,1.8755452948919094
457.5640297907878,1.878398083416943
457.6640297907878,1.881260501134482
457.76402979078784,1.8841326361530117
457.86402979078787,1.8870145750116807
457.9640297907879,1.8899064026281822
458.0640297907879,1.8928082022466746
458.16402979078794,1.8957200553857683
458.26402979078796,1.8986420417865966
458.364029790788,1.9015742393609978
458.464029790788,1.9045167241398282
458.564029790788,1.907469570221433
458.66402979078805,1.9104328497202925
458.7640297907881,1.9134066327158754
458.8640297907881,1.916390987201717
458.9640297907881,1.919385979034748
459.06402979078814,1.9223916718849003
459.16402979078816,1.925408127185011
459.2640297907882,1.928435404081052
459.3640297907882,1.9314735593827104
459.46402979078823,1.9345226475143407
459.56402979078825,1.9375827204663194
459.6640297907883,1.9406538277468215
459.7640297907883,1.9437360163340536
459.8640297907883,1.9468293306289541
459.96402979078835,1.9499338124084042
460.06402979078837,1.9530495007789583
460.1640297907884,1.9561764321311346
460.2640297907884,1.9593146400942798
460.36402979078844,1.96246415549204
460.46402979078846,1.9656250062984642
460.5640297907885,1.9687972175947634
460.6640297907885,1.9719808115267523
460.7640297907885,1.9751758072629992
460.86402979078855,1.9783822209537156
460.9640297907886,1.9816000656903983
461.0640297907886,1.9848293514662667
461.1640297907886,1.9880700851375082
461.26402979078864,1.991322270385362
461.36402979078866,1.9945859076790704
461.4640297907887,1.997860994239716
461.5640297907887,2.0011475240049776
461.66402979078873,2.0044454875948254
461.76402979078875,2.0077548722781833
461.8640297907888,2.0110756619405805
461.9640297907888,2.014407837052825
462.0640297907888,2.017751374640709
462.16402979078885,2.021106248255792
462.26402979078887,2.0244724279472623
462.3640297907889,2.0278498802349225
462.4640297907889,2.031238568083309
462.56402979078894,2.034638450876973
462.66402979078896,2.038049484396952
462.764029790789,2.0414716207984442
462.864029790789,2.0449048085897203
462.964029790789,2.048348992612287
463.06402979078905,2.051804114022327
463.1640297907891,2.05527011027344
463.2640297907891,2.0587469151007043
463.3640297907891,2.0622344585060763
463.46402979078914,2.0657326667451588
463.56402979078916,2.0692414623153463
463.6640297907892,2.0727607639453804
463.7640297907892,2.076290486586321
463.86402979078923,2.079830541403967
463.96402979078925,2.083380835772731
464.0640297907893,2.0869412732710027
464.1640297907893,2.090511753677998
464.2640297907893,2.094092172972135
464.36402979078935,2.097682423330934
464.46402979078937,2.101282393132468
464.5640297907894,2.104891966958376
464.6640297907894,2.1085110255984607
464.76402979078944,2.112139446056874
464.86402979078946,2.115777101559915
464.9640297907895,2.119423861565448
465.0640297907895,2.1230795917739584
465.1640297907895,2.1267441541412526
465.26402979078955,2.130417406892821
465.3640297907896,2.1340992045398703
465.4640297907896,2.137789397897036
465.5640297907896,2.1414878341017887
465.66402979078964,2.145194356635539
465.76402979078966,2.1489088053464527
465.8640297907897,2.1526310164739826
465.9640297907897,2.1563608226751274
466.06402979078973,2.1600980530524154
466.16402979078975,2.1638425331836335
466.2640297907898,2.1675940851532918
466.3640297907898,2.1713525275858387
466.4640297907898,2.1751176756806214
466.56402979078985,2.178889341248607
466.66402979078987,2.1826673327508526
466.7640297907899,2.1864514553387346
466.8640297907899,2.190241510895935
466.96402979078994,2.194037298082187
467.06402979078996,2.197838612378775
467.16402979079,2.201645246135791
467.26402979079,2.205456988621141
467.36402979079,2.2092736260713046
467.46402979079005,2.213094941743839
467.5640297907901,2.2169207159716176
467.6640297907901,2.220750726218814
467.7640297907901,2.2245847471386058
467.86402979079014,2.228422550632602
467.96402979079016,2.2322639059119833
468.0640297907902,2.236108579560351
468.1640297907902,2.239956335598262
468.26402979079023,2.2438069355494545
468.36402979079025,2.2476601385087442
468.4640297907903,2.2515157012115803
468.5640297907903,2.255373378105248
468.6640297907903,2.2592329214217086
468.76402979079035,2.263094081252054
468.86402979079037,2.2669566056225667
468.9640297907904,2.2708202405723674
469.0640297907904,2.274684730232631
469.16402979079044,2.278549816907357
469.26402979079046,2.28241524115567
469.3640297907905,2.286280741875638
469.4640297907905,2.290146056389581
469.5640297907905,2.294010920530853
469.66402979079055,2.297875068732075
469.7640297907906,2.301738234114794
469.8640297907906,2.3056001485805475
469.9640297907906,2.3094605429033073
470.06402979079064,2.3133191468232783
470.16402979079066,2.3171756891420245
470.2640297907907,2.3210298978189
470.3640297907907,2.3248815000687526
470.46402979079073,2.3287302224608744
470.56402979079076,2.3325757910191727
470.6640297907908,2.3364179313235254
470.7640297907908,2.3402563686122972
470.8640297907908,2.344090827885984
470.96402979079085,2.3479210340119496
471.06402979079087,2.3517467118302275
471.1640297907909,2.3555675862603525
471.2640297907909,2.3593833824091903
471.36402979079094,2.3631938256797276
471.46402979079096,2.3669986418807882
471.564029790791,2.370797557337646
471.664029790791,2.374590299003486
471.764029790791,2.378376594571694
471.86402979079105,2.3821561725889167
471.9640297907911,2.385928762568875
472.0640297907911,2.3896940951068775
472.1640297907911,2.3934519019950016
472.26402979079114,2.3972019163379006
472.36402979079116,2.4009438726692007
472.4640297907912,2.404677507068439
472.5640297907912,2.408402557278516
472.66402979079123,2.4121187628236
472.76402979079126,2.415825865127464
472.8640297907913,2.419523607632201
472.9640297907913,2.4232117359172722
473.0640297907913,2.426889997818858
473.16402979079135,2.430558143549448
473.26402979079137,2.4342159258176554
473.3640297907914,2.43786309994818
473.4640297907914,2.4414994240019006
473.56402979079144,2.445124658896036
473.66402979079146,2.4487385685243415
473.7640297907915,2.4523409198772876
473.8640297907915,2.455931483162181
473.9640297907915,2.4595100319231733
474.06402979079155,2.4630763431611307
474.1640297907916,2.466630197453296
474.2640297907916,2.470171379072711
474.3640297907916,2.4736996761073553
474.46402979079164,2.477214880578941
474.56402979079166,2.480716788561333
474.6640297907917,2.4842052002985415
474.7640297907917,2.4876799203222384
474.86402979079173,2.4911407575687536
474.96402979079176,2.4945875254955086
475.0640297907918,2.4980200421968335
475.1640297907918,2.50143813051913
475.2640297907918,2.504841618175326
475.36402979079185,2.5082303378585804
475.46402979079187,2.5116041273551932
475.5640297907919,2.5149628296566724
475.6640297907919,2.5183062930709106
475.76402979079194,2.5216343713324334
475.86402979079196,2.524946923711665
475.964029790792,2.528243815123173
476.064029790792,2.5315249162328444
476.16402979079203,2.534790103563949
476.26402979079205,2.5380392596020465
476.3640297907921,2.541272272898692
476.4640297907921,2.5444890381739014
476.5640297907921,2.5476894564173227
476.66402979079214,2.5508734349880853
476.76402979079216,2.55404088771327
476.8640297907922,2.5571917349849707
476.9640297907922,2.5603259038558925
477.06402979079223,2.5634433281334643
477.16402979079226,2.5665439484723973
477.2640297907923,2.569627712465684
477.3640297907923,2.5726945747339625
477.4640297907923,2.5757444970132366
477.56402979079235,2.578777448240892
477.66402979079237,2.581793404639983
477.7640297907924,2.5847923498017473
477.8640297907924,2.5877742747663093
477.96402979079244,2.5907391781015447
478.06402979079246,2.5936870659800575
478.1640297907925,2.5966179522542467
478.2640297907925,2.5995318585294225
478.36402979079253,2.602428814234933
478.46402979079255,2.60530885669328
478.5640297907926,2.6081720311871806
478.6640297907926,2.6110183910245515
478.7640297907926,2.6138479976013738
478.86402979079264,2.616660920462421
478.96402979079267,2.61945723735981
479.0640297907927,2.622237034309351
479.1640297907927,2.625000405644667
479.26402979079273,2.627747454069056
479.36402979079276,2.630478290705067
479.4640297907928,2.633193035141766
479.5640297907928,2.635891815479667
479.6640297907928,2.638574768373303
479.76402979079285,2.6412420390714084
479.86402979079287,2.6438937814547003
479.9640297907929,2.6465301580712266
480.0640297907929,2.649151340169266
480.16402979079294,2.6517575077277553
480.26402979079296,2.6543488494842276
480.364029790793,2.656925562960239
480.464029790793,2.65948785448427
480.56402979079303,2.6620359392120787
480.66402979079305,2.664570041144496
480.7640297907931,2.667090393142641
480.8640297907931,2.6695972369405427
480.9640297907931,2.6720908231551617
481.06402979079314,2.674571411293785
481.16402979079317,2.6770392697587915
481.2640297907932,2.6794946758497753
481.3640297907932,2.681937915763011
481.46402979079323,2.6843692845882563
481.56402979079326,2.6867890863028774
481.6640297907933,2.6891976337632943
481.7640297907933,2.6915952486937313
481.8640297907933,2.6939822616722746
481.96402979079335,2.696359012114217
482.06402979079337,2.6987258482526997
482.1640297907934,2.7010831271166342
482.2640297907934,2.703431214505908
482.36402979079344,2.7057704849638595
482.46402979079346,2.708101321747036
482.5640297907935,2.7104241167922174
482.6640297907935,2.7127392706807076
482.76402979079353,2.7150471925999016
482.86402979079355,2.7173483003021137
482.9640297907936,2.7196430200606785
483.0640297907936,2.7219317866233186
483.1640297907936,2.724215043162786
483.26402979079364,2.7264932412247713
483.36402979079367,2.7287668406730936
483.4640297907937,2.731036309632163
483.5640297907937,2.7333021244267277
483.66402979079373,2.735564769518905
483.76402979079376,2.737824737442502
483.8640297907938,2.740082528734631
483.9640297907938,2.742338651864623
484.0640297907938,2.744593623160249
484.16402979079385,2.7468479667312478
484.26402979079387,2.749102214390178
484.3640297907939,2.7513569055705824
484.4640297907939,2.753612587242496
484.56402979079394,2.7558698138252793
484.66402979079396,2.758129147097806
484.764029790794,2.7603911561059986
484.864029790794,2.7626564170677197
484.96402979079403,2.764925513275041
485.06402979079405,2.767199034993877
485.1640297907941,2.7694775793610114
485.2640297907941,2.7717617502785084
485.3640297907941,2.774052158305526
485.46402979079414,2.7763494205475387
485.56402979079417,2.7786541605429727
485.6640297907942,2.780967008147266
485.7640297907942,2.783288599414363
485.86402979079423,2.7856195764756415
485.96402979079426,2.7879605874162947
486.0640297907943,2.7903122861491623
486.1640297907943,2.7926753322860227
486.2640297907943,2.795050391006359
486.36402979079435,2.7974381329235927
486.46402979079437,2.7998392339488056
486.5640297907944,2.8022543751519455
486.6640297907944,2.8046842426205254
486.76402979079444,2.807129527315821
486.86402979079446,2.809590924926574
486.9640297907945,2.8120691357201983
487.0640297907945,2.814564864391503
487.16402979079453,2.8170788199089243
487.26402979079455,2.81961171535828
487.3640297907946,2.8221642677840375
487.4640297907946,2.8247371980281115
487.5640297907946,2.827331230566177
487.66402979079464,2.8299470933415027
487.76402979079467,2.8325855175963146
487.8640297907947,2.8352472377006728
487.9640297907947,2.8379329909788686
488.06402979079473,2.840643517533339
488.16402979079476,2.84337956006609
488.2640297907948,2.8461418636976323
488.3640297907948,2.848931175783415
488.4640297907948,2.851748245727757
488.56402979079485,2.854593824795268
488.66402979079487,2.8574686659197504
488.7640297907949,2.860373523510573
488.8640297907949,2.8633091532565076
488.96402979079494,2.8662763119270145
489.06402979079496,2.8692757571709695
489.164029790795,2.87230824731282
489.264029790795,2.875374541146146
489.36402979079503,2.8784753977246256
489.46402979079505,2.8816115761503776
489.5640297907951,2.8847838353596718
489.6640297907951,2.8879929339059793
489.7640297907951,2.891239629740359
489.86402979079514,2.8945246799891398
489.96402979079517,2.8978488407288943
490.0640297907952,2.9012128667586765
490.1640297907952,2.90461751136949
490.26402979079523,2.9080635261109786
490.36402979079526,2.911551660555302
490.4640297907953,2.915082662058173
490.5640297907953,2.91865727551703
490.6640297907953,2.922276243126313
490.76402979079535,2.9259403041298144
490.86402979079537,2.929650194570079
490.9640297907954,2.9334066470348104
491.0640297907954,2.937210390400263
491.16402979079544,2.941062149571578
491.26402979079546,2.9449626452200315
491.3640297907955,2.9489125935171607
491.4640297907955,2.9529127058657347
491.56402979079553,2.9569636886275203
491.66402979079555,2.9610662428478305
491.7640297907956,2.9652210639767844
491.8640297907956,2.969428841587276
491.9640297907956,2.9736902590895804
492.06402979079564,2.9780059934425838
492.16402979079567,2.9823767148615805
492.2640297907957,2.9868030865226047
492.3640297907957,2.9912857642632598
492.46402979079573,2.995825396279992
492.56402979079576,3.000422622821789
492.6640297907958,3.00507807588024
492.7640297907958,3.0097923788759404
492.8640297907958,3.0145661463411826
492.96402979079585,3.0193999835989054
493.06402979079587,3.0242944864378623
493.1640297907959,3.029250240783968
493.2640297907959,3.0342678223677857
493.36402979079594,3.0393477963881255
493.46402979079596,3.044490717171716
493.564029790796,3.049697127828912
493.664029790796,3.054967559905415
493.76402979079603,3.0603025330299736
493.86402979079605,3.065702554558025
493.9640297907961,3.0711681192112743
494.0640297907961,3.076699708713165
494.1640297907961,3.0822977914202365
494.26402979079614,3.087962821949337
494.36402979079617,3.093695240800687
494.4640297907962,3.0994954739767717
494.5640297907962,3.105363932597066
494.66402979079623,3.1113010125085667
494.76402979079626,3.1173070938921557
494.8640297907963,3.12338254086477
494.9640297907963,3.129527701077412
495.0640297907963,3.1357429053089856
495.16402979079635,3.142028467056002
495.26402979079637,3.148384682118151
495.3640297907964,3.154811828179788
495.4640297907964,3.1613101643873556
495.56402979079644,3.1678799309227834
495.66402979079646,3.1745213485729167
495.7640297907965,3.1812346182950253
495.8640297907965,3.1880199207784483
495.96402979079653,3.1948774160024516
496.06402979079655,3.2018072427903688
496.1640297907966,3.20880951836011
496.2640297907966,3.2158843378711395
496.3640297907966,3.2230317739680117
496.46402979079664,3.2302518763205934
496.56402979079667,3.23754467116108
496.6640297907967,3.2449101608179474
496.7640297907967,3.2523483232469843
496.86402979079674,3.259859111559546
496.96402979079676,3.267442453548215
497.0640297907968,3.2750982512100286
497.1640297907968,3.2828263802674793
497.2640297907968,3.290626689687475
497.36402979079685,3.2984990011984965
497.46402979079687,3.3064431088061585
497.5640297907969,3.3144587783074404
497.6640297907969,3.322545746803831
497.76402979079694,3.33070372221367
497.86402979079696,3.338932382783972
497.964029790797,3.3472313766020343
498.064029790797,3.3556003211071626
498.16402979079703,3.3640388026028387
498.26402979079705,3.3725463757696907
498.3640297907971,3.3811225631796464
498.4640297907971,3.3897668548116404
498.5640297907971,3.3984787075693097
498.66402979079714,3.407257544801077
498.76402979079717,3.416102755823094
498.8640297907972,3.4250136954454855
498.9640297907972,3.4339896835023964
499.06402979079724,3.443030004386336
499.16402979079726,3.452133906587345
499.2640297907973,3.461300602237534
499.3640297907973,3.470529266661547
499.4640297907973,3.479819037933546
499.56402979079735,3.4891690164413105
499.6640297907974,3.4985782644580925
499.7640297907974,3.5080458057228525
499.8640297907974,3.5175706250295677
499.96402979079744,3.5271516678262738
500.06402979079746,3.536787839824571
500.1640297907975,3.5464780066203163
500.2640297907975,3.5562209933262356
500.36402979079753,3.56601558421725
500.46402979079755,3.5758605223892834
500.5640297907976,3.5857545094323746
500.6640297907976,3.595696205118905
500.7640297907976,3.6056842271078042
500.86402979079764,3.6157171506655805
500.96402979079767,3.6257935084050725
501.0640297907977,3.635911790042802
501.1640297907977,3.6460704421758567
501.26402979079774,3.656267868079218
501.36402979079776,3.66650242752449
501.4640297907978,3.676772436620966
501.5640297907978,3.6870761676800243
501.6640297907978,3.6974118491037977
501.76402979079785,3.7077776652991496
501.8640297907979,3.7181717566179073
501.9640297907979,3.728592219324385
502.0640297907979,3.7390371055911995
502.16402979079794,3.749504423524379
502.26402979079796,3.7599921372187977
502.364029790798,3.7704981668449293
502.464029790798,3.78102038876796
502.56402979079803,3.7915566357002386
502.66402979079805,3.802104696888097
502.7640297907981,3.8126623183340165
502.8640297907981,3.8232272030551355
502.9640297907981,3.833797011379071
503.06402979079814,3.844369361278014
503.16402979079817,3.8549418287420294
503.2640297907982,3.865511948192504
503.3640297907982,3.8760772129366208
503.46402979079824,3.8866350756637367
503.56402979079826,3.897182948984521
503.6640297907983,3.9077182060136617
503.7640297907983,3.9182381809969105
503.8640297907983,3.9287401699832296
503.96402979079835,3.939221431542721
504.0640297907984,3.9496791875310246
504.1640297907984,3.9601106239007686
504.2640297907984,3.970512891560669
504.36402979079844,3.980883107282757
504.46402979079846,3.9912183546582183
504.5640297907985,4.001515685102226
504.6640297907985,4.011772118908101
504.76402979079853,4.021984646351081
504.86402979079855,4.032150228841886
504.9640297907986,4.042265800130212
505.0640297907986,4.052328267558221
505.1640297907986,4.06233451336398
505.26402979079865,4.072281396034774
505.36402979079867,4.082165751710075
505.4640297907987,4.091984395633923
505.5640297907987,4.101734123656341
505.66402979079874,4.111411713783336
505.76402979079876,4.1210139277749365
505.8640297907988,4.130537512790633
505.9640297907988,4.139979203081484
506.0640297907988,4.149335721728025
506.16402979079885,4.158603782423081
506.2640297907989,4.16778009129841
506.3640297907989,4.176861348794046
506.4640297907989,4.185844251569091
506.56402979079894,4.1947254944526
506.66402979079896,4.203501772433099
506.764029790799,4.212169782685182
506.864029790799,4.22072622663149
506.96402979079903,4.229167812038342
507.06402979079905,4.2374912551430794
507.1640297907991,4.245693282811198
507.2640297907991,4.2537706347211435
507.3640297907991,4.2617200655746155
507.46402979079915,4.269538347330066
507.56402979079917,4.277222271457049
507.6640297907992,4.2847686512089265
507.7640297907992,4.292174323911379
507.86402979079924,4.299436153264079
507.96402979079926,4.306551031652787
508.0640297907993,4.313515882469078
508.1640297907993,4.320327662434805
508.2640297907993,4.32698336392835
508.36402979079935,4.333480017309665
508.4640297907994,4.339814693240997
508.5640297907994,4.345984505000215
508.6640297907994,4.351986610783524
508.76402979079944,4.357818215994386
508.86402979079946,4.363476575515372
508.9640297907995,4.368958995959703
509.0640297907995,4.374262837899154
509.16402979079953,4.379385518065042
509.26402979079955,4.384324511518952
509.3640297907996,4.389077353789937
509.4640297907996,4.393641642974839
509.5640297907996,4.39801504179849
509.66402979079965,4.40219527963052
509.76402979079967,4.406180154455542
509.8640297907997,4.409967534793546
509.9640297907997,4.413555361567373
510.06402979079974,4.416941649914176
510.16402979079976,4.420124490937888
510.2640297907998,4.423102053399747
510.3640297907998,4.425872585344033
510.4640297907998,4.428434415656257
510.56402979079985,4.430785955551144
510.6640297907999,4.432925699987833
510.7640297907999,4.434852229009876
510.8640297907999,4.4365642090076784
510.96402979079994,4.438060393901196
511.06402979079996,4.439339626240819
511.1640297908,4.440400838224483
511.2640297908,4.441243052629255
511.36402979080003,4.441865383655717
511.46402979080005,4.442267037683677
511.5640297908001,4.442447313937862
511.6640297908001,4.442405605062437
511.7640297908001,4.442141397603327
511.86402979080015,4.441654272397505
511.96402979080017,4.440943904868596
512.0640297908002,4.439932731205326
512.1640297908002,4.438345238065356
512.2640297908002,4.436157593978663
512.3640297908003,4.433371006491182
512.4640297908003,4.429987312121578
512.5640297908003,4.4260089712872075
512.6640297908003,4.421439061645374
512.7640297908004,4.416281269881744
512.8640297908004,4.410539881985073
512.9640297908004,4.404219772054296
513.0640297908004,4.3973263896906065
513.1640297908004,4.389865746033375
513.2640297908005,4.3818443985045015
513.3640297908005,4.373269434331034
513.4640297908005,4.364148452920731
513.5640297908005,4.35448954716943
513.6640297908006,4.344301283782782
513.7640297908006,4.333592682698042
513.8640297908006,4.322373195694121
513.9640297908006,4.310652684280044
514.0640297908006,4.298441396953352
514.1640297908007,4.285749945920713
514.2640297908007,4.272589283373277
514.3640297908007,4.258970677408908
514.4640297908007,4.2449056876926194
514.5640297908008,4.230406140945077
514.6640297908008,4.215484106347265
514.7640297908008,4.200151870946993
514.8640297908008,4.184421915150297
514.9640297908009,4.1683068883776055
515.0640297908009,4.15181958496113
515.1640297908009,4.134972920356188
515.2640297908009,4.11777990773512
515.3640297908009,4.100253635028287
515.464029790801,4.082407242472145
515.564029790801,4.064253900719889
515.664029790801,4.045806789565449
515.764029790801,4.027079077326931
515.864029790801,4.008083900930785
515.9640297908011,3.988834346733249
516.0640297908011,3.9693434321108936
516.1640297908011,3.94962408784741
516.2640297908011,3.929689141339231
516.3640297908012,3.9095513006381273
516.4640297908012,3.8892231393445913
516.5640297908012,3.868717082361693
516.6640297908012,3.8480453925151057
516.7640297908013,3.8272201580412197
516.8640297908013,3.8062532809417036
516.9640297908013,3.7851564661994814
517.0640297908013,3.763941211847993
517.1640297908014,3.7426187998826634
517.2640297908014,3.7212002880008375
517.3640297908014,3.6996965021540054
517.4640297908014,3.678118029893891
517.5640297908014,3.6564752144920236
517.6640297908015,3.634778149810625
517.7640297908015,3.613036675901116
517.8640297908015,3.5912603753051986
517.9640297908015,3.569458570032366
518.0640297908016,3.5476403191867574
518.1640297908016,3.525814417215517
518.2640297908016,3.503989392750291
518.3640297908016,3.4821735080130813
518.4640297908016,3.4603747587574345
518.5640297908017,3.438600874715892
518.6640297908017,3.416859320524629
518.7640297908017,3.39515729709644
518.8640297908017,3.373501743413463
518.9640297908018,3.3518993387114757
519.0640297908018,3.330356505028064
519.1640297908018,3.3088794100875325
519.2640297908018,3.2874739704960856
519.3640297908019,3.2661458552215104
519.4640297908019,3.244900489332363
519.5640297908019,3.2237430579724746
519.6640297908019,3.2026785105474374
519.7640297908019,3.1817115651006427
519.864029790802,3.1608467128573023
519.964029790802,3.140088222915877
520.064029790802,3.1194401470672135
520.164029790802,3.0989063247226776
520.264029790802,3.078490387933495
520.3640297908021,3.0581957664844737
520.4640297908021,3.0380256930461864
520.5640297908021,3.0179832083706506
520.6640297908021,2.9980711665164237
520.7640297908022,2.978292240089934
520.8640297908022,2.958648925490738
520.9640297908022,2.9391435481492354
521.0640297908022,2.9197782677462025
521.1640297908023,2.900555083404295
521.2640297908023,2.881475838842444
521.3640297908023,2.862542227484812
521.4640297908023,2.8437557975166765
521.5640297908024,2.8251179568803044
521.6640297908024,2.806629978204514
521.7640297908024,2.7882930036622717
521.8640297908024,2.770108049751222
521.9640297908024,2.752076011992642
522.0640297908025,2.7341976695448396
522.1640297908025,2.7164736897274917
522.2640297908025,2.69890463245393
522.3640297908025,2.6814909545687877
522.4640297908026,2.6642330140888806
522.5640297908026,2.647131074345541
522.6640297908026,2.6301853080270368
522.7640297908026,2.6133958011199994
522.8640297908026,2.5967625567491535
522.9640297908027,2.5802854989148805
523.0640297908027,2.563964476128469
523.1640297908027,2.5477992649451164
523.2640297908027,2.531789573395
523.3640297908028,2.515935044312945
523.4640297908028,2.50023525856738
523.5640297908028,2.4846897381894975
523.6640297908028,2.469297949403643
523.7640297908029,2.454059305560134
523.8640297908029,2.438973169971823
523.9640297908029,2.4240388586558264
524.0640297908029,2.409255642981968
524.1640297908029,2.394622752229546
524.264029790803,2.380139376054119
524.364029790803,2.3658046668660933
524.464029790803,2.3516177421229036
524.564029790803,2.3375776865366853
524.664029790803,2.3236835541993273
524.7640297908031,2.3099343706268476
524.8640297908031,2.296329134725059
524.9640297908031,2.2828668206784872
525.0640297908031,2.2695463797645523
525.1640297908032,2.256366742094982
525.2640297908032,2.243326818286467
525.3640297908032,2.2304255010625376
525.4640297908032,2.2176616667886258
525.5640297908033,2.2050341769423056
525.6640297908033,2.192541879520623
525.7640297908033,2.1801836103864587
525.8640297908033,2.1679581945558195
525.9640297908034,2.1558644474279354
526.0640297908034,2.1439011759600026
526.1640297908034,2.1320671797883937
526.2640297908034,2.1203612522981135
526.3640297908034,2.108782181642258
526.4640297908035,2.0973287517131847
526.5640297908035,2.0859997430670756
526.6640297908035,2.0747939338035355
526.7640297908035,2.063710100401835
526.8640297908036,2.0527470185153525
526.9640297908036,2.0419034637257623
527.0640297908036,2.0311782122584416
527.1640297908036,2.0205700416605565
527.2640297908036,2.0100777314432343
527.3640297908037,1.9997000636892053
527.4640297908037,1.989435823627232
527.5640297908037,1.9792838001746373
527.6640297908037,1.969242786449183
527.7640297908038,1.959311580251521
527.8640297908038,1.9494889845193977
527.9640297908038,1.9397738077547637
528.0640297908038,1.930164864424893
528.1640297908039,1.9206609753385941
528.2640297908039,1.911260967998544
528.3640297908039,1.9019636769307602
528.4640297908039,1.8927679439921752
528.5640297908039,1.883672618657258
528.664029790804,1.8746765582845861
528.764029790804,1.865778628364248
528.864029790804,1.8569777027469119
528.964029790804,1.8482726638553912
529.064029790804,1.8396624028794744
529.1640297908041,1.831145819954791
529.2640297908041,1.8227218243264365
529.3640297908041,1.814389334498059
529.4640297908041,1.8061472783670869
529.5640297908042,1.7979945933467458
529.6640297908042,1.7899302264754948
529.7640297908042,1.7819531345144808
529.8640297908042,1.774062284033592
529.9640297908043,1.7662566514866676
530.0640297908043,1.7585352232763998
530.1640297908043,1.750896995809438
530.2640297908043,1.743340975542194
530.3640297908044,1.735866179017819
530.4640297908044,1.7284716328948042
530.5640297908044,1.7211563739676525
530.6640297908044,1.7139194491800227
530.7640297908044,1.7067599156307618
530.8640297908045,1.6996768405732046
530.9640297908045,1.692669301408107
531.0640297908045,1.68573638567057
531.1640297908045,1.67887719101129
531.2640297908046,1.6720908251724602
531.3640297908046,1.6653764059586316
531.4640297908046,1.6587330612028335
531.5640297908046,1.6521599287282323
531.6640297908046,1.6456561563056042
531.7640297908047,1.639220901606877
531.8640297908047,1.6328533321549943
531.9640297908047,1.6265526252703324
532.0640297908047,1.6203179680139028
532.1640297908048,1.6141485571275487
532.2640297908048,1.6080435989713506
532.3640297908048,1.6020023094584281
532.4640297908048,1.5960239139873353
532.5640297908049,1.590107647372219
532.6640297908049,1.5842527537709212
532.7640297908049,1.5784584866111742
532.8640297908049,1.57272410851506
532.964029790805,1.567048891221868
533.064029790805,1.5614321155094966
533.164029790805,1.5558730711145334
533.264029790805,1.5503710566511397
533.364029790805,1.5449253795288576
533.4640297908051,1.53953535586946
533.5640297908051,1.5342003104229476
533.6640297908051,1.5289195764827985
533.7640297908051,1.5236924958005686
533.8640297908051,1.5185184184999363
533.9640297908052,1.5133967029902786
534.0640297908052,1.5083267158798632
534.1640297908052,1.503307831888736
534.2640297908052,1.4983394337613807
534.3640297908053,1.4934209121792144
534.4640297908053,1.488551665672997
534.5640297908053,1.4837311005352114
534.6640297908053,1.4789586307324711
534.7640297908054,1.4742336778180207
534.8640297908054,1.4695556708443762
534.9640297908054,1.464924046276153
535.0640297908054,1.4603382479031386
535.1640297908054,1.4557977267536424
535.2640297908055,1.4513019410081727
535.3640297908055,1.4468503559134767
535.4640297908055,1.4424424436969785
535.5640297908055,1.438077683481655
535.6640297908056,1.433755561201373
535.7640297908056,1.429475569516725
535.8640297908056,1.4252372077313902
535.9640297908056,1.4210399817090411
536.0640297908056,1.416883403790827
536.1640297908057,1.412766992713451
536.2640297908057,1.4086902735278644
536.3640297908057,1.4046527775185984
536.4640297908057,1.4006540421237443
536.5640297908058,1.396693610855606
536.6640297908058,1.392771033222036
536.7640297908058,1.388885864648465
536.8640297908058,1.3850376664006452
536.9640297908059,1.381226005508109
537.0640297908059,1.3774504546883595
537.1640297908059,1.3737105922718014
537.2640297908059,1.3700060021274125
537.364029790806,1.3663362735891744
537.464029790806,1.3627010013832566
537.564029790806,1.3590997855559688
537.664029790806,1.3555322314024774
537.764029790806,1.3519979493962961
537.8640297908061,1.3484965551195502
537.9640297908061,1.3450276691940146
538.0640297908061,1.341590917212932
538.1640297908061,1.3381859296736096
538.2640297908061,1.3348123419107902
538.3640297908062,1.3314697940308067
538.4640297908062,1.3281579308465092
538.5640297908062,1.3248764018129706
538.6640297908062,1.3216248609639645
538.7640297908063,1.3184029668492148
538.8640297908063,1.3152103824724162
538.9640297908063,1.312046775230018
539.0640297908063,1.3089118168507714
539.1640297908064,1.3058051833360365
539.2640297908064,1.3027265549008422
539.3640297908064,1.2996756159156981
539.4640297908064,1.2966520548491518
539.5640297908064,1.293655564211087
539.6640297908065,1.2906858404967565
539.7640297908065,1.2877425841315484
539.8640297908065,1.2848254994164747
539.9640297908065,1.2819342944743815
540.0640297908066,1.2790686811968703
540.1640297908066,1.2762283751919303
540.2640297908066,1.273413095732269
540.3640297908066,1.2706225657043395
540.4640297908066,1.2678565115580573
540.5640297908067,1.2651146632571977
540.6640297908067,1.26239675423047
540.7640297908067,1.2597025213232609
540.8640297908067,1.2570317047500397
540.9640297908068,1.2543840480474193
541.0640297908068,1.2517592980278662
541.1640297908068,1.249157204734051
541.2640297908068,1.2465775213938346
541.3640297908069,1.2440200043758831
541.4640297908069,1.2414844131459013
541.5640297908069,1.2389705102234811
541.6640297908069,1.2364780611395565
541.764029790807,1.2340068343944584
541.864029790807,1.2315566014165606
541.964029790807,1.2291271365215135
542.064029790807,1.2267182168720532
542.164029790807,1.2243296224383848
542.2640297908071,1.2219611359591278
542.3640297908071,1.2196125429028202
542.4640297908071,1.2172836314299713
542.5640297908071,1.2149741923556603
542.6640297908071,1.2126840191126678
542.7640297908072,1.21041290771514
542.8640297908072,1.2081606567227734
542.9640297908072,1.2059270672055153
543.0640297908072,1.203711942708776
543.1640297908073,1.2015150892191384
543.2640297908073,1.1993363151305683
543.3640297908073,1.1971754312111091
543.4640297908073,1.1950322505700623
543.5640297908074,1.1929065886256414
543.6640297908074,1.190798263073096
543.7640297908074,1.1887070938532993
543.8640297908074,1.1866329031217908
543.9640297908074,1.1845755152182698
544.0640297908075,1.1825347566365327
544.1640297908075,1.1805104559948485
544.2640297908075,1.1785024440067642
544.3640297908075,1.1765105534523381
544.4640297908076,1.17453461914979
544.5640297908076,1.1725744779275675
544.6640297908076,1.1706299685968165
544.7640297908076,1.1687009319242572
544.8640297908076,1.166787210605454
544.9640297908077,1.1648886492384751
545.0640297908077,1.1630050942979393
545.1640297908077,1.1611363941094395
545.2640297908077,1.1592823988243404
545.3640297908078,1.1574429603949457
545.4640297908078,1.1556179325500264
545.5640297908078,1.1538071707707078
545.6640297908078,1.152010532266708
545.7640297908079,1.1502278759529236
545.8640297908079,1.148459062426359
545.9640297908079,1.1467039539433892
546.0640297908079,1.1449624143973582
546.164029790808,1.143234309296503
