422.66402979077986,0.1297844690236287
422.7640297907799,0.13006490645080257
422.8640297907799,0.13034624230543407
422.96402979077993,0.13062848037873806
423.06402979077995,0.13091162448166957
423.16402979078,0.13119567844504523
423.26402979078,0.13148064611966603
423.36402979078,0.13176653137644037
423.46402979078005,0.1320533381065084
423.56402979078007,0.1323410702213671
423.6640297907801,0.13262973165299635
423.7640297907801,0.13291932635398568
423.86402979078014,0.1332098582976621
423.96402979078016,0.1335013314782188
424.0640297907802,0.13379374991084483
424.1640297907802,0.13408711763185546
424.2640297907802,0.13438143869882382
424.36402979078025,0.13467671719071317
424.4640297907803,0.13497295720801045
424.5640297907803,0.1352701628728603
424.6640297907803,0.1355683383292005
424.76402979078034,0.1358674877428984
424.86402979078036,0.1361676153018876
424.9640297907804,0.13646872521630665
425.0640297907804,0.13677082171863802
425.16402979078043,0.13707390906384842
425.26402979078046,0.1373779915295298
425.3640297907805,0.1376830734160418
425.4640297907805,0.13798915904665474
425.5640297907805,0.13829625276769428
425.66402979078055,0.13860435894868628
425.76402979078057,0.13891348198250353
425.8640297907806,0.13922362628551302
425.9640297907806,0.13953479629772458
426.06402979078064,0.13984699648294022
426.16402979078066,0.14016023132890498
426.2640297907807,0.1404745053474587
426.3640297907807,0.14078982307468876
426.4640297907807,0.1411061890710841
426.56402979078075,0.14142360792169031
426.6640297907808,0.14174208423626597
426.7640297907808,0.14206162264943983
426.8640297907808,0.1423822278208694
426.96402979078084,0.1427039044354006
427.06402979078086,0.14302665720322874
427.1640297907809,0.14335049086006027
427.2640297907809,0.1436754101672762
427.36402979078093,0.1440014199120963
427.46402979078096,0.14432852490774514
427.564029790781,0.14465672999361825
427.664029790781,0.14498604003545065
427.764029790781,0.14531645992548609
427.86402979078105,0.14564799458264735
427.96402979078107,0.1459806489527082
428.0640297907811,0.1463144280084664
428.1640297907811,0.14664933674991815
428.26402979078114,0.14698538020443355
428.36402979078116,0.14732256342693353
428.4640297907812,0.14766089150006811
428.5640297907812,0.1480003695343962
428.6640297907812,0.1483410026685659
428.76402979078125,0.14868279606949733
428.8640297907813,0.14902575493256576
428.9640297907813,0.14936988448178692
429.0640297907813,0.14971518997000308
429.16402979078134,0.1500616766790707
429.26402979078136,0.15040934992004965
429.3640297907814,0.15075821503339396
429.4640297907814,0.15110827738914323
429.56402979078143,0.15145954238711637
429.66402979078146,0.1518120154571065
429.7640297907815,0.1521657020590768
429.8640297907815,0.15252060768335873
429.9640297907815,0.15287673785085093
430.06402979078155,0.1532340981132202
430.16402979078157,0.15359269405310344
430.2640297907816,0.15395253128431174
430.3640297907816,0.15431361545203529
430.46402979078164,0.1546759522330507
430.56402979078166,0.1550395473359289
430.6640297907817,0.15540440650124543
430.7640297907817,0.1557705355017918
430.86402979078173,0.15613794014278887
430.96402979078175,0.15650662626210143
431.0640297907818,0.15687659973045448
431.1640297907818,0.1572478664516517
431.2640297907818,0.1576204323627947
431.36402979078184,0.15799430343450446
431.46402979078186,0.15836948567114453
431.5640297907819,0.15874598511104573
431.6640297907819,0.1591238078267324
431.76402979078193,0.15950295992515076
431.86402979078196,0.15988344754789865
431.964029790782,0.16026527687145756
432.064029790782,0.16064845410742545
432.164029790782,0.16103298550275258
432.26402979078205,0.161418877339978
432.36402979078207,0.161806135937469
432.4640297907821,0.16219476764966112
432.5640297907821,0.1625847788673009
432.66402979078214,0.1629761760176906
432.76402979078216,0.16336896556493388
432.8640297907822,0.16376315401018432
432.9640297907822,0.16415874789189527
433.06402979078223,0.16455575378607212
433.16402979078225,0.1649541783065258
433.2640297907823,0.16535402810512906
433.3640297907823,0.16575530987207396
433.4640297907823,0.16615803033613216
433.56402979078234,0.16656219626491636
433.66402979078237,0.16696781446514447
433.7640297907824,0.1673748917829054
433.8640297907824,0.16778343510392724
433.96402979078243,0.16819345135384708
434.06402979078246,0.16860494749848343
434.1640297907825,0.16901793054411032
434.2640297907825,0.16943240753773406
434.3640297907825,0.16984838556737142
434.46402979078255,0.1702658717623306
434.56402979078257,0.1706848732934944
434.6640297907826,0.1711053973736049
434.7640297907826,0.1715274512575512
434.86402979078264,0.17195104224265903
434.96402979078266,0.17237617766898267
435.0640297907827,0.172802864919599
435.1640297907827,0.17323111142090417
435.26402979078273,0.17366092464291236
435.36402979078275,0.17409231209955708
435.4640297907828,0.17452528134899464
435.5640297907828,0.17495983999391004
435.6640297907828,0.1753959956818254
435.76402979078284,0.17583375610541097
435.86402979078287,0.17627312900279793
435.9640297907829,0.17671412215789442
436.0640297907829,0.17715674340070386
436.16402979078293,0.17760100060764536
436.26402979078296,0.17804690170187723
436.364029790783,0.17849445465362265
436.464029790783,0.17894366748049848
436.564029790783,0.17939454824784581
436.66402979078305,0.17984710506906398
436.76402979078307,0.1803013461059466
436.8640297907831,0.18075727956902107
436.9640297907831,0.18121491371788964
437.06402979078314,0.1816742568615744
437.16402979078316,0.18213531735886385
437.2640297907832,0.1825981036186638
437.3640297907832,0.18306262410034907
437.46402979078323,0.18352888731411965
437.56402979078325,0.18399690182135928
437.6640297907833,0.1844666762349962
437.7640297907833,0.18493821921986783
437.8640297907833,0.18541153949308764
437.96402979078334,0.1858866458244154
438.06402979078337,0.18636354703663005
438.1640297907834,0.1868422520059059
438.2640297907834,0.18732276966219163
438.36402979078343,0.18780510898959266
438.46402979078346,0.18828927902675602
438.5640297907835,0.18877528886725894
438.6640297907835,0.1892631476600002
438.7640297907835,0.18975286460959526
438.86402979078355,0.19024444897677328
438.96402979078357,0.19073791007877872
439.0640297907836,0.19123325728977583
439.1640297907836,0.1917305000412559
439.26402979078364,0.1922296478224483
439.36402979078366,0.19273071018073476
439.4640297907837,0.1932336967220672
439.5640297907837,0.19373861711138848
439.66402979078373,0.19424548107305706
439.76402979078375,0.19475429839127487
439.8640297907838,0.19526507891051895
439.9640297907838,0.1957778325359761
440.0640297907838,0.19629256923398175
440.16402979078384,0.19680929903246175
440.26402979078387,0.19732803202137847
440.3640297907839,0.1978487783531799
440.4640297907839,0.19837154824325293
440.56402979078393,0.19889635197038005
440.66402979078396,0.19942319987720017
440.764029790784,0.19995210237067262
440.864029790784,0.2004830699225455
440.964029790784,0.20101611306982806
441.06402979078405,0.2015512424152661
441.16402979078407,0.20208846862782207
441.2640297907841,0.2026278024431591
441.3640297907841,0.2031692546641287
441.46402979078414,0.20371283616126262
441.56402979078416,0.2042585578732688
441.6640297907842,0.2048064308075314
441.7640297907842,0.20535646604061547
441.86402979078423,0.20590867471877466
441.96402979078425,0.20646306805846448
442.0640297907843,0.2070196573468586
442.1640297907843,0.20757845394237082
442.2640297907843,0.20813946927518004
442.36402979078434,0.20870271484776026
442.46402979078437,0.2092682022354154
442.5640297907844,0.2098359430868174
442.6640297907844,0.21040594912455018
442.76402979078443,0.21097823214565728
442.86402979078446,0.21155280402219429
442.9640297907845,0.212129676701786
443.0640297907845,0.2127088622081881
443.1640297907845,0.21329037264185405
443.26402979078455,0.21387422018050561
443.36402979078457,0.21446041707970953
443.4640297907846,0.21504897567345815
443.5640297907846,0.21563990837475544
443.66402979078464,0.21623322767620717
443.76402979078466,0.21682894615061746
443.8640297907847,0.21742707645158865
443.9640297907847,0.21802763131412786
444.06402979078473,0.21863062355525753
444.16402979078475,0.21923606607463142
444.2640297907848,0.21984397185515636
444.3640297907848,0.2204543539636185
444.4640297907848,0.22106722555131536
444.56402979078484,0.22168259985469296
444.66402979078487,0.22230049019598883
444.7640297907849,0.22292090998387978
444.8640297907849,0.22354387271413587
444.96402979078493,0.22416939197027935
445.06402979078496,0.22479748142424982
445.164029790785,0.22542815483707457
445.264029790785,0.2260614260595449
445.364029790785,0.22669730903289795
445.46402979078505,0.2273358177895049
445.56402979078507,0.22797696645356447
445.6640297907851,0.22862076924180252
445.7640297907851,0.22926724046417804
445.86402979078514,0.2299163945245945
445.96402979078516,0.23056824592161795
446.0640297907852,0.23122280924920088
446.1640297907852,0.23188009919741256
446.26402979078523,0.23254013055317527
446.36402979078525,0.23320291820100753
446.4640297907853,0.23386847712377296
446.5640297907853,0.23453682240343623
446.6640297907853,0.23520796922182513
446.76402979078534,0.23588193286139947
446.86402979078537,0.2365587287060263
446.9640297907854,0.23723837224176242
447.0640297907854,0.23792087905764278
447.16402979078543,0.2386062648464768
447.26402979078546,0.23929454540565046
447.3640297907855,0.23998573663793618
447.4640297907855,0.24067985455230945
447.5640297907855,0.24137691526477226
447.66402979078555,0.24207693499918442
447.76402979078557,0.24277993008810114
447.8640297907856,0.24348591697361885
447.9640297907856,0.24419491220822756
448.06402979078564,0.2449069324556713
448.16402979078566,0.24562199449181565
448.2640297907857,0.24634011520552318
448.3640297907857,0.2470613115995359
448.46402979078573,0.24778560079136655
448.56402979078575,0.24851300001419613
448.6640297907858,0.24924352661778104
448.7640297907858,0.2499771980693666
448.8640297907858,0.25071403195460945
448.96402979078584,0.2514540459785081
449.06402979078587,0.2521972579663409
449.1640297907859,0.25294368586461313
449.2640297907859,0.25369334774201174
449.36402979078593,0.25444626179036905
449.46402979078596,0.2552024463256341
449.564029790786,0.25596191978885374
449.664029790786,0.25672470074716125
449.764029790786,0.25749080789477424
449.86402979078605,0.2582602600540013
449.96402979078607,0.2590330761762575
450.0640297907861,0.25980927534308856
450.1640297907861,0.2605888767672048
450.26402979078614,0.26137189979352343
450.36402979078616,0.2621583639002205
450.4640297907862,0.26294828869979225
450.5640297907862,0.26374169394012537
450.66402979078623,0.26453859950557734
450.76402979078625,0.265339025418066
450.8640297907863,0.2661429918381689
450.9640297907863,0.26695051906623224
451.0640297907863,0.2677616275434902
451.16402979078634,0.2685763378531933
451.26402979078637,0.2693946707217479
451.3640297907864,0.2702166470198648
451.4640297907864,0.271042287763719
451.56402979078644,0.27187161411611893
451.66402979078646,0.27270464738768685
451.7640297907865,0.27354140903804935
451.8640297907865,0.27438192067703865
451.9640297907865,0.2752262040659044
452.06402979078655,0.2760742811185369
452.16402979078657,0.27692617390270036
452.2640297907866,0.277781904641278
452.3640297907866,0.2786414957135279
452.46402979078664,0.2795049696563503
452.56402979078666,0.28037234916556586
452.6640297907867,0.28124365709720595
452.7640297907867,0.28211891646881426
452.86402979078673,0.2829981504607597
452.96402979078675,0.28388138241756194
453.0640297907868,0.28476863584922807
453.1640297907868,0.2856599344326017
453.2640297907868,0.286555302012724
453.36402979078684,0.28745476260420744
453.46402979078687,0.28835834039262076
453.5640297907869,0.2892660597358881
453.6640297907869,0.2901779451656993
453.76402979078694,0.29109402138893337
453.86402979078696,0.2920143132890954
453.964029790787,0.2929388459277652
454.064029790787,0.2938676445460604
454.164029790787,0.2948007345661116
454.26402979078705,0.29573814159255174
454.3640297907871,0.2966798914140181
454.4640297907871,0.29762601000466904
454.5640297907871,0.2985765235257127
454.66402979078714,0.2995314583269516
454.76402979078716,0.3004908409483396
454.8640297907872,0.30145469812155395
454.9640297907872,0.3024230567715807
455.06402979078723,0.30339594401831566
455.16402979078725,0.30437338717817863
455.2640297907873,0.3053554137657431
455.3640297907873,0.3063420514953808
455.4640297907873,0.30733332828292
455.56402979078734,0.30832927224732076
455.66402979078737,0.3093299117123636
455.7640297907874,0.310335275208355
455.8640297907874,0.3113453914738467
455.96402979078744,0.3123602894573729
456.06402979078746,0.31337999831920055
456.1640297907875,0.31440454743309854
456.2640297907875,0.31543396638811994
456.3640297907875,0.31646828499040336
456.46402979078755,0.31750753326498804
456.5640297907876,0.31855174145764786
456.6640297907876,0.31960094003674006
456.7640297907876,0.32065515969507236
456.86402979078764,0.321714431351786
456.96402979078766,0.3227787861542565
457.0640297907877,0.3238482554800116
457.1640297907877,0.32492287093866684
457.26402979078773,0.32600266437387837
457.36402979078775,0.327087667865314
457.4640297907878,0.3281779137306425
457.5640297907878,0.3292734345275396
457.6640297907878,0.33037426305571455
457.76402979078784,0.3314804323589529
457.86402979078787,0.3325919757271799
457.9640297907879,0.3337089266985411
458.0640297907879,0.33483131906150304
458.16402979078794,0.33595918685697235
458.26402979078796,0.3370925643804353
458.364029790788,0.33823148618411536
458.464029790788,0.3393759870791518
458.564029790788,0.34052610213779744
458.66402979078805,0.34168186669563666
458.7640297907881,0.34284331635382376
458.8640297907881,0.3440104869813417
458.9640297907881,0.34518341471728115
459.06402979078814,0.34636213597314097
459.16402979078816,0.3475466874351495
459.2640297907882,0.3487371060666061
459.3640297907882,0.3499334291102458
459.46402979078823,0.3511356940906239
459.56402979078825,0.35234393881652365
459.6640297907883,0.35355820138338434
459.7640297907883,0.35477852017575356
459.8640297907883,0.35600493386975984
459.96402979078835,0.35723748143560935
460.06402979078837,0.3584762021401041
460.1640297907884,0.35972113554918445
460.2640297907884,0.36097232153049374
460.36402979078844,0.36222980025596635
460.46402979078846,0.3634936122044402
460.5640297907885,0.36476379816429183
460.6640297907885,0.36604039923609677
460.7640297907885,0.3673234568353126
460.86402979078855,0.3686130126949881
460.9640297907886,0.3699091088684955
461.0640297907886,0.37121178773228874
461.1640297907886,0.37252109198868594
461.26402979078864,0.3738370646686779
461.36402979078866,0.37515974913476113
461.4640297907887,0.37648918908379786
461.5640297907887,0.37782542854990053
461.66402979078873,0.379168511907344
461.76402979078875,0.3805184838735027
461.8640297907888,0.3818753895118148
461.9640297907888,0.3832392742347747
462.0640297907888,0.38461018380694945
462.16402979078885,0.3859881643480259
462.26402979078887,0.3873732623358825
462.3640297907889,0.3887655246096912
462.4640297907889,0.390164998373045
462.56402979078894,0.39157173119711614
462.66402979078896,0.39298577102384014
462.764029790789,0.3944071661691312
462.864029790789,0.39583596532612386
462.964029790789,0.3972722175684461
463.06402979078905,0.39871597235352013
463.1640297907891,0.4001672795258937
463.2640297907891,0.4016261893206009
463.3640297907891,0.4030927523665531
463.46402979078914,0.4045670196899606
463.56402979078916,0.4060490427177838
463.6640297907892,0.40753887328121635
463.7640297907892,0.40903656361919877
463.86402979078923,0.4105421663819634
463.96402979078925,0.41205573463461054
464.0640297907893,0.41357732186071766
464.1640297907893,0.41510698196597834
464.2640297907893,0.41664476928187605
464.36402979078935,0.41819073856938827
464.46402979078937,0.4197449450227248
464.5640297907894,0.4213074442730982
464.6640297907894,0.42287829239252767
464.76402979078944,0.4244575458976768
464.86402979078946,0.4260452617537245
464.9640297907895,0.42764149737826984
465.0640297907895,0.429246310645272
465.1640297907895,0.4308597598890233
465.26402979078955,0.43248190390815766
465.3640297907896,0.4341128019696946
465.4640297907896,0.4357525138131164
465.5640297907896,0.43740109965448387
465.66402979078964,0.43905862019058345
465.76402979078966,0.44072513660311513
465.8640297907897,0.44240071056291186
465.9640297907897,0.44408540423419873
466.06402979078973,0.4457792802788867
466.16402979078975,0.44748240186090427
466.2640297907898,0.4491948326505654
466.3640297907898,0.450916636828976
466.4640297907898,0.4526478790924755
466.56402979078985,0.45438862465711927
466.66402979078987,0.4561389392631967
466.7640297907899,0.45789888917978816
466.8640297907899,0.45966854120936085
466.96402979078994,0.4614479626924021
467.06402979078996,0.4632372215120937
467.16402979079,0.4650363860990219
467.26402979079,0.4668455254359309
467.36402979079,0.46866470906251145
467.46402979079005,0.47049400708023315
467.5640297907901,0.4723334901572131
467.6640297907901,0.47418322953312797
467.7640297907901,0.476043297024163
467.86402979079014,0.47791376502800476
467.96402979079016,0.4797947065288717
468.0640297907902,0.48168619510258787
468.1640297907902,0.4835883049216956
468.26402979079023,0.4855011107606113
468.36402979079025,0.48742468800082156
468.4640297907903,0.48935911263612014
468.5640297907903,0.4913044612778886
468.6640297907903,0.4932608111604167
468.76402979079035,0.49522824014626654
468.86402979079037,0.4972068267316769
468.9640297907904,0.49919665005201236
469.0640297907904,0.5011977898872519
469.16402979079044,0.503210326667523
469.26402979079046,0.505234341478675
469.3640297907905,0.5072699160678991
469.4640297907905,0.5093171328493875
469.5640297907905,0.5113760749100381
469.66402979079055,0.5134468260152005
469.7640297907906,0.515529470614466
469.8640297907906,0.517624093847501
469.9640297907906,0.5197307815499216
470.06402979079064,0.5218496202592147
470.16402979079066,0.523980697220699
470.2640297907907,0.5261241003935319
470.3640297907907,0.5282799184567578
470.46402979079073,0.5304482408154013
470.56402979079076,0.5326291576066016
470.6640297907908,0.5348227597057931
470.7640297907908,0.5370291387329258
470.8640297907908,0.5392483870587321
470.96402979079085,0.5414805978110341
471.06402979079087,0.5437258648810955
471.1640297907909,0.5459842829300156
471.2640297907909,0.5482559473951667
471.36402979079094,0.5505409544966737
471.46402979079096,0.5528394012439368
471.564029790791,0.5551513854421958
471.664029790791,0.5574770056991366
471.764029790791,0.5598163614315416
471.86402979079105,0.5621695528719781
471.9640297907911,0.5645366810755335
472.0640297907911,0.5669178479265856
472.1640297907911,0.5693131561456201
472.26402979079114,0.5717227092960834
472.36402979079116,0.5741466117912806
472.4640297907912,0.5765849689013088
472.5640297907912,0.5790378867600352
472.66402979079123,0.5815054723721095
472.76402979079126,0.5839878336200187
472.8640297907913,0.5864850792711791
472.9640297907913,0.5889973189850661
473.0640297907913,0.591524663320382
473.16402979079135,0.5940672237422595
473.26402979079137,0.5966251126295042
473.3640297907914,0.5991984432818694
473.4640297907914,0.6017873299273693
473.56402979079144,0.6043918877296243
473.66402979079146,0.6070122327952421
473.7640297907915,0.6096484821812299
473.8640297907915,0.6123007539024412
473.9640297907915,0.6149691669390518
474.06402979079155,0.6176538412440687
474.1640297907916,0.6203548977508674
474.2640297907916,0.6230724583807588
474.3640297907916,0.6258066460505832
474.46402979079164,0.6285575846803337
474.56402979079166,0.6313253992008018
474.6640297907917,0.6341102155612515
474.7640297907917,0.6369121607371151
474.86402979079173,0.6397313627377114
474.96402979079176,0.6425679506139871
475.0640297907918,0.6454220544662752
475.1640297907918,0.6482938054520763
475.2640297907918,0.651183335793852
475.36402979079185,0.6540907787868396
475.46402979079187,0.6570162688068762
475.5640297907919,0.6599599413182398
475.6640297907919,0.6629219328814978
475.76402979079194,0.6659023811613689
475.86402979079196,0.6689014249345885
475.964029790792,0.6719192040977842
476.064029790792,0.6749558596753512
476.16402979079203,0.6780115338273337
476.26402979079205,0.6810863698573039
476.3640297907921,0.6841805122202379
476.4640297907921,0.687294106530392
476.5640297907921,0.6904272995691659
476.66402979079214,0.6935802392929638
476.76402979079216,0.6967530748410379
476.8640297907922,0.6999459565433241
476.9640297907922,0.7031590359282557
477.06402979079223,0.7063924657305625
477.16402979079226,0.7096463998990449
477.2640297907923,0.7129209936043257
477.3640297907923,0.7162164032465715
477.4640297907923,0.7195327864631865
477.56402979079235,0.7228703021364692
477.66402979079237,0.7262291104012336
477.7640297907924,0.72960937265239
477.8640297907924,0.7330112515524796
477.96402979079244,0.7364349110391641
478.06402979079246,0.7398805163326613
478.1640297907925,0.7433482339431264
478.2640297907925,0.7468382316779741
478.36402979079253,0.7503506786491366
478.46402979079255,0.7538857452802539
478.5640297907926,0.7574436033137919
478.6640297907926,0.7610244258180844
478.7640297907926,0.7646283871942937
478.86402979079264,0.768255663183283
478.96402979079267,0.7719064308724004
479.0640297907927,0.7755808687021656
479.1640297907927,0.7792791564728543
479.26402979079273,0.7830014753509763
479.36402979079276,0.7867480078756418
479.4640297907928,0.7905189379648068
479.5640297907928,0.7943144509213972
479.6640297907928,0.7981347334393007
479.76402979079285,0.8019799736092221
479.86402979079287,0.8058503609243952
479.9640297907929,0.8097460862861454
480.0640297907929,0.8136673420092948
480.16402979079294,0.8176143218274037
480.26402979079296,0.8215872208978394
480.364029790793,0.8255862358066699
480.464029790793,0.8296115645733652
480.56402979079303,0.8336634066553092
480.66402979079305,0.8377419629521069
480.7640297907931,0.8418474358096797
480.8640297907931,0.8459800290241413
480.9640297907931,0.8501399478454463
481.06402979079314,0.8543273989807981
481.16402979079317,0.8585425905978111
481.2640297907932,0.862785732327416
481.3640297907932,0.8670570352664961
481.46402979079323,0.8713567119802496
481.56402979079326,0.8756849765042592
481.6640297907933,0.8800420443462673
481.7640297907933,0.884428132487639
481.8640297907933,0.888843459384504
481.96402979079335,0.8932882449685665
482.06402979079337,0.8977627106475674
482.1640297907934,0.902267079305392
482.2640297907934,0.9068015753018049
482.36402979079344,0.9113664244718028
482.46402979079346,0.9159618541245697
482.5640297907935,0.9205880930420214
482.6640297907935,0.9252453714769263
482.76402979079353,0.9299339211505846
482.86402979079355,0.9346539752500559
482.9640297907936,0.9394057684249142
483.0640297907936,0.9441895367835202
483.1640297907936,0.9490055178887905
483.26402979079364,0.9538539507534489
483.36402979079367,0.9587350758347439
483.4640297907937,0.9636491350286116
483.5640297907937,0.9685963716632714
483.66402979079373,0.9735770304922295
483.76402979079376,0.9785913576866776
483.8640297907938,0.9836396008272651
483.9640297907938,0.988722008895223
484.0640297907938,0.9938388322628231
484.16402979079385,0.998990322683149
484.26402979079387,1.0041767332791598
484.3640297907939,1.009398318532021
484.4640297907939,1.0146553342686866
484.56402979079394,1.0199480376487018
484.66402979079396,1.0252766871502108
484.764029790794,1.0306415425551387
484.864029790794,1.0360428649335287
484.96402979079403,1.0414809166270051
485.06402979079405,1.0469559612313388
485.1640297907941,1.052468263578091
485.2640297907941,1.058018089715301
485.3640297907941,1.0636057068871998
485.46402979079414,1.069231383512913
485.56402979079417,1.0748953891641324
485.6640297907942,1.0805979945417175
485.7640297907942,1.0863394714512054
485.86402979079423,1.0921200927771932
485.96402979079426,1.097940132456563
486.0640297907943,1.1037998654505157
486.1640297907943,1.109699567715385
486.2640297907943,1.115639516172192
486.36402979079435,1.1216199886749119
486.46402979079437,1.1276412639774116
486.5640297907944,1.1337036216990293
486.6640297907944,1.1398073422887527
486.76402979079444,1.1459527069879636
486.86402979079446,1.1521399977917088
486.9640297907945,1.1583694974084564
487.0640297907945,1.1646414892183024
487.16402979079453,1.1709562572295824
487.26402979079455,1.1773140860338502
487.3640297907946,1.1837152607591803
487.4640297907946,1.1901600670217494
487.5640297907946,1.1966487908756587
487.66402979079464,1.2031817187609433
487.76402979079467,1.2097591374497327
487.8640297907947,1.2163813339905114
487.9640297907947,1.2230485956504307
488.06402979079473,1.229761209855628
488.16402979079476,1.2365194641295025
488.2640297907948,1.2433236460288972
488.3640297907948,1.2501740430781372
488.4640297907948,1.257070942700875
488.56402979079485,1.2640146321496846
488.66402979079487,1.2710053984333574
488.7640297907949,1.2780435282418452
488.8640297907949,1.28512930786879
488.96402979079494,1.2922630231315908
489.06402979079496,1.2994449592889488
489.164029790795,1.306675400955834
489.264029790795,1.313954632015811
489.36402979079503,1.3212829355306739
489.46402979079505,1.328660593647319
489.5640297907951,1.3360878875018058
489.6640297907951,1.3435650971205357
489.7640297907951,1.3510925013184916
489.86402979079514,1.3586703775944746
489.96402979079517,1.3662990020232704
490.0640297907952,1.3739786491446897
490.1640297907952,1.381709591849402
490.26402979079523,1.3894921012615178
490.36402979079526,1.3973264466178323
490.4640297907953,1.405212895143679
490.5640297907953,1.4131517119253156
490.6640297907953,1.42114315977878
490.76402979079535,1.4291874991151436
490.86402979079537,1.4372849878020977
490.9640297907954,1.4454358810217953
491.0640297907954,1.4536404311248896
491.16402979079544,1.4618988874806884
491.26402979079546,1.4702114963233583
491.3640297907955,1.4785785005941094
491.4640297907955,1.4870001397792887
491.56402979079553,1.495476649744305
491.66402979079555,1.5040082625633289
491.7640297907956,1.5125952063446755
491.8640297907956,1.5212377050518215
491.9640297907956,1.5299359783199682
492.06402979079564,1.538690241268091
492.16402979079567,1.5475007043063986
492.2640297907957,1.5563675729391342
492.3640297907957,1.5652910475626542
492.46402979079573,1.5742713232587058
492.56402979079576,1.583308589582847
492.6640297907958,1.5924030303479317
492.7640297907958,1.601554823402605
492.8640297907958,1.610764140404731
492.96402979079585,1.6200311465897026
493.06402979079587,1.6293560005335603
493.1640297907959,1.6387388539108674
493.2640297907959,1.6481798512472765
493.36402979079594,1.6576791296667324
493.46402979079596,1.6672368186332591
493.564029790796,1.676853039687272
493.664029790796,1.6865279061763698
493.76402979079603,1.6962615229805538
493.86402979079605,1.706053986231829
493.9640297907961,1.7159053830281499
494.0640297907961,1.7258157911416647
494.1640297907961,1.7357852787212225
494.26402979079614,1.7458139039891156
494.36402979079617,1.7559017149320189
494.4640297907962,1.7660487489861108
494.5640297907962,1.7762550327163495
494.66402979079623,1.786520581489884
494.76402979079626,1.7968453991435989
494.8640297907963,1.807229477645775
494.9640297907963,1.8176727967518698
495.0640297907963,1.828175323654421
495.16402979079635,1.8387370126270826
495.26402979079637,1.849357804662806
495.3640297907964,1.8600376271061958
495.4640297907964,1.8707763932800596
495.56402979079644,1.881574002106196
495.66402979079646,1.8924303377204583
495.7640297907965,1.9033452690821502
495.8640297907965,1.9143186495778064
495.96402979079653,1.9253503166194301
496.06402979079655,1.9364400912372648
496.1640297907966,1.947587777667178
496.2640297907966,1.9587931629327633
496.3640297907966,1.9700560164222545
496.46402979079664,1.9813760894603742
496.56402979079667,1.99275311487524
496.6640297907967,2.0041868065604644
496.7640297907967,2.0156768590325993
496.86402979079674,2.0272229469840797
496.96402979079676,2.0388247248318487
497.0640297907968,2.0504818262618367
497.1640297907968,2.0621938637695036
497.2640297907968,2.0739604281966497
497.36402979079685,2.085781088264722
497.46402979079687,2.0976553901048596
497.5640297907969,2.1095828567849257
497.6640297907969,2.1215629878338036
497.76402979079694,2.133595258763237
497.86402979079696,2.145679120587522
497.964029790797,2.1578139993413585
498.064029790797,2.1699992955962073
498.16402979079703,2.1822343839755014
498.26402979079705,2.1945186126690714
498.3640297907971,2.206851302947191
498.4640297907971,2.2192317486746256
498.5640297907971,2.231659215825136
498.66402979079714,2.2441329419968477
498.76402979079717,2.2566521359289795
498.8640297907972,2.269215977020393
498.9640297907972,2.2818236148504734
499.06402979079724,2.294474168702861
499.16402979079726,2.30716672709258
499.2640297907973,2.3199003472971182
499.3640297907973,2.3326740548920553
499.4640297907973,2.3454868432918263
499.56402979079735,2.3583376732962638
499.6640297907974,2.37122547264355
499.7640297907974,2.384149135570256
499.8640297907974,2.3971075223791534
499.96402979079744,2.4100994590154996
500.06402979079746,2.423123736652543
500.1640297907975,2.4361791112869864
500.2640297907975,2.449264303345179
500.36402979079753,2.46237799730084
500.46402979079755,2.4755188413051115
500.5640297907976,2.4886854468297814
500.6640297907976,2.501876388324524
500.7640297907976,2.5150902028890223
500.86402979079764,2.528325389960867
500.96402979079767,2.5415804110201305
501.0640297907977,2.554853689311541
501.1640297907977,2.5681436095851895
501.26402979079774,2.581448517856724
501.36402979079776,2.594766721188007
501.4640297907978,2.6080964874891954
501.5640297907978,2.6214360453432572
501.6640297907978,2.6347835838539093
501.76402979079785,2.648137252518008
501.8640297907979,2.6614951611233937
501.9640297907979,2.6748553796732333
502.0640297907979,2.6882159383378883
502.16402979079794,2.7015748274353406
502.26402979079796,2.7149299974412284
502.364029790798,2.728279359029516
502.464029790798,2.741620783144853
502.56402979079803,2.7549521011076386
502.66402979079805,2.7682711047528374
502.7640297907981,2.781575546603556
502.8640297907981,2.794863140080396
502.9640297907981,2.808131559747583
503.06402979079814,2.82137844159685
503.16402979079817,2.8346013833700443
503.2640297907982,2.8477979449214095
503.3640297907982,2.8609656486204567
503.46402979079824,2.8741019797963245
503.56402979079826,2.887204387224502
503.6640297907983,2.900270283656754
503.7640297907983,2.9132970463950434
503.8640297907983,2.9262820179102262
503.96402979079835,2.9392225065062423
504.0640297907984,2.952115787030489
504.1640297907984,2.9649591016310066
504.2640297907984,2.9777496605610754
504.36402979079844,2.9904846430317416
504.46402979079846,3.0031611981127684
504.5640297907985,3.015776445682419
504.6640297907985,3.0283274774264313
504.76402979079853,3.0408113578864806
504.86402979079855,3.053225125558342
504.9640297907986,3.065565794039914
505.0640297907986,3.0778303532291713
505.1640297907986,3.0900157705720463
505.26402979079865,3.1021189923601624
505.36402979079867,3.1141369450782386
505.4640297907987,3.1260665368009253
505.5640297907987,3.1379046586387283
505.66402979079874,3.1496481862325787
505.76402979079876,3.1612939812965273
505.8640297907988,3.1728388932079463
505.9640297907988,3.1842797606445123
506.0640297907988,3.1956134132671425
506.16402979079885,3.206836673447983
506.2640297907989,3.217946358042404
506.3640297907989,3.22893928020389
506.4640297907989,3.2398122512405845
506.56402979079894,3.2505620825121526
506.66402979079896,3.2611855873655218
506.764029790799,3.2716795831079466
506.864029790799,3.282040893015745
506.96402979079903,3.292266348376951
507.06402979079905,3.3023527905660055
507.1640297907991,3.3122970731485313
507.2640297907991,3.322096064014113
507.3640297907991,3.331746647534919
507.46402979079915,3.3412457267478857
507.56402979079917,3.3505902255581113
507.6640297907992,3.3597770909609905
507.7640297907992,3.3688032952805527
507.86402979079924,3.377665838421362
507.96402979079926,3.386361750131262
508.0640297907993,3.3948880922721716
508.1640297907993,3.403241961096064
508.2640297907993,3.4114204895231843
508.36402979079935,3.419420849419501
508.4640297907994,3.427240253870333
508.5640297907994,3.4348759594470333
508.6640297907994,3.4423252684635672
508.76402979079944,3.4495855312197756
508.86402979079946,3.45665414822809
508.9640297907995,3.463528572420433
509.0640297907995,3.47020631133201
509.16402979079953,3.4766849292587083
509.26402979079955,3.4829620493847746
509.3640297907996,3.4890353558774896
509.4640297907996,3.4949025959455287
509.5640297907996,3.500561581857748
509.66402979079965,3.5060101929191254
509.76402979079967,3.511246377400658
509.8640297907997,3.5162681544200263
509.9640297907997,3.521073615769905
510.06402979079974,3.5256609276908564
510.16402979079976,3.5300283325857915
510.2640297907998,3.5341741506730813
510.3640297907998,3.538096781575469
510.4640297907998,3.5417947058420207
510.56402979079985,3.5452664864004624
510.6640297907999,3.548510769937336
510.7640297907999,3.551526288203546
510.8640297907999,3.554311859242945
510.96402979079994,3.5568663885417897
511.06402979079996,3.5591888700969654
511.1640297908,3.5612783874010643
511.2640297908,3.563134114342525
511.36402979080003,3.564755316019181
511.46402979080005,3.5661413494637415
511.5640297908001,3.5672916642798604
511.6640297908001,3.5682058031876323
511.7640297908001,3.568883402477491
511.86402979080015,3.569324192371696
511.96402979080017,3.5695279972927105
512.0640297908002,3.569417402015048
512.1640297908002,3.5687170413430835
512.2640297908002,3.5674032314890343
512.3640297908003,3.5654773271917666
512.4640297908003,3.5629413116493525
512.5640297908003,3.559797791421393
512.6640297908003,3.5560499897472266
512.7640297908004,3.551701738311886
512.8640297908004,3.546757467498948
512.9640297908004,3.541222195176321
513.0640297908004,3.535101514067608
513.1640297908004,3.5284015777678768
513.2640297908005,3.521129085468427
513.3640297908005,3.5132912654604027
513.4640297908005,3.504895857491895
513.5640297908005,3.4959510940574203
513.6640297908006,3.4864656807023113
513.7640297908006,3.4764487754277127
513.8640297908006,3.4659099672843814
513.9640297908006,3.4548592542454397
514.0640297908006,3.4433070204495935
514.1640297908007,3.4312640129071
514.2640297908007,3.4187413177609964
514.3640297908007,3.405750336195733
514.4640297908007,3.392302760084509
514.5640297908008,3.3784105474652018
514.6640297908008,3.3640858979329433
514.7640297908008,3.3493412280350507
514.8640297908008,3.3341891467513327
514.9640297908009,3.3186424311396445
515.0640297908009,3.3027140022231567
515.1640297908009,3.286416901192016
515.2640297908009,3.2697642659880826
515.3640297908009,3.2527693083371925
515.464029790801,3.2354452912889666
515.564029790801,3.2178055073196266
515.664029790801,3.199863257048616
515.764029790801,3.181631828615087
515.864029790801,3.1631244777555576
515.9640297908011,3.144354408619262
516.0640297908011,3.1253347553530157
516.1640297908011,3.106078564482737
516.2640297908011,3.0865987781142037
516.3640297908012,3.0669082179711795
516.4640297908012,3.047019570284721
516.5640297908012,3.026945371543338
516.6640297908012,3.006697995109698
516.7640297908013,2.986289638705795
516.8640297908013,2.9657323127649176
516.9640297908013,2.9450378296454027
517.0640297908013,2.924217793698009
517.1640297908014,2.903283592175851
517.2640297908014,2.8822463869731303
517.3640297908014,2.8611171071764874
517.4640297908014,2.8399064424105402
517.5640297908014,2.818624836957219
517.6640297908015,2.7972824846267286
517.7640297908015,2.7758893243564287
517.8640297908015,2.7544550365125895
517.9640297908015,2.7329890398688637
518.0640297908016,2.71150048923438
518.1640297908016,2.689998273703625
518.2640297908016,2.668491015499727
518.3640297908016,2.646987069382356
518.4640297908016,2.6254945225912283
518.5640297908017,2.604021195296104
518.6640297908017,2.582574641524234
518.7640297908017,2.561162150536373
518.8640297908017,2.5397907486227798
518.9640297908018,2.518467201291001
519.0640297908018,2.4971980158177485
519.1640297908018,2.475989444137735
519.2640297908018,2.454847486042977
519.3640297908019,2.433777892666811
519.4640297908019,2.412786170227598
519.5640297908019,2.391877584007935
519.6640297908019,2.371057162546036
519.7640297908019,2.3503297020168334
519.864029790802,2.329699770781236
519.964029790802,2.309171714082959
520.064029790802,2.2887496588732197
520.164029790802,2.268437518744583
520.264029790802,2.2482389989561633
520.3640297908021,2.2281576015333493
520.4640297908021,2.208196630426125
520.5640297908021,2.1883591967110205
520.6640297908021,2.168648223822604
520.7640297908022,2.1490664528013323
520.8640297908022,2.1296164475454393
520.9640297908022,2.1103006000553974
521.0640297908022,2.091121135660301
521.1640297908023,2.072080118216321
521.2640297908023,2.053179455268148
521.3640297908023,2.0344209031650906
521.4640297908023,2.015806072124181
521.5640297908024,1.9973364312333586
521.6640297908024,1.979013313388422
521.7640297908024,1.9608379201580808
521.8640297908024,1.9428113265720144
521.9640297908024,1.9249344858274222
522.0640297908025,1.9072082339100715
522.1640297908025,1.8896332941263492
522.2640297908025,1.8722102815433046
522.3640297908025,1.8549397073341125
522.4640297908026,1.8378219830268026
522.5640297908026,1.8208574246544944
522.6640297908026,1.8040462568057432
522.7640297908026,1.7873886165739379
522.8640297908026,1.7708845574050216
522.9640297908027,1.7545340528430788
523.0640297908027,1.7383370001736282
523.1640297908027,1.7222932239646869
523.2640297908027,1.7064024795059223
523.3640297908028,1.6906644561464084
523.4640297908028,1.6750787805316865
523.5640297908028,1.6596450197410317
523.6640297908028,1.6443626843259544
523.7640297908029,1.6292312312511317
523.8640297908029,1.6142500667390791
523.9640297908029,1.5994185490199888
524.0640297908029,1.5847359909882681
524.1640297908029,1.570201662767395
524.264029790803,1.5558147941847815
524.364029790803,1.5415745771584168
524.464029790803,1.5274801679970953
524.564029790803,1.5135306896161085
524.664029790803,1.4997252336702993
524.7640297908031,1.4860628626064147
524.8640297908031,1.4725426116367184
524.9640297908031,1.4591634906358335
525.0640297908031,1.4459244859628124
525.1640297908032,1.4328245622104094
525.2640297908032,1.4198626638835592
525.3640297908032,1.407037717009039
525.4640297908032,1.3943486306782864
525.5640297908033,1.3817942985253437
525.6640297908033,1.369373600141859
525.7640297908033,1.3570854024310766
525.8640297908033,1.3449285609027077
525.9640297908034,1.3329019209105666
526.0640297908034,1.3210043188348
526.1640297908034,1.309234583210539
526.2640297908034,1.2975915358047476
526.3640297908034,1.2860739926430191
526.4640297908035,1.2746807649880354
526.5640297908035,1.2634106602713648
526.6640297908035,1.252262482980242
526.7640297908035,1.2412350355009334
526.8640297908036,1.2303271189202516
526.9640297908036,1.2195375337867522
527.0640297908036,1.2088650808330963
527.1640297908036,1.1983085616610312
527.2640297908036,1.1878667793903983
527.3640297908037,1.1775385392735487
527.4640297908037,1.1673226492764874
527.5640297908037,1.1572179206280548
527.6640297908037,1.1472231683383938
527.7640297908038,1.137337211687928
527.8640297908038,1.1275588746880316
527.9640297908038,1.1178869865145395
528.0640297908038,1.1083203819152012
528.1640297908039,1.0988579015921636
528.2640297908039,1.089498392560513
528.3640297908039,1.0802407084838865
528.4640297908039,1.071083709988124
528.5640297908039,1.0620262649538985
528.664029790804,1.0530672487892319
528.764029790804,1.0442055446827752
528.864029790804,1.0354400438386904
528.964029790804,1.0267696456939583
529.064029790804,1.0181932581188886
529.1640297908041,1.0097097976015967
529.2640297908041,1.0013181894171737
529.3640297908041,0.9930173677822526
529.4640297908041,0.9848062759956462
529.5640297908042,0.9766838665657109
529.6640297908042,0.9686491013250611
529.7640297908042,0.9607009515332356
529.8640297908042,0.9528383979678984
529.9640297908043,0.945060431005127
530.0640297908043,0.93736605068933
530.1640297908043,0.929754266793299
530.2640297908043,0.9222240988688968
530.3640297908044,0.9147745762888517
530.4640297908044,0.9074047382801126
530.5640297908044,0.9001136339492052
530.6640297908044,0.8929003223000022
530.7640297908044,0.885763872244315
530.8640297908045,0.8787033626056866
530.9640297908045,0.8717178821167592
531.0640297908045,0.8648065294105653
531.1640297908045,0.8579684130060852
531.2640297908046,0.8512026512883912
531.3640297908046,0.8445083724836918
531.4640297908046,0.8378847146295708
531.5640297908046,0.8313308255407066
531.6640297908046,0.8248458627703421
531.7640297908047,0.8184289935677665
531.8640297908047,0.812079394832056
531.9640297908047,0.8057962530623116
532.0640297908047,0.7995787643046206
532.1640297908048,0.7934261340959567
532.2640297908048,0.7873375774052283
532.3640297908048,0.7813123185716686
532.4640297908048,0.7753495912407605
532.5640297908049,0.7694486382978697
532.6640297908049,0.7636087117997629
532.7640297908049,0.7578290729041692
532.8640297908049,0.7521089917975462
532.964029790805,0.7464477476211914
533.064029790805,0.7408446283958456
533.164029790805,0.7352989309449205
533.264029790805,0.729809960816478
533.364029790805,0.7243770322040811
533.4640297908051,0.7189994678666364
533.5640297908051,0.7136765990473314
533.6640297908051,0.7084077653917762
533.7640297908051,0.7031923148654454
533.8640297908051,0.6980296036705151
533.9640297908052,0.6929189961621828
534.0640297908052,0.6878598647645576
534.1640297908052,0.6828515898861951
534.2640297908052,0.6778935598353591
534.3640297908053,0.6729851707350758
534.4640297908053,0.6681258264380522
534.5640297908053,0.6633149384415221
534.6640297908053,0.6585519258020769
534.7640297908054,0.6538362150505418
534.8640297908054,0.6491672401069521
534.9640297908054,0.6445444421956735
535.0640297908054,0.6399672697607238
535.1640297908054,0.6354351783813318
535.2640297908055,0.6309476306877818
535.3640297908055,0.6265040962775817
535.4640297908055,0.6221040516319879
535.5640297908055,0.6177469800329297
535.6640297908056,0.6134323714803569
535.7640297908056,0.6091597226100481
535.8640297908056,0.6049285366119047
535.9640297908056,0.6007383231487559
536.0640297908056,0.596588598275703
536.1640297908057,0.5924788843600227
536.2640297908057,0.5884087100016513
536.3640297908057,0.5843776099542707
536.4640297908057,0.5803851250470113
536.5640297908058,0.5764308021067919
536.6640297908058,0.572514193881309
536.7640297908058,0.5686348589626901
536.8640297908058,0.5647923617118256
536.9640297908059,0.5609862721833859
537.0640297908059,0.5572161660515406
537.1640297908059,0.5534816245363833
537.2640297908059,0.5497822343310731
537.364029790806,0.5461175875297
537.464029790806,0.5424872815558786
537.564029790806,0.538890919092079
537.664029790806,0.5353281080096965
537.764029790806,0.5317984612998646
537.8640297908061,0.5283015970050164
537.9640297908061,0.5248371381511939
538.0640297908061,0.5214047126811098
538.1640297908061,0.5180039533879616
538.2640297908061,0.5146344978499978
538.3640297908062,0.5112959883658389
538.4640297908062,0.5079880718905497
538.5640297908062,0.5047103999724638
538.6640297908062,0.5014626286907595
538.7640297908063,0.4982444185937817
538.8640297908063,0.49505543463811336
538.9640297908063,0.49189534612838826
539.0640297908063,0.48876382665784474
539.1640297908064,0.48566055404961833
539.2640297908064,0.48258521029876567
539.3640297908064,0.4795374815150201
539.4640297908064,0.47651705786627296
539.5640297908064,0.47352363352277377
539.6640297908065,0.47055690660204985
539.7640297908065,0.46761657911453497
539.8640297908065,0.4647023569099055
539.9640297908065,0.4618139496241185
540.0640297908066,0.45895107062714274
540.1640297908066,0.45611343697138296
540.2640297908066,0.45330076934078567
540.3640297908066,0.4505127920006242
540.4640297908066,0.44774923274795697
540.5640297908067,0.4450098228627491
540.6640297908067,0.4422942970596564
540.7640297908067,0.43960239344046204
540.8640297908067,0.4369338534471587
540.9640297908068,0.43428842181567373
541.0640297908068,0.4316658465302258
541.1640297908068,0.42906587877831026
541.2640297908068,0.42648827290630514
541.3640297908069,0.42393278637569
541.4640297908069,0.42139917971987334
541.5640297908069,0.4188872165016185
541.6640297908069,0.41639666327106545
541.764029790807,0.41392728952433794
541.864029790807,0.41147886766273045
541.964029790807,0.4090511729524698
542.064029790807,0.40664398348504127
542.164029790807,0.4042570801380757
542.2640297908071,0.4018902465367891
542.3640297908071,0.39954326901596776
542.4640297908071,0.3972159365824929
542.5640297908071,0.39490804087839854
542.6640297908071,0.3926193761444537
542.7640297908072,0.39034973918426547
542.8640297908072,0.3880989293288933
542.9640297908072,0.3858667484019694
543.0640297908072,0.38365300068531966
543.1640297908073,0.38145749288507513
543.2640297908073,0.3792800340982725
543.3640297908073,0.3771204357799317
543.4640297908073,0.37497851171060914
543.5640297908074,0.3728540779644173
543.6640297908074,0.3707469528775043
543.7640297908074,0.3686569570169902
543.8640297908074,0.3665839131503487
543.9640297908074,0.36452764621523404
544.0640297908075,0.36248798328974213
544.1640297908075,0.36046475356310215
544.2640297908075,0.3584577883067934
544.3640297908075,0.3564669208460788
544.4640297908076,0.35449198653195174
544.5640297908076,0.3525328227134898
544.6640297908076,0.35058926871060814
544.7640297908076,0.3486611657872093
544.8640297908076,0.3467483571247224
544.9640297908077,0.3448506877960252
545.0640297908077,0.34296800473974653
545.1640297908077,0.34110015673494054
545.2640297908077,0.3392469943761287
545.3640297908078,0.3374083700487057
545.4640297908078,0.33558413790470026
545.5640297908078,0.33377415383889053
545.6640297908078,0.33197827546526404
545.7640297908079,0.33019636209382125
545.8640297908079,0.3284282747077157
545.9640297908079,0.32667387594072494
546.0640297908079,0.3249330300550505
546.164029790808,0.3232056029194385
