422.66402979077986,1.9990930618001053e-05
422.7640297907799,2.072083135111771e-05
422.8640297907799,2.1476062543487268e-05
422.96402979077993,2.2257452957261844e-05
423.06402979077995,2.306585662619206e-05
423.16402979078,2.390215356144773e-05
423.26402979078,2.4767250474972457e-05
423.36402979078,2.5662081520738645e-05
423.46402979078005,2.6587609054273034e-05
423.56402979078007,2.7544824410829597e-05
423.6640297907801,2.8534748702591015e-05
423.7640297907801,2.955843363528607e-05
423.86402979078014,3.061696234461613e-05
423.96402979078016,3.171145025288786e-05
424.0640297907802,3.284304594625637e-05
424.1640297907802,3.4012932072987584e-05
424.2640297907802,3.522232626315413e-05
424.36402979078025,3.647248207018495e-05
424.4640297907803,3.776468993469326e-05
424.5640297907803,3.910027817101385e-05
424.6640297907803,4.0480613976885804e-05
424.76402979078034,4.190710446672197e-05
424.86402979078036,4.338119772891115e-05
424.9640297907804,4.4904383907605666e-05
425.0640297907804,4.647819630945099e-05
425.16402979078043,4.8104212535719905e-05
425.26402979078046,4.978405564031829e-05
425.3640297907805,5.1519395314135524e-05
425.4640297907805,5.331194909621631e-05
425.5640297907805,5.516348361223747e-05
425.66402979078055,5.707581584077524e-05
425.76402979078057,5.905081440785778e-05
425.8640297907806,6.109040091029685e-05
425.9640297907806,6.319655126830302e-05
426.06402979078064,6.537129710788882e-05
426.16402979078066,6.761672717356972e-05
426.2640297907807,6.993498877188087e-05
426.3640297907807,7.23282892462255e-05
426.4640297907807,7.479889748358017e-05
426.56402979078075,7.734914545358367e-05
426.6640297907808,7.998142978054163e-05
426.7640297907808,8.269821334887973e-05
426.8640297907808,8.550202694258757e-05
426.96402979078084,8.839547091919215e-05
427.06402979078086,9.13812169188083e-05
427.1640297907809,9.446200960881368e-05
427.2640297907809,9.764066846470192e-05
427.36402979078093,0.00010092008958766543
427.46402979078096,0.00010430324755946774
427.564029790781,0.00010779319733516332
427.664029790781,0.00011139307617422846
427.764029790781,0.00011510610561066421
427.86402979078105,0.00011893559346264066
427.96402979078107,0.00012288493588224835
428.0640297907811,0.00012695761944592494
428.1640297907811,0.00013115722328612748
428.26402979078114,0.00013548742126482356
428.36402979078116,0.000139951984189369
428.4640297907812,0.0001445547820713467
428.5640297907812,0.0001492997864289383
428.6640297907812,0.00015419107263339984
428.76402979078125,0.00015923282230021336
428.8640297907813,0.0001644293257254868
428.9640297907813,0.00016978498436816657
429.0640297907813,0.0001753043133786399
429.16402979078134,0.0001809919441742832
429.26402979078136,0.00018685262706253093
429.3640297907814,0.00019289123391201968
429.4640297907814,0.00019911276087236892
429.56402979078143,0.00020552233114316028
429.66402979078146,0.0002121251977926567
429.7640297907815,0.00021892674662682198
429.8640297907815,0.00022593249910917836
429.9640297907815,0.00023314811533204388
430.06402979078155,0.00024057939703968646
430.16402979078157,0.0002482322907039191
430.2640297907816,0.00025611289065266335
430.3640297907816,0.0002642274422519994
430.46402979078164,0.0002725823451422065
430.56402979078166,0.00028118415652830185
430.6640297907817,0.0002900395945255705
430.7640297907817,0.00029915554156057276
430.86402979078173,0.00030853904782810626
430.96402979078175,0.00031819733480459127
431.0640297907818,0.000328137798818338
431.1640297907818,0.0003383680146771399
431.2640297907818,0.0003488957393536374
431.36402979078184,0.00035972891572886656
431.46402979078186,0.0003708756763944152
431.5640297907819,0.00038234434751358216
431.6640297907819,0.0003941434527419264
431.76402979078193,0.0004062817172075785
431.86402979078196,0.0004187680715516797
431.964029790782,0.0004316116560292772
432.064029790782,0.00044482182467102247
432.164029790782,0.00045840814950596576
432.26402979078205,0.00047238042484574983
432.36402979078207,0.0004867486716304797
432.4640297907821,0.0005015231418365227
432.5640297907821,0.0005167143229464743
432.66402979078214,0.0005323329424815171
432.76402979078216,0.0005483899725963617
432.8640297907822,0.000564896634736955
432.9640297907822,0.000581864404361099
433.06402979078223,0.0005993050157221204
433.16402979078225,0.0006172304667157052
433.2640297907823,0.0006356530237899565
433.3640297907823,0.000654585226918773
433.4640297907823,0.0006740398946385429
433.56402979078234,0.0006940301291481829
433.66402979078237,0.0007145693214725001
433.7640297907824,0.0007356711566888116
433.8640297907824,0.0007573496192167622
433.96402979078243,0.000779618998171218
434.06402979078246,0.0008024938927781059
434.1640297907825,0.0008259892178530213
434.2640297907825,0.0008501202093424064
434.3640297907825,0.0008749024299270587
434.46402979078255,0.0009003517746877034
434.56402979078257,0.0009264844768323156
434.6640297907826,0.000953317113484868
434.7640297907826,0.0009808666115351003
434.86402979078264,0.0010091502535489255
434.96402979078266,0.001038185683738986
435.0640297907827,0.0010679909139949
435.1640297907827,0.0010985843299726285
435.26402979078273,0.0011299846972424277
435.36402979078275,0.0011622111674947301
435.4640297907828,0.0011952832848033184
435.5640297907828,0.0012292209919450867
435.6640297907828,0.0012640446367756346
435.76402979078284,0.0012997749786598967
435.86402979078287,0.0013364331949569756
435.9640297907829,0.0013740408875582862
436.0640297907829,0.0014126200894780713
436.16402979078293,0.0014521932714953011
436.26402979078296,0.0014927833488459375
436.364029790783,0.0015344136879644474
436.464029790783,0.0015771081132734488
436.564029790783,0.001620890914020292
436.66402979078305,0.0016657868511593152
436.76402979078307,0.001711821164278501
436.8640297907831,0.0017590195785691595
436.9640297907831,0.0018074083118372092
437.06402979078314,0.0018570140815546443
437.16402979078316,0.0019078641119495816
437.2640297907832,0.0019599861411333705
437.3640297907832,0.002013408428263075
437.46402979078323,0.0020681597607376404
437.56402979078325,0.002124269461425969
437.6640297907833,0.002181767395925086
437.7640297907833,0.0022406839798464824
437.8640297907833,0.0023010501861286995
437.96402979078334,0.0023628975523741027
438.06402979078337,0.002426258188207818
438.1640297907834,0.0024911647826565894
438.2640297907834,0.0025576506115454222
438.36402979078343,0.0026257495449096805
438.46402979078346,0.0026954960544202894
438.5640297907835,0.0027669252208196273
438.6640297907835,0.0028400727413656094
438.7640297907835,0.002914974937281414
438.86402979078355,0.0029916687612081922
438.96402979078357,0.0030701918046580714
439.0640297907836,0.0031505823054647033
439.1640297907836,0.0032328791552284513
439.26402979078364,0.0033171219067533613
439.36402979078366,0.0034033507814728624
439.4640297907837,0.0034916066768611803
439.5640297907837,0.003581931173827308
439.66402979078373,0.003674366544088315
439.76402979078375,0.0037689557575186676
439.8640297907838,0.00386574248947232
439.9640297907838,0.003964771128073964
440.0640297907838,0.004066086781476103
440.16402979078384,0.004169735285078179
440.26402979078387,0.004275763208704276
440.3640297907839,0.004384217863735516
440.4640297907839,0.00449514731019337
440.56402979078393,0.004608600363770061
440.66402979078396,0.004724626602801969
440.764029790784,0.004843276375182121
440.864029790784,0.004964600805207549
440.964029790784,0.005088651800357381
441.06402979078405,0.00521548205799737
441.16402979078407,0.005345145072006505
441.2640297907841,0.005477695139321342
441.3640297907841,0.005613187366393486
441.46402979078414,0.005751677675555704
441.56402979078416,0.005893222811292004
441.6640297907842,0.006037880346407031
441.7640297907842,0.006185708688089831
441.86402979078423,0.006336767083867334
441.96402979078425,0.006491115627442497
442.0640297907843,0.00664881526441208
442.1640297907843,0.006809927797859093
442.2640297907843,0.006974515893814718
442.36402979078434,0.007142643086584424
442.46402979078437,0.007314373783933191
442.5640297907844,0.007489773272124252
442.6640297907844,0.007668907720806155
442.76402979078443,0.007851844187742592
442.86402979078446,0.00803865062337942
442.9640297907845,0.008229395875243356
443.0640297907845,0.008424149692166597
443.1640297907845,0.008622982728331837
443.26402979078455,0.008825966547131584
443.36402979078457,0.009033173624836325
443.4640297907846,0.00924467735406534
443.5640297907846,0.009460552047054418
443.66402979078464,0.009680872938714427
443.76402979078466,0.00990571618947467
443.8640297907847,0.010135158887905027
443.9640297907847,0.010369279053110633
444.06402979078473,0.010608155636893036
444.16402979078475,0.010851868525671542
444.2640297907848,0.011100498542158528
444.3640297907848,0.011354127446782407
444.4640297907848,0.011612837938851957
444.56402979078484,0.011876713657455603
444.66402979078487,0.012145839182089275
444.7640297907849,0.01242030003300646
444.8640297907849,0.012700182671284008
444.96402979078493,0.012985574498597082
445.06402979078496,0.013276563856697052
445.164029790785,0.013573240026585456
445.264029790785,0.01387569322737797
445.364029790785,0.014184014614851298
445.46402979078505,0.014498296279667058
445.56402979078507,0.014818631245265524
445.6640297907851,0.015145113465423235
445.7640297907851,0.015477837821467461
445.86402979078514,0.015816900119141275
445.96402979078516,0.016162397085112655
446.0640297907852,0.016514426363120893
446.1640297907852,0.016873086509754193
446.26402979078523,0.017238476989851512
446.36402979078525,0.01761069817152262
446.4640297907853,0.017989851320779536
446.5640297907853,0.018376038595773275
446.6640297907853,0.01876936304062928
446.76402979078534,0.019169928578875305
446.86402979078537,0.019577840006455488
446.9640297907854,0.019993202984324256
447.0640297907854,0.020416124030613828
447.16402979078543,0.020846710512369464
447.26402979078546,0.02128507063684587
447.3640297907855,0.02173131344235917
447.4640297907855,0.02218554878868822
447.5640297907855,0.022647887347019453
447.66402979078555,0.02311844058942941
447.76402979078557,0.023597320777899267
447.8640297907856,0.024084640952855563
447.9640297907856,0.02458051492123168
448.06402979078564,0.0250850572440446
448.16402979078566,0.025598383223481364
448.2640297907857,0.026120608889490214
448.3640297907857,0.026651850985871185
448.46402979078573,0.027192226955860703
448.56402979078575,0.027741854927205926
448.6640297907858,0.028300853696723412
448.7640297907858,0.028869342714337578
448.8640297907858,0.029447442066594692
448.96402979078584,0.03003527245964734
449.06402979078587,0.030632955201705742
449.1640297907859,0.031240612184951257
449.2640297907859,0.03185836586690832
449.36402979078593,0.03248633925127104
449.46402979078596,0.03312465586818045
449.564029790786,0.03377343975394929
449.664029790786,0.03443281543023062
449.764029790786,0.035102907882627495
449.86402979078605,0.0357838425387402
449.96402979078607,0.036475745245648644
450.0640297907861,0.03717874224682721
450.1640297907861,0.037892960158489565
450.26402979078614,0.03861852594536122
450.36402979078616,0.039355566895877825
450.4640297907862,0.04010421059680751
450.5640297907862,0.04086458490729557
450.66402979078623,0.04163681793233018
450.76402979078625,0.04242103799562785
450.8640297907863,0.043217373611938045
450.9640297907863,0.04402595345876593
451.0640297907863,0.04484690634751299
451.16402979078634,0.04568036119403541
451.26402979078637,0.046526446988619935
451.3640297907864,0.04738529276537803
451.4640297907864,0.04825702757105841
451.56402979078644,0.04914178043327917
451.66402979078646,0.05003968032818025
451.7640297907865,0.05095085614749802
451.8640297907865,0.05187543666506314
451.9640297907865,0.05281355050272416
452.06402979078655,0.0537653260956986
452.16402979078657,0.05473089165735445
452.2640297907866,0.05571037514342423
452.3640297907866,0.056703904215655666
452.46402979078664,0.05771160620490137
452.56402979078666,0.05873360807365189
452.6640297907867,0.05977003637801591
452.7640297907867,0.060821017229151834
452.86402979078673,0.06188667625415548
452.96402979078675,0.06296713855640897
453.0640297907868,0.06406252867539564
453.1640297907868,0.06517297054598713
453.2640297907868,0.066298587457208
453.36402979078684,0.06743950201048482
453.46402979078687,0.06859583607738537
453.5640297907869,0.06976771075685581
453.6640297907869,0.07095524633196251
453.76402979078694,0.07215856222614614
453.86402979078696,0.07337777695899628
453.964029790787,0.07461300810155454
454.064029790787,0.07586437223115496
454.164029790787,0.07713198488581026
454.26402979078705,0.07841596051815428
454.3640297907871,0.07971641244894866
454.4640297907871,0.08103345282016566
454.5640297907871,0.08236719254765561
454.66402979078714,0.08371774127341125
454.76402979078716,0.08508520731743913
454.8640297907872,0.0864696976292497
454.9640297907872,0.08787131773897819
455.06402979078723,0.08929017170814778
455.16402979078725,0.090726362080088
455.2640297907873,0.09217998983002136
455.3640297907873,0.09365115431483069
455.4640297907873,0.09513995322252146
455.56402979078734,0.09664648252139256
455.66402979078737,0.09817083640892975
455.7640297907874,0.09971310726043672
455.8640297907874,0.10127338557741827
455.96402979078744,0.10285175993573095
456.06402979078746,0.10444831693351726
456.1640297907875,0.10606314113893847
456.2640297907875,0.10769631503772316
456.3640297907875,0.1093479189805478
456.46402979078755,0.11101803113026594
456.5640297907876,0.11270672740900402
456.6640297907876,0.11441408144514092
456.7640297907876,0.116140164520189
456.86402979078764,0.11788504551559549
456.96402979078766,0.11964879085948214
457.0640297907877,0.12143146447334242
457.1640297907877,0.12323312771871499
457.26402979078773,0.12505383934385347
457.36402979078775,0.1268936554304117
457.4640297907878,0.12875262934016493
457.5640297907878,0.13063081166178675
457.6640297907878,0.1325282501577031
457.76402979078784,0.1344449897110433
457.86402979078787,0.13638107227271018
457.9640297907879,0.1383365368085899
458.0640297907879,0.14031141924692322
458.16402979078794,0.14230575242586085
458.26402979078796,0.14431956604122365
458.364029790788,0.1463528865944911
458.464029790788,0.14840573734104046
458.564029790788,0.15047813823865844
458.66402979078805,0.15257010589634967
458.7640297907881,0.1546816535234642
458.8640297907881,0.15681279087916755
458.9640297907881,0.15896352422227739
459.06402979078814,0.16113385626148943
459.16402979078816,0.16332378610601747
459.2640297907882,0.16553330921667098
459.3640297907882,0.16776241735739444
459.46402979078823,0.170011098547293
459.56402979078825,0.17227933701316817
459.6640297907883,0.1745671131425889
459.7640297907883,0.17687440343752195
459.8640297907883,0.17920118046854625
459.96402979078835,0.1815474128296767
460.06402979078837,0.18391306509382124
460.1640297907884,0.18629809776889686
460.2640297907884,0.18870246725462872
460.36402979078844,0.19112612580005814
460.46402979078846,0.1935690214617839
460.5640297907885,0.19603109806296146
460.6640297907885,0.19851229515308597
460.7640297907885,0.20101254796858345
460.86402979078855,0.20353178739423458
460.9640297907886,0.20606993992545733
461.0640297907886,0.20862692763147125
461.1640297907886,0.21120266811937047
461.26402979078864,0.21379707449912783
461.36402979078866,0.2164100553495562
461.4640297907887,0.2190415146852508
461.5640297907887,0.22169135192453684
461.66402979078873,0.22435946185844685
461.76402979078875,0.22704573462075173
461.8640297907888,0.22975005565906892
461.9640297907888,0.23247230570707225
462.0640297907888,0.2352123607578259
462.16402979078885,0.2379700920382665
462.26402979078887,0.2407453659848564
462.3640297907889,0.24353804422043052
462.4640297907889,0.2463479835322595
462.56402979078894,0.24917503585135195
462.66402979078896,0.252019048233017
462.764029790789,0.25487986283870984
462.864029790789,0.25775731691918047
462.964029790789,0.2606512427989486
463.06402979078905,0.2635614678621231
463.1640297907891,0.26648781453958936
463.2640297907891,0.2694301002975814
463.3640297907891,0.27238813762766134
463.46402979078914,0.27536173403812364
463.56402979078916,0.2783506920468443
463.6640297907892,0.28135480917559236
463.7640297907892,0.28437387794582225
463.86402979078923,0.2874076858759659
463.96402979078925,0.2904560154802394
464.0640297907893,0.2935186442689821
464.1640297907893,0.2965953447505458
464.2640297907893,0.2996858844347465
464.36402979078935,0.3027900258378974
464.46402979078937,0.3059075264894351
464.5640297907894,0.3090381389401551
464.6640297907894,0.3121816107720688
464.76402979078944,0.315337684609896
464.86402979078946,0.3185060981342048
464.9640297907895,0.3216865840962115
465.0640297907895,0.32487887033425034
465.1640297907895,0.32808267979192623
465.26402979078955,0.33129773053795725
465.3640297907896,0.3345237357877196
465.4640297907896,0.3377604039265019
465.5640297907896,0.34100743853447696
465.66402979078964,0.3442645384133996
465.76402979078966,0.34753139761503654
465.8640297907897,0.3508077054713342
465.9640297907897,0.354093146626331
466.06402979078973,0.3573874010698175
466.16402979078975,0.3606901441727496
466.2640297907898,0.3640010467244171
466.3640297907898,0.3673197749713709
466.4640297907898,0.37064599065811055
466.56402979078985,0.37397935106953284
466.66402979078987,0.37731950907514233
466.7640297907899,0.38066611317502264
466.8640297907899,0.38401880754756873
466.96402979078994,0.3873772320989762
467.06402979078996,0.39074102251448667
467.16402979079,0.3941098103113852
467.26402979079,0.3974832228937442
467.36402979079,0.40086088360891137
467.46402979079005,0.40424241180573317
467.5640297907901,0.40762742289450815
467.6640297907901,0.41101552840866357
467.7640297907901,0.4144063360681455
467.86402979079014,0.4177994498445136
467.96402979079016,0.4211944700277321
468.0640297907902,0.42459099329464384
468.1640297907902,0.4279886127791187
468.26402979079023,0.4313869181438604
468.36402979079025,0.43478549565386243
468.4640297907903,0.4381839282514966
468.5640297907903,0.44158179563321925
468.6640297907903,0.4449786743278818
468.76402979079035,0.44837413777662616
468.86402979079037,0.45176775641435035
468.9640297907904,0.45515909775272445
469.0640297907904,0.458547726464739
469.16402979079044,0.46193320447076597
469.26402979079046,0.4653150910261113
469.3640297907905,0.4686929428100385
469.4640297907905,0.47206631401624116
469.5640297907905,0.47543475644474004
469.66402979079055,0.47879781959518386
469.7640297907906,0.4821550507615263
469.8640297907906,0.4855059951280569
469.9640297907906,0.4888501958667573
470.06402979079064,0.492187194235958
470.16402979079066,0.49551652968026744
470.2640297907907,0.49883773993174507
470.3640297907907,0.50215036111229
470.46402979079073,0.5054539278372148
470.56402979079076,0.5087479733199751
470.6640297907908,0.5120320294780234
470.7640297907908,0.5153056270397544
470.8640297907908,0.518568295652512
470.96402979079085,0.5218195639916217
471.06402979079087,0.5250589598704171
471.1640297907909,0.5282860103512248
471.2640297907909,0.5315002418572738
471.36402979079094,0.5347011802854917
471.46402979079096,0.5378883511201541
471.564029790791,0.5410612795473483
471.664029790791,0.5442194905702149
471.764029790791,0.5473625091249297
471.86402979079105,0.5504898601973852
471.9640297907911,0.5536010689405363
472.0640297907911,0.5566956607923664
472.1640297907911,0.5597731615944385
472.26402979079114,0.5628330977109858
472.36402979079116,0.5658749961485053
472.4640297907912,0.56889838467581
472.5640297907912,0.5719027919444991
472.66402979079123,0.5748877476098038
472.76402979079126,0.5778527824517655
472.8640297907913,0.5807974284967048
472.9640297907913,0.5837212191389354
473.0640297907913,0.5866236892626823
473.16402979079135,0.5895043753641576
473.26402979079137,0.5923628156737512
473.3640297907914,0.5951985502782914
473.4640297907914,0.5980111212433302
473.56402979079144,0.6008000727354087
473.66402979079146,0.6035649511442568
473.7640297907915,0.6063053052048828
473.8640297907915,0.6090206861195065
473.9640297907915,0.6117106476792893
474.06402979079155,0.6143747463858169
474.1640297907916,0.6170125415722881
474.2640297907916,0.6196235955243632
474.3640297907916,0.6222074736006261
474.46402979079164,0.6247637443526143
474.56402979079166,0.6272919796443699
474.6640297907917,0.6297917547714666
474.7640297907917,0.6322626485794655
474.86402979079173,0.6347042435817533
474.96402979079176,0.6371161260767191
475.0640297907918,0.6394978862642221
475.1640297907918,0.6418491183613033
475.2640297907918,0.6441694207170994
475.36402979079185,0.6464583959269096
475.46402979079187,0.6487156509453724
475.5640297907919,0.6509407971987069
475.6640297907919,0.6531334506959722
475.76402979079194,0.6552932321393041
475.86402979079196,0.6574197670330804
475.964029790792,0.6595126857919744
476.064029790792,0.6615716238478514
476.16402979079203,0.663596221755465
476.26402979079205,0.6655861252969107
476.3640297907921,0.6675409855847957
476.4640297907921,0.6694604591640785
476.5640297907921,0.6713442081125429
476.66402979079214,0.6731919001398605
476.76402979079216,0.6750032086852027
476.8640297907922,0.6767778130133625
476.9640297907922,0.6785153983093462
477.06402979079223,0.6802156557713955
477.16402979079226,0.6818782827024025
477.2640297907923,0.683502982599678
477.3640297907923,0.685089465243039
477.4640297907923,0.6866374467811748
477.56402979079235,0.6881466498162586
477.66402979079237,0.6896168034867688
477.7640297907924,0.6910476435484846
477.8640297907924,0.6924389124536223
477.96402979079244,0.6937903594280795
478.06402979079246,0.6951017405467548
478.1640297907925,0.69637281880691
478.2640297907925,0.6976033641995469
478.36402979079253,0.6987931537787646
478.46402979079255,0.6999419717290717
478.5640297907926,0.7010496094306221
478.6640297907926,0.7021158655223501
478.7640297907926,0.7031405459629728
478.86402979079264,0.7041234640898408
478.96402979079267,0.7050644406756057
479.0640297907927,0.705963303982685
479.1640297907927,0.7068198898154983
479.26402979079273,0.7076340415704542
479.36402979079276,0.7084056102836661
479.4640297907928,0.7091344546763765
479.5640297907928,0.7098204411980702
479.6640297907928,0.7104634440672581
479.76402979079285,0.7110633453099153
479.86402979079287,0.7116200347955545
479.9640297907929,0.7121334102709218
480.0640297907929,0.7126033773912993
480.16402979079294,0.7130298497494012
480.26402979079296,0.7134127489018509
480.364029790793,0.713752004393228
480.464029790793,0.7140475537776745
480.56402979079303,0.7142993426380523
480.66402979079305,0.7145073246026409
480.7640297907931,0.7146714613593713
480.8640297907931,0.7147917226675883
480.9640297907931,0.7148680863673355
481.06402979079314,0.7149005383861615
481.16402979079317,0.7148890727434417
481.2640297907932,0.7148336915522147
481.3640297907932,0.7147344050185342
481.46402979079323,0.7145912314383337
481.56402979079326,0.7144041971918076
481.6640297907933,0.7141733367353102
481.7640297907933,0.7138986925907771
481.8640297907933,0.7135803153326709
481.96402979079335,0.7132182635724604
482.06402979079337,0.712812603940638
482.1640297907934,0.7123634110662816
482.2640297907934,0.7118707675541741
482.36402979079344,0.7113347639594847
482.46402979079346,0.7107554987600281
482.5640297907935,0.7101330783261105
482.6640297907935,0.7094676168879751
482.76402979079353,0.7087592365008631
482.86402979079355,0.7080080670077041
482.9640297907936,0.7072142459994504
483.0640297907936,0.7063779187730752
483.1640297907936,0.7054992382872503
483.26402979079364,0.7045783651157222
483.36402979079367,0.7036154673984093
483.4640297907937,0.7026107207902361
483.5640297907937,0.7015643084077319
483.66402979079373,0.7004764207734118
483.76402979079376,0.6993472557579669
483.8640297907938,0.6981770185202871
483.9640297907938,0.6969659214453412
484.0640297907938,0.6957141840799419
484.16402979079385,0.6944220330664221
484.26402979079387,0.693089702074252
484.3640297907939,0.6917174317296227
484.4640297907939,0.6903054695430296
484.56402979079394,0.6888540698348838
484.66402979079396,0.6873634936591838
484.764029790794,0.6858340087252796
484.864029790794,0.6842658893177599
484.96402979079403,0.6826594162145013
485.06402979079405,0.6810148766029062
485.1640297907941,0.6793325639943708
485.2640297907941,0.6776127781370163
485.3640297907941,0.6758558249267186
485.46402979079414,0.6740620163164761
485.56402979079417,0.67223167022415
485.6640297907942,0.6703651104386187
485.7640297907942,0.6684626665243814
485.86402979079423,0.6665246737246543
485.96402979079426,0.664551472862995
486.0640297907943,0.6625434102434988
486.1640297907943,0.6605008375496064
486.2640297907943,0.658424111741564
486.36402979079435,0.6563135949525782
486.46402979079437,0.6541696543837088
486.5640297907944,0.6519926621975395
486.6640297907944,0.6497829954106724
486.76402979079444,0.6475410357850885
486.86402979079446,0.6452671697184175
486.9640297907945,0.6429617881331615
487.0640297907945,0.6406252863649172
487.16402979079453,0.6382580640496408
487.26402979079455,0.6358605250100008
487.3640297907946,0.6334330771408632
487.4640297907946,0.6309761322939553
487.5640297907946,0.6284901061617537
487.66402979079464,0.6259754181606405
487.76402979079467,0.6234324913133754
487.8640297907947,0.6208617521309299
487.9640297907947,0.6182636304937263
488.06402979079473,0.6156385595323325
488.16402979079476,0.6129869755076545
488.2640297907948,0.6103093176906752
488.3640297907948,0.6076060282417849
488.4640297907948,0.6048775520897491
488.56402979079485,0.6021243368103613
488.66402979079487,0.5993468325048245
488.7640297907949,0.5965454916779095
488.8640297907949,0.593720769115935
488.96402979079494,0.5908731217646145
489.06402979079496,0.5880030086068162
489.164029790795,0.5851108905402824
489.264029790795,0.5821972302553506
489.36402979079503,0.5792624921127247
489.46402979079505,0.5763071420213383
489.5640297907951,0.5733316473163551
489.6640297907951,0.5703364766373532
489.7640297907951,0.5673220998067328
489.86402979079514,0.5642889877083933
489.96402979079517,0.5612376121667245
490.0640297907952,0.5581684458259505
490.1640297907952,0.555081962029873
490.26402979079523,0.5519786347020534
490.36402979079526,0.5488589382264765
490.4640297907953,0.5457233473287365
490.5640297907953,0.5425723369577865
490.6640297907953,0.5394063821682912
490.76402979079535,0.5362259580036234
490.86402979079537,0.5330315393795424
490.9640297907954,0.5298236009685945
491.0640297907954,0.5266026170852722
491.16402979079544,0.5233690615719719
491.26402979079546,0.5201234076857848
491.3640297907955,0.516866127986159
491.4640297907955,0.5135976942234693
491.56402979079553,0.5103185772285277
491.66402979079555,0.5070292468030715
491.7640297907956,0.5037301716112632
491.8640297907956,0.5004218190722327
491.9640297907956,0.4971046552536981
492.06402979079564,0.49377914476669565
492.16402979079567,0.49044575066144874
492.2640297907957,0.48710493432440993
492.3640297907957,0.4837571553765033
492.46402979079573,0.4804028715725968
492.56402979079576,0.4770425387022348
492.6640297907958,0.4736766104916563
492.7640297907958,0.4703055385071278
492.8640297907958,0.46692977205961617
492.96402979079585,0.46354975811082677
493.06402979079587,0.4601659411806331
493.1640297907959,0.45677876325592026
493.2640297907959,0.4533886637008661
493.36402979079594,0.4499960791686833
493.46402979079596,0.44660144351484304
493.564029790796,0.44320518771180084
493.664029790796,0.43980773976524656
493.76402979079603,0.43640952463189503
493.86402979079605,0.4330109641388386
493.9640297907961,0.4296124769044766
494.0640297907961,0.4262144782610411
494.1640297907961,0.4228173801787328
494.26402979079614,0.4194215911914837
494.36402979079617,0.4160275163243601
494.4640297907962,0.4126355570226205
494.5640297907962,0.40924611108243947
494.66402979079623,0.40585957258331146
494.76402979079626,0.4024763318221441
494.8640297907963,0.39909677524905196
494.9640297907963,0.39572128540486035
495.0640297907963,0.39235024086032766
495.16402979079635,0.3889840161570939
495.26402979079637,0.3856229817503628
495.3640297907964,0.3822675039533243
495.4640297907964,0.37891794488332126
495.56402979079644,0.3755746624097667
495.66402979079646,0.3722380101038149
495.7640297907965,0.36890833718978916
495.8640297907965,0.365585988498369
495.96402979079653,0.362271304421538
496.06402979079655,0.358964620869293
496.1640297907966,0.35566626922811545
496.2640297907966,0.35237657632120317
496.3640297907966,0.3490958643704615
496.46402979079664,0.34582445096025166
496.56402979079667,0.34256264900289357
496.6640297907967,0.3393107667059185
496.7640297907967,0.3360691075410686
496.86402979079674,0.3328379702150371
496.96402979079676,0.3296176486419436
497.0640297907968,0.3264084319175386
497.1640297907968,0.32321060429512893
497.2640297907968,0.3200244451632176
497.36402979079685,0.3168502290248486
497.46402979079687,0.3136882254786481
497.5640297907969,0.3105386992015513
497.6640297907969,0.3074019099332066
497.76402979079694,0.30427811246204334
497.86402979079696,0.30116755661299416
497.964029790797,0.2980704872368574
498.064029790797,0.29498714420128885
498.16402979079703,0.29191776238340805
498.26402979079705,0.28886257166400603
498.3640297907971,0.2858217969233393
498.4640297907971,0.28279565803849654
498.5640297907971,0.27978436988232047
498.66402979079714,0.27678814232387045
498.76402979079717,0.27380718023040956
498.8640297907972,0.27084168347089754
498.9640297907972,0.2678918469209734
499.06402979079724,0.26495786046941017
499.16402979079726,0.2620399090260223
499.2640297907973,0.2591381725310082
499.3640297907973,0.256252825965707
499.4640297907973,0.25338403936475307
499.56402979079735,0.2505319778296049
499.6640297907974,0.24769680154343027
499.7640297907974,0.24487866578732628
499.8640297907974,0.24207772095785424
499.96402979079744,0.23929411258586605
500.06402979079746,0.23652798135660297
500.1640297907975,0.2337794631310427
500.2640297907975,0.23104868896847439
500.36402979079753,0.22833578515027778
500.46402979079755,0.22564087320488418
500.5640297907976,0.22296406993389692
500.6640297907976,0.22030548743934722
500.7640297907976,0.21766523315206224
500.86402979079764,0.2150434098611226
500.96402979079767,0.21244011574438443
501.0640297907977,0.20985544440004278
501.1640297907977,0.20728948487921148
501.26402979079774,0.2047423217194966
501.36402979079776,0.20221403497953785
501.4640297907978,0.19970470027449333
501.5640297907978,0.1972143888124445
501.6640297907978,0.19474316743169526
501.76402979079785,0.1922910986389407
501.8640297907979,0.18985824064828125
501.9640297907979,0.1874446474210565
502.0640297907979,0.18505036870647465
502.16402979079794,0.18267545008301203
502.26402979079796,0.18031993300055799
502.364029790798,0.17798385482327989
502.464029790798,0.17566724887318405
502.56402979079803,0.17337014447434662
502.66402979079805,0.17109256699779035
502.7640297907981,0.16883453790698244
502.8640297907981,0.16659607480392755
502.9640297907981,0.164377191475833
503.06402979079814,0.16217789794232018
503.16402979079817,0.15999820050315816
503.2640297907982,0.15783810178649493
503.3640297907982,0.15569760079756245
503.46402979079824,0.1535766929678303
503.56402979079826,0.15147537020458485
503.6640297907983,0.14939362094090955
503.7640297907983,0.14733143018604286
503.8640297907983,0.1452887795760897
503.96402979079835,0.14326564742506354
504.0640297907984,0.1412620087762358
504.1640297907984,0.1392778354537693
504.2640297907984,0.13731309611461276
504.36402979079844,0.13536775630063444
504.46402979079846,0.13344177849097158
504.5640297907985,0.13153512215457394
504.6640297907985,0.12964774380291944
504.76402979079853,0.1277795970428801
504.86402979079855,0.1259306326297168
504.9640297907986,0.12410079852018129
505.0640297907986,0.1222900399257052
505.1640297907986,0.12049829936565469
505.26402979079865,0.11872551672063053
505.36402979079867,0.11697162928579347
505.4640297907987,0.115236571824195
505.5640297907987,0.1135202766200937
505.66402979079874,0.1118226735322385
505.76402979079876,0.110143690047099
505.8640297907988,0.10848325133202473
505.9640297907988,0.10684128028831512
506.0640297907988,0.10521769760418122
506.16402979079885,0.10361242180758255
506.2640297907989,0.10202536931892117
506.3640297907989,0.10045645450357506
506.4640297907989,0.09890558972425581
506.56402979079894,0.09737268539317252
506.66402979079896,0.09585765002398652
506.764029790799,0.09436039028354128
506.864029790799,0.09288081104335169
506.96402979079903,0.09141881543083787
507.06402979079905,0.0899743048802886
507.1640297907991,0.08854717918354009
507.2640297907991,0.08713733654035635
507.3640297907991,0.0857446736084964
507.46402979079915,0.0843690855534564
507.56402979079917,0.08301046609787258
507.6640297907992,0.0816687075705729
507.7640297907992,0.08034370095526494
507.86402979079924,0.07903533593884798
507.96402979079926,0.07774350095933821
508.0640297907993,0.07646808325339474
508.1640297907993,0.07520896890343705
508.2640297907993,0.0739660428843419
508.36402979079935,0.07273918910971039
508.4640297907994,0.07152829047769495
508.5640297907994,0.07033322891637715
508.6640297907994,0.06915388542868683
508.76402979079944,0.06799014013685376
508.86402979079946,0.06684187232638361
508.9640297907995,0.06570896048955048
509.0640297907995,0.064591282368397
509.16402979079953,0.06348871499723609
509.26402979079955,0.06240113474464642
509.3640297907996,0.06132841735495476
509.4640297907996,0.06027043798919949
509.5640297907996,0.0592270712655686
509.66402979079965,0.05819819129930659
509.76402979079967,0.05718367174208484
509.8640297907997,0.05618338582083075
509.9640297907997,0.05519720637601
510.06402979079974,0.054225005899358386
510.16402979079976,0.05326665657105845
510.2640297907998,0.05232203029635752
510.3640297907998,0.051390998741623166
510.4640297907998,0.05047343336983317
510.56402979079985,0.04956920547549704
510.6640297907999,0.0486781862190063
510.7640297907999,0.04780024666041126
510.8640297907999,0.04693525779262226
510.96402979079994,0.04608309057403356
511.06402979079996,0.04524361596056833
511.1640297908,0.04441670493714359
511.2640297908,0.04360222854855415
511.36402979080003,0.042800057929774725
511.46402979080005,0.04201006433567989
511.5640297908001,0.041232119170181776
511.6640297908001,0.04046609401478537
511.7640297908001,0.039711860656562036
511.86402979080015,0.038969291115541295
511.96402979080017,0.038238257671522474
512.0640297908002,0.03751863289030638
512.1640297908002,0.03681028964934894
512.2640297908002,0.03611310116283784
512.3640297908003,0.03542694100619418
512.4640297908003,0.03475168314000082
512.5640297908003,0.03408720193335965
512.6640297908003,0.033433372186680216
512.7640297908004,0.03279006915390182
512.8640297908004,0.03215716856415248
512.9640297908004,0.03153454664284687
513.0640297908004,0.030922080132227022
513.1640297908004,0.03031964631134859
513.2640297908005,0.02972712301551628
513.3640297908005,0.029144388655172136
513.4640297908005,0.028571322234240235
513.5640297908005,0.02800780336793201
513.6640297908006,0.02745371230001582
513.7640297908006,0.02690892991955564
513.8640297908006,0.02637333777712258
513.9640297908006,0.025846818100484215
514.0640297908006,0.02532925380977614
514.1640297908007,0.024820528532160498
514.2640297908007,0.024320526615976668
514.3640297908007,0.023829133144388562
514.4640297908007,0.02334623394853429
514.5640297908008,0.022871715620183017
514.6640297908008,0.022405465523904437
514.7640297908008,0.021947371808756323
514.8640297908008,0.02149732341949576
514.9640297908009,0.021055210107319554
515.0640297908009,0.020620922440139536
515.1640297908009,0.020194351812398714
515.2640297908009,0.01977539045443382
515.3640297908009,0.019363931441390644
515.464029790801,0.018959868701697625
515.564029790801,0.018563097025104246
515.664029790801,0.018173512070290037
515.764029790801,0.01779101037205055
515.864029790801,0.017415489348066443
515.9640297908011,0.01704684730526196
516.0640297908011,0.016684983445759246
516.1640297908011,0.01632979787243463
516.2640297908011,0.01598119159408354
516.3640297908012,0.015639066530200304
516.4640297908012,0.015303325515379189
516.5640297908012,0.014973872303343594
516.6640297908012,0.014650611570609299
516.7640297908013,0.014333448919788815
516.8640297908013,0.014022290882542946
516.9640297908013,0.0137170449221864
517.0640297908013,0.01341761943595387
517.1640297908014,0.01312392375693308
517.2640297908014,0.012835868155671398
517.3640297908014,0.012553363841462616
517.4640297908014,0.012276322963320263
517.5640297908014,0.012004658610644236
517.6640297908015,0.011738284813586852
517.7640297908015,0.01147711654312532
517.8640297908015,0.01122106971084668
517.9640297908015,0.01097006116845192
518.0640297908016,0.010724008706985554
518.1640297908016,0.010482831055797202
518.2640297908016,0.0102464478812414
518.3640297908016,0.010014779785122096
518.4640297908016,0.009787748302888078
518.5640297908017,0.009565275901585664
518.6640297908017,0.009347285977574803
518.7640297908017,0.009133702854014903
518.8640297908017,0.008924451778126386
518.9640297908018,0.008719458918234255
519.0640297908018,0.008518651360599488
519.1640297908018,0.008321957106044633
519.2640297908018,0.008129305066379126
519.3640297908019,0.007940625060630646
519.4640297908019,0.007755847811088079
519.5640297908019,0.007574904939162031
519.6640297908019,0.0073977289610685885
519.7640297908019,0.007224253283342051
519.864029790802,0.007054412198182186
519.964029790802,0.006888140878641642
520.064029790802,0.006725375373658976
520.164029790802,0.00656605260294279
520.264029790802,0.00641011035171226
520.3640297908021,0.006257487265299474
520.4640297908021,0.006108122843618707
520.5640297908021,0.005961957435507874
520.6640297908021,0.005818932232947317
520.7640297908022,0.005678989265160797
520.8640297908022,0.005542071392603815
520.9640297908022,0.0054081223008441036
521.0640297908022,0.005277086494339069
521.1640297908023,0.0051489092901149626
521.2640297908023,0.0050235368113525245
521.3640297908023,0.00490091598088355
521.4640297908023,0.004780994514603078
521.5640297908024,0.004663720914801522
521.6640297908024,0.004549044463421209
521.7640297908024,0.004436915215241573
521.8640297908024,0.0043272839909972985
521.9640297908024,0.004220102370433508
522.0640297908025,0.004115322685302079
522.1640297908025,0.004012898012303154
522.2640297908025,0.003912782165975686
522.3640297908025,0.003814929691540951
522.4640297908026,0.003719295857702726
522.5640297908026,0.0036258366494079037
522.6640297908026,0.003534508760571138
522.7640297908026,0.003445269586767054
522.8640297908026,0.003358077217893507
522.9640297908027,0.003272890430809341
523.0640297908027,0.0031896686819498604
523.1640297908027,0.003108372099923375
523.2640297908027,0.003028961478091933
523.3640297908028,0.0029513982671393675
523.4640297908028,0.002875644567629642
523.5640297908028,0.002801663122558524
523.6640297908028,0.0027294173099014127
523.7640297908029,0.0026588711351601207
523.8640297908029,0.0025899892239114094
523.9640297908029,0.0025227368143598762
524.0640297908029,0.0024570797498978444
524.1640297908029,0.002392984471674728
524.264029790803,0.002330418011178381
524.364029790803,0.0022693479828307913
524.464029790803,0.0022097425766004286
524.564029790803,0.0021515705506335195
524.664029790803,0.0020948012239064224
524.7640297908031,0.0020394044689012276
524.8640297908031,0.0019853507043066177
524.9640297908031,0.001932610887746008
525.0640297908031,0.0018811565085348533
525.1640297908032,0.0018309595804690108
525.2640297908032,0.0017819926346459428
525.3640297908032,0.001734228712320496
525.4640297908032,0.0016876413577969428
525.5640297908033,0.001642204611358881
525.6640297908033,0.001597893002238571
525.7640297908033,0.0015546815416271806
525.8640297908033,0.0015125457157274065
525.9640297908034,0.0014714614788498303
526.0640297908034,0.0014314052465543559
526.1640297908034,0.0013923538888379805
526.2640297908034,0.001354284723370135
526.3640297908034,0.0013171755087767463
526.4640297908035,0.0012810044379741403
526.5640297908035,0.0012457501315538454
526.6640297908035,0.0012113916312192956
526.7640297908035,0.001177908393275419
526.8640297908036,0.0011452802821719937
526.9640297908036,0.0011134875641016432
527.0640297908036,0.0010825109006533152
527.1640297908036,0.0010523313425219675
527.2640297908036,0.0010229303232752215
527.3640297908037,0.0009942896531776517
527.4640297908037,0.0009663915130733483
527.5640297908037,0.000939218448327349
527.6640297908037,0.0009127533628264985
527.7640297908038,0.0008869795130402333
527.8640297908038,0.00086188050214179
527.9640297908038,0.0008374402741902411
528.0640297908038,0.0008136431083737777
528.1640297908039,0.0007904736133145915
528.2640297908039,0.0007679167214356663
528.3640297908039,0.0007459576833897889
528.4640297908039,0.0007245820625510127
528.5640297908039,0.000703775729568795
528.664029790804,0.0006835248569850122
528.764029790804,0.0006638159139139804
528.864029790804,0.0006446356607856251
528.964029790804,0.0006259711441518822
529.064029790804,0.0006078096915563977
529.1640297908041,0.0005901389064675588
529.2640297908041,0.0005729466632748644
529.3640297908041,0.0005562211023486149
529.4640297908041,0.0005399506251628709
529.5640297908042,0.000524123889481616
529.6640297908042,0.0005087298046080216
529.7640297908042,0.0004937575266966913
529.8640297908042,0.00047919645412875043
529.9640297908043,0.0004650362229496021
530.0640297908043,0.00045126670236917543
530.1640297908043,0.00043787799032444185
530.2640297908043,0.0004248604091039863
530.3640297908044,0.0004122045010343746
530.4640297908044,0.0003999010242280514
530.5640297908044,0.00038794094839248404
530.6640297908044,0.00037631545070025425
530.7640297908044,0.0003650159117197696
530.8640297908045,0.00035403391140626227
530.9640297908045,0.0003433612251527299
531.0640297908045,0.0003329898199004394
531.1640297908045,0.0003229118503086293
531.2640297908046,0.00031311965498300126
531.3640297908046,0.00030360575276260787
531.4640297908046,0.00029436283906470384
531.5640297908046,0.00028538378228714197
531.6640297908046,0.00027666162026786066
531.7640297908047,0.00026818955680101974
531.8640297908047,0.0002599609582093099
531.9640297908047,0.00025196934997197566
532.0640297908047,0.00024420841340805794
532.1640297908048,0.00023667198241437209
532.2640297908048,0.0002293540402577226
532.3640297908048,0.00022224871642084426
532.4640297908048,0.00021535028350155963
532.5640297908049,0.0002086531541646306
532.6640297908049,0.00020215187814578024
532.7640297908049,0.0001958411393073472
532.8640297908049,0.00018971575274504205
532.964029790805,0.00018377066194525982
533.064029790805,0.00017800093599239824
533.164029790805,0.0001724017668256393
533.264029790805,0.00016696846654463065
533.364029790805,0.0001616964647635145
533.4640297908051,0.00015658130601274074
533.5640297908051,0.00015161864718810179
533.6640297908051,0.00014680425504642276
533.7640297908051,0.00014213400374733968
533.8640297908051,0.00013760387244059828
533.9640297908052,0.00013320994289829833
534.0640297908052,0.00012894839719151984
534.1640297908052,0.000124815515410751
534.2640297908052,0.00012080767342955382
534.3640297908053,0.00011692134071088765
534.4640297908053,0.0001131530781555271
534.5640297908053,0.00010949953599199409
534.6640297908053,0.00010595745170744151
534.7640297908054,0.00010252364801891424
534.8640297908054,9.919503088442117e-05
534.9640297908054,9.596858755325202e-05
535.0640297908054,9.284138465497149e-05
535.1640297908054,8.981056632653243e-05
535.2640297908055,8.687335237694192e-05
535.3640297908055,8.402703648892646e-05
535.4640297908055,8.126898445703821e-05
535.5640297908055,7.859663246164888e-05
535.6640297908056,7.600748537828255e-05
535.7640297908056,7.349911512173948e-05
535.8640297908056,7.106915902446725e-05
535.9640297908056,6.871531824863968e-05
536.0640297908056,6.643535623140442e-05
536.1640297908057,6.422709716276993e-05
536.2640297908057,6.208842449559817e-05
536.3640297908057,6.00172794871815e-05
536.4640297908057,5.8011659771880545e-05
536.5640297908058,5.606961796430616e-05
536.6640297908058,5.41892602925336e-05
536.7640297908058,5.2368745260839936e-05
536.8640297908058,5.060628234146147e-05
536.9640297908059,4.8900130694871554e-05
537.0640297908059,4.7248597918085146e-05
537.1640297908059,4.565003882049864e-05
537.2640297908059,4.4102854226783546e-05
537.364029790806,4.260548980634979e-05
537.464029790806,4.115643492890785e-05
537.564029790806,3.9754221545656575e-05
537.664029790806,3.8397423095634704e-05
537.764029790806,3.708465343677425e-05
537.8640297908061,3.581456580120285e-05
537.9640297908061,3.4585851774345245e-05
538.0640297908061,3.3397240297380605e-05
538.1640297908061,3.224749669261596e-05
538.2640297908061,3.113542171134479e-05
538.3640297908062,3.0059850603760114e-05
538.4640297908062,2.9019652210502383e-05
538.5640297908062,2.801372807542293e-05
538.6640297908062,2.7041011579153344e-05
538.7640297908063,2.610046709307281e-05
538.8640297908063,2.5191089153274423e-05
538.9640297908063,2.431190165413387e-05
539.0640297908063,2.3461957061091542e-05
539.1640297908064,2.2640335642263352e-05
539.2640297908064,2.1846144718501723e-05
539.3640297908064,2.107851793153265e-05
539.4640297908064,2.0336614529801656e-05
539.5640297908064,1.9619618671665553e-05
539.6640297908065,1.892673874557262e-05
539.7640297908065,1.8257206706880113e-05
539.8640297908065,1.761027743096188e-05
539.9640297908065,1.6985228082265376e-05
540.0640297908066,1.638135749898246e-05
540.1640297908066,1.579798559300315e-05
540.2640297908066,1.5234452764826972e-05
540.3640297908066,1.4690119333112702e-05
540.4640297908066,1.416436497855091e-05
540.5640297908067,1.3656588201749878e-05
540.6640297908067,1.3166205794830888e-05
540.7640297908067,1.2692652326432744e-05
540.8640297908067,1.2235379639832014e-05
540.9640297908068,1.1793856363888907e-05
541.0640297908068,1.1367567436535227e-05
541.1640297908068,1.0956013640524416e-05
541.2640297908068,1.055871115116955e-05
541.3640297908069,1.0175191095799575e-05
541.4640297908069,9.804999124668924e-06
541.5640297908069,9.447694993060599e-06
541.6640297908069,9.10285215432696e-06
541.764029790807,8.770057363618278e-06
541.864029790807,8.448910292052168e-06
541.964029790807,8.139023151082889e-06
542.064029790807,7.840020326833515e-06
542.164029790807,7.551538024158214e-06
542.2640297908071,7.2732239202067426e-06
542.3640297908071,7.004736827267322e-06
542.4640297908071,6.7457463646684976e-06
542.5640297908071,6.495932639524776e-06
542.6640297908071,6.254985936115104e-06
542.7640297908072,6.022606413687327e-06
542.8640297908072,5.798503812485985e-06
542.9640297908072,5.582397167804607e-06
543.0640297908072,5.374014531868041e-06
543.1640297908073,5.173092703353846e-06
543.2640297908073,4.979376964365969e-06
543.3640297908073,4.792620824677724e-06
543.4640297908073,4.612585773064634e-06
543.5640297908074,4.439041035551698e-06
543.6640297908074,4.2717633404031325e-06
543.7640297908074,4.110536689686344e-06
543.8640297908074,3.955152137245246e-06
543.9640297908074,3.805407572921956e-06
544.0640297908075,3.661107512868736e-06
544.1640297908075,3.5220628957960783e-06
544.2640297908075,3.3880908850056515e-06
544.3640297908075,3.2590146760604514e-06
544.4640297908076,3.1346633099475186e-06
544.5640297908076,3.014871491591945e-06
544.6640297908076,2.899479413583826e-06
544.7640297908076,2.788332584982971e-06
544.8640297908076,2.681281665069342e-06
544.9640297908077,2.5781823019098957e-06
545.0640297908077,2.4788949756155958e-06
545.1640297908077,2.3832848461652074e-06
545.2640297908077,2.2912216056752827e-06
545.3640297908078,2.202579334998489e-06
545.4640297908078,2.1172363645351868e-06
545.5640297908078,2.0350751391458145e-06
545.6640297908078,1.9559820870542215e-06
545.7640297908079,1.8798474926347412e-06
545.8640297908079,1.8065653729782607e-06
545.9640297908079,1.7360333581349936e-06
546.0640297908079,1.6681525749341326e-06
546.164029790808,1.6028275342829593e-06
